0.47911659300000004 0.0 0.0
1.3614675930000002 1.0 1.0
2.2438185930000003 0.0 0.0
3.126169593 1.0 0.0
4.008520592999999 0.0 0.0
4.890871593 1.0 1.0
5.773222593 0.0 0.0
6.655573593 1.0 1.0
7.537924592999999 0.0 0.0
8.420275592999998 0.0 0.0
9.302626593 1.0 1.0
10.184977593 0.0 0.0
11.067328593 1.0 0.0
11.949679592999999 0.0 0.0
12.832030592999999 1.0 1.0
13.714381592999999 0.0 0.0
14.596732592999999 1.0 0.0
15.479083592999999 0.0 0.0
16.361434593 1.0 1.0
17.243785593 0.0 0.0
18.126136593 1.0 0.0
19.008487592999998 0.0 0.0
19.890838592999998 1.0 1.0
20.773189592999998 0.0 0.0
21.655540592999998 1.0 0.0
22.537891592999998 0.0 0.0
23.420242592999998 1.0 1.0
24.302593592999997 0.0 0.0
25.184944592999997 1.0 0.0
26.067295592999997 0.0 0.0
26.949646592999997 1.0 1.0
27.831997592999997 0.0 0.0
28.714348592999997 1.0 0.0
29.596699592999997 0.0 0.0
30.479050592999997 1.0 1.0
31.361401592999997 0.0 0.0
32.243752592999996 1.0 0.0
33.126103592999996 0.0 0.0
34.008454592999996 1.0 1.0
34.890805592999996 0.0 0.0
35.773156592999996 1.0 0.0
36.655507592999996 0.0 0.0
37.537858592999996 1.0 0.0
38.420209592999996 0.0 0.0
39.302560592999995 1.0 1.0
40.184911592999995 0.0 0.0
41.067262592999995 1.0 0.0
41.949613592999995 0.0 0.0
42.831964592999995 1.0 1.0
43.714315592999995 0.0 0.0
44.596666592999995 1.0 0.0
45.479017592999995 0.0 0.0
46.361368592999995 1.0 1.0
47.243719592999994 0.0 0.0
48.126070592999994 1.0 0.0
49.008421592999994 0.0 0.0
49.890772592999994 1.0 1.0
50.773123592999994 0.0 0.0
51.655474592999994 1.0 0.0
52.537825592999994 0.0 0.0
53.420176592999994 1.0 1.0
54.30252759299999 0.0 0.0
55.18487859299999 1.0 0.0
56.06722959299999 0.0 0.0
56.949580593 1.0 1.0
57.831931593 0.0 0.0
58.714282593 1.0 0.0
59.596633593 0.0 0.0
60.47898459299999 1.0 1.0
61.361335593 0.0 0.0
62.243686593 1.0 0.0
63.126037593 0.0 0.0
64.00838859299999 1.0 1.0
64.89073959299999 0.0 0.0
65.77309059299999 1.0 0.0
66.65544159299999 0.0 0.0
67.53779259299999 1.0 1.0
68.42014359299999 0.0 0.0
69.30249459299999 1.0 0.0
70.18484559299999 0.0 0.0
71.06719659299999 1.0 1.0
71.94954759299999 0.0 0.0
72.83189859299999 1.0 0.0
73.71424959299999 0.0 0.0
74.59660059299999 1.0 1.0
75.47895159299999 0.0 0.0
76.36130259299999 1.0 0.0
77.24365359299999 0.0 0.0
78.12600459299999 1.0 1.0
79.00835559299999 0.0 0.0
79.89070659299999 1.0 0.0
80.77305759299999 0.0 0.0
81.65540859299999 1.0 1.0
82.53775959299999 0.0 0.0
83.42011059299999 1.0 0.0
84.30246159299999 0.0 0.0
85.18481259299999 1.0 1.0
86.06716359299999 0.0 0.0
86.94951459299999 1.0 0.0
87.83186559299999 0.0 0.0
88.71421659299999 1.0 1.0
89.59656759299999 0.0 0.0
90.47891859299999 1.0 0.0
91.36126959299999 0.0 0.0
92.24362059299999 1.0 1.0
93.12597159299999 0.0 0.0
94.00832259299999 1.0 0.0
94.89067359299999 0.0 0.0
95.77302459299999 1.0 1.0
96.65537559299999 0.0 0.0
97.53772659299999 1.0 1.0
98.42007759299999 0.0 0.0
99.30242859299999 1.0 0.0
100.18477959299999 0.0 0.0
101.06713059299999 1.0 1.0
101.953303559 0.0 0.0
102.84219155900001 1.0 0.0
103.73107955900001 0.0 0.0
104.619967559 1.0 1.0
105.50885555900001 0.0 0.0
106.394357393 1.0 0.0
107.276708393 0.0 0.0
108.159059393 1.0 1.0
109.041410393 0.0 0.0
109.923761393 1.0 0.0
110.806112393 0.0 0.0
111.688463393 1.0 1.0
112.570814393 0.0 0.0
113.453165393 1.0 0.0
114.335516393 0.0 0.0
115.217867393 1.0 1.0
116.100218393 0.0 0.0
116.982569393 1.0 0.0
117.864920393 0.0 0.0
118.747271393 1.0 1.0
119.629622393 0.0 0.0
120.511973393 1.0 0.0
121.394324393 0.0 0.0
122.276675393 1.0 1.0
123.159026393 0.0 0.0
124.041377393 1.0 0.0
124.923728393 0.0 0.0
125.806079393 1.0 1.0
126.688430393 0.0 0.0
127.570781393 1.0 0.0
128.453132393 0.0 0.0
129.335483393 1.0 1.0
130.217834393 0.0 0.0
131.100185393 1.0 0.0
131.98447457941666 0.0 0.0
132.87008257941667 1.0 1.0
133.75569057941667 0.0 0.0
134.64129857941666 1.0 0.0
135.52690657941667 0.0 0.0
136.41251457941667 1.0 1.0
137.29812257941666 0.0 0.0
138.18373057941668 1.0 0.0
139.06933857941667 0.0 0.0
139.95494657941666 1.0 1.0
140.84055457941668 0.0 0.0
141.72616257941667 1.0 1.0
142.61177057941666 0.0 0.0
143.49537932425 1.0 0.0
144.37773032425 0.0 0.0
145.26008132425 1.0 1.0
146.14243232425 0.0 0.0
147.02478332425 1.0 0.0
147.90713432425 0.0 0.0
148.78948532425 1.0 1.0
149.67183632425 0.0 0.0
150.55418732425 1.0 0.0
151.43653832425 0.0 0.0
152.31888932425 1.0 1.0
153.20124032425 0.0 0.0
154.08359132425 1.0 0.0
154.96594232425 0.0 0.0
155.84829332425 1.0 1.0
156.73064432425 0.0 0.0
157.61299532425 1.0 0.0
158.49534632425 0.0 0.0
159.37769732425 1.0 1.0
160.26004832425 0.0 0.0
161.14239932425 1.0 0.0
162.02475032425 0.0 0.0
162.90710132425 1.0 1.0
163.78945232425 0.0 0.0
164.67180332425 1.0 0.0
165.55415432425 0.0 0.0
166.43650532425 1.0 1.0
167.31885632425 0.0 0.0
168.20120732425 1.0 0.0
169.08355832425 0.0 0.0
169.96590932425 1.0 1.0
170.84826032425 0.0 0.0
171.73061132425 1.0 0.0
172.61296232425 0.0 0.0
173.49531332425 1.0 1.0
174.37766432425 0.0 0.0
175.26001532425 1.0 0.0
176.14236632425 0.0 0.0
177.02471732425 1.0 1.0
177.90706832425 0.0 0.0
178.78941932425 1.0 0.0
179.67177032425 0.0 0.0
180.55412132425 1.0 1.0
181.43647232425 0.0 0.0
182.31882332425 1.0 0.0
183.20117432425 0.0 0.0
184.08352532425 1.0 1.0
184.96587632425 0.0 0.0
185.84822732425 1.0 0.0
186.73364967524998 0.0 0.0
187.61925767525 1.0 1.0
188.50486567525 0.0 0.0
189.39047367524998 1.0 0.0
190.27608167525 0.0 0.0
191.16168967525 1.0 1.0
192.04729767524998 0.0 0.0
192.93290567525 1.0 0.0
193.81851367525 0.0 0.0
194.70412167524998 1.0 1.0
195.58972967525 0.0 0.0
196.47533767525 1.0 0.0
197.36094567524998 0.0 0.0
198.24655367525 1.0 1.0
199.13216167525 0.0 0.0
200.01776967524998 1.0 0.0
200.90337767525 0.0 0.0
201.78794994925 1.0 1.0
202.67030094925 0.0 0.0
203.55265194925 1.0 0.0
204.43500294925 0.0 0.0
205.31735394925 1.0 1.0
206.19970494925 0.0 0.0
207.08205594925 1.0 0.0
207.96440694925 0.0 0.0
208.84675794925 1.0 1.0
209.72910894925 0.0 0.0
210.61145994925 1.0 0.0
211.49381094925 0.0 0.0
212.37616194925 1.0 1.0
213.25851294925 0.0 0.0
214.14086394925 1.0 0.0
215.02321494925002 0.0 0.0
215.90556594925 1.0 1.0
216.78791694925002 0.0 0.0
217.67026794925 1.0 0.0
218.55261894925002 0.0 0.0
219.43496994925 1.0 1.0
220.31732094925002 0.0 0.0
221.19967194925 1.0 0.0
222.08202294925002 0.0 0.0
222.96437394925 1.0 1.0
223.84672494925002 0.0 0.0
224.72907594925 1.0 0.0
225.61142694925002 0.0 0.0
226.49377794925002 1.0 1.0
227.37612894925002 0.0 0.0
228.25847994925002 1.0 0.0
229.14083094925002 0.0 0.0
230.02318194925002 1.0 0.0
230.90563907316667 0.0 0.0
231.79124707316666 1.0 1.0
232.67685507316665 0.0 0.0
233.56246307316667 1.0 0.0
234.44807107316666 0.0 0.0
235.33367907316665 1.0 1.0
236.21928707316664 0.0 0.0
237.10489507316666 1.0 0.0
237.99050307316665 0.0 0.0
238.87611107316667 1.0 1.0
239.76171907316666 0.0 0.0
240.64732707316665 1.0 0.0
241.53293507316664 0.0 0.0
242.41854307316666 1.0 1.0
243.30415107316665 0.0 0.0
244.18975907316667 1.0 0.0
245.07536707316666 0.0 0.0
245.96097507316665 1.0 1.0
246.84473988258333 0.0 0.0
247.72709088258333 1.0 0.0
248.60944188258333 0.0 0.0
249.49179288258333 1.0 1.0
250.37414388258333 0.0 0.0
251.25649488258333 1.0 0.0
252.13884588258333 0.0 0.0
253.02119688258333 1.0 1.0
253.90354788258333 0.0 0.0
254.78589888258333 1.0 0.0
255.66824988258332 0.0 0.0
256.55060088258335 1.0 1.0
257.4329518825833 0.0 0.0
258.31530288258335 1.0 0.0
259.1976538825833 0.0 0.0
260.08000488258335 1.0 1.0
260.9623558825833 0.0 0.0
261.84470688258335 1.0 0.0
262.7270578825833 0.0 0.0
263.60940888258335 1.0 1.0
264.4917598825833 0.0 0.0
265.37411088258335 1.0 0.0
266.2564618825833 0.0 0.0
267.13881288258335 1.0 1.0
268.0211638825833 0.0 0.0
268.90351488258335 1.0 0.0
269.7858658825833 0.0 0.0
270.66821688258335 1.0 1.0
271.5505678825833 0.0 0.0
272.43291888258335 1.0 0.0
273.3152698825833 0.0 0.0
274.19762088258335 1.0 1.0
275.0799718825833 0.0 0.0
275.9641457169167 1.0 0.0
276.84975371691667 0.0 0.0
277.73536171691666 1.0 1.0
278.62096971691665 0.0 0.0
279.5065777169167 1.0 0.0
280.3921857169167 0.0 0.0
281.2777937169167 1.0 1.0
282.16340171691667 0.0 0.0
283.04900971691666 1.0 0.0
283.93461771691665 0.0 0.0
284.8202257169167 1.0 1.0
285.7058337169167 0.0 0.0
286.5914417169167 1.0 0.0
287.47704971691667 0.0 0.0
288.36265771691666 1.0 1.0
289.24826571691665 0.0 0.0
290.1338737169167 1.0 0.0
291.0194817169167 0.0 0.0
291.9050897169167 1.0 1.0
292.79069771691667 0.0 0.0
293.67630571691666 1.0 0.0
294.56191371691665 0.0 0.0
295.4475217169167 1.0 1.0
296.3331297169167 0.0 0.0
297.2187377169167 1.0 0.0
298.10434571691667 0.0 0.0
298.98995371691666 1.0 1.0
299.87556171691665 0.0 0.0
300.7611697169167 1.0 0.0
301.6467777169167 0.0 0.0
302.5323857169167 1.0 1.0
303.41799371691667 0.0 0.0
304.30360171691666 1.0 0.0
305.18920971691665 0.0 0.0
306.07481771691664 1.0 0.0
306.9604257169167 0.0 0.0