0.7972594899999998 1.0 1.0
1.6191764899999999 0.0 0.0
2.4410934899999996 1.0 0.0
3.2630104899999997 0.0 0.0
4.084927489999999 1.0 1.0
4.906844489999999 0.0 0.0
5.728761489999999 1.0 0.0
6.550678489999999 0.0 0.0
7.37259549 1.0 1.0
8.19451249 0.0 0.0
9.01642949 1.0 0.0
9.83834649 0.0 0.0
10.66026349 1.0 1.0
11.48218049 0.0 0.0
12.30409749 1.0 0.0
13.12601449 0.0 0.0
13.947931489999998 1.0 1.0
14.769848489999996 0.0 0.0
15.591765489999997 1.0 0.0
16.413682489999996 0.0 0.0
17.235599489999995 1.0 1.0
18.057516489999998 0.0 0.0
18.879433489999997 1.0 0.0
19.701350489999996 0.0 0.0
20.523267489999995 1.0 1.0
21.345184489999998 0.0 0.0
22.167101489999997 1.0 0.0
22.989018489999996 0.0 0.0
23.810935489999995 1.0 1.0
24.632852489999998 0.0 0.0
25.454769489999997 1.0 0.0
26.276686489999996 0.0 0.0
27.098603489999995 1.0 1.0
27.920520489999994 0.0 0.0
28.742437489999997 1.0 0.0
29.564354489999996 0.0 0.0
30.386271489999995 1.0 1.0
31.208188489999994 0.0 0.0
32.03010549 1.0 0.0
32.852022489999996 0.0 0.0
33.673939489999995 1.0 1.0
34.495856489999994 0.0 0.0
35.31777348999999 1.0 0.0
36.13969048999999 0.0 0.0
36.96160749 1.0 1.0
37.78352449 0.0 0.0
38.60544149 1.0 0.0
39.427358489999996 0.0 0.0
40.249275489999995 1.0 1.0
41.071192489999994 0.0 0.0
41.89310948999999 1.0 0.0
42.71502648999999 0.0 0.0
43.53694348999999 1.0 1.0
44.35886049 0.0 0.0
45.18077749 1.0 0.0
46.002694489999996 0.0 0.0
46.824611489999995 1.0 1.0
47.646528489999994 0.0 0.0
48.46844548999999 1.0 0.0
49.29036248999999 0.0 0.0
50.11227948999999 1.0 1.0
50.93419648999999 0.0 0.0
51.75611349 1.0 0.0
52.578030489999996 0.0 0.0
53.399947489999995 1.0 1.0
54.221864489999994 0.0 0.0
55.04378148999999 1.0 0.0
55.86569848999999 0.0 0.0
56.68761548999999 1.0 1.0
57.50953248999999 0.0 0.0
58.33144949 1.0 0.0
59.153366489999996 0.0 0.0
59.975283489999995 1.0 1.0
60.797200489999994 0.0 0.0
61.619117489999994 1.0 0.0
62.44103448999999 0.0 0.0
63.26295148999999 1.0 1.0
64.08486848999999 0.0 0.0
64.90678548999999 1.0 0.0
65.72870248999999 0.0 0.0
66.55061948999999 1.0 1.0
67.37253648999999 0.0 0.0
68.19445348999999 1.0 0.0
69.01637049 0.0 0.0
69.83828749 1.0 1.0
70.66020449 0.0 0.0
71.48212149 1.0 0.0
72.30403849 0.0 0.0
73.12595549 1.0 1.0
73.94787249 0.0 0.0
74.76978949 1.0 0.0
75.59170648999999 0.0 0.0
76.41362348999999 1.0 1.0
77.23554048999999 0.0 0.0
78.05745748999999 1.0 0.0
78.87937448999999 0.0 0.0
79.70129148999999 1.0 1.0
80.52320848999999 0.0 0.0
81.34512548999999 1.0 0.0
82.16704248999999 0.0 0.0
82.98895949 1.0 1.0
83.81087649 0.0 0.0
84.63279349 1.0 0.0
85.45471049 0.0 0.0
86.27662749 1.0 1.0
87.09854449 0.0 0.0
87.92046149 1.0 0.0
88.74237849 0.0 0.0
89.56429548999999 1.0 1.0
90.38621248999999 0.0 0.0
91.20812948999999 1.0 0.0
92.03004648999999 0.0 0.0
92.85196348999999 1.0 1.0
93.67388048999999 0.0 0.0
94.49579748999999 1.0 0.0
95.31771448999999 0.0 0.0
96.13963148999999 1.0 1.0
96.96154849 0.0 0.0
97.78346549 1.0 0.0
98.60538249 0.0 0.0
99.42729949 1.0 1.0
100.24921649 0.0 0.0
101.07113349 1.0 0.0
101.89305049 0.0 0.0
102.71496748999999 1.0 1.0
103.53688448999999 0.0 0.0
104.35880148999999 1.0 0.0
105.18071848999999 0.0 0.0
106.00263548999999 1.0 1.0
106.82455248999999 0.0 0.0
107.64646948999999 1.0 0.0
108.46838648999999 0.0 0.0
109.29030348999999 1.0 1.0
110.11222048999998 0.0 0.0
110.93413748999998 1.0 0.0
111.75605449 0.0 0.0
112.57797149 1.0 1.0
113.39988849000001 0.0 0.0
114.22180549000001 1.0 0.0
115.04372249000001 0.0 0.0
115.86563949 1.0 1.0
116.68755649 0.0 0.0
117.50947349 1.0 0.0
118.33139049 0.0 0.0
119.15330749 1.0 1.0
119.97522449 0.0 0.0
120.79714149 1.0 0.0
121.61905849 0.0 0.0
122.44097549 1.0 1.0
123.26289249 0.0 0.0
124.08480949 1.0 0.0
124.90672649 0.0 0.0
125.72864349 1.0 1.0
126.55056049 0.0 0.0
127.37247749000001 1.0 0.0
128.19439449 0.0 0.0
129.01631149 1.0 1.0
129.83822849 0.0 0.0
130.66014549 1.0 0.0
131.48206249 0.0 0.0
132.30397949 1.0 1.0
133.12589649 0.0 0.0
133.94781349 1.0 0.0
134.76973049 0.0 0.0
135.59164749 1.0 1.0
136.41356449 0.0 0.0
137.23548149 1.0 0.0
138.05739849 0.0 0.0
138.87931549 1.0 1.0
139.70123249 0.0 0.0
140.52314949 1.0 0.0
141.34506649 0.0 0.0
142.16698349 1.0 1.0
142.98890049 0.0 0.0
143.81081749 1.0 0.0
144.63273449 0.0 0.0
145.45465149 1.0 1.0
146.27656849 0.0 0.0
147.09848549 1.0 0.0
147.92040249 0.0 0.0
148.74231949 1.0 1.0
149.56423649 0.0 0.0
150.38615349 1.0 0.0
151.20807049 0.0 0.0
152.02998749 1.0 1.0
152.85190449 0.0 0.0
153.67382149 1.0 0.0
154.49573849 0.0 0.0
155.31765549 1.0 1.0
156.13957249 0.0 0.0
156.96148949 1.0 0.0
157.78340649 0.0 0.0
158.60532349 1.0 1.0
159.42724049 0.0 0.0
160.24915749 1.0 0.0
161.07107449 0.0 0.0
161.89299148999999 1.0 1.0
162.71490849 0.0 0.0
163.53682549 1.0 0.0
164.35874249 0.0 0.0
165.18065949 1.0 1.0
166.00257649 0.0 0.0
166.82449349 1.0 0.0
167.64641049 0.0 0.0
168.46832749 1.0 1.0
169.29024449 0.0 0.0
170.11216149 1.0 0.0
170.93407849 0.0 0.0
171.75599549 1.0 1.0
172.57791249 0.0 0.0
173.39982949 1.0 0.0
174.22174649 0.0 0.0
175.04366349 1.0 1.0
175.86558048999999 0.0 0.0
176.68749749 1.0 0.0
177.50941449 0.0 0.0
178.33133149 1.0 1.0
179.15324849 0.0 0.0
179.97516549 1.0 0.0
180.79708249 0.0 0.0
181.61899949 1.0 1.0
182.44091649 0.0 0.0
183.26283349 1.0 0.0
184.08475049 0.0 0.0
184.90666749 1.0 1.0
185.72858449 0.0 0.0
186.55050149 1.0 0.0
187.37241849 0.0 0.0
188.19433549 1.0 1.0
189.01625249 0.0 0.0
189.83816948999998 1.0 0.0
190.66008649 0.0 0.0
191.48200349 1.0 1.0
192.30392049 0.0 0.0
193.12583749 1.0 0.0
193.94775449 0.0 0.0
194.76967149 1.0 1.0
195.59158849 0.0 0.0
196.41350549 1.0 0.0
197.23542249 0.0 0.0
198.05733949 1.0 1.0
198.87925649 0.0 0.0
199.70117349 1.0 0.0
200.52309049 0.0 0.0
201.34500749 1.0 1.0
202.16692448999999 0.0 0.0
202.98884149 1.0 0.0
203.81075848999998 0.0 0.0
204.63267549 1.0 1.0
205.45459249 0.0 0.0
206.27650949 1.0 0.0
207.09842649 0.0 0.0
207.92034349 1.0 1.0
208.74226049 0.0 0.0
209.56417749 1.0 0.0
210.38609449 0.0 0.0
211.20801149 1.0 1.0
212.02992849 0.0 0.0
212.85184549 1.0 0.0
213.67376249 0.0 0.0
214.49567949 1.0 1.0
215.31759649 0.0 0.0
216.13951348999998 1.0 0.0
216.96143049 0.0 0.0
217.78334748999998 1.0 1.0
218.60526449 0.0 0.0
219.42718149 1.0 0.0
220.24909849 0.0 0.0
221.07101549 1.0 1.0
221.89293249 0.0 0.0
222.71484949 1.0 0.0
223.53676649 0.0 0.0
224.35868349 1.0 1.0
225.18060049 0.0 0.0
226.00251749 1.0 0.0
226.82443449 0.0 0.0
227.64635149 1.0 1.0
228.46826848999999 0.0 0.0
229.29018549 1.0 0.0
230.11210248999998 0.0 0.0
230.93401949 1.0 1.0
231.75593648999998 0.0 0.0
232.57785349 1.0 0.0
233.39977049 0.0 0.0
234.22168749 1.0 1.0
235.04360449 0.0 0.0
235.86552149 1.0 0.0
236.68743849 0.0 0.0
237.50935549 1.0 1.0
238.33127249 0.0 0.0
239.15318949 1.0 0.0
239.97510649 0.0 0.0
240.79702349 1.0 1.0
241.61894049 0.0 0.0
242.44085748999998 1.0 0.0
243.26277449 0.0 0.0
244.08469148999998 1.0 1.0
244.90660849 0.0 0.0
245.72852548999998 1.0 0.0
246.55044249 0.0 0.0
247.37235949 1.0 1.0
248.19427649 0.0 0.0
249.01619349 1.0 0.0
249.83811049 0.0 0.0
250.66002749 1.0 1.0
251.48194449 0.0 0.0
252.30386149 1.0 0.0
253.12577849 0.0 0.0
253.94769549 1.0 1.0
254.76961249 0.0 0.0
255.59152949 1.0 0.0
256.41344649 0.0 0.0
257.23536349 1.0 1.0
258.05728049 0.0 0.0
258.87919748999997 1.0 0.0
259.70111449 0.0 0.0
260.52303149 1.0 1.0
261.34494849 0.0 0.0
262.16686549 1.0 0.0
262.98878249 0.0 0.0
263.81069949 1.0 1.0
264.63261649 0.0 0.0
265.45453349 1.0 0.0
266.27645049 0.0 0.0
267.09836749 1.0 1.0
267.92028449 0.0 0.0
268.74220149 1.0 0.0
269.56411849 0.0 0.0
270.38603549 1.0 1.0
271.20795248999997 0.0 0.0
272.02986949 1.0 0.0
272.85178649 0.0 0.0
273.67370349 1.0 1.0
274.49562048999996 0.0 0.0
275.31753749 1.0 0.0
276.13945449 0.0 0.0
276.96137149 1.0 1.0
277.78328849 0.0 0.0
278.60520549 1.0 0.0
279.42712249 0.0 0.0
280.24903949 1.0 1.0
281.07095649 0.0 0.0
281.89287349 1.0 0.0
282.71479049 0.0 0.0
283.53670748999997 1.0 1.0
284.35862449 0.0 0.0
285.18054149 1.0 0.0
286.00245849 0.0 0.0
286.82437548999997 1.0 1.0
287.64629249 0.0 0.0
288.46820949 1.0 0.0
289.29012649 0.0 0.0
290.11204349 1.0 1.0
290.93396049 0.0 0.0
291.75587749 1.0 0.0
292.57779449 0.0 0.0
293.39971149 1.0 1.0
294.22162849 0.0 0.0
295.04354549 1.0 0.0
295.86546248999997 0.0 0.0
296.68737949 1.0 1.0
297.50929649 0.0 0.0
298.33121349 1.0 0.0
299.15313048999997 0.0 0.0
299.97504749 1.0 1.0
300.79696449 0.0 0.0
301.61888149 1.0 0.0
302.44079848999996 0.0 0.0
303.26271549 1.0 1.0
304.08463249 0.0 0.0
304.90654949 1.0 0.0
305.72846649 0.0 0.0
306.55038349 1.0 1.0
307.37230049 0.0 0.0
308.19421748999997 1.0 0.0
309.01613449 0.0 0.0