0.7119399900000001 0.0 0.0
1.60746199 1.0 1.0
2.50298399 0.0 0.0
3.39850599 1.0 0.0
4.280868965 0.0 0.0
5.091739582500001 1.0 1.0
6.0007486825 0.0 0.0
6.9098396825 1.0 0.0
7.8189306825000005 0.0 0.0
8.7280216825 1.0 1.0
9.6371126825 0.0 0.0
10.494298972500001 1.0 0.0
11.38978899 0.0 0.0
12.272151964999999 1.0 1.0
13.154503964999998 0.0 0.0
14.036855964999999 1.0 0.0
14.919207965 0.0 0.0
15.814718990000001 1.0 1.0
16.710240990000003 0.0 0.0
17.605762990000002 1.0 0.0
18.501284990000002 0.0 0.0
19.4103646825 1.0 1.0
20.347841008333333 0.0 0.0
21.24339799 1.0 0.0
22.138919989999998 0.0 0.0
23.03444199 1.0 1.0
23.92996399 0.0 0.0
24.82548599 1.0 0.0
25.72100799 0.0 0.0
26.6300876825 1.0 1.0
27.52562099 0.0 0.0
28.42114299 1.0 0.0
29.358608008333334 0.0 0.0
30.296108008333334 1.0 1.0
31.19166499 0.0 0.0
31.991744591666667 1.0 0.0
32.887186990000004 0.0 0.0
33.78270899 1.0 1.0
34.67823099 0.0 0.0
35.57375299 1.0 0.0
36.46927499 0.0 0.0
37.36479699 1.0 1.0
38.26031899 0.0 0.0
39.15584099 1.0 0.0
40.05136299 0.0 0.0
40.94688499 1.0 1.0
41.8559646825 0.0 0.0
42.7650556825 1.0 0.0
43.688121027499996 0.0 0.0
44.611198027499995 1.0 1.0
45.4683959725 0.0 0.0
46.36388599 1.0 0.0
47.25940799 0.0 0.0
48.15492999 1.0 1.0
49.00004203333333 0.0 0.0
49.89552199 1.0 0.0
50.818576027499994 0.0 0.0
51.71412099 1.0 1.0
52.60964299 0.0 0.0
53.466817972499996 1.0 0.0
54.3758656825 0.0 0.0
55.27139899 1.0 1.0
56.16692099 0.0 0.0
57.06244299 1.0 0.0
57.985497027499996 0.0 0.0
58.908574027499995 1.0 1.0
59.80411899 0.0 0.0
60.686481965 1.0 0.0
61.568833965 0.0 0.0
62.451185965 1.0 1.0
63.333537965000005 0.0 0.0
64.30120880666668 1.0 0.0
65.183631965 0.0 0.0
66.065983965 1.0 1.0
66.94833596500001 0.0 0.0
67.83068796500001 1.0 0.0
68.71303996500001 0.0 0.0
69.57020397250001 1.0 1.0
70.47925168250002 0.0 0.0
71.40231702750002 1.0 0.0
72.29786199000003 0.0 0.0
73.22091602750002 1.0 1.0
74.0905246216667 0.0 0.0
74.99958268250003 1.0 0.0
75.89511599000004 0.0 0.0
76.81817002750003 1.0 1.0
77.71371499000004 0.0 0.0
78.60923699000004 1.0 0.0
79.47882262166671 0.0 0.0
80.37432299000004 1.0 1.0
81.26984499000004 0.0 0.0
82.16536699000004 1.0 0.0
83.06088899000004 0.0 0.0
83.95641099000004 1.0 1.0
84.85193299000004 0.0 0.0
85.78939800833336 1.0 0.0
86.68495499000004 0.0 0.0
87.58047699000004 1.0 1.0
88.47599899000004 0.0 0.0
89.37152099000004 1.0 0.0
90.21663303333337 0.0 0.0
91.11211299000003 1.0 1.0
92.00763499000003 0.0 0.0
92.90315699000003 1.0 0.0
93.82621102750002 0.0 0.0
94.72175599000003 1.0 1.0
95.61727799000003 0.0 0.0
96.51279999000003 1.0 0.0
97.40832199000003 0.0 0.0
98.30384399000003 1.0 1.0
99.19936599000003 0.0 0.0
100.09488799000003 1.0 0.0
100.97725096500002 0.0 0.0
101.85960296500002 1.0 1.0
102.75511399000003 0.0 0.0
103.65063599000003 1.0 0.0
104.54615799000003 0.0 0.0
105.44167999000003 1.0 1.0
106.33720199000003 0.0 0.0
107.23272399000003 1.0 0.0
108.12824599000002 0.0 0.0
109.02376799000002 1.0 1.0
109.91928999000002 0.0 0.0
110.81481199000002 1.0 0.0
111.71033399000002 0.0 0.0
112.60585599000002 1.0 1.0
113.50137799000002 0.0 0.0
114.39689999000002 1.0 0.0
115.29242199000001 0.0 0.0
116.18794399000001 1.0 1.0
117.12540900833334 0.0 0.0
117.9826189725 1.0 0.0
118.87810899 0.0 0.0
119.77363099 1.0 1.0
120.66915299 0.0 0.0
121.5922070275 1.0 0.0
122.48775199 0.0 0.0
123.38327399 1.0 1.0
124.27879599 0.0 0.0
125.17431799 1.0 0.0
126.06983999 0.0 0.0
126.96536199 1.0 1.0
127.86088399 0.0 0.0
128.73046962166666 1.0 0.0
129.62596999000002 0.0 0.0
130.52149199000002 1.0 1.0
131.41701399000002 0.0 0.0
132.31253599000001 1.0 0.0
133.20805799000001 0.0 0.0
134.14552300833336 1.0 1.0
135.04107999000001 0.0 0.0
135.93660199 1.0 0.0
136.78171403333334 0.0 0.0
137.70472602750002 1.0 1.0
138.60027099 0.0 0.0
139.49579299 1.0 0.0
140.39131499 0.0 0.0
141.28683699 1.0 1.0
142.18235899 0.0 0.0
143.07788099 1.0 0.0
143.97340299 0.0 0.0
144.86892499 1.0 1.0
145.76017500833336 0.0 0.0
146.68326402750003 1.0 0.0
147.57880899000003 0.0 0.0
148.47433099000003 1.0 1.0
149.33150597250003 0.0 0.0
150.22699599000003 1.0 0.0
151.12251799000003 0.0 0.0
152.01803999000003 1.0 1.0
152.91356199000003 0.0 0.0
153.80908399000003 1.0 0.0
154.70460599000003 0.0 0.0
155.60012799000003 1.0 1.0
156.49564999000003 0.0 0.0
157.39117199000003 1.0 0.0
158.31422602750004 0.0 0.0
159.1838346216667 1.0 1.0
160.07933499000004 0.0 0.0
160.97485699000003 1.0 0.0
161.87037899000003 0.0 0.0
162.76590099000003 1.0 1.0
163.66142299000003 0.0 0.0
164.55694499000003 1.0 0.0
165.45246699000003 0.0 0.0
166.34798899000003 1.0 1.0
167.24351099000003 0.0 0.0
168.13903299000003 1.0 0.0
169.03455499000003 0.0 0.0
169.93007699000003 1.0 1.0
170.82559899000003 0.0 0.0
171.72112099000003 1.0 0.0
172.61664299000003 0.0 0.0
173.51216499000003 1.0 1.0
174.40768699000003 0.0 0.0
175.30320899000003 1.0 0.0
176.21228868250003 0.0 0.0
177.12137968250002 1.0 1.0
178.04444502750005 0.0 0.0
178.98193300833339 1.0 0.0
179.79284958250005 0.0 0.0
180.60366058250005 1.0 1.0
181.52664402750005 0.0 0.0
182.44972102750003 1.0 0.0
183.37279802750004 0.0 0.0
184.29587502750005 1.0 1.0
185.19141999000004 0.0 0.0
186.08694199000004 1.0 0.0
186.98246399000004 0.0 0.0
187.87798599000004 1.0 1.0
188.77350799000004 0.0 0.0
189.66902999000004 1.0 0.0
190.56455199000004 0.0 0.0
191.40966403333337 1.0 1.0
192.30514399000003 0.0 0.0
193.20066599000003 1.0 0.0
194.09618799000003 0.0 0.0
194.99170999000003 1.0 1.0
195.88723199000003 0.0 0.0
196.78275399000003 1.0 0.0
197.67827599000003 0.0 0.0
198.57379799000003 1.0 1.0
199.46931999000003 0.0 0.0
200.36484199000003 1.0 0.0
201.26036399000003 0.0 0.0
202.15588599000003 1.0 1.0
203.05140799000003 0.0 0.0
203.94692999000003 1.0 0.0
204.84245199000003 0.0 0.0
205.73797399000003 1.0 1.0
206.63349599000003 0.0 0.0
207.52901799000003 1.0 0.0
208.42453999000003 0.0 0.0
209.32006199000003 1.0 1.0
210.21558399000003 0.0 0.0
211.11110599000003 1.0 0.0
212.00662799000003 0.0 0.0
212.90214999000003 1.0 1.0
213.79767199000003 0.0 0.0
214.69319399000003 1.0 0.0
215.58871599000003 0.0 0.0
216.48423799000003 1.0 1.0
217.37975999000003 0.0 0.0
218.27528199000002 1.0 0.0
219.17080399000002 0.0 0.0
220.06632599000002 1.0 1.0
220.96184799000002 0.0 0.0
221.85736999000002 1.0 0.0
222.75289199000002 0.0 0.0
223.64841399000002 1.0 1.0
224.5179996216667 0.0 0.0
225.3875636216667 1.0 0.0
226.29662168250002 0.0 0.0
227.2057126825 1.0 1.0
228.10124599000002 0.0 0.0
228.99676799000002 1.0 0.0
229.89228999000005 0.0 0.0
230.8297550083334 1.0 1.0
231.72531199000005 0.0 0.0
232.62083399000005 1.0 0.0
233.51635599000005 0.0 0.0
234.41187799000005 1.0 1.0
235.30739999000005 0.0 0.0
236.20292199000005 1.0 0.0
237.09844399000005 0.0 0.0
237.99396599000005 1.0 1.0
238.88948799000005 0.0 0.0
239.74666297250005 1.0 0.0
240.60380597250006 0.0 0.0
241.46094897250003 1.0 1.0
242.29430181416672 0.0 0.0
243.2317150083334 1.0 0.0
244.1692150083334 0.0 0.0
244.9912293266667 1.0 1.0
245.87353096500007 0.0 0.0
246.75588296500007 1.0 0.0
247.63823496500007 0.0 0.0
248.4833360333334 1.0 1.0
249.32840603333338 0.0 0.0
250.23744368250007 1.0 0.0
251.0825670333334 0.0 0.0
251.92763703333338 1.0 1.0
252.80995796500008 0.0 0.0
253.69230996500008 1.0 0.0
254.57466196500008 0.0 0.0
255.45701396500007 1.0 1.0
256.33936596500007 0.0 0.0
257.2217179650001 1.0 0.0
258.10406996500006 0.0 0.0
258.9864219650001 0.0 0.0