0.2620232500000001 1.0 1.0
0.9253732500000003 0.0 0.0
1.5887232500000001 1.0 0.0
2.2520732500000005 0.0 0.0
2.9154232500000004 1.0 1.0
3.5787732500000007 0.0 0.0
4.242123250000001 1.0 0.0
4.905473250000001 0.0 0.0
5.568823250000001 1.0 1.0
6.232173250000001 0.0 0.0
6.895523250000001 1.0 0.0
7.558873250000001 0.0 0.0
8.22222325 1.0 1.0
8.885573250000002 0.0 0.0
9.548923250000001 1.0 0.0
10.21227325 0.0 0.0
10.875623250000002 1.0 1.0
11.538973250000003 0.0 0.0
12.202323250000003 1.0 0.0
12.865673250000004 0.0 0.0
13.529023250000003 1.0 1.0
14.192373250000003 0.0 0.0
14.855723250000004 1.0 0.0
15.519073250000003 0.0 0.0
16.182423250000003 1.0 1.0
16.845773250000004 0.0 0.0
17.509123250000005 1.0 0.0
18.172473250000003 0.0 0.0
18.835823250000004 1.0 1.0
19.499173250000005 0.0 0.0
20.162523250000007 1.0 0.0
20.825873250000004 0.0 0.0
21.48922325000001 1.0 1.0
22.152573250000007 0.0 0.0
22.815923250000008 1.0 0.0
23.47927325000001 0.0 0.0
24.142623250000007 1.0 1.0
24.805973250000008 0.0 0.0
25.46932325000001 1.0 0.0
26.132673250000007 0.0 0.0
26.796023250000008 1.0 1.0
27.45937325000001 0.0 0.0
28.12272325000001 1.0 0.0
28.78607325000001 0.0 0.0
29.44942325000001 1.0 1.0
30.11277325000001 0.0 0.0
30.77612325000001 1.0 0.0
31.43947325000001 0.0 0.0
32.10282325000001 1.0 1.0
32.76617325000001 0.0 0.0
33.42952325000001 1.0 0.0
34.09287325000001 0.0 0.0
34.75622325000001 1.0 1.0
35.41957325000001 0.0 0.0
36.08292325000001 1.0 0.0
36.74627325000001 0.0 0.0
37.40962325000001 1.0 1.0
38.07297325000001 0.0 0.0
38.73632325000001 1.0 0.0
39.39967325000001 0.0 0.0
40.063023250000015 1.0 1.0
40.72637325000001 0.0 0.0
41.38972325000001 1.0 0.0
42.05307325000001 0.0 0.0
42.716423250000005 1.0 1.0
43.37977325000001 0.0 0.0
44.04312325000001 1.0 0.0
44.70647325000001 0.0 0.0
45.36982325000001 1.0 1.0
46.03317325000001 0.0 0.0
46.696523250000006 1.0 0.0
47.35987325000001 0.0 0.0
48.02322325000001 1.0 1.0
48.68657325000001 0.0 0.0
49.34992325000001 1.0 0.0
50.01327325000001 0.0 0.0
50.676623250000006 1.0 1.0
51.33997325000001 0.0 0.0
52.00332325000001 1.0 0.0
52.66667325000001 0.0 0.0
53.33002325000001 1.0 1.0
53.99337325000001 0.0 0.0
54.65672325000001 1.0 0.0
55.32007325000001 0.0 0.0
55.98342325000001 1.0 1.0
56.64677325000001 0.0 0.0
57.31012325000001 1.0 0.0
57.97347325000001 0.0 0.0
58.63682325000001 1.0 1.0
59.29616759083335 0.0 0.0
59.95550859083335 1.0 0.0
60.614849590833344 0.0 0.0
61.27419059083335 1.0 1.0
61.93353159083335 0.0 0.0
62.592872590833345 1.0 0.0
63.25221359083335 0.0 0.0
63.91155459083335 1.0 1.0
64.57089559083335 0.0 0.0
65.23023659083334 1.0 0.0
65.88957759083334 0.0 0.0
66.54891859083335 1.0 1.0
67.20825959083335 0.0 0.0
67.86760059083335 1.0 0.0
68.52694159083335 0.0 0.0
69.18628259083334 1.0 1.0
69.84562359083334 0.0 0.0
70.50496459083334 1.0 0.0
71.16430559083335 0.0 0.0
71.82364659083335 1.0 1.0
72.48298759083335 0.0 0.0
73.14232859083334 1.0 0.0
73.80166959083334 0.0 0.0
74.46101059083335 1.0 1.0
75.12035159083334 0.0 0.0
75.77969259083335 1.0 0.0
76.43903359083335 0.0 0.0
77.09837459083334 1.0 1.0
77.76135455583334 0.0 0.0
78.42433755583335 1.0 0.0
79.08732055583334 0.0 0.0
79.75030355583334 1.0 1.0
80.41328655583334 0.0 0.0
81.07626955583333 1.0 0.0
81.73925255583335 0.0 0.0
82.40223555583334 1.0 1.0
83.06521855583334 0.0 0.0
83.72820155583334 1.0 0.0
84.39118455583335 0.0 0.0
85.05416755583335 1.0 1.0
85.71715055583336 0.0 0.0
86.38013355583335 1.0 0.0
87.04311655583335 0.0 0.0
87.70609955583335 1.0 1.0
88.36908255583336 0.0 0.0
89.03206555583336 1.0 0.0
89.69504855583335 0.0 0.0
90.35803155583335 1.0 1.0
91.02101455583335 0.0 0.0
91.68399755583334 1.0 0.0
92.34698055583335 0.0 0.0
93.00996355583335 1.0 1.0
93.67294655583335 0.0 0.0
94.33592955583335 1.0 0.0
94.99891255583336 0.0 0.0
95.66189555583335 1.0 1.0
96.32487855583335 0.0 0.0
96.98786155583335 1.0 0.0
97.65084455583334 0.0 0.0
98.31382755583336 1.0 1.0
98.97681055583335 0.0 0.0
99.63979355583335 1.0 0.0
100.29913759083334 0.0 0.0
100.95847859083335 1.0 1.0
101.61781959083335 0.0 0.0
102.27716059083335 1.0 0.0
102.93650159083334 0.0 0.0
103.59584259083334 1.0 1.0
104.25518359083334 0.0 0.0
104.91452459083335 1.0 0.0
105.57386559083335 0.0 0.0
106.23320659083335 1.0 1.0
106.89254759083335 0.0 0.0
107.55188859083334 1.0 0.0
108.21122959083334 0.0 0.0
108.87057059083335 1.0 1.0
109.52991159083335 0.0 0.0
110.18925259083335 1.0 0.0
110.84859359083335 0.0 0.0
111.50793459083334 1.0 1.0
112.16727559083334 0.0 0.0
112.82661659083334 1.0 0.0
113.48595759083335 0.0 0.0
114.14529859083335 1.0 1.0
114.80463959083335 0.0 0.0
115.46398059083334 1.0 0.0
116.12332159083334 0.0 0.0
116.78266259083334 1.0 1.0
117.44200359083334 0.0 0.0
118.10134459083335 1.0 0.0
118.76068559083335 0.0 0.0
119.42002659083334 1.0 1.0
120.08300655583335 0.0 0.0
120.74598955583335 1.0 0.0
121.40897255583334 0.0 0.0
122.07195555583336 1.0 1.0
122.73493855583335 0.0 0.0
123.39792155583335 1.0 0.0
124.06090455583335 0.0 0.0
124.72388755583336 1.0 1.0
125.38687055583335 0.0 0.0
126.04985355583335 1.0 0.0
126.71283655583335 0.0 0.0
127.37581955583335 1.0 1.0
128.03661438083336 0.0 0.0
128.69740738083337 1.0 0.0
129.35820038083335 0.0 0.0
130.01899338083336 1.0 1.0
130.67978638083335 0.0 0.0
131.34057938083336 1.0 0.0
132.00137238083335 0.0 0.0
132.66216538083336 1.0 1.0
133.32295838083337 0.0 0.0
133.98375138083335 1.0 0.0
134.64454438083337 0.0 0.0
135.30533738083335 1.0 1.0
135.96467959083336 0.0 0.0
136.62402059083334 1.0 0.0
137.28336159083335 0.0 0.0
137.94270259083333 1.0 1.0
138.60204359083335 0.0 0.0
139.26138459083336 1.0 0.0
139.92072559083334 0.0 0.0
140.58006659083335 1.0 1.0
141.23940759083334 0.0 0.0
141.89874859083335 1.0 0.0
142.55808959083336 0.0 0.0
143.21743059083335 1.0 1.0
143.87677159083336 0.0 0.0
144.53611259083334 1.0 0.0
145.19545359083335 0.0 0.0
145.85479459083334 1.0 1.0
146.51413559083335 0.0 0.0
147.17347659083333 1.0 0.0
147.83281759083334 0.0 0.0
148.49215859083336 1.0 1.0
149.15149959083334 0.0 0.0
149.81084059083335 1.0 0.0
150.47018159083333 0.0 0.0
151.12952259083335 1.0 1.0
151.78886359083336 0.0 0.0
152.44820459083334 1.0 0.0
153.10754559083335 0.0 0.0
153.76688659083334 1.0 1.0
154.42622759083335 0.0 0.0
155.08556859083336 1.0 0.0
155.74490959083334 0.0 0.0
156.40425059083336 1.0 1.0
157.06359159083334 0.0 0.0
157.72293259083335 1.0 0.0
158.38227359083334 0.0 0.0
159.04161459083335 0.0 0.0