0.383 0.0 0.0
0.8830000000000001 1.0 0.0
1.383 0.0 0.0
1.883 1.0 1.0
2.383 0.0 0.0
2.883 1.0 0.0
3.383 0.0 0.0
3.883 1.0 1.0
4.383 0.0 0.0
4.883 1.0 0.0
5.383 0.0 0.0
5.883 1.0 1.0
6.383 0.0 0.0
6.883 1.0 0.0
7.383 0.0 0.0
7.883 1.0 1.0
8.383 0.0 0.0
8.883 1.0 0.0
9.383 0.0 0.0
9.883 1.0 1.0
10.383 0.0 0.0
10.883 1.0 0.0
11.383 0.0 0.0
11.883 1.0 1.0
12.383 0.0 0.0
12.883 1.0 0.0
13.383 0.0 0.0
13.883 1.0 1.0
14.383 0.0 0.0
14.883 1.0 0.0
15.383 0.0 0.0
15.883 1.0 1.0
16.383 0.0 0.0
16.883 1.0 0.0
17.383 0.0 0.0
17.883 1.0 1.0
18.383 0.0 0.0
18.883 1.0 0.0
19.383 0.0 0.0
19.883 1.0 1.0
20.383 0.0 0.0
20.883 1.0 0.0
21.383 0.0 0.0
21.883 1.0 1.0
22.383 0.0 0.0
22.883 1.0 0.0
23.383 0.0 0.0
23.883 1.0 1.0
24.383 0.0 0.0
24.883 1.0 0.0
25.383 0.0 0.0
25.883 1.0 1.0
26.383 0.0 0.0
26.883 1.0 0.0
27.383 0.0 0.0
27.883 1.0 1.0
28.383 0.0 0.0
28.883 1.0 0.0
29.383 0.0 0.0
29.883 1.0 1.0
30.383 0.0 0.0
30.883 1.0 0.0
31.383 0.0 0.0
31.883 1.0 1.0
32.383 0.0 0.0
32.883 1.0 0.0
33.383 0.0 0.0
33.883 1.0 1.0
34.383 0.0 0.0
34.883 1.0 0.0
35.383 0.0 0.0
35.883 1.0 1.0
36.383 0.0 0.0
36.883 1.0 0.0
37.383 0.0 0.0
37.883 1.0 1.0
38.383 0.0 0.0
38.883 1.0 0.0
39.383 0.0 0.0
39.883 1.0 1.0
40.383 0.0 0.0
40.883 1.0 0.0
41.383 0.0 0.0
41.883 1.0 1.0
42.383 0.0 0.0
42.883 1.0 0.0
43.383 0.0 0.0
43.883 1.0 1.0
44.383 0.0 0.0
44.883 1.0 0.0
45.383 0.0 0.0
45.883 1.0 1.0
46.383 0.0 0.0
46.883 1.0 0.0
47.383 0.0 0.0
47.883 1.0 1.0
48.383 0.0 0.0
48.883 1.0 0.0
49.383 0.0 0.0
49.883 1.0 1.0
50.383 0.0 0.0
50.883 1.0 0.0
51.383 0.0 0.0
51.883 1.0 1.0
52.383 0.0 0.0
52.883 1.0 0.0
53.383 0.0 0.0
53.883 1.0 1.0
54.383 0.0 0.0
54.883 1.0 0.0
55.383 0.0 0.0
55.883 1.0 1.0
56.383 0.0 0.0
56.883 1.0 0.0
57.383 0.0 0.0
57.883 1.0 1.0
58.383 0.0 0.0
58.883 1.0 0.0
59.383 0.0 0.0
59.883 1.0 1.0
60.383 0.0 0.0
60.883 1.0 0.0
61.383 0.0 0.0
61.883 1.0 1.0
62.383 0.0 0.0
62.883 1.0 0.0
63.383 0.0 0.0
63.883 1.0 1.0
64.383 0.0 0.0
64.883 1.0 0.0
65.383 0.0 0.0
65.883 1.0 1.0
66.383 0.0 0.0
66.883 1.0 0.0
67.383 0.0 0.0
67.883 1.0 1.0
68.383 0.0 0.0
68.883 1.0 0.0
69.383 0.0 0.0
69.883 1.0 1.0
70.383 0.0 0.0
70.883 1.0 0.0
71.383 0.0 0.0
71.883 1.0 1.0
72.383 0.0 0.0
72.883 1.0 0.0
73.383 0.0 0.0
73.883 1.0 1.0
74.383 0.0 0.0
74.883 1.0 0.0
75.383 0.0 0.0
75.883 1.0 1.0
76.383 0.0 0.0
76.883 1.0 0.0
77.383 0.0 0.0
77.883 1.0 1.0
78.383 0.0 0.0
78.883 1.0 0.0
79.383 0.0 0.0
79.883 1.0 1.0
80.383 0.0 0.0
80.883 1.0 0.0
81.383 0.0 0.0
81.883 1.0 1.0
82.383 0.0 0.0
82.883 1.0 0.0
83.383 0.0 0.0
83.883 1.0 1.0
84.383 0.0 0.0
84.883 1.0 0.0
85.383 0.0 0.0
85.883 1.0 1.0
86.383 0.0 0.0
86.883 1.0 0.0
87.383 0.0 0.0
87.883 1.0 1.0
88.383 0.0 0.0
88.883 1.0 0.0
89.383 0.0 0.0
89.883 1.0 1.0
90.383 0.0 0.0
90.883 1.0 0.0
91.383 0.0 0.0
91.883 1.0 1.0
92.383 0.0 0.0
92.883 1.0 0.0
93.383 0.0 0.0
93.883 1.0 1.0
94.383 0.0 0.0
94.883 1.0 0.0
95.383 0.0 0.0
95.883 1.0 1.0
96.383 0.0 0.0
96.883 1.0 0.0
97.383 0.0 0.0
97.883 1.0 1.0
98.383 0.0 0.0
98.883 1.0 0.0
99.383 0.0 0.0
99.883 1.0 1.0
100.383 0.0 0.0
100.883 1.0 0.0
101.383 0.0 0.0
101.883 1.0 1.0
102.383 0.0 0.0
102.883 1.0 0.0
103.383 0.0 0.0
103.883 1.0 1.0
104.383 0.0 0.0
104.883 1.0 0.0
105.383 0.0 0.0
105.883 1.0 1.0
106.383 0.0 0.0
106.883 1.0 0.0
107.383 0.0 0.0
107.883 1.0 1.0
108.383 0.0 0.0
108.883 1.0 0.0
109.383 0.0 0.0
109.883 1.0 1.0
110.383 0.0 0.0
110.883 1.0 0.0
111.383 0.0 0.0
111.883 1.0 1.0
112.383 0.0 0.0
112.883 1.0 0.0
113.383 0.0 0.0
113.883 1.0 1.0
114.383 0.0 0.0
114.883 1.0 0.0
115.383 0.0 0.0
115.883 1.0 1.0
116.383 0.0 0.0
116.883 1.0 0.0
117.383 0.0 0.0
117.883 1.0 1.0
118.383 0.0 0.0
118.883 1.0 0.0
119.383 0.0 0.0
119.883 1.0 1.0
120.383 0.0 0.0
120.883 1.0 0.0
121.383 0.0 0.0
121.883 1.0 1.0
122.383 0.0 0.0
122.883 1.0 0.0
123.383 0.0 0.0
123.883 1.0 1.0
124.383 0.0 0.0
124.883 1.0 1.0
125.383 0.0 0.0
125.883 1.0 0.0
126.383 0.0 0.0
126.883 1.0 1.0
127.383 0.0 0.0
127.883 1.0 0.0
128.383 0.0 0.0
128.883 1.0 1.0
129.383 0.0 0.0
129.883 1.0 0.0
130.383 0.0 0.0
130.883 1.0 1.0
131.383 0.0 0.0
131.883 1.0 0.0
132.383 0.0 0.0
132.883 1.0 1.0
133.383 0.0 0.0
133.883 1.0 0.0
134.383 0.0 0.0
134.883 1.0 1.0
135.383 0.0 0.0
135.883 1.0 0.0
136.383 0.0 0.0
136.883 1.0 1.0
137.383 0.0 0.0
137.883 1.0 0.0
138.383 0.0 0.0
138.883 1.0 1.0
139.383 0.0 0.0
139.883 1.0 0.0
140.383 0.0 0.0
140.883 1.0 1.0
141.383 0.0 0.0
141.883 1.0 0.0
142.383 0.0 0.0
142.883 1.0 1.0
143.383 0.0 0.0
143.883 1.0 0.0
144.383 0.0 0.0
144.883 1.0 1.0
145.383 0.0 0.0
145.883 1.0 0.0
146.383 0.0 0.0
146.883 1.0 1.0
147.383 0.0 0.0
147.883 1.0 0.0
148.383 0.0 0.0
148.883 1.0 1.0
149.383 0.0 0.0
149.883 1.0 1.0
150.383 0.0 0.0
150.883 1.0 0.0
151.383 0.0 0.0
151.883 1.0 1.0
152.383 0.0 0.0
152.883 1.0 0.0
153.383 0.0 0.0
153.883 1.0 1.0
154.383 0.0 0.0
154.883 1.0 0.0
155.383 0.0 0.0
155.883 1.0 1.0
156.383 0.0 0.0
156.883 1.0 0.0
157.383 0.0 0.0
157.883 1.0 1.0
158.383 0.0 0.0
158.883 1.0 0.0
159.383 0.0 0.0
159.883 1.0 1.0
160.383 0.0 0.0
160.883 1.0 0.0
161.383 0.0 0.0
161.883 1.0 1.0
162.383 0.0 0.0
162.883 1.0 0.0
163.383 0.0 0.0
163.883 1.0 1.0
164.383 0.0 0.0
164.883 1.0 0.0
165.383 0.0 0.0
165.883 1.0 1.0
166.383 0.0 0.0
166.883 1.0 0.0
167.383 0.0 0.0
167.883 1.0 1.0
168.383 0.0 0.0
168.883 1.0 0.0
169.383 0.0 0.0
169.883 1.0 1.0
170.383 0.0 0.0
170.883 1.0 0.0
171.383 0.0 0.0
171.883 1.0 1.0
172.383 0.0 0.0
172.883 1.0 0.0
173.383 0.0 0.0
173.883 1.0 1.0
174.383 0.0 0.0
174.883 1.0 1.0
175.383 0.0 0.0
175.883 1.0 0.0
176.383 0.0 0.0
176.883 1.0 1.0
177.383 0.0 0.0
177.883 1.0 0.0
178.383 0.0 0.0
178.883 1.0 1.0
179.383 0.0 0.0
179.883 1.0 0.0
180.383 0.0 0.0
180.883 1.0 1.0
181.383 0.0 0.0
181.883 1.0 0.0
182.383 0.0 0.0
182.883 1.0 1.0
183.383 0.0 0.0
183.883 1.0 0.0
184.383 0.0 0.0
184.883 1.0 1.0
185.383 0.0 0.0
185.883 1.0 0.0
186.383 0.0 0.0
186.883 1.0 1.0
187.383 0.0 0.0
187.883 1.0 0.0
188.383 0.0 0.0
188.883 1.0 1.0
189.383 0.0 0.0
189.883 1.0 0.0
190.383 0.0 0.0
190.883 1.0 1.0
191.383 0.0 0.0
191.883 1.0 0.0
192.383 0.0 0.0
192.883 1.0 1.0
193.383 0.0 0.0
193.883 1.0 0.0
194.383 0.0 0.0
194.883 1.0 1.0
195.383 0.0 0.0
195.883 1.0 0.0
196.383 0.0 0.0
196.883 1.0 1.0
197.383 0.0 0.0
197.883 1.0 0.0
198.383 0.0 0.0
198.883 1.0 1.0
199.383 0.0 0.0
199.883 1.0 0.0
200.383 0.0 0.0
200.883 1.0 1.0
201.383 0.0 0.0
201.883 1.0 0.0
202.383 0.0 0.0
202.883 1.0 1.0
203.383 0.0 0.0
203.883 1.0 0.0
204.383 0.0 0.0
204.883 1.0 1.0
205.383 0.0 0.0
205.883 1.0 0.0
206.383 0.0 0.0
206.883 1.0 1.0
207.383 0.0 0.0
207.883 1.0 0.0
208.383 0.0 0.0
208.883 1.0 0.0
209.383 0.0 0.0
209.883 1.0 1.0
210.383 0.0 0.0
210.883 1.0 0.0
211.383 0.0 0.0
211.883 1.0 1.0
212.383 0.0 0.0
212.883 1.0 0.0
213.383 0.0 0.0
213.883 1.0 1.0
214.383 0.0 0.0
214.883 1.0 0.0
215.383 0.0 0.0
215.883 1.0 1.0
216.383 0.0 0.0
216.883 0.0 0.0
217.383 1.0 1.0
217.883 0.0 0.0
218.383 1.0 0.0
218.883 0.0 0.0
219.383 1.0 1.0
219.883 0.0 0.0
220.383 1.0 0.0
220.883 0.0 0.0
221.383 1.0 1.0
221.883 0.0 0.0
222.383 1.0 0.0
222.883 0.0 0.0
223.383 1.0 1.0
223.883 0.0 0.0
224.383 1.0 0.0
224.883 0.0 0.0
225.383 1.0 0.0
225.883 0.0 0.0
226.383 1.0 1.0
226.883 0.0 0.0
227.383 1.0 0.0
227.883 0.0 0.0
228.383 1.0 1.0
228.883 0.0 0.0
229.383 1.0 0.0
229.883 0.0 0.0
230.383 1.0 1.0
230.883 0.0 0.0
231.383 1.0 0.0
231.883 0.0 0.0
232.383 1.0 1.0
232.883 0.0 0.0
233.383 1.0 0.0
233.883 0.0 0.0
234.383 1.0 1.0
234.883 0.0 0.0
235.383 1.0 0.0
235.883 0.0 0.0
236.383 1.0 1.0
236.883 0.0 0.0
237.383 1.0 0.0
237.883 0.0 0.0
238.383 1.0 1.0
238.883 0.0 0.0
239.383 1.0 0.0