0.11425516300000002 1.0 0.0
0.752552163 0.0 0.0
1.390849163 1.0 1.0
2.029146163 0.0 0.0
2.667443163 1.0 0.0
3.305740163 0.0 0.0
3.944037163 1.0 1.0
4.582334163 0.0 0.0
5.220631163 1.0 0.0
5.858928163 0.0 0.0
6.4972251629999995 1.0 1.0
7.135522163 0.0 0.0
7.773819163 1.0 0.0
8.412116163 0.0 0.0
9.050413163 1.0 1.0
9.688710163 0.0 0.0
10.327007163 1.0 0.0
10.965304162999999 0.0 0.0
11.603601163 1.0 1.0
12.241898163 0.0 0.0
12.880195163 1.0 0.0
13.518492163 0.0 0.0
14.156789163 1.0 1.0
14.795086162999999 0.0 0.0
15.433383163 1.0 0.0
16.071680163 0.0 0.0
16.709977162999998 1.0 1.0
17.348274163 0.0 0.0
17.986571163 1.0 0.0
18.624868163 0.0 0.0
19.263165163 1.0 1.0
19.901462162999998 0.0 0.0
20.539759163000003 1.0 0.0
21.178056163 0.0 0.0
21.816353163000002 1.0 1.0
22.454650163 0.0 0.0
23.092947163 1.0 0.0
23.731244163000003 0.0 0.0
24.369541163 1.0 1.0
25.007838163000002 0.0 0.0
25.646135163 1.0 0.0
26.284432163 0.0 0.0
26.922729163000003 1.0 1.0
27.561026163 0.0 0.0
28.199323163000003 1.0 0.0
28.837620163 0.0 0.0
29.475917163000002 1.0 1.0
30.114214163 0.0 0.0
30.752511163 1.0 0.0
31.390808163000003 0.0 0.0
32.029105163000004 1.0 1.0
32.667402163 0.0 0.0
33.305699163 1.0 0.0
33.943996163 0.0 0.0
34.582293163 1.0 1.0
35.220590163000004 0.0 0.0
35.858887163 1.0 0.0
36.497184163 0.0 0.0
37.135481163 1.0 1.0
37.773778163 0.0 0.0
38.412075163000004 1.0 0.0
39.050372163 0.0 0.0
39.688669163 1.0 1.0
40.326966163 0.0 0.0
40.965263163 1.0 0.0
41.603560163000004 0.0 0.0
42.241857163 1.0 1.0
42.880154163 0.0 0.0
43.518451163 1.0 0.0
44.156748162999996 0.0 0.0
44.795045163 1.0 1.0
45.433342163 0.0 0.0
46.07163916299999 1.0 0.0
46.709936162999995 0.0 0.0
47.348233162999996 1.0 1.0
47.986530163 0.0 0.0
48.624827163 1.0 0.0
49.26312416299999 0.0 0.0
49.901421162999995 1.0 1.0
50.539718162999996 0.0 0.0
51.178015163 1.0 0.0
51.816312163 0.0 0.0
52.45460916299999 1.0 1.0
53.092906162999995 0.0 0.0
53.731203162999996 1.0 0.0
54.369500163 0.0 0.0
55.00779716299999 1.0 1.0
55.646094162999994 0.0 0.0
56.284391162999995 1.0 0.0
56.922688163 0.0 0.0
57.560985163 1.0 1.0
58.19928216299999 0.0 0.0
58.837579162999994 1.0 0.0
59.475876162999995 0.0 0.0
60.114173163 1.0 1.0
60.752470163 0.0 0.0
61.39076716299999 1.0 0.0
62.029064162999994 0.0 0.0
62.667361162999995 1.0 1.0
63.305658163 0.0 0.0
63.943955163 1.0 0.0
64.58225216299999 0.0 0.0
65.220549163 1.0 1.0
65.858846163 0.0 0.0
66.49714316299999 1.0 0.0
67.135440163 0.0 0.0
67.77373716299999 1.0 1.0
68.412034163 0.0 0.0
69.050331163 1.0 0.0
69.68862816299999 0.0 0.0
70.326925163 1.0 1.0
70.96522216299999 0.0 0.0
71.603519163 1.0 0.0
72.241816163 0.0 0.0
72.88011316299999 1.0 1.0
73.518410163 0.0 0.0
74.156707163 1.0 0.0
74.795004163 0.0 0.0
75.433301163 1.0 1.0
76.07159816299999 0.0 0.0
76.709895163 1.0 0.0
77.348192163 0.0 0.0
77.986489163 1.0 1.0
78.624786163 0.0 0.0
79.26308316299999 1.0 0.0
79.901380163 0.0 0.0
80.539677163 1.0 1.0
81.177974163 0.0 0.0
81.816271163 1.0 0.0
82.45456816299999 0.0 0.0
83.092865163 1.0 1.0
83.731162163 0.0 0.0
84.36945916299999 1.0 0.0
85.007756163 0.0 0.0
85.64605316299999 1.0 1.0
86.284350163 0.0 0.0
86.922647163 1.0 0.0
87.56094416299999 0.0 0.0
88.199241163 1.0 1.0
88.83753816299999 0.0 0.0
89.475835163 1.0 0.0
90.114132163 0.0 0.0
90.75242916299999 1.0 1.0
91.390726163 0.0 0.0
92.02902316299999 1.0 0.0
92.667320163 0.0 0.0
93.305617163 1.0 1.0
93.94391416299999 0.0 0.0
94.582211163 1.0 0.0
95.22050816299999 0.0 0.0
95.858805163 1.0 1.0
96.497102163 0.0 0.0
97.13539916299999 1.0 0.0
97.773696163 0.0 0.0
98.41199316299999 1.0 1.0
99.050290163 0.0 0.0
99.688587163 1.0 0.0
100.32688416299999 0.0 0.0
100.965181163 1.0 1.0
101.60347816299999 0.0 0.0
102.241775163 1.0 0.0
102.880072163 0.0 0.0
103.51836916299999 1.0 1.0
104.156666163 0.0 0.0
104.79496316299999 1.0 0.0
105.433260163 0.0 0.0
106.071557163 1.0 1.0
106.70985416299999 0.0 0.0
107.348151163 1.0 0.0
107.98644816299999 0.0 0.0
108.624745163 1.0 1.0
109.263042163 0.0 0.0
109.90133916299999 1.0 0.0
110.539636163 0.0 0.0
111.17793316299999 1.0 1.0
111.816230163 0.0 0.0
112.454527163 1.0 0.0
113.09282416299999 0.0 0.0
113.731121163 1.0 1.0
114.36941816299999 0.0 0.0
115.007715163 1.0 0.0
115.646012163 0.0 0.0
116.28430916299999 1.0 1.0
116.922606163 0.0 0.0
117.56090316299999 1.0 0.0
118.199200163 0.0 0.0
118.837497163 1.0 1.0
119.47579416299999 0.0 0.0
120.114091163 1.0 0.0
120.75238816299999 0.0 0.0
121.39068516299999 1.0 1.0
122.028982163 0.0 0.0
122.66727916299999 1.0 0.0
123.305576163 0.0 0.0
123.94387316299999 1.0 1.0
124.58217016299999 0.0 0.0
125.220467163 1.0 0.0
125.85876416299999 0.0 0.0
126.497061163 1.0 1.0
127.13535816299999 0.0 0.0
127.77365516299999 1.0 0.0
128.411952163 0.0 0.0
129.050249163 1.0 1.0
129.68854616299998 0.0 0.0
130.326843163 1.0 0.0
130.965140163 0.0 0.0
131.603437163 1.0 1.0
132.241734163 0.0 0.0
132.88003116299998 1.0 0.0
133.518328163 0.0 0.0
134.156625163 1.0 1.0
134.794922163 0.0 0.0
135.433219163 1.0 0.0
136.07151616299998 0.0 0.0
136.709813163 1.0 1.0
137.348110163 0.0 0.0
137.986407163 1.0 0.0
138.624704163 0.0 0.0
139.26300116299998 1.0 1.0
139.90129816299998 0.0 0.0
140.539595163 1.0 0.0
141.177892163 0.0 0.0
141.816189163 1.0 1.0
142.45448616299998 0.0 0.0
143.09278316299998 1.0 0.0
143.731080163 0.0 0.0
144.369377163 1.0 1.0
145.007674163 0.0 0.0
145.64597116299998 1.0 0.0
146.28426816299998 0.0 0.0
146.922565163 1.0 1.0
147.560862163 0.0 0.0
148.199159163 1.0 0.0
148.83745616299998 0.0 0.0
149.47575316299998 1.0 1.0
150.114050163 0.0 0.0
150.752347163 1.0 0.0
151.390644163 0.0 0.0
152.02894116299998 1.0 1.0
152.66723816299998 0.0 0.0
153.305535163 1.0 0.0
153.943832163 0.0 0.0
154.582129163 1.0 1.0
155.22042616299998 0.0 0.0
155.85872316299998 1.0 0.0
156.497020163 0.0 0.0
157.135317163 1.0 1.0
157.773614163 0.0 0.0
158.41191116299998 1.0 0.0
159.05020816299998 0.0 0.0
159.688505163 1.0 1.0
160.326802163 0.0 0.0
160.965099163 1.0 0.0
161.60339616299999 0.0 0.0
162.24169316299998 1.0 1.0
162.879990163 0.0 0.0
163.51828716299997 1.0 0.0
164.15658416299996 0.0 0.0
164.79488116299999 1.0 1.0
165.43317816299998 0.0 0.0
166.07147516299997 1.0 0.0
166.70977216299997 0.0 0.0
167.34806916299996 1.0 1.0
167.98636616299999 0.0 0.0
168.62466316299998 1.0 0.0
169.26296016299997 0.0 0.0
169.90125716299997 1.0 1.0
170.53955416299996 0.0 0.0
171.17785116299999 1.0 0.0
171.81614816299998 0.0 0.0
172.45444516299997 1.0 1.0
173.09274216299997 0.0 0.0
173.73103916299996 1.0 0.0
174.36933616299999 0.0 0.0
175.00763316299998 1.0 1.0
175.64593016299997 0.0 0.0
176.28422716299997 1.0 0.0
176.92252416299996 0.0 0.0
177.56082116299999 1.0 1.0
178.19911816299998 0.0 0.0
178.83741516299997 1.0 0.0
179.47571216299997 0.0 0.0
180.11400916299996 1.0 1.0
180.752306163 0.0 0.0
181.39060316299998 1.0 0.0
182.02890016299997 0.0 0.0
182.66719716299997 1.0 1.0
183.30549416299996 0.0 0.0
183.94379116299996 1.0 0.0
184.58208816299998 0.0 0.0
185.22038516299997 1.0 1.0
185.85868216299997 0.0 0.0
186.49697916299996 1.0 0.0
187.13527616299996 0.0 0.0
187.77357316299998 1.0 1.0
188.41187016299997 0.0 0.0
189.05016716299997 1.0 0.0
189.68846416299996 0.0 0.0
190.32676116299996 1.0 1.0
190.96505816299998 0.0 0.0
191.60335516299997 1.0 0.0
192.24165216299997 0.0 0.0
192.87994916299996 1.0 1.0
193.51824616299996 0.0 0.0
194.15654316299998 1.0 0.0
194.79484016299998 0.0 0.0
195.43313716299997 1.0 1.0
196.07143416299996 0.0 0.0
196.70973116299996 1.0 0.0
197.34802816299998 0.0 0.0
197.98632516299998 1.0 1.0
198.62462216299997 0.0 0.0
199.26291916299996 1.0 0.0
199.90121616299996 0.0 0.0
200.53951316299998 1.0 1.0
201.17781016299998 0.0 0.0
201.81610716299997 1.0 0.0
202.45440416299996 0.0 0.0
203.09270116299996 1.0 1.0
203.73099816299998 0.0 0.0
204.36929516299998 1.0 0.0
205.00759216299997 0.0 0.0
205.64588916299996 1.0 1.0
206.28418616299996 0.0 0.0
206.92248316299998 1.0 0.0
207.56078016299998 0.0 0.0
208.19907716299997 1.0 1.0
208.83737416299996 0.0 0.0
209.47567116299996 1.0 0.0
210.11396816299998 0.0 0.0
210.75226516299998 1.0 1.0
211.39056216299997 0.0 0.0
212.02885916299996 1.0 0.0
212.66715616299996 0.0 0.0
213.30545316299998 1.0 1.0
213.94375016299998 0.0 0.0
214.58204716299997 1.0 0.0
215.22034416299996 0.0 0.0
215.85864116299996 1.0 1.0
216.49693816299998 0.0 0.0
217.13523516299998 1.0 0.0
217.77353216299997 0.0 0.0
218.41182916299996 1.0 1.0
219.05012616299996 0.0 0.0
219.68842316299998 1.0 0.0
220.32672016299998 0.0 0.0
220.96501716299997 1.0 1.0
221.60331416299996 0.0 0.0
222.24161116299996 1.0 0.0
222.87990816299998 0.0 0.0
223.51820516299998 1.0 1.0
224.15650216299997 0.0 0.0
224.79479916299996 1.0 0.0
225.43309616299996 0.0 0.0
226.07139316299998 1.0 1.0
226.70969016299998 0.0 0.0
227.34798716299997 1.0 0.0
227.98628416299997 0.0 0.0
228.62458116299996 1.0 1.0
229.26287816299998 0.0 0.0
229.90117516299998 1.0 0.0
230.53947216299997 0.0 0.0
231.17776916299997 1.0 1.0
231.81606616299996 0.0 0.0
232.45436316299998 1.0 0.0
233.09266016299998 0.0 0.0
233.73095716299997 1.0 1.0
234.36925416299997 0.0 0.0
235.00755116299996 1.0 0.0
235.64584816299998 0.0 0.0
236.28414516299998 1.0 1.0
236.92244216299997 0.0 0.0
237.56073916299997 1.0 0.0
238.19903616299996 0.0 0.0
238.83733316299998 1.0 1.0
239.47563016299998 0.0 0.0
240.11392716299997 1.0 0.0
240.75222416299997 0.0 0.0
241.39052116299996 1.0 1.0
242.02881816299998 0.0 0.0
242.66711516299998 1.0 0.0
243.30541216299997 0.0 0.0
243.94370916299997 1.0 1.0
244.58200616299996 0.0 0.0
245.22030316299998 1.0 0.0
245.85860016299998 0.0 0.0
246.49689716299997 1.0 1.0
247.13519416299997 0.0 0.0
247.77349116299996 1.0 0.0
248.41178816299998 0.0 0.0
249.05008516299998 1.0 1.0
249.68838216299997 0.0 0.0
250.32667916299997 1.0 0.0
250.96497616299996 0.0 0.0
251.60327316299998 1.0 1.0
252.24157016299998 0.0 0.0
252.87986716299997 1.0 0.0
253.51816416299997 0.0 0.0
254.15646116299996 1.0 1.0
254.79475816299998 0.0 0.0
255.43305516299998 1.0 0.0
256.071352163 0.0 0.0
256.709649163 1.0 1.0
257.34794616299996 0.0 0.0
257.986243163 1.0 0.0
258.62454016299995 0.0 0.0
259.262837163 1.0 1.0
259.901134163 0.0 0.0
260.53943116299996 1.0 0.0
261.177728163 0.0 0.0
261.81602516299995 1.0 1.0
262.454322163 0.0 0.0
263.092619163 1.0 0.0
263.73091616299996 0.0 0.0
264.369213163 1.0 1.0
265.00751016299995 0.0 0.0
265.645807163 1.0 0.0
266.284104163 0.0 0.0
266.92240116299996 1.0 1.0
267.560698163 0.0 0.0
268.19899516299995 1.0 0.0
268.837292163 0.0 0.0
269.475589163 1.0 1.0
270.11388616299996 0.0 0.0
270.752183163 1.0 0.0
271.39048016299995 0.0 0.0
272.028777163 1.0 1.0
272.667074163 0.0 0.0
273.30537116299996 1.0 0.0
273.943668163 0.0 0.0
274.58196516299995 1.0 1.0
275.220262163 0.0 0.0
275.858559163 1.0 0.0
276.49685616299996 0.0 0.0
277.135153163 1.0 1.0
277.77345016299995 0.0 0.0
278.411747163 1.0 0.0
279.050044163 0.0 0.0
279.68834116299996 1.0 1.0
280.326638163 0.0 0.0
280.96493516299995 1.0 0.0
281.603232163 0.0 0.0
282.241529163 1.0 1.0
282.87982616299996 0.0 0.0
283.518123163 1.0 0.0
284.15642016299995 0.0 0.0
284.794717163 1.0 1.0
285.433014163 0.0 0.0
286.07131116299996 1.0 0.0
286.709608163 0.0 0.0
287.34790516299995 0.0 0.0