0.533 1.0 1.0
1.533 0.0 0.0
2.533 1.0 0.0
3.533 0.0 0.0
4.533 1.0 1.0
5.533 0.0 0.0
6.533 1.0 0.0
7.524262531000001 0.0 0.0
8.507869530999999 1.0 1.0
9.491476531 0.0 0.0
10.475083531 1.0 0.0
11.458690530999998 0.0 0.0
12.442297531 1.0 1.0
13.425904531 0.0 0.0
14.409511531 1.0 0.0
15.393118530999999 0.0 0.0
16.376725530999998 1.0 1.0
17.360332531 0.0 0.0
18.343939531 1.0 0.0
19.336284 0.0 0.0
20.336284 1.0 1.0
21.336284 0.0 0.0
22.336284 1.0 0.0
23.332053046 0.0 0.0
24.324115046 1.0 1.0
25.316177046 0.0 0.0
26.308239046 1.0 0.0
27.300301046 0.0 0.0
28.292363046 1.0 1.0
29.284425046 0.0 0.0
30.276487046 1.0 0.0
31.268549046 0.0 0.0
32.260611046 1.0 1.0
33.252673046 0.0 0.0
34.244735046 1.0 0.0
35.236797046 0.0 0.0
36.228859046 1.0 1.0
37.220921046 0.0 0.0
38.212983046 1.0 0.0
39.205045045999995 0.0 0.0
40.197107046 1.0 1.0
41.189169046 0.0 0.0
42.181231046 1.0 0.0
43.173293046 0.0 0.0
44.165355046 1.0 1.0
45.157417046000006 0.0 0.0
46.149479045999996 1.0 0.0
47.141541046 0.0 0.0
48.133603046000005 1.0 1.0
49.125665046 0.0 0.0
50.117727046 1.0 1.0
51.109789046 0.0 0.0
52.101851046 1.0 0.0
53.093913046 0.0 0.0
54.085975046 1.0 1.0
55.078037046000006 0.0 0.0
56.070099046 1.0 0.0
57.062161046 0.0 0.0
58.054223046000004 1.0 1.0
59.046285046 0.0 0.0
60.038347046000005 1.0 0.0
61.030409046 0.0 0.0
62.022471046 1.0 1.0
63.014533046000004 0.0 0.0
64.006595046 1.0 0.0
64.998657046 0.0 0.0
65.99071904600001 1.0 1.0
66.98278104600001 0.0 0.0
67.974843046 1.0 0.0
68.966905046 0.0 0.0
69.958967046 1.0 1.0
70.951029046 0.0 0.0
71.943091046 1.0 0.0
72.93515304600001 0.0 0.0
73.92721504600001 1.0 1.0
74.919277046 0.0 0.0
75.911339046 1.0 0.0
76.903401046 0.0 0.0
77.895463046 1.0 1.0
78.88752504600001 0.0 0.0
79.87958704600001 1.0 0.0
80.87164904600002 0.0 0.0
81.863711046 1.0 1.0
82.855773046 0.0 0.0
83.847835046 1.0 0.0
84.839897046 0.0 0.0
85.83195904600001 1.0 1.0
86.82402104600001 0.0 0.0
87.81608304600002 1.0 0.0
88.80814504599999 0.0 0.0
89.800207046 1.0 1.0
90.792269046 0.0 0.0
91.784331046 1.0 0.0
92.77639304600001 0.0 0.0
93.76845504600001 1.0 1.0
94.76051704600002 0.0 0.0
95.75257904600002 1.0 0.0
96.74464104600003 0.0 0.0
97.736703046 1.0 1.0
98.728765046 0.0 0.0
99.72082704600001 1.0 0.0
100.71288904600002 0.0 0.0
101.70495104600002 1.0 1.0
102.69701304600002 0.0 0.0
103.68907504600003 1.0 0.0
104.681137046 0.0 0.0
105.67319904600001 1.0 1.0
106.66526104600001 0.0 0.0
107.65732304600002 1.0 0.0
108.64938504600002 0.0 0.0
109.64144704600002 1.0 1.0
110.63350904600003 0.0 0.0
111.625571046 1.0 0.0
112.61763304600001 0.0 0.0
113.60969504600001 1.0 1.0
114.60175704600002 0.0 0.0
115.59381904600002 1.0 0.0
116.58588104600003 0.0 0.0
117.57794304600003 1.0 1.0
118.570005046 0.0 0.0
119.56206704600001 1.0 0.0
120.55412904600001 0.0 0.0
121.54619104600002 1.0 1.0
122.53825304600002 0.0 0.0
123.53031504600003 1.0 0.0
124.52237704600003 0.0 0.0
125.514439046 1.0 1.0
126.50650104600001 0.0 0.0
127.49856304600002 1.0 0.0
128.490625046 0.0 0.0
129.482687046 1.0 1.0
130.474749046 0.0 0.0
131.466811046 1.0 0.0
132.458873046 0.0 0.0
133.450935046 1.0 1.0
134.44299704600002 0.0 0.0
135.435059046 1.0 0.0
136.427121046 0.0 0.0
137.419183046 1.0 1.0
138.411245046 0.0 0.0
139.403307046 1.0 0.0
140.395369046 0.0 0.0
141.38743104600002 1.0 1.0
142.379493046 0.0 0.0
143.371555046 1.0 0.0
144.363617046 0.0 0.0
145.355679046 1.0 1.0
146.347741046 0.0 0.0
147.33980304600001 1.0 0.0
148.33186504600002 0.0 0.0
149.323927046 1.0 1.0
150.31607752399998 0.0 0.0
151.308305524 1.0 0.0
152.30053352399997 0.0 0.0
153.29276152399999 1.0 1.0
154.28498952399997 0.0 0.0
155.27721752399998 1.0 0.0
156.269445524 0.0 0.0
157.26167352399997 1.0 1.0
158.25390152399999 0.0 0.0
159.24612952399997 1.0 0.0
160.23835752399998 0.0 0.0
161.230585524 1.0 1.0
162.22281352399997 0.0 0.0
163.215041524 1.0 0.0
164.20726952399997 0.0 0.0
165.19949752399998 1.0 1.0
166.191725524 0.0 0.0
167.18395352399997 1.0 0.0
168.176181524 0.0 0.0
169.16840952399997 1.0 1.0
170.16063752399998 0.0 0.0
171.152865524 1.0 0.0
172.14509352399998 0.0 0.0
173.137321524 1.0 1.0
174.12954952399997 0.0 0.0
175.12177752399998 1.0 0.0
176.114005524 0.0 0.0
177.10623352399998 1.0 1.0
178.098461524 0.0 0.0
179.09068952399997 1.0 0.0
180.08291752399998 0.0 0.0
181.075145524 1.0 1.0
182.06737352399998 0.0 0.0
183.059601524 1.0 0.0
184.05182952399997 0.0 0.0
185.04405752399998 1.0 1.0
186.036285524 0.0 0.0
187.02851352399998 1.0 0.0
188.020741524 0.0 0.0
189.01296952399997 1.0 1.0
190.00519752399998 0.0 0.0
190.997425524 1.0 0.0
191.98965352399998 0.0 0.0
192.981881524 1.0 1.0
193.97410952399997 0.0 0.0
194.96633752399998 1.0 0.0
195.958565524 0.0 0.0
196.95079352399998 1.0 1.0
197.943021524 0.0 0.0
198.93524952399997 1.0 0.0
199.92747752399998 0.0 0.0
200.919705524 1.0 1.0
201.91193352399998 0.0 0.0
202.904161524 1.0 0.0
203.89638952399997 0.0 0.0
204.88861752399998 1.0 1.0
205.880845524 0.0 0.0
206.87307352399998 1.0 0.0
207.865301524 0.0 0.0
208.85752952399997 1.0 1.0
209.84975752399998 0.0 0.0
210.841985524 1.0 0.0
211.83421352399998 0.0 0.0
212.826441524 1.0 1.0
213.81866952399997 0.0 0.0
214.81089752399998 1.0 0.0
215.803125524 0.0 0.0
216.795353524 1.0 1.0
217.787581524 0.0 0.0
218.77980952399997 1.0 0.0
219.77203752399998 0.0 0.0
220.764265524 1.0 1.0
221.756493524 0.0 0.0
222.748721524 1.0 0.0
223.74094952399997 0.0 0.0
224.73317752399998 1.0 1.0
225.725405524 0.0 0.0
226.717633524 1.0 0.0
227.709861524 0.0 0.0
228.70208952399997 1.0 1.0
229.69431752399998 0.0 0.0
230.686545524 1.0 0.0
231.678773524 0.0 0.0
232.671001524 1.0 1.0
233.66322952399997 0.0 0.0
234.65545752399998 1.0 0.0
235.647685524 0.0 0.0
236.639913524 1.0 1.0
237.632141524 0.0 0.0
238.62436952399997 1.0 0.0
239.61659752399999 0.0 0.0
240.608825524 1.0 1.0
241.601053524 0.0 0.0
242.593281524 1.0 0.0
243.58550952399997 0.0 0.0
244.57773752399999 1.0 1.0
245.569965524 0.0 0.0
246.562193524 1.0 0.0
247.554421524 0.0 0.0
248.54664952399997 1.0 1.0
249.538877524 0.0 0.0
250.531105524 1.0 0.0
251.523333524 0.0 0.0
252.515561524 1.0 1.0
253.50778952399997 0.0 0.0
254.50001752400001 1.0 0.0
255.492245524 0.0 0.0
256.484473524 1.0 1.0
257.476701524 0.0 0.0
258.46892952400003 1.0 0.0
259.461157524 0.0 0.0
260.453385524 1.0 1.0
261.445613524 0.0 0.0
262.437841524 1.0 0.0
263.43006952400003 0.0 0.0
264.422297524 1.0 0.0
265.414525524 0.0 0.0