0.251 1.0 1.0
0.751 0.0 0.0
1.251 1.0 0.0
1.7511650479999998 0.0 0.0
2.292262 1.0 1.0
2.792262 0.0 0.0
3.292262 1.0 0.0
3.792262 0.0 0.0
4.292262000000001 1.0 1.0
4.792262000000001 0.0 0.0
5.292262000000001 1.0 0.0
5.792262000000001 0.0 0.0
6.288147106 1.0 1.0
6.779950106 0.0 0.0
7.275868 1.0 0.0
7.775868 0.0 0.0
8.275868 1.0 1.0
8.775868 0.0 0.0
9.275868 1.0 0.0
9.775868 0.0 0.0
10.275868 1.0 1.0
10.775868 0.0 0.0
11.275868 1.0 0.0
11.775868 0.0 0.0
12.273793736 1.0 1.0
12.769661736 0.0 0.0
13.265529736 1.0 0.0
13.761397736 0.0 0.0
14.25934 1.0 1.0
14.75934 0.0 0.0
15.25934 1.0 0.0
15.75934 0.0 0.0
16.253218110000002 1.0 1.0
16.74102311 0.0 0.0
17.228828110000002 1.0 0.0
17.716633110000004 0.0 0.0
18.21056 1.0 1.0
18.71056 0.0 0.0
19.21056 1.0 0.0
19.71056 0.0 0.0
20.21056 1.0 1.0
20.71056 0.0 0.0
21.21056 1.0 0.0
21.71056 0.0 0.0
22.21056 1.0 1.0
22.71056 0.0 0.0
23.21056 1.0 0.0
23.71056 0.0 0.0
24.206445106 1.0 1.0
24.698248106 0.0 0.0
25.190051106000002 1.0 0.0
25.681854106000003 0.0 0.0
26.177772 1.0 1.0
26.677772 0.0 0.0
27.177772 1.0 0.0
27.677772 0.0 0.0
28.177772 1.0 1.0
28.677772 0.0 0.0
29.177772 1.0 0.0
29.677772 0.0 0.0
30.171019325333333 1.0 1.0
30.654890325333334 0.0 0.0
31.138761325333334 1.0 0.0
31.622632325333335 0.0 0.0
32.112525819333335 1.0 1.0
32.60839381933333 0.0 0.0
33.10426181933333 1.0 0.0
33.60012981933333 0.0 0.0
34.095997819333334 1.0 1.0
34.591865819333336 0.0 0.0
35.08773381933333 1.0 0.0
35.58360181933333 0.0 0.0
36.07946981933333 1.0 1.0
36.575337819333335 0.0 0.0
37.07120581933333 1.0 0.0
37.56707381933333 0.0 0.0
38.06294181933333 1.0 1.0
38.558809819333334 0.0 0.0
39.054677819333335 1.0 0.0
39.55054581933334 0.0 0.0
40.04641381933333 1.0 1.0
40.54228181933333 0.0 0.0
41.038149819333334 1.0 0.0
41.534017819333336 0.0 0.0
42.02988581933333 1.0 1.0
42.52575381933333 0.0 0.0
43.02162181933333 1.0 0.0
43.517489819333335 0.0 0.0
44.013357819333336 1.0 1.0
44.50922581933334 0.0 0.0
45.00509381933333 1.0 0.0
45.500961819333334 0.0 0.0
45.996829819333335 1.0 1.0
46.49269781933333 0.0 0.0
46.98856581933333 1.0 0.0
47.48443381933333 0.0 0.0
47.980301819333334 1.0 1.0
48.476169819333336 0.0 0.0
48.97203781933334 1.0 0.0
49.46790581933334 0.0 0.0
49.96377381933334 1.0 1.0
50.459641819333335 0.0 0.0
50.95550981933334 1.0 0.0
51.45137781933334 0.0 0.0
51.94724581933333 1.0 1.0
52.443113819333334 0.0 0.0
52.938981819333335 1.0 0.0
53.43484981933334 0.0 0.0
53.93071781933334 1.0 1.0
54.42658581933334 0.0 0.0
54.92245381933334 1.0 0.0
55.418321819333336 0.0 0.0
55.91418981933334 1.0 1.0
56.41005781933333 0.0 0.0
56.90592581933333 1.0 0.0
57.401793819333335 0.0 0.0
57.89766181933334 1.0 1.0
58.39352981933334 0.0 0.0
58.88939781933334 1.0 0.0
59.38526581933334 0.0 0.0
59.88113381933334 1.0 1.0
60.37700181933334 0.0 0.0
60.87286981933334 1.0 0.0
61.36873781933333 0.0 0.0
61.864605819333335 1.0 1.0
62.360473819333336 0.0 0.0
62.85634181933334 1.0 0.0
63.35220981933334 0.0 0.0
63.84807781933334 1.0 1.0
64.34394581933334 0.0 0.0
64.83981381933334 1.0 0.0
65.33568181933335 0.0 0.0
65.83154981933335 1.0 1.0
66.32741781933335 0.0 0.0
66.82328581933335 1.0 0.0
67.31915381933335 0.0 0.0
67.81502181933335 1.0 1.0
68.31088981933334 0.0 0.0
68.80675781933334 1.0 0.0
69.30262581933334 0.0 0.0
69.79849381933334 1.0 1.0
70.29436181933335 0.0 0.0
70.79022981933335 1.0 0.0
71.28609781933335 0.0 0.0
71.78196581933335 1.0 1.0
72.27783381933335 0.0 0.0
72.77370181933334 0.0 0.0
73.26956981933334 1.0 1.0
73.76543781933334 0.0 0.0
74.26130581933334 1.0 0.0
74.75717381933335 0.0 0.0
75.25304181933335 1.0 1.0
75.74890981933335 0.0 0.0
76.24477781933335 1.0 0.0
76.74064581933335 0.0 0.0
77.23651381933335 1.0 1.0
77.73238181933334 0.0 0.0
78.22824981933334 1.0 0.0
78.72411781933334 0.0 0.0
79.21998581933335 1.0 1.0
79.71585381933335 0.0 0.0
80.21172181933335 1.0 0.0
80.70758981933335 0.0 0.0
81.20345781933335 1.0 1.0
81.69932581933335 0.0 0.0
82.19519381933335 1.0 0.0
82.69106181933334 0.0 0.0
83.18692981933334 1.0 1.0
83.68279781933335 0.0 0.0
84.17866581933335 1.0 0.0
84.67453381933335 0.0 0.0
85.17040181933335 1.0 1.0
85.66626981933335 0.0 0.0
86.16213781933335 1.0 0.0
86.65800581933335 0.0 0.0
87.15387381933334 1.0 1.0
87.64974181933334 0.0 0.0
88.14560981933334 1.0 0.0
88.64147781933335 0.0 0.0
89.13734581933335 1.0 1.0
89.63321381933335 0.0 0.0
90.12908181933335 1.0 0.0
90.62494981933335 0.0 0.0
91.12081781933335 1.0 1.0
91.61668581933336 0.0 0.0
92.11255381933334 1.0 0.0
92.60842181933334 0.0 0.0
93.10428981933335 1.0 1.0
93.60015781933335 0.0 0.0
94.09602581933335 1.0 0.0
94.59189381933335 0.0 0.0
95.08776181933335 1.0 1.0
95.58362981933335 0.0 0.0
96.07949781933335 1.0 0.0
96.57536581933336 0.0 0.0
97.07123381933336 1.0 1.0
97.56710181933336 0.0 0.0
98.06296981933335 1.0 0.0
98.55883781933335 0.0 0.0
99.05470581933335 1.0 1.0
99.55057381933335 0.0 0.0
100.04644181933335 1.0 0.0
100.54230981933335 0.0 0.0
101.03817781933336 1.0 1.0
101.53404581933336 0.0 0.0
102.02991381933336 1.0 0.0
102.52578181933336 0.0 0.0
103.02164981933335 1.0 1.0
103.51751781933335 0.0 0.0
104.01338581933335 1.0 0.0
104.50925381933335 0.0 0.0
105.00512181933335 1.0 1.0
105.50098981933336 0.0 0.0
105.99685781933336 1.0 0.0
106.49272581933336 0.0 0.0
106.98859381933336 1.0 1.0
107.48864548733334 0.0 0.0
107.99284748733335 1.0 0.0
108.49704948733334 0.0 0.0
109.00125148733335 1.0 1.0
109.50126981933334 0.0 0.0
109.99713781933335 1.0 0.0
110.49300581933335 0.0 0.0
110.98887381933335 1.0 1.0
111.48474181933335 0.0 0.0
111.98060981933335 1.0 0.0
112.47647781933334 0.0 0.0
112.97234581933334 1.0 1.0
113.46821381933334 0.0 0.0
113.96408181933334 1.0 0.0
114.45994981933335 0.0 0.0
114.95581781933335 1.0 1.0
115.45168581933335 0.0 0.0
115.94755381933335 1.0 0.0
116.44342181933335 0.0 0.0
116.93928981933334 1.0 1.0
117.43515781933334 0.0 0.0
117.93102581933334 1.0 0.0
118.42689381933334 0.0 0.0
118.92276181933335 1.0 1.0
119.41862981933335 0.0 0.0
119.91449781933335 1.0 0.0
120.41036581933335 0.0 0.0
120.90623381933335 1.0 1.0
121.40210181933335 0.0 0.0
121.89796981933335 1.0 0.0
122.39383781933334 0.0 0.0
122.88970581933334 1.0 1.0
123.38557381933335 0.0 0.0
123.88144181933335 1.0 0.0
124.37730981933335 0.0 0.0
124.87317781933335 1.0 1.0
125.36904581933335 0.0 0.0
125.86491381933335 1.0 0.0
126.36078181933335 0.0 0.0
126.85664981933334 1.0 1.0
127.35251781933334 0.0 0.0
127.84838581933334 1.0 0.0
128.34425381933335 0.0 0.0
128.84012181933335 1.0 1.0
129.33598981933335 0.0 0.0
129.83185781933335 1.0 0.0
130.32772581933335 0.0 0.0
130.82359381933335 1.0 1.0
131.31946181933336 0.0 0.0
131.81532981933336 1.0 0.0
132.31119781933336 0.0 0.0
132.80706581933336 1.0 1.0
133.30293381933336 0.0 0.0
133.79880181933336 1.0 0.0
134.29466981933336 0.0 0.0
134.79053781933334 1.0 1.0
135.28640581933334 0.0 0.0
135.78227381933334 1.0 0.0
136.27814181933334 0.0 0.0
136.77400981933334 1.0 1.0
137.26987781933335 0.0 0.0
137.76574581933335 1.0 0.0
138.26161381933335 0.0 0.0
138.75748181933335 1.0 1.0
139.25334981933335 0.0 0.0
139.74921781933335 1.0 0.0
140.24508581933335 0.0 0.0
140.74095381933336 1.0 1.0
141.23682181933336 0.0 0.0
141.73268981933336 1.0 0.0
142.22855781933336 0.0 0.0
142.72442581933336 1.0 1.0
143.22029381933334 0.0 0.0
143.71616181933337 1.0 0.0
144.21202981933334 0.0 0.0
144.70789781933337 1.0 1.0
145.20376581933334 0.0 0.0
145.69963381933334 1.0 0.0
146.19550181933334 0.0 0.0
146.69136981933335 1.0 1.0
147.18723781933335 0.0 0.0
147.68310581933335 1.0 0.0
148.17897381933335 0.0 0.0
148.67484181933335 1.0 1.0
149.17070981933335 0.0 0.0
149.66657781933336 1.0 0.0
150.16244581933336 0.0 0.0
150.65831381933336 1.0 1.0
151.15418181933336 0.0 0.0
151.65004981933336 1.0 0.0
152.14591781933336 0.0 0.0
152.64178581933334 1.0 1.0
153.13765381933337 0.0 0.0
153.63352181933334 1.0 0.0
154.12938981933337 0.0 0.0
154.62525781933334 1.0 1.0
155.12112581933334 0.0 0.0
155.61699381933335 1.0 0.0
156.11286181933335 0.0 0.0
156.60872981933335 1.0 1.0
157.10459781933335 0.0 0.0
157.60046581933335 1.0 0.0
158.09633381933335 0.0 0.0
158.59220181933335 1.0 1.0
159.08806981933336 0.0 0.0
159.58393781933336 1.0 0.0
160.07980581933336 0.0 0.0
160.57567381933336 1.0 1.0
161.07154181933336 0.0 0.0
161.56740981933336 1.0 0.0
162.06327781933334 0.0 0.0
162.55914581933337 1.0 1.0
163.05501381933334 0.0 0.0
163.55088181933337 1.0 0.0
164.04674981933334 0.0 0.0
164.54261781933334 1.0 1.0
165.03848581933335 0.0 0.0
165.53435381933335 1.0 0.0
166.03022181933335 0.0 0.0
166.52608981933335 1.0 1.0
167.02195781933335 0.0 0.0
167.51782581933335 1.0 0.0
168.01369381933335 0.0 0.0
168.50956181933336 1.0 1.0
169.00542981933336 0.0 0.0
169.50129781933336 1.0 0.0
169.99716581933336 0.0 0.0
170.49303381933336 1.0 1.0
170.98890181933336 0.0 0.0
171.48476981933337 1.0 0.0
171.98063781933337 0.0 0.0
172.47650581933334 1.0 1.0
172.97237381933337 0.0 0.0
173.46824181933334 1.0 0.0
173.96410981933337 0.0 0.0
174.45997781933335 1.0 1.0
174.95584581933338 0.0 0.0
175.45171381933335 1.0 0.0
175.94758181933335 0.0 0.0
176.44344981933335 1.0 1.0
176.93931781933335 0.0 0.0
177.43518581933336 1.0 0.0
177.93105381933336 0.0 0.0
178.42692181933336 1.0 1.0
178.92278981933336 0.0 0.0
179.41865781933336 1.0 0.0
179.91452581933336 0.0 0.0
180.41039381933336 1.0 1.0
180.90626181933334 0.0 0.0
181.40212981933337 1.0 0.0
181.89799781933334 0.0 0.0
182.39386581933337 1.0 1.0
182.88973381933334 0.0 0.0
183.38560181933337 1.0 0.0
183.88146981933335 0.0 0.0
184.37733781933338 1.0 1.0
184.87320581933335 0.0 0.0
185.36907381933335 1.0 0.0
185.86494181933335 0.0 0.0
186.36080981933335 1.0 1.0
186.85667781933336 0.0 0.0
187.35254581933336 1.0 0.0
187.84841381933336 0.0 0.0
188.34428181933336 1.0 1.0
188.84014981933336 0.0 0.0
189.33601781933336 1.0 0.0
189.83188581933337 0.0 0.0
190.32775381933334 1.0 1.0
190.82362181933337 0.0 0.0
191.31948981933334 1.0 0.0
191.81535781933337 0.0 0.0
192.31122581933334 1.0 1.0
192.80709381933337 0.0 0.0
193.30296181933335 1.0 0.0
193.79882981933338 0.0 0.0
194.29469781933335 1.0 1.0
194.79056581933335 0.0 0.0
195.28643381933335 1.0 0.0
195.78230181933336 0.0 0.0
196.27816981933336 1.0 1.0
196.77403781933336 0.0 0.0
197.26990581933336 1.0 0.0
197.76577381933336 0.0 0.0
198.26164181933336 1.0 1.0
198.75750981933336 0.0 0.0
199.25337781933337 1.0 0.0
199.74924581933334 0.0 0.0
200.24511381933337 1.0 1.0
200.74098181933334 0.0 0.0
201.23684981933337 1.0 0.0
201.73271781933335 0.0 0.0
202.22858581933338 1.0 1.0
202.72445381933335 0.0 0.0
203.22032181933338 1.0 0.0
203.71618981933335 0.0 0.0
204.21205781933335 1.0 1.0
204.70792581933335 0.0 0.0
205.20379381933336 1.0 0.0
205.69966181933336 0.0 0.0
206.19552981933336 1.0 1.0
206.69139781933336 0.0 0.0
207.18726581933336 1.0 0.0
207.68313381933336 0.0 0.0
208.17900181933337 1.0 1.0
208.67486981933337 0.0 0.0
209.17073781933334 1.0 0.0
209.66660581933337 0.0 0.0
210.16247381933334 1.0 1.0
210.65834181933337 0.0 0.0
211.15420981933335 1.0 0.0
211.65007781933338 0.0 0.0
212.14594581933335 1.0 1.0
212.64181381933338 0.0 0.0
213.13768181933335 1.0 0.0
213.63354981933338 0.0 0.0
214.12941781933336 1.0 1.0
214.62528581933336 0.0 0.0
215.12115381933336 1.0 0.0
215.61702181933336 0.0 0.0
216.11288981933336 1.0 1.0
216.60875781933336 0.0 0.0
217.10462581933336 1.0 0.0
217.60049381933337 0.0 0.0
218.09636181933337 1.0 1.0
218.59222981933334 0.0 0.0
219.08809781933337 1.0 0.0
219.58396581933334 0.0 0.0
220.07983381933337 1.0 1.0
220.57570181933335 0.0 0.0
221.07156981933338 1.0 0.0
221.56743781933335 0.0 0.0
222.06330581933338 1.0 1.0
222.55917381933335 0.0 0.0
223.05504181933338 1.0 0.0
223.55090981933336 0.0 0.0
224.04677781933336 1.0 1.0
224.54264581933336 0.0 0.0
225.03851381933336 1.0 0.0
225.53438181933336 0.0 0.0
226.03024981933336 1.0 0.0
226.52611781933336 0.0 0.0
227.02198581933337 1.0 1.0
227.51785381933337 0.0 0.0
228.01372181933337 1.0 0.0
228.50958981933337 0.0 0.0