0.11999986400000003 0.0 0.0
1.1369478640000001 1.0 1.0
2.1714167135 0.0 0.0
3.2058987135000008 1.0 0.0
4.240380713500001 0.0 0.0
5.274862713500001 1.0 1.0
6.309344713500002 0.0 0.0
7.343826713500001 1.0 0.0
8.378308713500003 0.0 0.0
9.412790713500002 1.0 1.0
10.447272713500002 0.0 0.0
11.481754713500003 1.0 0.0
12.516236713500003 0.0 0.0
13.550718713500002 1.0 1.0
14.585200713500003 0.0 0.0
15.619682713500003 1.0 0.0
16.654164713500002 0.0 0.0
17.688646713500003 1.0 1.0
18.723128713500003 0.0 0.0
19.757610713500004 1.0 0.0
20.7920927135 0.0 0.0
21.8265747135 1.0 1.0
22.861056713500002 0.0 0.0
23.895538713500002 1.0 0.0
24.930020713500003 0.0 0.0
25.964502713500003 1.0 0.0
26.998984713500004 0.0 0.0
28.033466713500005 1.0 1.0
29.067948713500005 0.0 0.0
30.102430713500002 1.0 0.0
31.136912713500003 0.0 0.0
32.17139471350001 1.0 1.0
33.20587671350001 0.0 0.0
34.24035871350001 1.0 0.0
35.27484071350001 0.0 0.0
36.30932271350001 1.0 1.0
37.34380471350001 0.0 0.0
38.37828671350001 1.0 0.0
39.412768713500014 0.0 0.0
40.44725071350001 1.0 1.0
41.481732713500016 0.0 0.0
42.51621471350001 1.0 0.0
43.55069671350002 0.0 0.0
44.585178713500014 1.0 1.0
45.61966071350002 0.0 0.0
46.654142713500015 1.0 0.0
47.68862471350001 0.0 0.0
48.723106713500016 1.0 1.0
49.75758871350001 0.0 0.0
50.79207071350002 1.0 0.0
51.80903186400001 0.0 0.0
52.82597986400001 1.0 1.0
53.84292786400001 0.0 0.0
54.85987586400001 1.0 0.0
55.89434471350001 0.0 0.0
56.928826713500015 1.0 1.0
57.96330871350001 0.0 0.0
58.99779071350002 1.0 0.0
60.032272713500014 0.0 0.0
61.06675471350002 1.0 1.0
62.101236713500015 0.0 0.0
63.13571871350001 1.0 0.0
64.17020071350001 0.0 0.0
65.20468271350002 1.0 1.0
66.2391647135 0.0 0.0
67.27364671350001 1.0 0.0
68.30812871350001 0.0 0.0
69.34261071350001 1.0 1.0
70.3770927135 0.0 0.0
71.41157471350002 1.0 0.0
72.44605671350001 0.0 0.0
73.48053871350001 1.0 1.0
74.51502071350001 0.0 0.0
75.5495027135 1.0 0.0
76.58398471350002 0.0 0.0
77.61846671350001 1.0 1.0
78.65294871350001 0.0 0.0
79.6874307135 1.0 0.0
80.72191271350002 0.0 0.0
81.75639471350001 1.0 1.0
82.79087671350001 0.0 0.0
83.82535871350001 1.0 0.0
84.8598407135 0.0 0.0
85.89432271350002 1.0 1.0
86.91128386400001 0.0 0.0
87.92823186400001 1.0 0.0
88.96270071350001 0.0 0.0
89.99718271350001 1.0 1.0
91.0316647135 0.0 0.0
92.0661467135 1.0 0.0
93.10062871350002 0.0 0.0
94.13511071350001 1.0 1.0
95.16959271350001 0.0 0.0
96.2040747135 1.0 0.0
97.22103586400002 0.0 0.0
98.23798386400001 1.0 1.0
99.25493186400001 0.0 0.0
100.27187986400001 1.0 0.0
101.28882786400001 0.0 0.0
102.30577586400001 1.0 1.0
103.32272386400001 0.0 0.0
104.33967186400001 1.0 0.0
105.35661986400001 0.0 0.0
106.37356786400001 1.0 1.0
107.39051586400001 0.0 0.0
108.40746386400002 1.0 0.0
109.42441186400002 0.0 0.0
110.44135986400002 1.0 1.0
111.45830786400002 0.0 0.0
112.47525586400002 1.0 0.0
113.49220386400002 0.0 0.0
114.50915186400002 1.0 1.0
115.52609986400002 0.0 0.0
116.54304786400002 1.0 0.0
117.55999586400002 0.0 0.0
118.57694386400001 1.0 1.0
119.59389186400001 0.0 0.0
120.61083986400001 1.0 0.0
121.62778786400003 0.0 0.0
122.64473586400001 1.0 1.0
123.66168386400003 0.0 0.0
124.67863186400001 1.0 0.0
125.69557986400002 0.0 0.0
126.71252786400002 1.0 1.0
127.72947586400002 0.0 0.0
128.746423864 1.0 0.0
129.76337186400002 0.0 0.0
130.78031986400003 1.0 1.0
131.8147887135 0.0 0.0
132.8492707135 1.0 0.0
133.88375271350003 0.0 0.0
134.91823471350003 1.0 1.0
135.95271671350002 0.0 0.0
136.98719871350002 1.0 0.0
138.02168071350002 0.0 0.0
139.05616271350002 1.0 1.0
140.0906447135 0.0 0.0
141.1251267135 1.0 0.0
142.1596087135 0.0 0.0
143.19409071350003 1.0 1.0
144.22857271350003 0.0 0.0
145.26305471350003 1.0 0.0
146.29753671350002 0.0 0.0
147.33201871350002 1.0 1.0
148.36650071350002 0.0 0.0
149.4009827135 1.0 0.0
150.4354647135 0.0 0.0
151.4699467135 1.0 1.0
152.50442871350003 0.0 0.0
153.53891071350003 1.0 0.0
154.555871864 0.0 0.0
155.572819864 1.0 0.0
156.589767864 0.0 0.0
157.60671586400002 1.0 1.0
158.6411847135 0.0 0.0
159.6756667135 1.0 0.0
160.71014871350002 0.0 0.0
161.74463071350002 1.0 1.0
162.7791127135 0.0 0.0
163.8135947135 1.0 0.0
164.8480767135 0.0 0.0
165.8825587135 1.0 1.0
166.9170407135 0.0 0.0
167.9515227135 1.0 0.0
168.9860047135 0.0 0.0
170.02048671350002 1.0 1.0
171.05496871350002 0.0 0.0
172.0894507135 1.0 0.0
173.10641186400002 0.0 0.0
174.123359864 1.0 1.0
175.1578287135 0.0 0.0
176.19231071350004 1.0 0.0
177.22679271350003 0.0 0.0
178.26127471350003 1.0 1.0
179.29575671350003 0.0 0.0
180.33023871350002 1.0 0.0
181.36472071350002 0.0 0.0
182.39920271350002 1.0 1.0
183.4336847135 0.0 0.0
184.4681667135 1.0 0.0
185.50264871350004 0.0 0.0
186.53713071350003 1.0 1.0
187.57161271350003 0.0 0.0
188.60609471350003 1.0 0.0
189.64057671350002 0.0 0.0
190.67505871350002 1.0 1.0
191.69201986400003 0.0 0.0
192.70896786400002 1.0 0.0
193.72591586400003 0.0 0.0
194.74286386400004 1.0 1.0
195.75981186400003 0.0 0.0
196.77675986400004 1.0 0.0
197.79370786400003 0.0 0.0
198.81065586400004 1.0 1.0
199.82760386400003 0.0 0.0
200.84455186400004 1.0 0.0
201.86149986400002 0.0 0.0
202.87844786400004 1.0 1.0
203.89539586400002 0.0 0.0
204.91234386400004 1.0 0.0
205.92929186400002 0.0 0.0
206.94623986400003 1.0 1.0
207.96318786400002 0.0 0.0
208.98013586400003 1.0 0.0
209.99708386400005 0.0 0.0
211.01403186400003 1.0 1.0
212.03097986400002 0.0 0.0
213.04792786400003 1.0 0.0
214.06487586400004 0.0 0.0
215.08182386400003 1.0 1.0
216.09877186400004 0.0 0.0
217.11571986400003 1.0 0.0
218.13266786400004 0.0 0.0
219.14961586400003 1.0 1.0
220.16656386400004 0.0 0.0
221.18351186400002 1.0 0.0
222.20045986400004 0.0 0.0
223.21740786400002 1.0 1.0
224.25187671350002 0.0 0.0
225.28635871350002 1.0 0.0
226.32084071350005 0.0 0.0
227.35532271350004 1.0 1.0
228.35534857500002 0.0 0.0
229.35534857500002 1.0 0.0
230.35534857500002 0.0 0.0
231.3898047135 1.0 1.0
232.4242867135 0.0 0.0
233.40793186975 1.0 0.0
234.42485486400003 0.0 0.0
235.441802864 1.0 1.0
236.45875086400002 0.0 0.0
237.47569886400004 1.0 0.0
238.49264686400002 0.0 0.0
239.50959486400004 1.0 1.0
240.52654286400002 0.0 0.0
241.54349086400003 1.0 0.0
242.56043886400002 0.0 0.0
243.61304310175004 1.0 1.0
244.66567410175003 0.0 0.0
245.71830510175002 1.0 0.0
246.77093610175004 0.0 0.0
247.77097557500002 1.0 1.0
248.8054317135 0.0 0.0
249.83991371350004 1.0 0.0
250.87439571350004 0.0 0.0
251.90887771350003 1.0 1.0
252.94335971350003 0.0 0.0
253.97784171350003 1.0 0.0
255.01232371350002 0.0 0.0
256.0468057135 1.0 1.0
257.08128771350005 0.0 0.0
258.1157697135 1.0 0.0
259.15025171350004 0.0 0.0
260.1847337135 1.0 1.0
261.21921571350003 0.0 0.0
262.2536977135 1.0 0.0
263.2881797135 0.0 0.0
264.32266171350005 1.0 1.0
265.3571437135 0.0 0.0
266.39162571350005 1.0 0.0
267.4261077135 0.0 0.0
268.46058971350004 1.0 1.0
269.4950717135 0.0 0.0
270.52955371350004 1.0 0.0
271.5640357135 0.0 0.0
272.59851771350003 1.0 1.0
273.6329997135 0.0 0.0
274.6674817135 1.0 0.0
275.70196371350005 0.0 0.0
276.7364457135 1.0 1.0
277.77092771350004 0.0 0.0
278.8054097135 1.0 0.0
279.83989171350004 0.0 0.0
280.8743737135 1.0 1.0
281.90885571350003 0.0 0.0
282.9433377135 1.0 0.0
283.9778197135 0.0 0.0
285.01230171350005 1.0 0.0
286.0467837135 0.0 0.0