0.27639328600000007 1.0 1.0
1.2599992860000004 0.0 0.0
2.2436052860000006 1.0 0.0
3.2272112860000006 0.0 0.0
4.210817286 1.0 1.0
5.194423286 0.0 0.0
6.178029286 1.0 0.0
7.161635286 0.0 0.0
8.145241286000001 1.0 1.0
9.128847286000001 0.0 0.0
10.112453286000001 1.0 0.0
11.096059286000003 0.0 0.0
12.079665286000003 1.0 1.0
13.063271286000003 0.0 0.0
14.046877286000003 1.0 0.0
15.030483286000003 0.0 0.0
16.014089286 1.0 1.0
16.997695286 0.0 0.0
17.981301286 1.0 0.0
18.964907286000003 0.0 0.0
19.948513286 1.0 1.0
20.932119286000002 0.0 0.0
21.915725286 1.0 0.0
22.899331286000002 0.0 0.0
23.882937286 1.0 1.0
24.866543286000002 0.0 0.0
25.850149286 1.0 0.0
26.833755286000002 0.0 0.0
27.817361286 1.0 1.0
28.800967286000002 0.0 0.0
29.784573286000004 1.0 0.0
30.768179286000002 0.0 0.0
31.751785286000004 1.0 1.0
32.735391286 0.0 0.0
33.718997286000004 1.0 0.0
34.702603286000006 0.0 0.0
35.68620928600001 1.0 1.0
36.66981528600001 0.0 0.0
37.653421286000004 1.0 0.0
38.637027286000006 0.0 0.0
39.62063328600001 1.0 1.0
40.60423928600001 0.0 0.0
41.58784528600001 1.0 0.0
42.571451286000006 0.0 0.0
43.55505728600001 1.0 1.0
44.53866328600001 0.0 0.0
45.52226928600001 1.0 0.0
46.505875286000006 0.0 0.0
47.48948128600001 1.0 1.0
48.47308728600001 0.0 0.0
49.45669328600001 1.0 1.0
50.44029928600001 0.0 0.0
51.42390528600001 1.0 0.0
52.40751128600001 0.0 0.0
53.39111728600001 1.0 1.0
54.37472328600001 0.0 0.0
55.35832928600001 1.0 0.0
56.34193528600001 0.0 0.0
57.32554128600001 1.0 1.0
58.30914728600001 0.0 0.0
59.29275328600001 1.0 0.0
60.27635928600001 0.0 0.0
61.25996528600001 1.0 1.0
62.24357128600001 0.0 0.0
63.22717728600002 1.0 0.0
64.21078328600002 0.0 0.0
65.19438928600002 1.0 1.0
66.17799528600001 0.0 0.0
67.16160128600002 1.0 0.0
68.14520728600002 0.0 0.0
69.12881328600002 1.0 1.0
70.11241928600002 0.0 0.0
71.09602528600001 1.0 0.0
72.07963128600002 0.0 0.0
73.06323728600002 1.0 1.0
74.04684328600003 0.0 0.0
75.03044928600002 1.0 0.0
76.01405528600002 0.0 0.0
76.99766128600002 1.0 1.0
77.98126728600002 0.0 0.0
78.96487328600001 1.0 0.0
79.94847928600002 0.0 0.0
80.93208528600002 1.0 1.0
81.91569128600003 0.0 0.0
82.89929728600002 1.0 0.0
83.88290328600002 0.0 0.0
84.86650928600002 1.0 1.0
85.85011528600002 0.0 0.0
86.83372128600003 1.0 0.0
87.81732728600002 0.0 0.0
88.80093328600002 1.0 1.0
89.78453928600003 0.0 0.0
90.76814528600002 1.0 0.0
91.75175128600003 0.0 0.0
92.73535728600002 1.0 1.0
93.71896328600002 0.0 0.0
94.70256928600003 1.0 0.0
95.68617528600002 0.0 0.0
96.66978128600002 1.0 1.0
97.65338728600003 0.0 0.0
98.63699328600002 1.0 1.0
99.62059928600003 0.0 0.0
100.60420528600002 1.0 0.0
101.58781128600002 0.0 0.0
102.57141728600003 1.0 1.0
103.55502328600002 0.0 0.0
104.53862928600003 1.0 0.0
105.52223528600003 0.0 0.0
106.50584128600002 1.0 1.0
107.48944728600003 0.0 0.0
108.47305328600002 1.0 0.0
109.45665928600002 0.0 0.0
110.44026528600003 1.0 1.0
111.42387128600002 0.0 0.0
112.40747728600003 1.0 0.0
113.39108328600003 0.0 0.0
114.37468928600002 1.0 1.0
115.35829528600003 0.0 0.0
116.34190128600002 1.0 0.0
117.32550728600003 0.0 0.0
118.30911328600003 1.0 1.0
119.29271928600002 0.0 0.0
120.27632528600003 1.0 0.0
121.25993128600003 0.0 0.0
122.24353728600002 1.0 1.0
123.22714328600003 0.0 0.0
124.21074928600002 1.0 0.0
125.19435528600003 0.0 0.0
126.17796128600003 1.0 1.0
127.16156728600002 0.0 0.0
128.14517328600002 1.0 0.0
129.12877928600003 0.0 0.0
130.11238528600003 1.0 1.0
131.09599128600001 0.0 0.0
132.07959728600002 1.0 0.0
133.06320328600003 0.0 0.0
134.04680928600004 1.0 1.0
135.03041528600002 0.0 0.0
136.01402128600003 1.0 0.0
136.99762728600004 0.0 0.0
137.98123328600002 1.0 1.0
138.96483928600003 0.0 0.0
139.94844528600004 1.0 0.0
140.93205128600002 0.0 0.0
141.91565728600003 1.0 1.0
142.89926328600004 0.0 0.0
143.88286928600002 1.0 0.0
144.86647528600002 0.0 0.0
145.85008128600003 1.0 1.0
146.83368728600004 0.0 0.0
147.81729328600002 1.0 1.0
148.80089928600003 0.0 0.0
149.78450528600004 1.0 0.0
150.76811128600002 0.0 0.0
151.75171728600003 1.0 1.0
152.73532328600004 0.0 0.0
153.71892928600002 1.0 0.0
154.70253528600003 0.0 0.0
155.68614128600004 1.0 1.0
156.66974728600005 0.0 0.0
157.65335328600003 1.0 0.0
158.63695928600004 0.0 0.0
159.62056528600004 1.0 1.0
160.60417128600002 0.0 0.0
161.58777728600003 1.0 0.0
162.57138328600004 0.0 0.0
163.55498928600002 1.0 1.0
164.53859528600003 0.0 0.0
165.52220128600004 1.0 0.0
166.50580728600002 0.0 0.0
167.48941328600003 1.0 1.0
168.47301928600004 0.0 0.0
169.45662528600005 1.0 0.0
170.44023128600003 0.0 0.0
171.42383728600004 1.0 1.0
172.40744328600005 0.0 0.0
173.39104928600003 1.0 0.0
174.37465528600003 0.0 0.0
175.35826128600004 1.0 1.0
176.34186728600002 0.0 0.0
177.32547328600003 1.0 0.0
178.30907928600004 0.0 0.0
179.29268528600002 1.0 1.0
180.27629128600003 0.0 0.0
181.25989728600004 1.0 0.0
182.24350328600005 0.0 0.0
183.22710928600003 1.0 1.0
184.21071528600004 0.0 0.0
185.19432128600005 1.0 0.0
186.17792728600003 0.0 0.0
187.16153328600004 1.0 1.0
188.14513928600005 0.0 0.0
189.12874528600003 1.0 0.0
190.11235128600003 0.0 0.0
191.09595728600004 1.0 1.0
192.07956328600002 0.0 0.0
193.06316928600003 1.0 0.0
194.04677528600004 0.0 0.0
195.03038128600005 1.0 1.0
196.01398728600003 0.0 0.0
196.99759328600004 1.0 0.0
197.98119928600005 0.0 0.0
198.96480528600003 1.0 1.0
199.94841128600004 0.0 0.0
200.93201728600005 1.0 0.0
201.91562328600003 0.0 0.0
202.89922928600004 1.0 1.0
203.88283528600005 0.0 0.0
204.86644128600003 1.0 0.0
205.85004728600003 0.0 0.0
206.83365328600004 1.0 1.0
207.81725928600005 0.0 0.0
208.80086528600003 1.0 0.0
209.78447128600004 0.0 0.0
210.76807728600005 1.0 1.0
211.75168328600003 0.0 0.0
212.73528928600004 1.0 0.0
213.71889528600005 0.0 0.0
214.70250128600003 1.0 1.0
215.68610728600004 0.0 0.0
216.66971328600005 1.0 0.0
217.65331928600003 0.0 0.0
218.63692528600004 1.0 1.0
219.62053128600004 0.0 0.0
220.60413728600005 1.0 0.0
221.58774328600003 0.0 0.0
222.57134928600004 1.0 1.0
223.55495528600005 0.0 0.0
224.53856128600003 1.0 0.0
225.52216728600004 0.0 0.0
226.50577328600005 1.0 1.0
227.48937928600003 0.0 0.0
228.47298528600004 1.0 0.0
229.45659128600005 0.0 0.0
230.44019728600003 1.0 1.0
231.42380328600004 0.0 0.0
232.40740928600005 1.0 0.0
233.39101528600006 0.0 0.0
234.37462128600004 1.0 1.0
235.35822728600004 0.0 0.0
236.34183328600005 1.0 0.0
237.32543928600003 0.0 0.0
238.30904528600004 1.0 1.0
239.29265128600005 0.0 0.0
240.27625728600003 1.0 0.0
241.25986328600004 0.0 0.0
242.24346928600005 1.0 1.0
243.22707528600003 0.0 0.0
244.21068128600004 1.0 0.0
245.19428728600005 0.0 0.0