0.07406249999999996 1.0 0.0
1.0115625 0.0 0.0
1.9490624999999997 1.0 1.0
2.8865624999999997 0.0 0.0
3.8240624999999997 1.0 0.0
4.7615625 0.0 0.0
5.6990625 1.0 1.0
6.6365625 0.0 0.0
7.5740625 1.0 0.0
8.5115625 0.0 0.0
9.4490625 1.0 1.0
10.3865625 0.0 0.0
11.3240625 1.0 0.0
12.2615625 0.0 0.0
13.1990625 1.0 1.0
14.1365625 0.0 0.0
15.0740625 1.0 0.0
16.0115625 0.0 0.0
16.9490625 1.0 1.0
17.8865625 0.0 0.0
18.8240625 1.0 0.0
19.7615625 0.0 0.0
20.6990625 1.0 1.0
21.6365625 0.0 0.0
22.5740625 1.0 0.0
23.5115625 0.0 0.0
24.4490625 1.0 1.0
25.3865625 0.0 0.0
26.3240625 1.0 0.0
27.2615625 0.0 0.0
28.1990625 1.0 1.0
29.1365625 0.0 0.0
30.0740625 1.0 0.0
31.0115625 0.0 0.0
31.9490625 1.0 1.0
32.886562500000004 0.0 0.0
33.824062500000004 1.0 0.0
34.761562500000004 0.0 0.0
35.699062500000004 1.0 1.0
36.636562500000004 0.0 0.0
37.574062500000004 1.0 0.0
38.511562500000004 0.0 0.0
39.449062500000004 1.0 1.0
40.386562500000004 0.0 0.0
41.324062500000004 1.0 0.0
42.261562500000004 0.0 0.0
43.199062500000004 1.0 1.0
44.136562500000004 0.0 0.0
45.074062500000004 1.0 0.0
46.011562500000004 0.0 0.0
46.949062500000004 1.0 1.0
47.886562500000004 0.0 0.0
48.824062500000004 1.0 0.0
49.761562500000004 0.0 0.0
50.699062500000004 1.0 1.0
51.636562500000004 0.0 0.0
52.574062500000004 1.0 0.0
53.511562500000004 0.0 0.0
54.449062500000004 1.0 1.0
55.386562500000004 0.0 0.0
56.324062500000004 1.0 0.0
57.261562500000004 0.0 0.0
58.199062500000004 1.0 1.0
59.136562500000004 0.0 0.0
60.0740625 1.0 0.0
61.0115625 0.0 0.0
61.9490625 1.0 1.0
62.8865625 0.0 0.0
63.8240625 1.0 0.0
64.7615625 0.0 0.0
65.6990625 1.0 1.0
66.6365625 0.0 0.0
67.5740625 1.0 0.0
68.5115625 0.0 0.0
69.4490625 1.0 1.0
70.3865625 0.0 0.0
71.3240625 1.0 0.0
72.2615625 0.0 0.0
73.1990625 1.0 1.0
74.1365625 0.0 0.0
75.0740625 1.0 0.0
76.0115625 0.0 0.0
76.9490625 1.0 1.0
77.8865625 0.0 0.0
78.8240625 1.0 0.0
79.7615625 0.0 0.0
80.6990625 1.0 1.0
81.6365625 0.0 0.0
82.5740625 1.0 0.0
83.5115625 0.0 0.0
84.4490625 1.0 1.0
85.3865625 0.0 0.0
86.3240625 1.0 0.0
87.2615625 0.0 0.0
88.1990625 1.0 1.0
89.1365625 0.0 0.0
90.0740625 1.0 0.0
91.0115625 0.0 0.0
91.9490625 1.0 1.0
92.8865625 0.0 0.0
93.8240625 1.0 1.0
94.7615625 0.0 0.0
95.6990625 1.0 0.0
96.6365625 0.0 0.0
97.5740625 1.0 1.0
98.5115625 0.0 0.0
99.4490625 1.0 0.0
100.3865625 0.0 0.0
101.3240625 1.0 1.0
102.2615625 0.0 0.0
103.1990625 1.0 0.0
104.1365625 0.0 0.0
105.0740625 1.0 1.0
106.0115625 0.0 0.0
106.9490625 1.0 0.0
107.8865625 0.0 0.0
108.8240625 1.0 1.0
109.7615625 0.0 0.0
110.6990625 1.0 0.0
111.6365625 0.0 0.0
112.5740625 1.0 1.0
113.5115625 0.0 0.0
114.4490625 1.0 0.0
115.3865625 0.0 0.0
116.3240625 1.0 1.0
117.2615625 0.0 0.0
118.1990625 1.0 0.0
119.1365625 0.0 0.0
120.07406250000001 1.0 1.0
121.01156250000001 0.0 0.0
121.94906250000001 1.0 0.0
122.88656250000001 0.0 0.0
123.82406250000001 1.0 1.0
124.76156250000001 0.0 0.0
125.69906250000001 1.0 0.0
126.63656250000001 0.0 0.0
127.57406250000001 1.0 1.0
128.5115625 0.0 0.0
129.4490625 1.0 0.0
130.3865625 0.0 0.0
131.3240625 1.0 1.0
132.2615625 0.0 0.0
133.1990625 1.0 0.0
134.1365625 0.0 0.0
135.0740625 1.0 1.0
136.0115625 0.0 0.0
136.9490625 1.0 0.0
137.8865625 0.0 0.0
138.8240625 1.0 1.0
139.7615625 0.0 0.0
140.6990625 1.0 1.0
141.6365625 0.0 0.0
142.5740625 1.0 0.0
143.5115625 0.0 0.0
144.4490625 1.0 1.0
145.3865625 0.0 0.0
146.3240625 1.0 0.0
147.2615625 0.0 0.0
148.1990625 1.0 1.0
149.1365625 0.0 0.0
150.0740625 1.0 0.0
151.0115625 0.0 0.0
151.9490625 1.0 1.0
152.8865625 0.0 0.0
153.8240625 1.0 0.0
154.7615625 0.0 0.0
155.6990625 1.0 1.0
156.6365625 0.0 0.0
157.5740625 1.0 0.0
158.5115625 0.0 0.0
159.4490625 1.0 1.0
160.3865625 0.0 0.0
161.3240625 1.0 0.0
162.2615625 0.0 0.0
163.1990625 1.0 1.0
164.1365625 0.0 0.0
165.0740625 1.0 0.0
166.0115625 0.0 0.0
166.9490625 1.0 1.0
167.8865625 0.0 0.0
168.8240625 1.0 0.0
169.7615625 0.0 0.0
170.6990625 1.0 1.0
171.6365625 0.0 0.0
172.5740625 1.0 0.0
173.5115625 0.0 0.0
174.4490625 1.0 1.0
175.3865625 0.0 0.0
176.3240625 1.0 0.0
177.2615625 0.0 0.0
178.1990625 1.0 1.0
179.1365625 0.0 0.0
180.0740625 1.0 0.0
181.0115625 0.0 0.0
181.9490625 1.0 1.0
182.8865625 0.0 0.0
183.8240625 1.0 0.0
184.7615625 0.0 0.0
185.6990625 1.0 1.0
186.6365625 0.0 0.0
187.5740625 1.0 0.0
188.5115625 0.0 0.0
189.4490625 1.0 1.0
190.3865625 0.0 0.0
191.3240625 1.0 0.0
192.2615625 0.0 0.0
193.1990625 1.0 1.0
194.1365625 0.0 0.0
195.0740625 1.0 0.0
196.0115625 0.0 0.0
196.9490625 1.0 1.0
197.8865625 0.0 0.0
198.8240625 1.0 0.0
199.7615625 0.0 0.0
200.6990625 1.0 1.0
201.6365625 0.0 0.0
202.5740625 1.0 0.0
203.5115625 0.0 0.0
204.4490625 1.0 1.0
205.3865625 0.0 0.0
206.3240625 1.0 0.0
207.2615625 0.0 0.0
208.1990625 1.0 1.0
209.1365625 0.0 0.0
210.0740625 1.0 0.0
211.0115625 0.0 0.0
211.9490625 1.0 1.0
212.8865625 0.0 0.0
213.8240625 1.0 0.0
214.7615625 0.0 0.0
215.6990625 1.0 1.0
216.6365625 0.0 0.0
217.5740625 1.0 0.0
218.5115625 0.0 0.0
219.4490625 1.0 1.0
220.3865625 0.0 0.0
221.3240625 1.0 0.0
222.2615625 0.0 0.0
223.1990625 1.0 1.0
224.1365625 0.0 0.0
225.0740625 1.0 0.0
226.0115625 0.0 0.0
226.9490625 1.0 1.0
227.8865625 0.0 0.0
228.8240625 1.0 0.0
229.7615625 0.0 0.0
230.6990625 1.0 1.0
231.6365625 0.0 0.0
232.5740625 1.0 0.0
233.5115625 0.0 0.0
234.4490625 1.0 1.0
235.3865625 0.0 0.0
236.3240625 1.0 0.0
237.2615625 0.0 0.0
238.1990625 1.0 1.0
239.1365625 0.0 0.0
240.0740625 1.0 0.0
241.0115625 0.0 0.0
241.9490625 1.0 1.0
242.8865625 0.0 0.0
243.8240625 1.0 0.0
244.7615625 0.0 0.0
245.6990625 1.0 1.0
246.6365625 0.0 0.0
247.5740625 1.0 0.0
248.5115625 0.0 0.0
249.4490625 1.0 1.0
250.3865625 0.0 0.0
251.3240625 1.0 0.0
252.2615625 0.0 0.0
253.1990625 1.0 1.0
254.1365625 0.0 0.0
255.0740625 1.0 0.0
256.0115625 0.0 0.0
256.9490625 1.0 0.0
257.8865625 0.0 0.0