0.27	2.0
0.81	3.0
1.34	4.0
1.87	1.0
2.4	2.0
2.94	3.0
3.46	4.0
4.0	1.0
4.53	2.0
5.06	3.0
5.59	4.0
6.11	1.0
6.65	2.0
7.18	3.0
7.71	4.0
8.25	1.0
8.78	2.0
9.31	3.0
9.84	4.0
10.37	1.0
10.9	2.0
11.44	3.0
11.96	4.0
12.48	1.0
13.02	2.0
13.55	3.0
14.08	4.0
14.62	1.0
15.15	2.0
15.68	3.0
16.22	4.0
16.75	1.0
17.3	2.0
17.82	3.0
18.33	4.0
18.87	1.0
19.4	2.0
19.93	3.0
20.48	4.0
20.99	1.0
21.53	2.0
22.05	3.0
22.6	4.0
23.12	1.0
23.65	2.0
24.18	3.0
24.71	4.0
25.24	1.0
25.77	2.0
26.3	3.0
26.85	4.0
27.36	1.0
27.89	2.0
28.43	3.0
28.95	4.0
29.49	1.0
30.02	2.0
30.55	3.0
31.07	4.0
31.61	1.0
32.14	2.0
32.68	3.0
33.21	4.0
33.74	1.0
34.27	2.0
34.79	3.0
35.34	4.0
35.86	1.0
36.39	2.0
36.92	3.0
37.45	4.0
37.98	1.0
38.51	2.0
39.04	3.0
39.57	4.0
40.11	1.0
40.64	2.0
41.17	3.0
41.7	4.0
42.23	1.0
42.76	2.0
43.29	3.0
43.82	4.0
44.36	1.0
44.89	2.0
45.42	3.0
45.95	4.0
46.48	1.0
47.01	2.0
47.54	3.0
48.08	4.0
48.61	1.0
49.14	2.0
49.66	3.0
50.2	4.0
50.73	1.0
51.26	2.0
51.79	3.0
52.33	4.0
52.85	1.0
53.38	2.0
53.91	3.0
54.44	4.0
54.98	1.0
55.51	2.0
56.04	3.0
56.57	4.0
57.1	1.0
57.63	2.0
58.17	3.0
58.69	4.0
59.23	1.0
59.76	2.0
60.29	3.0
60.82	4.0
61.35	1.0
61.89	2.0
62.42	3.0
62.94	4.0
63.48	1.0
64.01	2.0
64.54	3.0
65.07	4.0
65.6	1.0
66.13	2.0
66.66	3.0
67.19	4.0
67.72	1.0
68.25	2.0
68.78	3.0
69.29	4.0
69.85	1.0
70.35	2.0
70.91	3.0
71.45	4.0
71.98	1.0
72.49	2.0
73.04	3.0
73.57	4.0
74.09	1.0
74.61	2.0
75.16	3.0
75.7	4.0
76.22	1.0
76.74	2.0
77.28	3.0
77.81	4.0
78.35	1.0
78.87	2.0
79.41	3.0
79.94	4.0
80.47	1.0
81.0	2.0
81.53	3.0
82.06	4.0
82.59	1.0
83.12	2.0
83.66	3.0
84.18	4.0
84.71	1.0
85.22	2.0
85.78	3.0
86.3	4.0
86.84	1.0
87.37	2.0
87.9	3.0
88.44	4.0
88.97	1.0
89.48	2.0
90.03	3.0
90.55	4.0
91.09	1.0
91.62	2.0
92.15	3.0
92.69	4.0
93.21	1.0
93.74	2.0
94.27	3.0
94.8	4.0
95.34	1.0
95.86	2.0
96.4	3.0
96.94	4.0
97.46	1.0
97.98	2.0
98.54	3.0
99.08	4.0
99.59	1.0
100.13	2.0
100.68	3.0
101.19	4.0
101.71	1.0
102.26	2.0
102.79	3.0
103.3	4.0
103.84	1.0
104.38	2.0
104.92	3.0
105.45	4.0
105.96	1.0
106.49	2.0
107.03	3.0
107.55	4.0
108.08	1.0
108.6	2.0
109.16	3.0
109.69	4.0
110.21	1.0
110.74	2.0
111.3	3.0
111.8	4.0
112.34	1.0
112.89	2.0
113.42	3.0
113.94	4.0
114.46	1.0
115.01	2.0
115.54	3.0
116.06	4.0
116.58	1.0
117.1	2.0
117.64	3.0
118.17	4.0
118.7	1.0
119.23	2.0
119.78	3.0
120.29	4.0
120.84	1.0
121.34	2.0
121.88	3.0
122.42	4.0
122.95	1.0
123.47	2.0
124.01	3.0
124.53	4.0
125.08	1.0
125.6	2.0
126.13	3.0
126.67	4.0
127.2	1.0
127.71	2.0
128.26	3.0
128.78	4.0
129.33	1.0
129.84	2.0
130.38	3.0
130.92	4.0
131.45	1.0
131.97	2.0
132.51	3.0
133.05	4.0
133.57	1.0
134.09	2.0
134.63	3.0
135.16	4.0
135.69	1.0
136.22	2.0
136.74	3.0
137.29	4.0
137.81	1.0
138.34	2.0
138.87	3.0
139.41	4.0
139.94	1.0
140.46	2.0
141.01	3.0
141.52	4.0
142.06	1.0
142.59	2.0
143.12	3.0
143.67	4.0
144.19	1.0
144.72	2.0
145.25	3.0
145.78	4.0
146.31	1.0
146.83	2.0
147.37	3.0
147.91	4.0
148.45	1.0
148.97	2.0
149.49	3.0
150.02	4.0
150.56	1.0
151.09	2.0
151.61	3.0
152.15	4.0
152.69	1.0
153.21	2.0
153.74	3.0
154.28	4.0
154.8	1.0
155.33	2.0
155.86	3.0
156.4	4.0
156.93	1.0
157.45	2.0
157.98	3.0
158.52	4.0
159.05	1.0
159.58	2.0
160.11	3.0
160.65	4.0
161.17	1.0
161.72	2.0
162.24	3.0
162.78	4.0
163.29	1.0
163.84	2.0
164.37	3.0
164.89	4.0
165.42	1.0
165.95	2.0
166.5	3.0
167.02	4.0
167.56	1.0
168.07	2.0
168.61	3.0
169.16	4.0
169.68	1.0
170.19	2.0
170.75	3.0
171.28	4.0
171.8	1.0
172.33	2.0
172.86	3.0
173.39	4.0
173.92	1.0
174.45	2.0
174.98	3.0
175.51	4.0
176.03	1.0
176.57	2.0
177.1	3.0
177.64	4.0
178.16	1.0
178.7	2.0
179.22	3.0
179.77	4.0
180.29	1.0
180.83	2.0
181.35	3.0
181.89	4.0
182.42	1.0
182.95	2.0
183.48	3.0
184.03	4.0
184.55	1.0
185.06	2.0
185.6	3.0
186.14	4.0
186.67	1.0
187.19	2.0
187.72	3.0
188.26	4.0
188.78	1.0
189.32	2.0
189.84	3.0
190.39	4.0
190.92	1.0
191.44	2.0
191.96	3.0
192.51	4.0
193.04	1.0
193.55	2.0
194.1	3.0
194.63	4.0
195.15	1.0
195.71	2.0
196.23	3.0
196.77	4.0
197.28	1.0
197.83	2.0
198.34	3.0
198.88	4.0
199.41	1.0
199.95	2.0
200.47	3.0
201.0	4.0
201.53	1.0
202.05	2.0
202.6	3.0
203.13	4.0
203.65	1.0
204.19	2.0
204.73	3.0
205.27	4.0
205.77	1.0
206.32	2.0
206.84	3.0
207.38	4.0
207.9	1.0
208.44	2.0
208.97	3.0
209.5	4.0
210.02	1.0
210.57	2.0
211.09	3.0
211.63	4.0
212.15	1.0
212.68	2.0
213.2	3.0
213.75	4.0
214.28	1.0
214.81	2.0
215.34	3.0
215.86	4.0
216.4	1.0
216.93	2.0
217.46	3.0
218.0	4.0
218.54	1.0
219.04	2.0
219.6	3.0
220.11	4.0
220.64	1.0
221.18	2.0
221.7	3.0
222.24	4.0
222.76	1.0
223.3	2.0
223.83	3.0
224.37	4.0
224.88	1.0
225.42	2.0
225.94	3.0
226.49	4.0
227.02	1.0
227.53	2.0
228.07	3.0
228.61	4.0
229.14	1.0
229.67	2.0
230.2	3.0
230.74	4.0
231.27	1.0
231.8	2.0
232.34	3.0
232.86	4.0
233.39	1.0
233.92	2.0
234.46	3.0
234.99	4.0
235.51	1.0
236.04	2.0
236.58	3.0
237.12	4.0
237.64	1.0
238.17	2.0
238.7	3.0
239.24	4.0
239.76	1.0
240.3	2.0
240.82	3.0
241.36	4.0
241.88	1.0
242.42	2.0
242.94	3.0
243.47	4.0
244.01	1.0
244.55	2.0
245.07	3.0
245.61	4.0
246.14	1.0
246.69	2.0
247.28	3.0
247.84	4.0
248.45	1.0
