0.8824762950000001 0.0 0.0
1.9444212950000004 1.0 0.0
3.0063662950000003 0.0 0.0
4.068311295000001 1.0 1.0
5.130256295000001 0.0 0.0
6.192201295 1.0 0.0
7.254146295000001 0.0 0.0
8.316091295000001 1.0 1.0
9.378036295000001 0.0 0.0
10.439981295000003 1.0 0.0
11.501926295000002 0.0 0.0
12.563871295000002 1.0 1.0
13.625816295000003 0.0 0.0
14.687761295000003 1.0 0.0
15.749706295000003 0.0 0.0
16.811651295000004 1.0 1.0
17.873596295000002 0.0 0.0
18.935541295 1.0 0.0
19.997486295 0.0 0.0
21.059431295000003 1.0 1.0
22.121376295 0.0 0.0
23.183321295000002 1.0 0.0
24.245266295000004 0.0 0.0
25.307211295000002 1.0 1.0
26.369156295000003 0.0 0.0
27.431101295000005 1.0 0.0
28.493046295000003 0.0 0.0
29.554991295000004 1.0 1.0
30.616936295000002 0.0 0.0
31.678881295000004 1.0 0.0
32.740826295000005 0.0 0.0
33.80277129500001 1.0 1.0
34.86471629500001 0.0 0.0
35.92666129500001 1.0 0.0
36.98860629500001 0.0 0.0
38.05055129500001 1.0 1.0
39.11249629500001 0.0 0.0
40.17444129500001 1.0 0.0
41.23638629500001 0.0 0.0
42.29833129500001 1.0 1.0
43.36027629500001 0.0 0.0
44.42222129500001 1.0 0.0
45.48416629500001 0.0 0.0
46.54611129500001 1.0 1.0
47.60805629500001 0.0 0.0
48.67000129500001 1.0 0.0
49.731946295000014 0.0 0.0
50.79389129500001 1.0 1.0
51.85583629500001 0.0 0.0
52.91778129500001 1.0 1.0
53.97972629500001 0.0 0.0
55.041671295000015 1.0 0.0
56.10361629500001 0.0 0.0
57.16556129500001 1.0 1.0
58.22750629500001 0.0 0.0
59.28945129500001 1.0 0.0
60.351396295000015 0.0 0.0
61.413341295000016 1.0 1.0
62.47528629500001 0.0 0.0
63.53723129500001 1.0 0.0
64.59917629500002 0.0 0.0
65.66112129500002 1.0 1.0
66.72306629500001 0.0 0.0
67.78501129500002 1.0 0.0
68.84695629500001 0.0 0.0
69.90890129500002 1.0 1.0
70.97084629500002 0.0 0.0
72.03279129500001 1.0 0.0
73.09473629500002 0.0 0.0
74.15668129500003 1.0 1.0
75.21862629500002 0.0 0.0
76.28057129500003 1.0 0.0
77.34251629500002 0.0 0.0
78.40446129500002 1.0 1.0
79.46640629500003 0.0 0.0
80.52835129500002 1.0 0.0
81.59029629500003 0.0 0.0
82.65224129500002 1.0 1.0
83.71418629500002 0.0 0.0
84.77613129500003 1.0 0.0
85.83807629500002 0.0 0.0
86.90002129500003 1.0 1.0
87.96196629500002 0.0 0.0
89.02391129500003 1.0 0.0
90.08585629500003 0.0 0.0
91.14780129500002 1.0 1.0
92.20974629500003 0.0 0.0
93.27169129500002 1.0 0.0
94.33363629500003 0.0 0.0
95.39558129500003 1.0 1.0
96.46201362750003 0.0 0.0
97.53301965550003 1.0 0.0
98.60444765550002 0.0 0.0
99.67587565550004 1.0 1.0
100.73948255125003 0.0 0.0
101.80142755125004 1.0 0.0
102.86337255125004 0.0 0.0
103.92531755125003 1.0 1.0
104.98726255125004 0.0 0.0
106.04920755125003 1.0 1.0
107.11115255125004 0.0 0.0
108.17117968725005 1.0 0.0
109.22938068725004 0.0 0.0
110.28758168725004 1.0 1.0
111.34578268725005 0.0 0.0
112.40398368725005 1.0 0.0
113.46218468725004 0.0 0.0
114.52038568725004 1.0 1.0
115.57858668725004 0.0 0.0
116.63678768725005 1.0 0.0
117.69817795125005 0.0 0.0
118.76012295125004 1.0 1.0
119.82206795125005 0.0 0.0
120.88401295125004 1.0 0.0
121.94595795125005 0.0 0.0
123.00790295125005 1.0 1.0
124.06984795125004 0.0 0.0
125.13179295125005 1.0 0.0
126.19373795125004 0.0 0.0
127.25568295125005 1.0 1.0
128.31762795125005 0.0 0.0
129.37957295125005 1.0 0.0
130.44151795125003 0.0 0.0
131.50346295125004 1.0 1.0
132.56540795125005 0.0 0.0
133.62735295125006 1.0 0.0
134.68929795125004 0.0 0.0
135.75124295125005 1.0 1.0
136.81318795125003 0.0 0.0
137.87513295125004 1.0 0.0
138.93707795125005 0.0 0.0
139.99902295125003 1.0 1.0
141.06096795125003 0.0 0.0
142.12291295125004 1.0 0.0
143.18485795125002 0.0 0.0
144.24680295125003 1.0 1.0
145.30874795125004 0.0 0.0
146.37069295125002 1.0 0.0
147.43263795125003 0.0 0.0
148.49458295125004 1.0 1.0
149.55652795125002 0.0 0.0
150.61847295125003 1.0 0.0
151.68041795125004 0.0 0.0
152.74236295125004 1.0 1.0
153.80430795125005 0.0 0.0
154.86625295125003 1.0 0.0
155.92819795125004 0.0 0.0
156.99014295125005 1.0 1.0
158.05208795125003 0.0 0.0
159.11403295125004 1.0 1.0
160.17597795125005 0.0 0.0
161.23792295125003 1.0 0.0
162.29986795125004 0.0 0.0
163.36181295125004 1.0 1.0
164.42375795125002 0.0 0.0
165.48570295125003 1.0 0.0
166.54764795125004 0.0 0.0
167.60959295125002 1.0 1.0
168.67153795125003 0.0 0.0
169.73348295125004 1.0 0.0
170.79542795125005 0.0 0.0
171.85737295125006 1.0 1.0
172.91931795125004 0.0 0.0
173.98126295125005 1.0 0.0
175.04320795125005 0.0 0.0
176.10515295125003 1.0 1.0
177.16709795125004 0.0 0.0
178.22904295125005 1.0 0.0
179.29098795125003 0.0 0.0
180.35293295125004 1.0 1.0
181.41487795125005 0.0 0.0
182.47682295125003 1.0 0.0
183.53876795125004 0.0 0.0
184.60071295125005 1.0 1.0
185.66265795125003 0.0 0.0
186.72460295125006 1.0 0.0
187.78654795125004 0.0 0.0
188.84849295125002 1.0 1.0
189.91043795125006 0.0 0.0
190.97238295125004 1.0 0.0
192.03432795125005 0.0 0.0
193.09627295125006 1.0 1.0
194.15821795125004 0.0 0.0
195.22016295125005 1.0 0.0
196.28210795125005 0.0 0.0
197.34405295125003 1.0 1.0
198.40599795125004 0.0 0.0
199.46794295125005 1.0 0.0
200.52988795125003 0.0 0.0
201.59183295125004 1.0 1.0
202.65377795125005 0.0 0.0
203.71572295125003 1.0 0.0
204.77766795125004 0.0 0.0
205.83961295125005 1.0 1.0
206.90155795125003 0.0 0.0
207.96350295125006 1.0 0.0
209.02544795125004 0.0 0.0
210.08739295125005 1.0 1.0
211.14933795125006 0.0 0.0
212.21128295125004 1.0 0.0
213.27322795125005 0.0 0.0
214.33517295125006 1.0 1.0
215.39711795125004 0.0 0.0
216.45906295125005 1.0 0.0
217.52100795125006 0.0 0.0
218.58295295125004 1.0 1.0
219.64489795125004 0.0 0.0
220.70684295125005 1.0 0.0
221.76878795125003 0.0 0.0
222.83073295125004 1.0 1.0
223.89267795125005 0.0 0.0
224.95462295125003 1.0 0.0
226.01656795125007 0.0 0.0
227.07851295125005 1.0 1.0
228.14045795125003 0.0 0.0
229.20240295125006 1.0 0.0
230.26434795125004 0.0 0.0
231.32629295125005 1.0 1.0
232.38823795125006 0.0 0.0
233.45018295125004 1.0 0.0
234.51212795125005 0.0 0.0
235.57407295125006 1.0 1.0
236.63601795125004 0.0 0.0
237.69796295125005 1.0 0.0
238.75990795125006 0.0 0.0
239.82185295125004 1.0 1.0
240.88379795125005 0.0 0.0
241.94574295125005 1.0 0.0
243.00768795125003 0.0 0.0
244.06963295125007 1.0 1.0
245.13157795125005 0.0 0.0
246.19352295125006 1.0 1.0
247.25546795125004 0.0 0.0
248.31741295125005 0.0 0.0
249.37935795125006 1.0 1.0
250.44130295125007 0.0 0.0
251.50324795125005 1.0 0.0
252.56519295125005 0.0 0.0
253.62713795125006 1.0 0.0