0.774083204 1.0 0.0
1.619152204 0.0 0.0
2.464221204 1.0 1.0
3.309290204 0.0 0.0
4.154359204 1.0 0.0
4.999428204 0.0 0.0
5.8444972040000005 1.0 1.0
6.689566204 0.0 0.0
7.534635204000001 1.0 0.0
8.379704204000001 0.0 0.0
9.224773204 1.0 0.0
10.069842204 0.0 0.0
10.914911204000001 1.0 1.0
11.759980204 0.0 0.0
12.605049204 1.0 0.0
13.450118204 0.0 0.0
14.295187204 1.0 1.0
15.140256204 0.0 0.0
15.985325204 1.0 0.0
16.830394204 0.0 0.0
17.675463204 1.0 1.0
18.520532204 0.0 0.0
19.365601204 1.0 0.0
20.210670204 0.0 0.0
21.055739204 1.0 1.0
21.900808204 0.0 0.0
22.745877204 1.0 0.0
23.590946204 0.0 0.0
24.436015204 1.0 1.0
25.281084204 0.0 0.0
26.126153204 1.0 0.0
26.971222204 0.0 0.0
27.816291203999995 1.0 1.0
28.661360203999998 0.0 0.0
29.506429204 1.0 0.0
30.351498204 0.0 0.0
31.196567204 1.0 1.0
32.041636204 0.0 0.0
32.886705204 1.0 0.0
33.731774204 0.0 0.0
34.576843204 1.0 1.0
35.421912204 0.0 0.0
36.266981204 1.0 0.0
37.112050204 0.0 0.0
37.957119204 1.0 1.0
38.802188204 0.0 0.0
39.647257204 1.0 0.0
40.492326204 0.0 0.0
41.337395203999996 1.0 1.0
42.182464204 0.0 0.0
43.027533204 1.0 0.0
43.872602203999996 0.0 0.0
44.717671204 1.0 1.0
45.562740204 0.0 0.0
46.407809204 1.0 0.0
47.252878204 0.0 0.0
48.097947204 1.0 1.0
48.943016204 0.0 0.0
49.788085204 1.0 0.0
50.633154204 0.0 0.0
51.478223204 1.0 1.0
52.323292204 0.0 0.0
53.168361204 1.0 0.0
54.013430204 0.0 0.0
54.858499204 1.0 1.0
55.703568204 0.0 0.0
56.548637204 1.0 0.0
57.393706204 0.0 0.0
58.238775204 1.0 1.0
59.083844204 0.0 0.0
59.928913204 1.0 0.0
60.773982204 0.0 0.0
61.619051204 1.0 1.0
62.464120204 0.0 0.0
63.309189204 1.0 0.0
64.154258204 0.0 0.0
64.999327204 1.0 1.0
65.844396204 0.0 0.0
66.689465204 1.0 0.0
67.534534204 0.0 0.0
68.379603204 1.0 1.0
69.224672204 0.0 0.0
70.069741204 1.0 0.0
70.914810204 0.0 0.0
71.759879204 1.0 1.0
72.604948204 0.0 0.0
73.450017204 1.0 0.0
74.295086204 0.0 0.0
75.140155204 1.0 1.0
75.985224204 0.0 0.0
76.830293204 1.0 0.0
77.675362204 0.0 0.0
78.520431204 1.0 1.0
79.365500204 0.0 0.0
80.210569204 1.0 0.0
81.055638204 0.0 0.0
81.900707204 1.0 1.0
82.745776204 0.0 0.0
83.590845204 1.0 0.0
84.435914204 0.0 0.0
85.280983204 1.0 1.0
86.126052204 0.0 0.0
86.971121204 1.0 0.0
87.816190204 0.0 0.0
88.661259204 1.0 1.0
89.506328204 0.0 0.0
90.351397204 1.0 0.0
91.196466204 0.0 0.0
92.041535204 1.0 1.0
92.886604204 0.0 0.0
93.731673204 1.0 0.0
94.576742204 0.0 0.0
95.421811204 1.0 1.0
96.266880204 0.0 0.0
97.111949204 1.0 0.0
97.957018204 0.0 0.0
98.802087204 1.0 1.0
99.647156204 0.0 0.0
100.492225204 1.0 0.0
101.337294204 0.0 0.0
102.182363204 1.0 1.0
103.027432204 0.0 0.0
103.872501204 1.0 0.0
104.717570204 0.0 0.0
105.56263920399999 1.0 1.0
106.407708204 0.0 0.0
107.252777204 1.0 0.0
108.09784620399999 0.0 0.0
108.942915204 1.0 1.0
109.787984204 0.0 0.0
110.63305320399999 1.0 0.0
111.478122204 0.0 0.0
112.323191204 1.0 1.0
113.16826020399999 0.0 0.0
114.013329204 1.0 0.0
114.858398204 0.0 0.0
115.70346720399999 1.0 1.0
116.54853620399999 0.0 0.0
117.39360520399998 1.0 0.0
118.23867420399999 0.0 0.0
119.08374320399999 1.0 1.0
119.92881220399998 0.0 0.0
120.77388120399999 1.0 0.0
121.61895020399999 0.0 0.0
122.46401920399998 1.0 1.0
123.30908820399999 0.0 0.0
124.15415720399999 1.0 0.0
124.99922620399998 0.0 0.0
125.84429520399999 1.0 1.0
126.68936420399999 0.0 0.0
127.53443320399998 1.0 0.0
128.37950220399998 0.0 0.0
129.22457120399997 1.0 1.0
130.069640204 0.0 0.0
130.914709204 1.0 0.0
131.75977820399999 0.0 0.0
132.60484720399998 1.0 1.0
133.44991620399998 0.0 0.0
134.29498520399997 1.0 0.0
135.140054204 0.0 0.0
135.985123204 1.0 1.0
136.83019220399999 0.0 0.0
137.67526120399998 1.0 0.0
138.52033020399998 0.0 0.0
139.36539920399997 1.0 1.0
140.210468204 0.0 0.0
141.055537204 1.0 0.0
141.90060620399998 0.0 0.0
142.74567520399998 1.0 1.0
143.59074420399998 0.0 0.0
144.435813204 1.0 0.0
145.280882204 0.0 0.0
146.125951204 1.0 1.0
146.97102020399998 0.0 0.0
147.81608920399998 1.0 0.0
148.66115820399997 0.0 0.0
149.506227204 1.0 1.0
150.351296204 0.0 0.0
151.196365204 1.0 0.0
152.04143420399998 0.0 0.0
152.88650320399998 1.0 1.0
153.73157220399997 0.0 0.0
154.576641204 1.0 0.0
155.421710204 0.0 0.0
156.266779204 1.0 1.0
157.11184820399998 0.0 0.0
157.95691720399998 1.0 0.0
158.80198620399997 0.0 0.0
159.647055204 1.0 1.0
160.492124204 0.0 0.0
161.337193204 1.0 0.0
162.18226220399998 0.0 0.0
163.02733120399998 1.0 1.0
163.87240020399997 0.0 0.0
164.717469204 1.0 0.0
165.562538204 0.0 0.0
166.407607204 1.0 1.0
167.25267620399998 0.0 0.0
168.09774520399998 1.0 0.0
168.94281420399997 0.0 0.0
169.787883204 1.0 0.0
170.632952204 0.0 0.0
171.478021204 1.0 1.0
172.32309020399998 0.0 0.0
173.16815920399998 1.0 0.0
174.01322820399997 0.0 0.0
174.858297204 1.0 1.0
175.703366204 0.0 0.0
176.548435204 1.0 0.0
177.39350420399998 0.0 0.0
178.23857320399998 1.0 1.0
179.08364220399997 0.0 0.0
179.928711204 1.0 0.0
180.773780204 0.0 0.0
181.61884920399999 1.0 1.0
182.46391820399998 0.0 0.0
183.30898720399998 1.0 0.0
184.15405620399997 0.0 0.0
184.999125204 1.0 1.0
185.844194204 0.0 0.0
186.68926320399999 1.0 0.0
187.53433220399998 0.0 0.0
188.37940120399998 1.0 1.0
189.22447020399997 0.0 0.0
190.069539204 1.0 0.0
190.914608204 0.0 0.0
191.75967720399998 1.0 1.0
192.60474620399998 0.0 0.0
193.44981520399998 1.0 0.0
194.29488420399997 0.0 0.0
195.139953204 1.0 1.0
195.985022204 0.0 0.0
196.83009120399998 1.0 0.0
197.67516020399998 0.0 0.0
198.52022920399997 1.0 1.0
199.36529820399997 0.0 0.0
200.210367204 1.0 0.0
201.055436204 0.0 0.0
201.90050520399998 1.0 1.0
202.74557420399998 0.0 0.0
203.59064320399997 1.0 0.0
204.43571220399997 0.0 0.0
205.280781204 1.0 1.0
206.125850204 0.0 0.0
206.97091920399998 1.0 0.0
207.81598820399998 0.0 0.0
208.66105720399997 1.0 1.0
209.50612620399997 0.0 0.0
210.351195204 1.0 0.0
211.196264204 0.0 0.0
212.04133320399998 1.0 1.0
212.88640220399998 0.0 0.0
213.73147120399997 1.0 0.0
214.576540204 0.0 0.0
215.421609204 1.0 1.0
216.266678204 0.0 0.0
217.11174720399998 1.0 0.0
217.95681620399998 0.0 0.0
218.80188520399997 1.0 1.0
219.646954204 0.0 0.0
220.492023204 1.0 0.0
221.337092204 0.0 0.0
222.18216120399998 1.0 1.0
223.02723020399998 0.0 0.0
223.87229920399997 1.0 0.0
224.717368204 0.0 0.0
225.562437204 1.0 1.0
226.407506204 0.0 0.0
227.25257520399998 1.0 0.0
228.09764420399998 0.0 0.0
228.94271320399997 1.0 1.0
229.787782204 0.0 0.0
230.632851204 1.0 0.0
231.477920204 0.0 0.0
232.32298920399998 1.0 1.0
233.16805820399998 0.0 0.0
234.01312720399997 1.0 0.0
234.858196204 0.0 0.0
235.703265204 1.0 1.0
236.54833420399999 0.0 0.0
237.39340320399998 0.0 0.0