0.300909121 1.0 1.0
1.210000121 0.0 0.0
2.119091121 1.0 0.0
3.0281821209999995 0.0 0.0
3.937273120999999 1.0 1.0
4.846364120999999 0.0 0.0
5.755455120999999 1.0 0.0
6.664546120999999 0.0 0.0
7.573637120999999 1.0 1.0
8.482728121 0.0 0.0
9.391819121 1.0 0.0
10.300910121 0.0 0.0
11.210001121 1.0 1.0
12.119092121 0.0 0.0
13.028183121 1.0 0.0
13.937274121 0.0 0.0
14.846365121 1.0 1.0
15.755456120999998 0.0 0.0
16.664547121 1.0 0.0
17.573638121 0.0 0.0
18.482729121 1.0 1.0
19.391820121 0.0 0.0
20.300911121 1.0 0.0
21.210002121 0.0 0.0
22.119093121 1.0 1.0
23.028184121 0.0 0.0
23.937275121 1.0 0.0
24.846366121 0.0 0.0
25.755457121 1.0 1.0
26.664548121 0.0 0.0
27.573639121 1.0 0.0
28.482730121 0.0 0.0
29.391821121 1.0 1.0
30.300912121 0.0 0.0
31.210003121 1.0 0.0
32.119094121 0.0 0.0
33.028185121 1.0 1.0
33.937276121000004 0.0 0.0
34.846367121 1.0 0.0
35.755458121000004 0.0 0.0
36.664549121 1.0 1.0
37.573640121000004 0.0 0.0
38.482731121 1.0 0.0
39.391822121000004 0.0 0.0
40.300913121 1.0 1.0
41.210004121000004 0.0 0.0
42.119095121 1.0 0.0
43.028186121 0.0 0.0
43.937277121 1.0 1.0
44.846368121 0.0 0.0
45.755459121 1.0 0.0
46.664550121 0.0 0.0
47.573641121 1.0 1.0
48.482732121 0.0 0.0
49.391823121 1.0 0.0
50.300914121 0.0 0.0
51.210005121 1.0 1.0
52.119096121 0.0 0.0
53.028187121 1.0 0.0
53.937278121 0.0 0.0
54.846369121 1.0 1.0
55.755460121 0.0 0.0
56.664551121 1.0 0.0
57.573642121 0.0 0.0
58.482733121 1.0 1.0
59.391824121 0.0 0.0
60.300915121 1.0 0.0
61.210006121 0.0 0.0
62.11909712100001 1.0 1.0
63.02818812100001 0.0 0.0
63.93727912100001 1.0 0.0
64.846370121 0.0 0.0
65.75546112100001 1.0 1.0
66.66455212100001 0.0 0.0
67.573643121 1.0 0.0
68.48273412100001 0.0 0.0
69.39182512100001 1.0 1.0
70.300916121 0.0 0.0
71.210007121 1.0 0.0
72.11909812100001 0.0 0.0
73.02818912100001 1.0 1.0
73.937280121 0.0 0.0
74.846371121 1.0 0.0
75.75546212100001 0.0 0.0
76.66455312100001 1.0 1.0
77.573644121 0.0 0.0
78.482735121 1.0 0.0
79.39182612100001 0.0 0.0
80.30091712100001 1.0 1.0
81.210008121 0.0 0.0
82.119099121 1.0 0.0
83.02819012100001 0.0 0.0
83.93728112100001 1.0 1.0
84.846372121 0.0 0.0
85.755463121 1.0 0.0
86.66455412100001 0.0 0.0
87.57364512100001 1.0 1.0
88.482736121 0.0 0.0
89.391827121 1.0 0.0
90.30091812100001 0.0 0.0
91.21000912100001 1.0 1.0
92.119100121 0.0 0.0
93.028191121 1.0 0.0
93.93728212100001 0.0 0.0
94.846373121 1.0 1.0
95.755464121 0.0 0.0
96.664555121 1.0 0.0
97.57364612100001 0.0 0.0
98.482737121 1.0 1.0
99.391828121 0.0 0.0
100.300919121 1.0 0.0
101.21001012100001 0.0 0.0
102.119101121 1.0 1.0
103.028192121 0.0 0.0
103.93728312100001 1.0 0.0
104.84637412100001 0.0 0.0
105.755465121 1.0 1.0
106.664556121 0.0 0.0
107.57364712100001 1.0 0.0
108.48273812100001 0.0 0.0
109.391829121 1.0 1.0
110.300920121 0.0 0.0
111.21001112100001 1.0 0.0
112.11910212100001 0.0 0.0
113.028193121 1.0 1.0
113.937284121 0.0 0.0
114.84637512100001 1.0 0.0
115.75546612100001 0.0 0.0
116.66455712099999 1.0 1.0
117.57364812099999 0.0 0.0
118.482739121 1.0 0.0
119.391830121 0.0 0.0
120.30092112099999 1.0 1.0
121.21001212099999 0.0 0.0
122.119103121 1.0 0.0
123.028194121 0.0 0.0
123.93728512099999 1.0 1.0
124.84637612099998 0.0 0.0
125.75546712099998 1.0 0.0
126.66455812099998 0.0 0.0
127.57364912099997 1.0 1.0
128.48274012099998 0.0 0.0
129.39183112099997 1.0 0.0
130.30092212099999 0.0 0.0
131.21001312099997 1.0 1.0
132.11910412099996 0.0 0.0
133.02819512099998 1.0 0.0
133.93728612099997 0.0 0.0
134.846377121 1.0 1.0
135.75546812099998 0.0 0.0
136.66455912099997 1.0 0.0
137.573650121 0.0 0.0
138.48274112099998 1.0 1.0
139.39183212099996 0.0 0.0
140.30092312099998 1.0 0.0
141.21001412099997 0.0 0.0
142.119105121 1.0 1.0
143.02819612099998 0.0 0.0
143.93728712099997 1.0 0.0
144.846378121 0.0 0.0
145.75546912099998 1.0 1.0
146.66456012099997 0.0 0.0
147.57365112099998 1.0 0.0
148.48274212099997 0.0 0.0
149.391833121 1.0 1.0
150.30092412099998 0.0 0.0
151.21001512099997 1.0 0.0
152.119106121 0.0 0.0
153.02819712099998 1.0 1.0
153.93728812099997 0.0 0.0
154.84637912099998 1.0 0.0
155.75547012099997 0.0 0.0
156.66456112099996 1.0 1.0
157.57365212099998 0.0 0.0
158.48274312099997 1.0 0.0
159.391834121 0.0 0.0
160.30092512099998 1.0 1.0
161.21001612099997 0.0 0.0
162.11910712099998 1.0 0.0
163.02819812099997 0.0 0.0
163.93728912099996 1.0 1.0
164.84638012099998 0.0 0.0
165.75547112099997 1.0 0.0
166.664562121 0.0 0.0
167.57365312099998 1.0 1.0
168.48274412099997 0.0 0.0
169.39183512099999 1.0 0.0
170.30092612099997 0.0 0.0
171.21001712099996 1.0 1.0
172.11910812099998 0.0 0.0
173.02819912099997 1.0 0.0
173.937290121 0.0 0.0
174.84638112099998 1.0 1.0
175.75547212099997 0.0 0.0
176.664563121 1.0 0.0
177.57365412099998 0.0 0.0
178.48274512099997 1.0 1.0
179.39183612099998 0.0 0.0
180.30092712099997 1.0 0.0
181.210018121 0.0 0.0
182.11910912099998 1.0 1.0
183.02820012099997 0.0 0.0
183.937291121 1.0 0.0
184.84638212099998 0.0 0.0
185.75547312099997 1.0 1.0
186.66456412099998 0.0 0.0
187.57365512099997 1.0 0.0
188.48274612099996 0.0 0.0
189.39183712099998 1.0 1.0
190.30092812099997 0.0 0.0
191.210019121 1.0 0.0
192.11911012099998 0.0 0.0
193.02820112099997 1.0 1.0
193.93729212099998 0.0 0.0
194.84638312099997 1.0 0.0
195.75547412099996 0.0 0.0
196.66456512099998 1.0 1.0
197.57365612099997 0.0 0.0
198.482747121 1.0 0.0
199.39183812099998 0.0 0.0
200.30092912099997 1.0 1.0
201.21002012099999 0.0 0.0
202.11911112099997 1.0 0.0
203.02820212099996 0.0 0.0
203.93729312099998 1.0 1.0
204.84638412099997 0.0 0.0
205.755475121 1.0 0.0
206.66456612099998 0.0 0.0
207.57365712099997 1.0 1.0
208.482748121 0.0 0.0
209.39183912099998 1.0 0.0
210.30093012099996 0.0 0.0
211.21002112099998 1.0 1.0
212.11911212099997 0.0 0.0
213.02820312099996 1.0 0.0
213.93729412099998 0.0 0.0
214.84638512099997 1.0 1.0
215.755476121 0.0 0.0
216.66456712099998 1.0 0.0
217.57365812099997 0.0 0.0
218.48274912099998 1.0 1.0
219.39184012099997 0.0 0.0
220.30093112099996 1.0 0.0
221.21002212099998 0.0 0.0
222.11911312099997 1.0 1.0
223.028204121 0.0 0.0
223.93729512099998 1.0 0.0
224.84638612099997 0.0 0.0
225.75547712099998 1.0 1.0
226.66456812099997 0.0 0.0
227.57365912099996 1.0 0.0
228.48275012099998 0.0 0.0
229.39184112099997 1.0 1.0
230.300932121 0.0 0.0
231.21002312099998 1.0 0.0
232.11911412099997 0.0 0.0
233.028205121 1.0 1.0
233.937296121 0.0 0.0
234.846387121 1.0 0.0
235.755478121 0.0 0.0
236.664569121 1.0 1.0
237.573660121 0.0 0.0
238.482751121 1.0 0.0
239.391842121 0.0 0.0
240.300933121 1.0 1.0
241.210024121 0.0 0.0
242.119115121 1.0 0.0
243.028206121 0.0 0.0
243.937297121 1.0 1.0
244.846388121 0.0 0.0
245.755479121 1.0 0.0
246.664570121 0.0 0.0
247.57366112100001 1.0 1.0
248.482752121 0.0 0.0
249.391843121 1.0 0.0
250.300934121 0.0 0.0
251.210025121 1.0 1.0
252.119116121 0.0 0.0
253.028207121 0.0 0.0
253.937298121 1.0 1.0