0.37714195199999995 0.0 0.0
0.912854952 1.0 1.0
1.4485679519999999 0.0 0.0
1.984280952 1.0 0.0
2.519993952 0.0 0.0
3.0557069520000004 1.0 1.0
3.5914199520000003 0.0 0.0
4.127132952 1.0 0.0
4.6628459520000005 0.0 0.0
5.198558952 1.0 1.0
5.734271952 0.0 0.0
6.269984952000001 1.0 0.0
6.805697952 0.0 0.0
7.341410952 1.0 0.0
7.877123952000001 0.0 0.0
8.412836952000001 1.0 1.0
8.948549952 0.0 0.0
9.484262952 1.0 0.0
10.019975952000001 0.0 0.0
10.555688952 1.0 1.0
11.091401952 0.0 0.0
11.627114952000001 1.0 0.0
12.162827952 0.0 0.0
12.698540952 1.0 1.0
13.234253952000001 0.0 0.0
13.769966952 1.0 0.0
14.305679952 0.0 0.0
14.841392952000001 1.0 1.0
15.377105952 0.0 0.0
15.912818952 1.0 0.0
16.448531952 0.0 0.0
16.984244952 1.0 1.0
17.519957952000002 0.0 0.0
18.055670952 1.0 0.0
18.591383952000005 0.0 0.0
19.127096952000002 1.0 1.0
19.662809952000003 0.0 0.0
20.198522952000005 1.0 0.0
20.734235952000002 0.0 0.0
21.269948952000004 1.0 1.0
21.805661952000005 0.0 0.0
22.341374952000002 1.0 0.0
22.877087952000004 0.0 0.0
23.412800952000005 1.0 1.0
23.948513952000003 0.0 0.0
24.484226952000004 1.0 0.0
25.019939952000005 0.0 0.0
25.555652952000003 1.0 1.0
26.091365952000004 0.0 0.0
26.627078952 1.0 0.0
27.162791952000003 0.0 0.0
27.698504952000004 1.0 1.0
28.234217952 0.0 0.0
28.769930952000003 1.0 0.0
29.305643952000004 0.0 0.0
29.841356952 1.0 1.0
30.377069952000003 0.0 0.0
30.912782952000004 1.0 0.0
31.448495952000002 0.0 0.0
31.984208952000003 1.0 1.0
32.519921952000004 0.0 0.0
33.055634952000005 1.0 0.0
33.59134795200001 0.0 0.0
34.127060952 1.0 1.0
34.662773952 0.0 0.0
35.198486951999996 1.0 0.0
35.734199952 0.0 0.0
36.269912952 1.0 1.0
36.805625952 0.0 0.0
37.341338952 1.0 0.0
37.877051952 0.0 0.0
38.412764951999996 1.0 1.0
38.948477952 0.0 0.0
39.484190952 1.0 0.0
40.019903952 0.0 0.0
40.555616952 1.0 1.0
41.091329952 0.0 0.0
41.627042952 1.0 0.0
42.162755952 0.0 0.0
42.698468952 1.0 1.0
43.234181952 0.0 0.0
43.769894952 1.0 0.0
44.305607952 0.0 0.0
44.841320952 1.0 1.0
45.377033952 0.0 0.0
45.912746952 1.0 0.0
46.448459952 0.0 0.0
46.984172952 1.0 1.0
47.519885952 0.0 0.0
48.055598952 1.0 0.0
48.591311952 0.0 0.0
49.127024952 1.0 1.0
49.662737952 0.0 0.0
50.198450952 1.0 0.0
50.734163952 0.0 0.0
51.269876952 1.0 1.0
51.805589952 0.0 0.0
52.341302952 1.0 0.0
52.877015952 0.0 0.0
53.412728952 1.0 1.0
53.948441952 0.0 0.0
54.484154952 1.0 0.0
55.019867952 0.0 0.0
55.555580952 1.0 1.0
56.091293952 0.0 0.0
56.627006952 1.0 0.0
57.162719952 0.0 0.0
57.698432952 1.0 1.0
58.234145952 0.0 0.0
58.769858952 1.0 0.0
59.305571952 0.0 0.0
59.841284952 1.0 1.0
60.376997952 0.0 0.0
60.912710952 1.0 0.0
61.448423952 0.0 0.0
61.984136952 1.0 1.0
62.519849952 0.0 0.0
63.055562952 1.0 0.0
63.591275952000004 0.0 0.0
64.126988952 1.0 1.0
64.662701952 0.0 0.0
65.19841495200001 1.0 0.0
65.734127952 0.0 0.0
66.269840952 1.0 1.0
66.805553952 0.0 0.0
67.341266952 1.0 0.0
67.876979952 0.0 0.0
68.412692952 1.0 1.0
68.94840595200002 0.0 0.0
69.484118952 1.0 0.0
70.019831952 0.0 0.0
70.555544952 1.0 1.0
71.091257952 0.0 0.0
71.62697095200001 1.0 0.0
72.16268395200001 0.0 0.0
72.69839695200001 1.0 1.0
73.234109952 0.0 0.0
73.769822952 1.0 0.0
74.305535952 0.0 0.0
74.841248952 1.0 1.0
75.376961952 0.0 0.0
75.912674952 1.0 0.0
76.448387952 0.0 0.0
76.984100952 1.0 1.0
77.519813952 0.0 0.0
78.05552695200001 1.0 0.0
78.591239952 0.0 0.0
79.126952952 1.0 1.0
79.662665952 0.0 0.0
80.198378952 1.0 0.0
80.734091952 0.0 0.0
81.269804952 1.0 1.0
81.805517952 0.0 0.0
82.341230952 1.0 0.0
82.876943952 0.0 0.0
83.412656952 1.0 1.0
83.94836995200001 0.0 0.0
84.48408295200001 1.0 0.0
85.019795952 0.0 0.0
85.555508952 1.0 1.0
86.091221952 0.0 0.0
86.626934952 0.0 0.0
87.162647952 1.0 0.0
87.698360952 0.0 0.0
88.234073952 1.0 1.0
88.769786952 0.0 0.0
89.305499952 1.0 0.0
89.841212952 0.0 0.0
90.37692595200001 1.0 1.0
90.91263895200001 0.0 0.0
91.448351952 1.0 0.0
91.984064952 0.0 0.0
92.519777952 1.0 1.0
93.055490952 0.0 0.0
93.591203952 1.0 0.0
94.126916952 0.0 0.0
94.662629952 1.0 1.0
95.198342952 0.0 0.0
95.734055952 1.0 0.0
96.269768952 0.0 0.0
96.80548195200001 1.0 1.0
97.34119495200001 0.0 0.0
97.876907952 1.0 0.0
98.412620952 0.0 0.0
98.948333952 1.0 1.0
99.484046952 0.0 0.0
100.019759952 1.0 0.0
100.555472952 0.0 0.0
101.091185952 1.0 1.0
101.626898952 0.0 0.0
102.162611952 1.0 0.0
102.69832495200001 0.0 0.0
103.23403795200001 1.0 1.0
103.76975095200001 0.0 0.0
104.305463952 1.0 0.0
104.841176952 0.0 0.0
105.376889952 1.0 1.0
105.912602952 0.0 0.0
106.448315952 1.0 0.0
106.984028952 0.0 0.0
107.519741952 1.0 1.0
108.055454952 0.0 0.0
108.591167952 1.0 0.0
109.12688095200001 0.0 0.0
109.66259395200001 1.0 1.0
110.19830695200001 0.0 0.0
110.734019952 1.0 0.0
111.269732952 0.0 0.0
111.805445952 1.0 1.0
112.341158952 0.0 0.0
112.876871952 1.0 0.0
113.412584952 0.0 0.0
113.948297952 1.0 1.0
114.484010952 0.0 0.0
115.019723952 1.0 0.0
115.55543695200001 0.0 0.0
116.09114995200001 1.0 1.0
116.626862952 0.0 0.0
117.162575952 1.0 0.0
117.698288952 0.0 0.0
118.234001952 1.0 1.0
118.769714952 0.0 0.0
119.305427952 1.0 0.0
119.841140952 0.0 0.0
120.376853952 1.0 1.0
120.912566952 0.0 0.0
121.44827995200001 1.0 0.0
121.98399295200001 0.0 0.0
122.51970595200001 1.0 1.0
123.055418952 0.0 0.0
123.591131952 1.0 0.0
124.126844952 0.0 0.0
124.662557952 1.0 1.0
125.198270952 0.0 0.0
125.733983952 1.0 0.0
126.269696952 0.0 0.0
126.805409952 1.0 1.0
127.341122952 0.0 0.0
127.87683595200001 1.0 0.0
128.412548952 0.0 0.0
128.948261952 1.0 1.0
129.483974952 0.0 0.0
130.019687952 1.0 0.0
130.555400952 0.0 0.0
131.091113952 1.0 1.0
131.62682695200002 0.0 0.0
132.162539952 1.0 0.0
132.698252952 0.0 0.0
133.233965952 1.0 1.0
133.769678952 0.0 0.0
134.305391952 1.0 0.0
134.841104952 0.0 0.0
135.376817952 1.0 1.0
135.912530952 0.0 0.0
136.448243952 1.0 0.0
136.983956952 0.0 0.0
137.51966995200002 1.0 1.0
138.055382952 0.0 0.0
138.59109595200002 1.0 0.0
139.126808952 0.0 0.0
139.662521952 1.0 1.0
140.198234952 0.0 0.0
140.733947952 1.0 0.0
141.269660952 0.0 0.0
141.805373952 1.0 1.0
142.341086952 0.0 0.0
142.876799952 1.0 0.0
143.41251295200001 0.0 0.0
143.948225952 1.0 1.0
144.48393895200002 0.0 0.0
145.019651952 1.0 0.0
145.555364952 0.0 0.0
146.091077952 1.0 1.0
146.62679095200002 0.0 0.0
147.162503952 1.0 0.0
147.69821695200002 0.0 0.0
148.233929952 1.0 1.0
148.76964295200003 0.0 0.0
149.305355952 1.0 0.0
149.84106895200003 0.0 0.0
150.37678195200002 1.0 1.0
150.91249495200003 0.0 0.0
151.44820795200002 1.0 0.0
151.98392095200003 0.0 0.0
152.51963395200002 1.0 1.0
153.055346952 0.0 0.0
153.59105995200002 1.0 0.0
154.126772952 0.0 0.0
154.66248595200003 1.0 1.0
155.198198952 0.0 0.0
155.73391195200003 1.0 0.0
156.26962495200002 0.0 0.0
156.80533795200003 1.0 1.0
157.34105095200002 0.0 0.0
157.87676395200003 1.0 0.0
158.41247695200002 0.0 0.0
158.94818995200004 1.0 1.0
159.48390295200002 0.0 0.0
160.019615952 1.0 0.0
160.55532895200002 0.0 0.0
161.091041952 1.0 1.0
161.62675495200003 0.0 0.0
162.16246795200001 1.0 0.0
162.69818095200003 0.0 0.0
163.23389395200002 1.0 1.0
163.76960695200003 0.0 0.0
164.30531995200002 1.0 0.0
164.84103295200003 0.0 0.0
165.37674595200002 1.0 1.0
165.912458952 0.0 0.0
166.44817195200002 1.0 0.0
166.983884952 0.0 0.0
167.51959795200003 1.0 1.0
168.055310952 0.0 0.0
168.59102395200003 1.0 0.0
169.12673695200002 0.0 0.0
169.66244995200003 1.0 1.0
170.19816295200002 0.0 0.0
170.73387595200003 1.0 0.0
171.26958895200002 0.0 0.0
171.805301952 1.0 1.0
172.34101495200002 0.0 0.0
172.876727952 1.0 0.0
173.41244095200003 0.0 0.0
173.948153952 1.0 1.0
174.48386695200003 0.0 0.0
175.01957995200002 1.0 0.0
175.55529295200003 0.0 0.0
176.09100595200002 1.0 1.0
176.62671895200003 0.0 0.0
177.16243195200002 1.0 0.0
177.69814495200004 0.0 0.0
178.23385795200002 1.0 1.0
178.769570952 0.0 0.0
179.30528395200002 1.0 0.0
179.840996952 0.0 0.0
180.37670995200003 1.0 1.0
180.91242295200001 0.0 0.0
181.44813595200003 1.0 0.0
181.98384895200002 0.0 0.0
182.51956195200003 1.0 1.0
183.05527495200002 0.0 0.0
183.59098795200003 1.0 0.0
184.12670095200002 0.0 0.0
184.662413952 1.0 1.0
185.19812695200002 0.0 0.0
185.733839952 1.0 0.0
186.26955295200003 0.0 0.0
186.805265952 1.0 1.0
187.34097895200003 0.0 0.0
187.87669195200002 1.0 0.0
188.41240495200003 0.0 0.0
188.94811795200002 1.0 1.0
189.48383095200003 0.0 0.0
190.01954395200002 1.0 0.0
190.55525695200004 0.0 0.0
191.09096995200002 1.0 1.0
191.626682952 0.0 0.0
192.16239595200003 1.0 0.0
192.698108952 0.0 0.0
193.23382195200003 1.0 1.0
193.76953495200001 0.0 0.0
194.30524795200003 1.0 0.0
194.84096095200002 0.0 0.0
195.37667395200003 1.0 1.0
195.91238695200002 0.0 0.0
196.44809995200004 1.0 0.0
196.98381295200002 0.0 0.0
197.519525952 1.0 1.0
198.05523895200002 0.0 0.0
198.590951952 1.0 0.0
199.12666495200003 0.0 0.0
199.662377952 1.0 1.0
200.19809095200003 0.0 0.0
200.73380395200002 1.0 0.0
201.26951695200003 0.0 0.0
201.80522995200002 1.0 1.0
202.34094295200003 0.0 0.0
202.87665595200002 1.0 0.0
203.41236895200004 0.0 0.0
203.94808195200002 1.0 1.0
204.483794952 0.0 0.0
205.01950795200003 1.0 0.0
205.555220952 0.0 0.0
206.09093395200003 1.0 1.0
206.62664695200002 0.0 0.0
207.16235995200003 1.0 0.0
207.69807295200002 0.0 0.0
208.23378595200003 1.0 1.0
208.76949895200002 0.0 0.0
209.30521195200004 1.0 0.0
209.84092495200002 0.0 0.0
210.376637952 1.0 1.0
210.91235095200003 0.0 0.0
211.448063952 1.0 0.0
211.98377695200003 0.0 0.0
212.51948995200001 1.0 1.0
213.05520295200003 0.0 0.0
213.59091595200002 1.0 0.0
214.12662895200003 0.0 0.0
214.66234195200002 1.0 1.0
215.19805495200004 0.0 0.0
215.73376795200002 1.0 0.0
216.26948095200004 0.0 0.0
216.80519395200002 1.0 1.0
217.340906952 0.0 0.0
217.87661995200003 1.0 0.0
218.412332952 0.0 0.0
218.94804595200003 1.0 1.0
219.48375895200002 0.0 0.0
220.01947195200003 1.0 0.0
220.55518495200002 0.0 0.0
221.09089795200003 1.0 1.0
221.62661095200002 0.0 0.0
222.16232395200004 1.0 0.0
222.69803695200002 0.0 0.0
223.233749952 1.0 1.0
223.76946295200003 0.0 0.0
224.305175952 1.0 0.0
224.84088895200003 0.0 0.0
225.37660195200002 1.0 1.0
225.91231495200003 0.0 0.0
226.44802795200002 1.0 0.0
226.98374095200003 0.0 0.0
227.51945395200002 1.0 1.0
228.05516695200004 0.0 0.0
228.59087995200002 1.0 0.0
229.12659295200004 0.0 0.0
229.66230595200003 1.0 1.0
230.198018952 0.0 0.0
230.73373195200003 1.0 0.0
231.26944495200001 0.0 0.0
231.80515795200003 1.0 1.0
232.34087095200002 0.0 0.0
232.87658395200003 1.0 0.0
233.41229695200002 0.0 0.0
233.94800995200004 1.0 1.0
234.48372295200002 0.0 0.0
235.01943595200004 1.0 0.0
235.55514895200002 0.0 0.0
236.090861952 1.0 1.0
236.62657495200003 0.0 0.0
237.162287952 1.0 0.0
237.69800095200003 0.0 0.0
238.23371395200002 1.0 1.0
238.76942695200003 0.0 0.0
239.30513995200002 1.0 0.0
239.84085295200003 0.0 0.0
240.37656595200002 1.0 1.0
240.91227895200004 0.0 0.0
241.44799195200002 1.0 0.0
241.98370495200004 0.0 0.0
242.51941795200003 1.0 1.0
243.055130952 0.0 0.0
243.59084395200003 1.0 0.0
244.12655695200002 0.0 0.0
244.66226995200003 1.0 1.0
245.19798295200002 0.0 0.0
245.73369595200003 1.0 0.0
246.26940895200002 0.0 0.0
246.80512195200004 1.0 1.0
247.34083495200002 0.0 0.0
247.87654795200004 1.0 0.0
248.41226095200003 0.0 0.0
248.947973952 1.0 1.0
249.48368695200003 0.0 0.0
250.01939995200001 1.0 0.0
250.55511295200003 0.0 0.0
251.09082595200002 1.0 1.0
251.62653895200003 0.0 0.0
252.16225195200002 1.0 0.0
252.69796495200004 0.0 0.0
253.23367795200002 1.0 0.0