0.07834682800000001 1.0 0.0
0.5742128279999998 0.0 0.0
1.0700788279999998 0.0 1.0
1.5659448279999997 1.0 0.0
2.061810828 0.0 0.0
2.557676828 0.0 0.0
3.053542828 1.0 0.0
3.549408828 0.0 0.0
4.045274827999999 0.0 1.0
4.541140828 1.0 0.0
5.037006828 0.0 0.0
5.5328728279999995 0.0 0.0
6.028738828 1.0 0.0
6.524604827999999 0.0 0.0
7.020470828 0.0 1.0
7.516336827999999 1.0 0.0
8.012202828 0.0 0.0
8.508068827999999 0.0 0.0
9.003934827999998 1.0 1.0
9.499800828 0.0 0.0
9.995666828 0.0 0.0
10.491532827999999 0.0 0.0
10.987398827999998 1.0 1.0
11.483264828 0.0 0.0
11.979130827999999 0.0 0.0
12.474996827999998 1.0 0.0
12.970862828 0.0 0.0
13.466728827999999 0.0 0.0
13.962594827999999 1.0 1.0
14.458460827999998 0.0 0.0
14.954326828 0.0 0.0
15.450192827999999 1.0 0.0
15.946058827999998 0.0 0.0
16.441924827999998 0.0 0.0
16.937790827999997 1.0 1.0
17.433656827999997 0.0 0.0
17.929522828 0.0 0.0
18.425388828 1.0 0.0
18.921254828 0.0 0.0
19.417120827999998 0.0 0.0
19.912986827999998 1.0 1.0
20.408852827999997 0.0 0.0
20.904718827999996 0.0 0.0
21.400584828 1.0 0.0
21.896450828 0.0 0.0
22.392316828 0.0 0.0
22.888182827999998 1.0 1.0
23.384048827999997 0.0 0.0
23.879914827999997 0.0 0.0
24.375780827999996 1.0 0.0
24.871646827999996 0.0 0.0
25.367512828 0.0 0.0
25.863378828 1.0 1.0
26.359244827999998 0.0 0.0
26.855110827999997 0.0 0.0
27.350976827999997 1.0 0.0
27.846842827999996 0.0 0.0
28.342708827999996 0.0 0.0
28.838574828 1.0 1.0
29.334440827999998 0.0 0.0
29.830306827999998 0.0 0.0
30.326172827999997 1.0 0.0
30.822038827999997 0.0 0.0
31.317904827999996 0.0 0.0
31.813770827999996 1.0 1.0
32.309636827999995 0.0 0.0
32.805502827999995 0.0 0.0
33.301368827999994 1.0 0.0
33.79723482799999 0.0 0.0
34.293100828 0.0 0.0
34.788966828 1.0 1.0
35.284832828 0.0 0.0
35.780698828 0.0 0.0
36.276564828 1.0 0.0
36.772430828 0.0 0.0
37.268296828 0.0 0.0
37.764162827999996 1.0 1.0
38.260028828 0.0 0.0
38.755894828 0.0 0.0
39.251760828 1.0 0.0
39.747626828 0.0 0.0
40.243492828 0.0 0.0
40.739358828 1.0 1.0
41.235224828 0.0 0.0
41.731090828 0.0 0.0
42.226956828 1.0 0.0
42.722822828 0.0 0.0
43.218688828 0.0 0.0
43.714554828 1.0 1.0
44.210420828 0.0 0.0
44.706286827999996 0.0 0.0
45.202152827999996 1.0 0.0
45.698018828 0.0 0.0
46.193884828 0.0 0.0
46.689750828 1.0 1.0
47.185616828 0.0 0.0
47.681482828 0.0 0.0
48.177348828 1.0 0.0
48.673214828 0.0 0.0
49.169080828 0.0 0.0
49.664946828 1.0 1.0
50.160812828 0.0 0.0
50.656678828 0.0 0.0
51.152544827999996 1.0 0.0
51.648410827999996 0.0 0.0
52.144276827999995 0.0 0.0
52.640142827999995 1.0 1.0
53.136008828 0.0 0.0
53.631874828 0.0 0.0
54.127740828 1.0 0.0
54.623606828 0.0 0.0
55.119472828 0.0 0.0
55.615338828 1.0 1.0
56.111204828 0.0 0.0
56.607070828 0.0 0.0
57.102936828 1.0 0.0
57.598802828 0.0 0.0
58.094668827999996 0.0 0.0
58.590534827999996 1.0 1.0
59.086400827999995 0.0 0.0
59.582266827999995 0.0 0.0
60.078132827999994 1.0 0.0
60.573998828 0.0 0.0
61.069864828 0.0 0.0
61.565730828 1.0 1.0
62.061596828 0.0 0.0
62.557462828 0.0 0.0
63.053328828 1.0 0.0
63.54919482799999 0.0 0.0
64.04506082799999 0.0 0.0
64.540926828 1.0 1.0
65.03679282799999 0.0 0.0
65.532658828 0.0 0.0
66.02852482799999 1.0 0.0
66.524390828 0.0 0.0
67.02025682799999 0.0 0.0
67.516122828 1.0 1.0
68.01198882799999 0.0 0.0
68.50785482799999 0.0 0.0
69.00372082799998 1.0 0.0
69.49958682799999 0.0 0.0
69.99545282799998 0.0 0.0
70.49131882799999 1.0 1.0
70.98718482799998 0.0 0.0
71.48305082799999 0.0 0.0
71.97891682799998 1.0 0.0
72.47478282799999 0.0 0.0
72.970648828 0.0 0.0
73.46651482799999 1.0 1.0
73.962380828 0.0 0.0
74.45824682799999 0.0 0.0
74.95411282799999 1.0 0.0
75.44997882799998 0.0 0.0
75.94584482799999 0.0 0.0
76.44171082799998 1.0 1.0
76.93757682799999 0.0 0.0
77.43344282799998 0.0 0.0
77.92930882799999 1.0 0.0
78.42517482799998 0.0 0.0
78.92104082799999 0.0 0.0
79.41690682799998 1.0 1.0
79.91277282799999 0.0 0.0
80.408638828 0.0 0.0
80.90450482799999 1.0 0.0
81.40037082799999 0.0 0.0
81.89623682799999 0.0 0.0
82.39210282799999 1.0 1.0
82.88796882799998 0.0 0.0
83.38383482799999 0.0 0.0
83.87970082799998 1.0 0.0
84.37556682799999 0.0 0.0
84.87143282799998 0.0 0.0
85.36729882799999 1.0 1.0
85.86316482799998 0.0 0.0
86.35903082799999 0.0 0.0
86.85489682799998 1.0 0.0
87.35076282799999 0.0 0.0
87.846628828 0.0 0.0
88.34249482799999 1.0 1.0
88.83836082799999 0.0 0.0
89.33422682799998 0.0 0.0
89.83009282799999 1.0 0.0
90.32595882799998 0.0 0.0
90.82182482799999 0.0 0.0
91.31769082799998 1.0 1.0
91.81355682799999 0.0 0.0
92.30942282799998 0.0 0.0
92.80528882799999 1.0 0.0
93.30115482799998 0.0 0.0
93.79702082799999 0.0 0.0
94.29288682799998 1.0 1.0
94.78875282799999 0.0 0.0
95.28461882799999 0.0 0.0
95.78048482799998 1.0 0.0
96.27635082799999 0.0 0.0
96.77221682799998 0.0 0.0
97.26808282799999 1.0 1.0
97.76394882799998 0.0 0.0
98.25981482799999 0.0 0.0
98.75568082799998 1.0 0.0
99.25154682799999 0.0 0.0
99.74741282799998 0.0 0.0
100.24327882799999 1.0 1.0
100.73914482799998 0.0 0.0
101.23501082799999 0.0 0.0
101.73087682799998 1.0 0.0
102.22674282799998 0.0 0.0
102.72260882799999 0.0 0.0
103.21847482799998 1.0 1.0
103.71434082799999 0.0 0.0
104.21020682799998 0.0 0.0
104.70607282799999 1.0 0.0
105.20193882799998 0.0 0.0
105.69780482799999 0.0 0.0
106.19367082799998 1.0 1.0
106.68953682799999 0.0 0.0
107.18540282799998 0.0 0.0
107.68126882799999 1.0 0.0
108.17713482799998 0.0 0.0
108.67300082799999 0.0 0.0
109.16886682799998 1.0 1.0
109.66473282799998 0.0 0.0
110.16059882799999 0.0 0.0
110.65646482799998 1.0 0.0
111.15233082799999 0.0 0.0
111.64819682799998 0.0 0.0
112.14406282799999 1.0 1.0
112.63992882799998 0.0 0.0
113.13579482799999 0.0 0.0
113.63166082799998 1.0 0.0
114.12752682799999 0.0 0.0
114.62339282799998 0.0 0.0
115.11925882799999 1.0 1.0
115.61512482799998 0.0 0.0
116.11099082799998 0.0 0.0
116.60685682799998 1.0 0.0
117.10272282799998 0.0 0.0
117.59858882799999 0.0 0.0
118.09445482799998 1.0 1.0
118.59032082799999 0.0 0.0
119.08618682799998 0.0 0.0
119.58205282799999 1.0 0.0
120.07791882799998 0.0 0.0
120.57378482799999 0.0 0.0
121.06965082799998 1.0 1.0
121.56551682799999 0.0 0.0
122.06138282799998 0.0 0.0
122.55724882799998 1.0 0.0
123.05311482799998 0.0 0.0
123.54898082799998 0.0 0.0
124.04484682799998 1.0 1.0
124.54071282799998 0.0 0.0
125.03657882799999 0.0 0.0
125.53244482799998 1.0 0.0
126.02831082799999 0.0 0.0
126.52417682799998 0.0 0.0
127.020042828 1.0 1.0
127.515908828 0.0 0.0
128.011774828 0.0 0.0
128.507640828 1.0 0.0
129.00350682799998 0.0 0.0
129.499372828 0.0 0.0
129.995238828 1.0 1.0
130.491104828 0.0 0.0
130.986970828 0.0 0.0
131.482836828 1.0 0.0
131.978702828 0.0 0.0
132.474568828 0.0 0.0
132.970434828 1.0 1.0
133.466300828 0.0 0.0
133.962166828 0.0 0.0
134.458032828 1.0 0.0
134.953898828 0.0 0.0
135.44976482799999 0.0 0.0
135.945630828 1.0 1.0
136.44149682799997 0.0 0.0
136.93736282799998 0.0 0.0
137.43322882799998 1.0 0.0
137.929094828 0.0 0.0
138.42496082799997 0.0 0.0
138.92082682799997 1.0 1.0
139.41669282799998 0.0 0.0
139.912558828 0.0 0.0
140.408424828 1.0 0.0
140.90429082799997 0.0 0.0
141.40015682799998 0.0 0.0
141.89602282799999 1.0 1.0
142.391888828 0.0 0.0
142.88775482799997 0.0 0.0
143.38362082799998 1.0 0.0
143.87948682799998 0.0 0.0
144.375352828 0.0 0.0
144.87121882799997 1.0 1.0
145.36708482799997 0.0 0.0
145.86295082799998 0.0 0.0
146.35734086816666 1.0 0.0
146.85157386816664 0.0 0.0
147.34580686816665 0.0 0.0
147.84003986816666 1.0 1.0
148.33427286816664 0.0 0.0
148.82850586816664 0.0 0.0
149.32273886816665 1.0 0.0
149.81697186816666 0.0 0.0
150.31120486816664 0.0 0.0
150.80585918216664 1.0 1.0
151.30172518216665 0.0 0.0
151.79759118216666 0.0 0.0
152.29345718216666 1.0 0.0
152.78932318216667 0.0 0.0
153.28518918216665 0.0 0.0
153.78105518216665 1.0 1.0
154.27692118216666 0.0 0.0
154.77278718216667 0.0 0.0
155.26865318216664 1.0 0.0
155.76451918216665 0.0 0.0
156.26038518216666 0.0 0.0
156.75625118216666 1.0 1.0
157.25211718216664 0.0 0.0
157.74798318216665 0.0 0.0
158.24384918216666 1.0 0.0
158.73971518216666 0.0 0.0
159.23558118216664 0.0 0.0
159.73144718216665 1.0 1.0
160.22731318216665 0.0 0.0
160.72317918216666 0.0 0.0
161.21904518216667 1.0 0.0
161.71491118216665 0.0 0.0
162.21077718216665 0.0 0.0
162.70664318216666 1.0 1.0
163.20250918216666 0.0 0.0
163.69837518216664 0.0 0.0
164.19424118216665 1.0 0.0
164.69010718216666 0.0 0.0
165.18597318216666 0.0 0.0
165.68183918216664 1.0 1.0
166.17770518216665 0.0 0.0
166.67357118216665 0.0 0.0
167.16943718216666 1.0 0.0
167.66530318216667 0.0 0.0
168.16116918216665 0.0 0.0
168.65703518216665 1.0 1.0
169.15290118216666 0.0 0.0
169.64876718216664 0.0 0.0
170.14463318216664 1.0 0.0
170.64049918216665 0.0 0.0
171.13636518216666 0.0 0.0
171.63223118216666 1.0 1.0
172.12809718216664 0.0 0.0
172.62396318216665 0.0 0.0
173.11982918216665 1.0 0.0
173.61569518216666 0.0 0.0
174.11156118216664 0.0 0.0
174.60742718216665 1.0 1.0
175.10329318216665 0.0 0.0
175.59915918216666 0.0 0.0
176.09502518216664 1.0 0.0
176.59089118216664 0.0 0.0
177.08675718216665 0.0 0.0
177.58262318216666 1.0 1.0
178.07848918216666 0.0 0.0
178.57435518216664 0.0 0.0
179.07022118216665 1.0 0.0
179.56608718216665 0.0 0.0
180.06195318216666 0.0 0.0
180.55781918216664 1.0 1.0
181.05368518216665 0.0 0.0
181.54955118216665 0.0 0.0
182.04541718216666 1.0 0.0
182.54128318216664 0.0 0.0
183.03714918216664 0.0 0.0
183.53301518216665 1.0 1.0
184.02888118216666 0.0 0.0
184.52474718216666 0.0 0.0
185.02061318216664 1.0 0.0
185.51647918216665 0.0 0.0
186.01234518216665 0.0 0.0
186.50821118216663 1.0 1.0
187.00407718216664 0.0 0.0
187.49994318216665 0.0 0.0
187.99580918216665 1.0 0.0
188.49167518216666 0.0 0.0
188.98754118216664 0.0 0.0
189.48340718216664 1.0 1.0
189.97927318216665 0.0 0.0
190.47513918216666 0.0 0.0
190.97100518216666 1.0 0.0
191.46687118216664 0.0 0.0
191.96273718216665 0.0 0.0
192.45860318216666 1.0 1.0
192.95446918216663 0.0 0.0
193.45033518216664 0.0 0.0
193.94620118216665 1.0 0.0
194.44206718216665 0.0 0.0
194.93793318216666 0.0 0.0
195.43379918216664 1.0 1.0
195.92966518216664 0.0 0.0
196.42553118216665 0.0 0.0
196.92139718216666 1.0 0.0
197.41726318216666 0.0 0.0
197.91312918216664 0.0 0.0
198.40899518216665 1.0 1.0
198.90486118216666 0.0 0.0
199.40072718216663 0.0 0.0
199.89659318216664 1.0 0.0
200.39245918216665 0.0 0.0
200.88832518216665 0.0 0.0
201.38419118216666 1.0 1.0
201.88005718216664 0.0 0.0
202.37592318216664 0.0 0.0
202.87178918216665 1.0 0.0
203.36765518216666 0.0 0.0
203.86352118216666 0.0 0.0
204.35938718216664 1.0 1.0
204.85525318216665 0.0 0.0
205.35111918216666 0.0 0.0
205.84698518216663 1.0 0.0
206.34285118216664 0.0 0.0
206.83871718216665 0.0 0.0
207.33458318216665 1.0 1.0
207.83044918216666 0.0 0.0
208.32631518216664 0.0 0.0
208.82218118216664 1.0 0.0
209.31804718216665 0.0 0.0
209.81391318216666 0.0 0.0
210.30977918216666 1.0 1.0
210.80564518216664 0.0 0.0
211.30151118216665 0.0 0.0
211.79737718216666 1.0 0.0
212.29324318216663 0.0 0.0
212.78910918216664 0.0 0.0
213.28497518216665 1.0 1.0
213.78084118216665 0.0 0.0
214.27670718216666 0.0 0.0
214.77257318216664 1.0 0.0
215.26843918216665 0.0 0.0
215.76430518216665 0.0 0.0
216.26017118216663 1.0 1.0
216.75603718216666 0.0 0.0
217.25190318216664 0.0 0.0
217.74776918216665 1.0 0.0
218.24363518216666 0.0 0.0
218.73950118216663 0.0 0.0
219.23536718216667 1.0 1.0
219.73123318216665 0.0 0.0
220.22709918216665 0.0 0.0
220.72296518216666 1.0 0.0
221.21883118216664 0.0 0.0
221.71469718216667 0.0 0.0
222.21056318216665 1.0 1.0
222.70642918216666 0.0 0.0
223.20229518216667 0.0 0.0
223.69816118216664 1.0 0.0
224.19402718216665 0.0 0.0
224.68989318216666 0.0 0.0
225.18575918216663 1.0 1.0
225.68162518216667 0.0 0.0
226.17749118216665 0.0 0.0
226.67335718216665 1.0 0.0
227.16922318216666 0.0 0.0
227.66508918216664 0.0 0.0
228.16095518216667 1.0 1.0
228.65682118216665 0.0 0.0
229.15268718216666 0.0 0.0
229.64855318216667 1.0 0.0
230.14441918216664 0.0 0.0
230.64028518216665 0.0 0.0
231.13615118216666 1.0 1.0
231.63201718216663 0.0 0.0
232.12788318216667 0.0 0.0
232.62374918216665 1.0 0.0
233.11961518216665 0.0 0.0
233.61548118216666 0.0 0.0
234.11134718216664 1.0 1.0
234.60721318216665 0.0 0.0
235.10307918216665 0.0 0.0
235.59894518216666 1.0 0.0
236.09481118216667 0.0 0.0
236.59067718216664 0.0 0.0
237.08654318216665 1.0 1.0
237.58240918216666 0.0 0.0
238.07827518216664 0.0 0.0
238.57414118216667 1.0 0.0
239.07000718216665 0.0 0.0
239.56587318216665 0.0 0.0
240.06173918216666 1.0 1.0
240.55760518216664 0.0 0.0
241.05347118216665 0.0 0.0
241.54933718216665 1.0 0.0
242.04520318216663 0.0 0.0
242.54106918216667 0.0 0.0
243.03693518216664 1.0 1.0
243.53280118216665 0.0 0.0
244.02866718216666 0.0 0.0
244.52453318216664 1.0 0.0
245.02039918216667 0.0 0.0
245.51626518216665 0.0 0.0
246.01213118216666 1.0 1.0
246.50799718216666 0.0 0.0
247.00386318216664 0.0 0.0
247.49972918216665 1.0 0.0
247.99559518216665 0.0 0.0
248.49146118216663 0.0 0.0
248.98732718216667 1.0 1.0
249.48319318216664 0.0 0.0
249.97905918216665 0.0 0.0
250.47492518216666 1.0 0.0
250.97079118216664 0.0 0.0
251.46665718216667 0.0 0.0
251.96252318216665 1.0 1.0
252.45838918216666 0.0 0.0
252.95425518216666 0.0 0.0
253.45012118216664 0.0 0.0
253.94598718216665 1.0 0.0
254.44185318216665 0.0 0.0
254.93771918216663 0.0 1.0
255.43358518216667 1.0 0.0
255.92945118216664 0.0 0.0
256.4253171821666 0.0 0.0
256.92118318216666 1.0 0.0
257.41704918216664 0.0 0.0
257.91291518216667 0.0 1.0
258.40878118216665 1.0 0.0
258.9046471821666 0.0 0.0
259.40051318216666 0.0 0.0
259.89637918216664 1.0 0.0
260.3922451821667 0.0 0.0
260.88811118216665 0.0 0.0
261.38397718216663 1.0 0.0
261.87984318216667 0.0 1.0
262.37570918216664 0.0 0.0
262.8715751821667 1.0 0.0
263.36744118216666 0.0 0.0
263.86330718216664 0.0 0.0
264.3591731821666 1.0 0.0
264.85503918216665 0.0 1.0
265.3509051821667 0.0 0.0