0.24545447999999997 0.0 0.0
0.9272724799999998 1.0 0.0
1.6090904799999999 0.0 0.0
2.2909084799999997 1.0 1.0
2.97272648 0.0 0.0
3.65454448 1.0 0.0
4.33636248 0.0 0.0
5.01818048 1.0 1.0
5.69999848 0.0 0.0
6.381816479999999 1.0 0.0
7.063634479999998 0.0 0.0
7.745452479999998 1.0 1.0
8.427270479999999 0.0 0.0
9.109088479999999 1.0 0.0
9.790906479999999 0.0 0.0
10.472724479999998 1.0 1.0
11.154542479999998 0.0 0.0
11.836360479999998 1.0 0.0
12.518178479999998 0.0 0.0
13.199996479999998 1.0 1.0
13.88181448 0.0 0.0
14.563632479999999 1.0 0.0
15.245450479999999 0.0 0.0
15.927268479999999 1.0 1.0
16.60908648 0.0 0.0
17.29090448 1.0 0.0
17.972722479999998 0.0 0.0
18.654540479999998 1.0 1.0
19.336358479999998 0.0 0.0
20.018176479999997 1.0 0.0
20.699994479999997 0.0 0.0
21.381812479999997 1.0 1.0
22.063630479999997 0.0 0.0
22.745448479999997 1.0 0.0
23.427266479999997 0.0 0.0
24.109084479999996 1.0 1.0
24.790902479999996 0.0 0.0
25.47272048 1.0 0.0
26.15453848 0.0 0.0
26.83635648 1.0 1.0
27.51817448 0.0 0.0
28.19999248 1.0 0.0
28.88181048 0.0 0.0
29.56362848 1.0 1.0
30.24544648 0.0 0.0
30.927264479999998 1.0 0.0
31.609082479999998 0.0 0.0
32.29090048 1.0 1.0
32.97271848 0.0 0.0
33.65453648 1.0 0.0
34.33635448 0.0 0.0
35.01817248 1.0 1.0
35.69999048 0.0 0.0
36.38180848 1.0 0.0
37.063626479999996 0.0 0.0
37.745444479999996 1.0 1.0
38.427262479999996 0.0 0.0
39.109080479999996 1.0 0.0
39.790898479999996 0.0 0.0
40.472716479999995 1.0 1.0
41.154534479999995 0.0 0.0
41.836352479999995 1.0 0.0
42.518170479999995 0.0 0.0
43.199988479999995 1.0 1.0
43.881806479999995 0.0 0.0
44.563624479999994 1.0 0.0
45.245442479999994 0.0 0.0
45.927260479999994 1.0 1.0
46.60907848 0.0 0.0
47.29089648 1.0 0.0
47.97271448 0.0 0.0
48.65453248 1.0 1.0
49.33635048 0.0 0.0
50.01816848 1.0 0.0
50.69998648 0.0 0.0
51.38180448 1.0 1.0
52.06362248 0.0 0.0
52.74544048 1.0 0.0
53.42725848 0.0 0.0
54.10907648 1.0 1.0
54.79089448 0.0 0.0
55.47271248 1.0 0.0
56.15453048 0.0 0.0
56.83634848 1.0 1.0
57.518166480000005 0.0 0.0
58.199984480000005 1.0 0.0
58.881802480000005 0.0 0.0
59.563620480000004 1.0 1.0
60.245438480000004 0.0 0.0
60.927256480000004 1.0 0.0
61.609074480000004 0.0 0.0
62.290892480000004 1.0 1.0
62.97271048 0.0 0.0
63.65452848 1.0 0.0
64.33634648 0.0 0.0
65.01816448 1.0 1.0
65.69998248 0.0 0.0
66.38180048 1.0 0.0
67.06361848 0.0 0.0
67.74543648 1.0 1.0
68.42725448 0.0 0.0
69.10907248 1.0 1.0
69.79089048 0.0 0.0
70.47270848 1.0 0.0
71.15452648 0.0 0.0
71.83634448 1.0 1.0
72.51816248 0.0 0.0
73.19998048000001 1.0 0.0
73.88179848 0.0 0.0
74.56361648000001 1.0 1.0
75.24543448 0.0 0.0
75.92725248 1.0 0.0
76.60907048 0.0 0.0
77.29088848 1.0 1.0
77.97270648 0.0 0.0
78.65452448 1.0 0.0
79.33634248 0.0 0.0
80.01816048 1.0 1.0
80.69997848 0.0 0.0
81.38179648 1.0 0.0
82.06361448 0.0 0.0
82.74543248 1.0 1.0
83.42725048 0.0 0.0
84.10906848 1.0 0.0
84.79088648 0.0 0.0
85.47270448 1.0 1.0
86.15452248 0.0 0.0
86.83634048 1.0 0.0
87.51815848 0.0 0.0
88.19997648 1.0 1.0
88.88179448 0.0 0.0
89.56361248 1.0 0.0
90.24543048 0.0 0.0
90.92724848 1.0 1.0
91.60906648 0.0 0.0
92.29088448 1.0 0.0
92.97270248 0.0 0.0
93.65452048 1.0 1.0
94.33633848 0.0 0.0
95.01815648 1.0 0.0
95.69997448 0.0 0.0
96.38179248 1.0 1.0
97.06361048 0.0 0.0
97.74542848 1.0 0.0
98.42724648 0.0 0.0
99.10906448 1.0 1.0
99.79088248 0.0 0.0
100.47270048 1.0 0.0
101.15451848 0.0 0.0
101.83633648 1.0 1.0
102.51815447999999 0.0 0.0
103.19997248 1.0 0.0
103.88179048 0.0 0.0
104.56360848 1.0 1.0
105.24542648 0.0 0.0
105.92724448 1.0 0.0
106.60906248 0.0 0.0
107.29088048 1.0 1.0
107.97269848 0.0 0.0
108.65451648 1.0 0.0
109.33633448 0.0 0.0
110.01815248 1.0 1.0
110.69997048 0.0 0.0
111.38178848 1.0 0.0
112.06360648 0.0 0.0
112.74542448 1.0 1.0
113.42724248 0.0 0.0
114.10906048 1.0 0.0
114.79087848 0.0 0.0
115.47269648 1.0 1.0
116.15451448 0.0 0.0
116.83633248 1.0 0.0
117.51815048 0.0 0.0
118.19996848 1.0 1.0
118.88178648 0.0 0.0
119.56360448 1.0 0.0
120.24542248 0.0 0.0
120.92724048 1.0 1.0
121.60905848 0.0 0.0
122.29087648 1.0 0.0
122.97269448 0.0 0.0
123.65451248 1.0 1.0
124.33633048 0.0 0.0
125.01814848 1.0 0.0
125.69996648 0.0 0.0
126.38178448 1.0 1.0
127.06360248 0.0 0.0
127.74542047999999 1.0 0.0
128.42723848 0.0 0.0
129.10905648 1.0 1.0
129.79087447999999 0.0 0.0
130.47269248 1.0 0.0
131.15451048 0.0 0.0
131.83632848 1.0 1.0
132.51814647999998 0.0 0.0
133.19996448 1.0 0.0
133.88178248 0.0 0.0
134.56360048 1.0 1.0
135.24541848 0.0 0.0
135.92723648 1.0 0.0
136.60905448 0.0 0.0
137.29087248 1.0 1.0
137.97269048 0.0 0.0
138.65450848 1.0 0.0
139.33632648 0.0 0.0
140.01814448 1.0 1.0
140.69996248 0.0 0.0
141.38178048 1.0 0.0
142.06359848 0.0 0.0
142.74541648 1.0 1.0
143.42723448 0.0 0.0
144.10905248 1.0 0.0
144.79087048 0.0 0.0
145.47268848 1.0 1.0
146.15450648 0.0 0.0
146.83632448 1.0 0.0
147.51814248 0.0 0.0
148.19996048 1.0 1.0
148.88177848 0.0 0.0
149.56359648 1.0 0.0
150.24541448 0.0 0.0
150.92723248 1.0 1.0
151.60905048 0.0 0.0
152.29086848 1.0 0.0
152.97268648 0.0 0.0
153.65450447999999 1.0 1.0
154.33632248 0.0 0.0
155.01814048 1.0 0.0
155.69995848 0.0 0.0
156.38177647999998 1.0 1.0
157.06359448 0.0 0.0
157.74541248 1.0 0.0
158.42723048 0.0 0.0
159.10904847999998 1.0 1.0
159.79086648 0.0 0.0
160.47268448 1.0 0.0
161.15450248 0.0 0.0
161.83632047999998 1.0 1.0
162.51813848 0.0 0.0
163.19995648 1.0 0.0
163.88177448 0.0 0.0
164.56359247999998 1.0 1.0
165.24541048 0.0 0.0
165.92722848 1.0 0.0
166.60904648 0.0 0.0
167.29086448 1.0 1.0
167.97268248 0.0 0.0
168.65450048 1.0 0.0
169.33631848 0.0 0.0
170.01813648 1.0 1.0
170.69995448 0.0 0.0
171.38177248 1.0 0.0
172.06359048 0.0 0.0
172.74540848 1.0 1.0
173.42722648 0.0 0.0
174.10904448 1.0 0.0
174.79086248 0.0 0.0
175.47268048 1.0 1.0
176.15449848 0.0 0.0
176.83631648 1.0 0.0
177.51813448 0.0 0.0
178.19995248 1.0 1.0
178.88177048 0.0 0.0
179.56358848 1.0 0.0
180.24540647999999 0.0 0.0
180.92722448 1.0 1.0
181.60904248 0.0 0.0
182.29086048 1.0 0.0
182.97267847999998 0.0 0.0
183.65449648 1.0 1.0
184.33631448 0.0 0.0
185.01813248 1.0 0.0
185.69995047999998 0.0 0.0
186.38176848 1.0 1.0
187.06358648000003 0.0 0.0
187.74540448000002 1.0 0.0
188.42722248 0.0 0.0
189.10904048 1.0 1.0
189.79085848000003 0.0 0.0
190.47267648000002 1.0 0.0
191.15449448 0.0 0.0
191.83631248 1.0 1.0
192.51813048000002 0.0 0.0
193.19994848000002 1.0 0.0
193.88176648 0.0 0.0
194.56358448 1.0 1.0
195.24540248000002 0.0 0.0
195.92722048000002 1.0 0.0
196.60903848 0.0 0.0
197.29085648 1.0 1.0
197.97267448000002 0.0 0.0
198.65449248000002 1.0 0.0
199.33631048 0.0 0.0
200.01812848000003 1.0 1.0
200.69994648000002 0.0 0.0
201.38176448000002 1.0 0.0
202.06358248 0.0 0.0
202.74540048000003 1.0 0.0
203.42721848000002 0.0 0.0