0.4387499999999999 0.0 0.0
1.18875 0.0 0.0
1.93875 1.0 1.0
2.6887499999999998 0.0 0.0
3.43875 1.0 0.0
4.188750000000001 0.0 0.0
4.938750000000001 1.0 1.0
5.688750000000001 0.0 0.0
6.438750000000001 1.0 0.0
7.188750000000001 0.0 0.0
7.938750000000001 1.0 1.0
8.68875 0.0 0.0
9.43875 1.0 0.0
10.18875 0.0 0.0
10.93875 1.0 1.0
11.68875 0.0 0.0
12.43875 1.0 0.0
13.188750000000002 0.0 0.0
13.938750000000002 1.0 1.0
14.688750000000002 0.0 0.0
15.438750000000002 1.0 0.0
16.188750000000002 0.0 0.0
16.938750000000002 1.0 1.0
17.688750000000002 0.0 0.0
18.438750000000002 1.0 0.0
19.188750000000002 0.0 0.0
19.938750000000002 1.0 1.0
20.688750000000002 0.0 0.0
21.438750000000002 1.0 0.0
22.188750000000002 0.0 0.0
22.938750000000002 1.0 1.0
23.688750000000002 0.0 0.0
24.438750000000002 1.0 0.0
25.188750000000002 0.0 0.0
25.93875 1.0 1.0
26.68875 0.0 0.0
27.43875 1.0 0.0
28.18875 0.0 0.0
28.93875 1.0 1.0
29.68875 0.0 0.0
30.43875 1.0 0.0
31.18875 0.0 0.0
31.93875 1.0 1.0
32.68875 0.0 0.0
33.43875 1.0 0.0
34.18875 0.0 0.0
34.93875 1.0 1.0
35.68875 0.0 0.0
36.43875 1.0 0.0
37.18875 0.0 0.0
37.93875 1.0 1.0
38.68875 0.0 0.0
39.43875 1.0 0.0
40.18875 0.0 0.0
40.93875 1.0 1.0
41.68875 0.0 0.0
42.43875 1.0 0.0
43.18875 0.0 0.0
43.93875 1.0 1.0
44.68875 0.0 0.0
45.43875 1.0 0.0
46.18875 0.0 0.0
46.93875 1.0 1.0
47.68875 0.0 0.0
48.43874999999999 1.0 0.0
49.18874999999999 0.0 0.0
49.93874999999999 1.0 1.0
50.68874999999999 0.0 0.0
51.43874999999999 1.0 0.0
52.18874999999999 0.0 0.0
52.93874999999999 1.0 1.0
53.68874999999999 0.0 0.0
54.43874999999999 1.0 0.0
55.18874999999999 0.0 0.0
55.93874999999999 1.0 1.0
56.68874999999999 0.0 0.0
57.43874999999999 1.0 0.0
58.18874999999999 0.0 0.0
58.93874999999999 1.0 1.0
59.68874999999999 0.0 0.0
60.43874999999999 1.0 0.0
61.18874999999999 0.0 0.0
61.93874999999999 1.0 1.0
62.68874999999999 0.0 0.0
63.43874999999999 1.0 0.0
64.18875 0.0 0.0
64.93875 1.0 1.0
65.68875 0.0 0.0
66.43875 1.0 0.0
67.18875 0.0 0.0
67.93875 1.0 1.0
68.68875 0.0 0.0
69.43875 1.0 0.0
70.18875 0.0 0.0
70.93875 1.0 1.0
71.68875 0.0 0.0
72.43875 1.0 0.0
73.18875 0.0 0.0
73.93875 1.0 1.0
74.68875 0.0 0.0
75.43875 1.0 0.0
76.18875 0.0 0.0
76.93875 1.0 1.0
77.68875 0.0 0.0
78.43875 1.0 0.0
79.18875 0.0 0.0
79.93875 1.0 1.0
80.68875 0.0 0.0
81.43875 1.0 0.0
82.18875 0.0 0.0
82.93875 1.0 1.0
83.68875 0.0 0.0
84.43875 1.0 0.0
85.18875 0.0 0.0
85.93875 1.0 1.0
86.68875 0.0 0.0
87.43875 1.0 0.0
88.18875 0.0 0.0
88.93875 1.0 1.0
89.68875 0.0 0.0
90.43875 1.0 0.0
91.18875 0.0 0.0
91.93875 1.0 1.0
92.68875 0.0 0.0
93.43875 1.0 0.0
94.18875 0.0 0.0
94.93875 1.0 1.0
95.68875 0.0 0.0
96.43875 1.0 0.0
97.18875 0.0 0.0
97.93875 1.0 1.0
98.68875 0.0 0.0
99.43875 1.0 0.0
100.18875 0.0 0.0
100.93875 1.0 1.0
101.68875 0.0 0.0
102.43875 1.0 0.0
103.18875 0.0 0.0
103.93875 1.0 1.0
104.68875 0.0 0.0
105.43875 1.0 0.0
106.18875 0.0 0.0
106.93875 1.0 1.0
107.68875 0.0 0.0
108.43875 1.0 0.0
109.18875 0.0 0.0
109.93875 1.0 1.0
110.68875 0.0 0.0
111.43875 1.0 0.0
112.18875 0.0 0.0
112.93875 1.0 1.0
113.68875 0.0 0.0
114.43875 1.0 0.0
115.18875 0.0 0.0
115.93875 1.0 1.0
116.68875 0.0 0.0
117.43875 1.0 0.0
118.18875 0.0 0.0
118.93875 1.0 1.0
119.68875 0.0 0.0
120.43875 1.0 0.0
121.18875 0.0 0.0
121.93875 1.0 1.0
122.68875 0.0 0.0
123.43875 1.0 0.0
124.18875 0.0 0.0
124.93875 1.0 1.0
125.68875 0.0 0.0
126.43875 1.0 0.0
127.18875 0.0 0.0
127.93875 1.0 1.0
128.68875 0.0 0.0
129.43875 1.0 0.0
130.18875 0.0 0.0
130.93875 1.0 1.0
131.68875 0.0 0.0
132.43875 1.0 0.0
133.18875 0.0 0.0
133.93875 1.0 1.0
134.68875 0.0 0.0
135.43875 1.0 0.0
136.18875 0.0 0.0
136.93875 1.0 1.0
137.68875 0.0 0.0
138.43875 1.0 0.0
139.18875 0.0 0.0
139.93875 1.0 1.0
140.68875 0.0 0.0
141.43875 1.0 0.0
142.18875 0.0 0.0
142.93875 1.0 1.0
143.68875 0.0 0.0
144.43875 1.0 0.0
145.18875 0.0 0.0
145.93875 1.0 1.0
146.68875 0.0 0.0
147.43875 1.0 0.0
148.18875 0.0 0.0
148.93875 1.0 1.0
149.68875 0.0 0.0
150.43875 1.0 0.0
151.18875 0.0 0.0
151.93875 1.0 1.0
152.68875 0.0 0.0
153.43875 1.0 0.0
154.18875 0.0 0.0
154.93875 1.0 1.0
155.68875 0.0 0.0
156.43875 1.0 0.0
157.18875 0.0 0.0
157.93875 1.0 1.0
158.68875 0.0 0.0
159.43875 1.0 0.0
160.18875 0.0 0.0
160.93875 1.0 1.0
161.68875 0.0 0.0
162.43875 1.0 0.0
163.18875 0.0 0.0
163.93875 1.0 1.0
164.68875 0.0 0.0
165.43875 1.0 0.0
166.18875 0.0 0.0
166.93875 1.0 1.0
167.68875 0.0 0.0
168.43875 1.0 0.0
169.18875 0.0 0.0
169.93875 1.0 1.0
170.68875 0.0 0.0
171.43875 1.0 0.0
172.18875 0.0 0.0
172.93875 1.0 1.0
173.68875 0.0 0.0
174.43875 1.0 0.0
175.18875 0.0 0.0
175.93875 1.0 1.0
176.68875 0.0 0.0
177.43875 1.0 0.0
178.18875 0.0 0.0
178.93875 1.0 1.0
179.68875 0.0 0.0
180.43875 1.0 0.0
181.18875 0.0 0.0
181.93875 1.0 1.0
182.68875 0.0 0.0
183.43875 1.0 0.0
184.18875 0.0 0.0
184.93875 1.0 1.0
185.68875 0.0 0.0
186.43875 1.0 0.0
187.18875 0.0 0.0
187.93875 1.0 1.0
188.68875 0.0 0.0
189.43875 1.0 0.0
190.18875 0.0 0.0
190.93875 1.0 1.0
191.68875 0.0 0.0
192.43874999999997 1.0 0.0
193.18874999999997 0.0 0.0
193.93874999999997 1.0 1.0
194.68874999999997 0.0 0.0
195.43874999999997 1.0 0.0
196.18874999999997 0.0 0.0
196.93874999999997 1.0 1.0
197.68874999999997 0.0 0.0
198.43874999999997 1.0 0.0
199.18874999999997 0.0 0.0
199.93874999999997 1.0 1.0
200.68874999999997 0.0 0.0
201.43874999999997 1.0 0.0
202.18874999999997 0.0 0.0
202.93874999999997 1.0 1.0
203.68874999999997 0.0 0.0
204.43874999999997 1.0 0.0
205.18874999999997 0.0 0.0
205.93874999999997 1.0 1.0
206.68874999999997 0.0 0.0
207.43874999999997 1.0 0.0
208.18874999999997 0.0 0.0
208.93874999999997 1.0 1.0
209.68874999999997 0.0 0.0
210.43874999999997 1.0 0.0
211.18874999999997 0.0 0.0
211.93874999999997 1.0 1.0
212.68874999999997 0.0 0.0
213.43874999999997 1.0 0.0
214.18874999999997 0.0 0.0
214.93874999999997 1.0 1.0
215.68874999999997 0.0 0.0
216.43874999999997 1.0 0.0
217.18874999999997 0.0 0.0
217.93874999999997 1.0 1.0
218.68874999999997 0.0 0.0
219.43874999999997 1.0 0.0
220.18874999999997 0.0 0.0
220.93874999999997 1.0 1.0
221.68874999999997 0.0 0.0
222.43874999999997 1.0 0.0
223.18874999999997 0.0 0.0
223.93874999999997 1.0 1.0
224.68874999999997 0.0 0.0
225.43874999999997 1.0 0.0
226.18874999999997 0.0 0.0
226.93874999999997 1.0 1.0
227.68874999999997 0.0 0.0
228.43874999999997 1.0 0.0
229.18874999999997 0.0 0.0
229.93874999999997 1.0 1.0
230.68874999999997 0.0 0.0
231.43874999999997 1.0 0.0
232.18874999999997 0.0 0.0
232.93874999999997 1.0 1.0
233.68874999999997 0.0 0.0
234.43874999999997 1.0 0.0
235.18874999999997 0.0 0.0
235.93874999999997 1.0 1.0
236.68874999999997 0.0 0.0
237.43874999999997 1.0 0.0
238.18874999999997 0.0 0.0
238.93874999999997 1.0 1.0
239.68874999999997 0.0 0.0
240.43874999999997 1.0 0.0
241.18874999999997 0.0 0.0
241.93874999999997 1.0 1.0
242.68874999999997 0.0 0.0
243.43874999999997 1.0 0.0
244.18874999999997 0.0 0.0
244.93874999999997 1.0 1.0
245.68874999999997 0.0 0.0
246.43874999999997 1.0 0.0
247.18874999999997 0.0 0.0
247.93874999999997 1.0 1.0
248.68874999999997 0.0 0.0
249.43874999999997 1.0 0.0
250.18874999999997 0.0 0.0
250.93874999999997 1.0 1.0
251.68874999999997 0.0 0.0
252.43874999999997 1.0 0.0
253.18874999999997 0.0 0.0
253.93874999999997 1.0 1.0
254.68874999999997 0.0 0.0
255.43874999999997 1.0 0.0
256.18874999999997 0.0 0.0
256.93874999999997 1.0 1.0
257.68874999999997 0.0 0.0
258.43874999999997 1.0 0.0
259.18874999999997 0.0 0.0
259.93874999999997 1.0 1.0
260.68874999999997 0.0 0.0
261.43874999999997 1.0 0.0
262.18874999999997 0.0 0.0
262.93874999999997 1.0 1.0
263.68874999999997 0.0 0.0
264.43874999999997 1.0 0.0
265.18874999999997 0.0 0.0
265.93874999999997 1.0 1.0
266.68874999999997 0.0 0.0
267.43874999999997 1.0 0.0
268.18874999999997 0.0 0.0
268.93874999999997 1.0 1.0
269.68874999999997 0.0 0.0
270.43874999999997 1.0 0.0
271.18874999999997 0.0 0.0
271.93874999999997 1.0 1.0
272.68874999999997 0.0 0.0
273.43874999999997 1.0 0.0
274.18874999999997 0.0 0.0
274.93874999999997 1.0 1.0
275.68874999999997 0.0 0.0
276.43874999999997 1.0 0.0
277.18874999999997 0.0 0.0
277.93874999999997 1.0 1.0
278.68874999999997 0.0 0.0
279.43874999999997 1.0 0.0
280.18874999999997 0.0 0.0
280.93874999999997 1.0 1.0
281.68874999999997 0.0 0.0
282.43874999999997 1.0 0.0
283.18874999999997 0.0 0.0
283.93874999999997 1.0 0.0
284.68874999999997 0.0 0.0
285.43874999999997 1.0 1.0
286.18874999999997 0.0 0.0
286.93874999999997 1.0 0.0
287.68874999999997 0.0 0.0
288.43874999999997 1.0 1.0
289.18874999999997 0.0 0.0
289.93874999999997 1.0 0.0
290.68874999999997 0.0 0.0
291.43874999999997 1.0 1.0
292.18874999999997 0.0 0.0
292.93874999999997 1.0 0.0
293.68874999999997 0.0 0.0
294.43874999999997 1.0 1.0
295.18874999999997 0.0 0.0
295.93874999999997 1.0 0.0
296.68874999999997 0.0 0.0
297.43874999999997 1.0 1.0
298.18874999999997 0.0 0.0
298.93874999999997 1.0 0.0
299.68874999999997 0.0 0.0
300.43874999999997 1.0 1.0
301.18874999999997 0.0 0.0