0.019772722000000017 0.0 0.0
0.7015907219999999 1.0 0.0
1.383408722 0.0 0.0
2.065226722 1.0 1.0
2.747044722 0.0 0.0
3.428862722 1.0 0.0
4.110680722 0.0 0.0
4.7924987219999995 1.0 1.0
5.474316722 0.0 0.0
6.156134722 1.0 0.0
6.837952722 0.0 0.0
7.519770722 1.0 1.0
8.201588722 0.0 0.0
8.883406722 1.0 0.0
9.565224722 0.0 0.0
10.247042722 1.0 1.0
10.928860722 0.0 0.0
11.610678722 1.0 0.0
12.292496722 0.0 0.0
12.974314721999999 1.0 1.0
13.656132721999999 0.0 0.0
14.337950721999999 1.0 0.0
15.019768722 0.0 0.0
15.701586722 1.0 1.0
16.383404721999998 0.0 0.0
17.065222721999998 1.0 0.0
17.747040721999998 0.0 0.0
18.428858721999998 1.0 1.0
19.110676722 0.0 0.0
19.792494722 1.0 0.0
20.474312722 0.0 0.0
21.156130722 1.0 1.0
21.837948722 0.0 0.0
22.519766722 1.0 0.0
23.201584722000003 0.0 0.0
23.883402722000003 1.0 1.0
24.565220722000003 0.0 0.0
25.247038722000003 1.0 0.0
25.928856722000003 0.0 0.0
26.610674722000002 1.0 1.0
27.292492722000002 0.0 0.0
27.974310722000002 1.0 0.0
28.656128722000002 0.0 0.0
29.337946722 1.0 1.0
30.019764722 0.0 0.0
30.701582722 1.0 0.0
31.383400722 0.0 0.0
32.065218722000004 1.0 1.0
32.747036722000004 0.0 0.0
33.428854722000004 0.0 0.0
34.110672722000004 1.0 0.0
34.792490722000004 0.0 0.0
35.474308722 1.0 1.0
36.156126722 0.0 0.0
36.837944722 1.0 0.0
37.519762722 0.0 0.0
38.201580722 1.0 1.0
38.883398722 0.0 0.0
39.565216722 1.0 0.0
40.247034722 0.0 0.0
40.928852722 1.0 1.0
41.610670722 0.0 0.0
42.292488722 1.0 0.0
42.974306722 0.0 0.0
43.656124721999994 1.0 1.0
44.337942721999994 0.0 0.0
45.019760721999994 1.0 0.0
45.701578721999994 0.0 0.0
46.38339672199999 1.0 1.0
47.06521472199999 0.0 0.0
47.74703272199999 1.0 0.0
48.42885072199999 0.0 0.0
49.11066872199999 1.0 1.0
49.79248672199999 0.0 0.0
50.47430472199999 1.0 0.0
51.15612272199999 0.0 0.0
51.83794072199999 1.0 1.0
52.51975872199999 0.0 0.0
53.201576722 1.0 0.0
53.883394722 0.0 0.0
54.565212722 1.0 1.0
55.247030722 0.0 0.0
55.928848722 1.0 0.0
56.610666722 0.0 0.0
57.292484722 1.0 1.0
57.974302722 0.0 0.0
58.656120722 1.0 0.0
59.337938722 0.0 0.0
60.019756722 1.0 1.0
60.701574722 0.0 0.0
61.383392721999996 1.0 0.0
62.065210721999996 0.0 0.0
62.747028721999996 1.0 1.0
63.428846721999996 0.0 0.0
64.110664722 1.0 0.0
64.79248272199999 0.0 0.0
65.474300722 1.0 1.0
66.15611872199999 0.0 0.0
66.837936722 1.0 0.0
67.51975472199999 0.0 0.0
68.201572722 1.0 1.0
68.883390722 0.0 0.0
69.565208722 1.0 0.0
70.247026722 0.0 0.0
70.928844722 1.0 1.0
71.610662722 0.0 0.0
72.292480722 1.0 0.0
72.974298722 0.0 0.0
73.65634399499999 1.0 1.0
74.34599899499999 0.0 0.0
75.03565399499999 1.0 0.0
75.72530899499999 0.0 0.0
76.41756138 1.0 1.0
77.19678137999999 0.0 0.0
77.97600138 1.0 0.0
78.756459593 0.0 0.0
79.574313722 1.0 1.0
80.25613172199999 0.0 0.0
80.937949722 1.0 0.0
81.61976772199999 0.0 0.0
82.301585722 1.0 1.0
82.98340372199999 0.0 0.0
83.665221722 1.0 0.0
84.34703972199999 0.0 0.0
85.028857722 1.0 1.0
85.71067572199999 0.0 0.0
86.392493722 1.0 0.0
87.07431172199999 0.0 0.0
87.756129722 1.0 1.0
88.43794772199999 0.0 0.0
89.119765722 1.0 0.0
89.80158372199999 0.0 0.0
90.483401722 1.0 1.0
91.16521972199999 0.0 0.0
91.847037722 1.0 0.0
92.52885572199999 0.0 0.0
93.210673722 1.0 1.0
93.89249172199999 0.0 0.0
94.574309722 1.0 0.0
95.25612772199999 0.0 0.0
95.937945722 1.0 1.0
96.61976372199999 0.0 0.0
97.301581722 1.0 0.0
97.983399722 0.0 0.0
98.665217722 1.0 1.0
99.34703572199999 0.0 0.0
100.028853722 1.0 0.0
100.710671722 0.0 0.0
101.392489722 1.0 1.0
102.07430772199999 0.0 0.0
102.756125722 1.0 0.0
103.437943722 0.0 0.0
104.11976172199999 1.0 1.0
104.80157972199999 0.0 0.0
105.48339772199999 1.0 0.0
106.165215722 0.0 0.0
106.84703372199999 1.0 1.0
107.52885172199998 0.0 0.0
108.21066972199999 1.0 0.0
108.892487722 0.0 0.0
109.57430572199999 1.0 1.0
110.25612372199998 0.0 0.0
110.93794172199999 1.0 0.0
111.619759722 0.0 0.0
112.30157772199999 1.0 1.0
112.98339572199998 0.0 0.0
113.66521372199999 1.0 0.0
114.347031722 0.0 0.0
115.02884972199999 1.0 1.0
115.71066772199998 0.0 0.0
116.39248572199999 1.0 0.0
117.074303722 0.0 0.0
117.75612172199999 1.0 1.0
118.43793972199998 0.0 0.0
119.119757722 1.0 0.0
119.801575722 0.0 0.0
120.48339372199999 1.0 1.0
121.165211722 0.0 0.0
121.847029722 1.0 0.0
122.528847722 0.0 0.0
123.21066572199999 1.0 1.0
123.892483722 0.0 0.0
124.574301722 1.0 0.0
125.256119722 0.0 0.0
125.93793772199999 1.0 1.0
126.619755722 0.0 0.0
127.301573722 1.0 0.0
127.983391722 0.0 0.0
128.665209722 1.0 1.0
129.347027722 0.0 0.0
130.028845722 1.0 0.0
130.710663722 0.0 0.0
131.39248172199999 1.0 1.0
132.07429972199998 0.0 0.0
132.756117722 1.0 0.0
133.437935722 0.0 0.0
134.11975372199998 1.0 1.0
134.801571722 0.0 0.0
135.483389722 1.0 0.0
136.165207722 0.0 0.0
136.84702572199998 1.0 1.0
137.52884372199998 0.0 0.0
138.210661722 1.0 0.0
138.892479722 0.0 0.0
139.57429772199998 1.0 1.0
140.256115722 0.0 0.0
140.937933722 1.0 0.0
141.619751722 0.0 0.0
142.30156972199998 1.0 1.0
142.98338772199997 0.0 0.0
143.665205722 1.0 0.0
144.347023722 0.0 0.0
145.02884172199998 1.0 1.0
145.710659722 0.0 0.0
146.392477722 1.0 0.0
147.074295722 0.0 0.0
147.756113722 1.0 1.0
148.43793172199997 0.0 0.0
149.119749722 1.0 0.0
149.801567722 0.0 0.0
150.48338572199998 1.0 1.0
151.165203722 0.0 0.0
151.847021722 1.0 0.0
152.528839722 0.0 0.0
153.210657722 1.0 1.0
153.89247572199997 0.0 0.0
154.574293722 1.0 0.0
155.25611172199999 0.0 0.0
155.93792972199998 1.0 1.0
156.619747722 0.0 0.0
157.301565722 1.0 0.0
157.98338372199999 0.0 0.0
158.665201722 1.0 1.0
159.34701972199997 0.0 0.0
160.028837722 1.0 0.0
160.71065572199998 0.0 0.0
161.39247372199998 1.0 1.0
162.074291722 0.0 0.0
162.756109722 1.0 0.0
163.43792772199998 0.0 0.0
164.12119247399997 1.0 1.0
164.85289847399997 0.0 0.0
165.58460447399997 1.0 0.0
166.31631047399998 0.0 0.0
167.046569722 1.0 1.0
167.72838772199998 0.0 0.0
168.41020572199997 1.0 0.0
169.092023722 0.0 0.0
169.773841722 1.0 1.0
170.45565972199998 0.0 0.0
171.13747772199997 1.0 0.0
171.819295722 0.0 0.0
172.50111372199999 1.0 1.0
173.18293172199998 0.0 0.0
173.864749722 1.0 0.0
174.546567722 0.0 0.0
175.22838572199998 1.0 1.0
175.91020372199998 0.0 0.0
176.59202172199997 1.0 0.0
177.273839722 0.0 0.0
177.95565772199998 1.0 1.0
178.63747572199998 0.0 0.0
179.319293722 1.0 0.0
180.001111722 0.0 0.0
180.68292972199998 1.0 1.0
181.36474772199998 0.0 0.0
182.046565722 1.0 0.0
182.728383722 0.0 0.0
183.41020172199998 1.0 1.0
184.09201972199997 0.0 0.0
184.773837722 1.0 0.0
185.455655722 0.0 0.0
186.13747372199998 1.0 1.0
186.81929172199997 0.0 0.0
187.501109722 1.0 0.0
188.182927722 0.0 0.0
188.86474572199998 1.0 1.0
189.54656372199997 0.0 0.0
190.228381722 1.0 0.0
190.910199722 0.0 0.0
191.592959265 1.0 1.0
192.30724426499998 0.0 0.0
193.02152926499997 1.0 0.0
193.735814265 0.0 0.0
194.44961754599996 1.0 1.0
195.14729154599996 0.0 0.0
195.84450572199998 1.0 0.0
196.52632372199997 0.0 0.0
197.20814172199997 1.0 1.0
197.889959722 0.0 0.0
198.57177772199998 1.0 0.0
199.25359572199997 0.0 0.0
199.93541372199996 1.0 1.0
200.61723172199999 0.0 0.0
201.29904972199998 1.0 0.0
201.98086772199997 0.0 0.0
202.662685722 1.0 1.0
203.34450372199998 0.0 0.0
204.02632172199998 1.0 0.0
204.70813972199997 0.0 0.0
205.38995772199996 1.0 1.0
206.07177572199998 0.0 0.0
206.75359372199998 1.0 0.0
207.43541172199997 0.0 0.0
208.117229722 1.0 1.0
208.79904772199998 0.0 0.0
209.48086572199998 1.0 0.0
210.16268372199997 0.0 0.0
210.844501722 1.0 1.0
211.52631972199998 0.0 0.0
212.20813772199998 1.0 0.0
212.88995572199997 0.0 0.0
213.571773722 1.0 1.0
214.25359172199998 0.0 0.0
214.93540972199997 1.0 0.0
215.61722772199997 0.0 0.0
216.299045722 1.0 1.0
216.98086372199998 0.0 0.0
217.66268172199997 1.0 0.0
218.34449972199997 0.0 0.0
219.026317722 1.0 1.0
219.70813572199998 0.0 0.0
220.38995372199997 1.0 0.0
221.07177172199997 0.0 0.0
221.753589722 1.0 1.0
222.43540772199998 0.0 0.0
223.11722572199997 1.0 0.0
223.79904372199996 0.0 0.0
224.48283899999998 1.0 1.0
225.23283899999998 0.0 0.0
225.983114326 1.0 0.0
226.74544011799998 0.0 0.0
227.602582118 1.0 1.0
228.45972411799997 0.0 0.0
229.31686611799998 1.0 0.0
230.17400811799996 0.0 0.0
231.03115011799997 0.0 0.0