0.447441111 0.0 0.0
1.3776721109999999 1.0 1.0
2.307903111 0.0 0.0
3.238134111 1.0 0.0
4.168365111000001 0.0 0.0
5.098596111000001 1.0 1.0
6.028827111000001 0.0 0.0
6.959058111000001 1.0 0.0
7.889289111000001 0.0 0.0
8.819520111000001 1.0 1.0
9.749751111 0.0 0.0
10.679982111000001 1.0 0.0
11.610213111 0.0 0.0
12.540444111000001 1.0 1.0
13.470675111 0.0 0.0
14.400906111000001 1.0 0.0
15.331137111000002 0.0 0.0
16.261368111000003 1.0 1.0
17.191599111000002 0.0 0.0
18.121830111 1.0 0.0
19.052061111000004 0.0 0.0
19.982292111000003 1.0 1.0
20.912523111000002 0.0 0.0
21.842754111 1.0 0.0
22.772985111000004 0.0 0.0
23.703216111000003 1.0 1.0
24.633447111000002 0.0 0.0
25.563678111000005 1.0 0.0
26.493909111000004 0.0 0.0
27.424140111000003 1.0 1.0
28.354371111000003 0.0 0.0
29.284602111000005 1.0 0.0
30.214833111000004 0.0 0.0
31.145064111000003 1.0 1.0
32.075295111 0.0 0.0
33.005526111 1.0 0.0
33.935757111 0.0 0.0
34.86598811100001 1.0 1.0
35.796219111000006 0.0 0.0
36.726450111000005 1.0 0.0
37.656681111000005 0.0 0.0
38.586912111000004 1.0 1.0
39.517143111 0.0 0.0
40.447374111 1.0 0.0
41.380783481250006 0.0 0.0
42.318283481250006 1.0 1.0
43.259441381833334 0.0 0.0
44.204322381833336 1.0 0.0
45.15113997933333 0.0 0.0
46.09975597933333 1.0 1.0
47.04837197933333 0.0 0.0
47.99698797933333 1.0 1.0
48.945603979333335 0.0 0.0
49.8891974 1.0 0.0
50.8266974 0.0 0.0
51.7641974 1.0 1.0
52.7016974 0.0 0.0
53.6391974 1.0 0.0
54.5766974 0.0 0.0
55.5141974 1.0 1.0
56.4516974 0.0 0.0
57.3891974 1.0 0.0
58.3266974 0.0 0.0
59.2641974 1.0 1.0
60.20169739999999 0.0 0.0
61.13919739999999 1.0 0.0
62.07669739999999 0.0 0.0
63.01419739999999 1.0 1.0
63.95169739999999 0.0 0.0
64.88919739999999 1.0 0.0
65.8266974 0.0 0.0
66.7641974 1.0 1.0
67.7016974 0.0 0.0
68.6391974 1.0 0.0
69.5766974 0.0 0.0
70.5141974 1.0 1.0
71.4516974 0.0 0.0
72.3891974 1.0 0.0
73.3266974 0.0 0.0
74.2641974 1.0 1.0
75.2016974 0.0 0.0
76.1391974 1.0 0.0
77.0766974 0.0 0.0
78.0141974 1.0 1.0
78.9516974 0.0 0.0
79.8891974 1.0 0.0
80.8266974 0.0 0.0
81.7641974 1.0 1.0
82.7016974 0.0 0.0
83.6391974 1.0 0.0
84.5766974 0.0 0.0
85.5141974 1.0 1.0
86.4516974 0.0 0.0
87.3891974 1.0 0.0
88.3266974 0.0 0.0
89.2641974 1.0 1.0
90.2016974 0.0 0.0
91.1391974 1.0 0.0
92.0766974 0.0 0.0
93.0141974 1.0 1.0
93.9516974 0.0 0.0
94.8891974 1.0 1.0
95.8266974 0.0 0.0
96.7641974 1.0 0.0
97.7016974 0.0 0.0
98.6391974 1.0 1.0
99.5766974 0.0 0.0
100.5141974 1.0 0.0
101.4516974 0.0 0.0
102.3891974 1.0 1.0
103.3266974 0.0 0.0
104.2641974 1.0 0.0
105.2016974 0.0 0.0
106.1391974 1.0 1.0
107.0766974 0.0 0.0
108.0141974 1.0 0.0
108.9516974 0.0 0.0
109.8891974 1.0 1.0
110.8266974 0.0 0.0
111.7641974 1.0 0.0
112.7016974 0.0 0.0
113.6391974 1.0 1.0
114.5766974 0.0 0.0
115.5141974 1.0 0.0
116.4516974 0.0 0.0
117.3891974 1.0 1.0
118.3266974 0.0 0.0
119.2641974 1.0 0.0
120.2016974 0.0 0.0
121.1391974 1.0 1.0
122.0766974 0.0 0.0
123.0141974 1.0 0.0
123.9516974 0.0 0.0
124.8891974 1.0 1.0
125.8266974 0.0 0.0
126.7641974 1.0 0.0
127.7016974 0.0 0.0
128.6391974 1.0 1.0
129.5766974 0.0 0.0
130.5141974 1.0 0.0
131.4516974 0.0 0.0
132.3891974 1.0 1.0
133.3266974 0.0 0.0
134.2641974 1.0 0.0
135.2016974 0.0 0.0
136.1391974 1.0 1.0
137.0766974 0.0 0.0
138.0141974 1.0 0.0
138.9516974 0.0 0.0
139.8891974 1.0 1.0
140.8266974 0.0 0.0
141.7641974 1.0 1.0
142.7016974 0.0 0.0
143.6391974 1.0 0.0
144.5766974 0.0 0.0
145.5141974 1.0 1.0
146.4516974 0.0 0.0
147.3891974 1.0 0.0
148.3266974 0.0 0.0
149.2641974 1.0 1.0
150.2016974 0.0 0.0
151.1391974 1.0 0.0
152.0766974 0.0 0.0
153.0141974 1.0 1.0
153.9516974 0.0 0.0
154.8891974 1.0 0.0
155.8266974 0.0 0.0
156.7641974 1.0 1.0
157.7016974 0.0 0.0
158.6391974 1.0 0.0
159.5766974 0.0 0.0
160.5141974 1.0 1.0
161.4516974 0.0 0.0
162.3891974 1.0 0.0
163.3266974 0.0 0.0
164.2641974 1.0 1.0
165.2016974 0.0 0.0
166.1391974 1.0 0.0
167.0766974 0.0 0.0
168.0141974 1.0 1.0
168.9516974 0.0 0.0
169.8891974 1.0 0.0
170.8266974 0.0 0.0
171.7641974 1.0 1.0
172.7016974 0.0 0.0
173.6391974 1.0 0.0
174.5766974 0.0 0.0
175.5141974 1.0 1.0
176.4516974 0.0 0.0
177.3891974 1.0 0.0
178.3266974 0.0 0.0
179.2641974 1.0 1.0
180.2016974 0.0 0.0
181.1391974 1.0 0.0
182.0766974 0.0 0.0
183.0141974 1.0 1.0
183.9516974 0.0 0.0
184.8891974 1.0 0.0
185.8266974 0.0 0.0
186.7641974 1.0 1.0
187.7016974 0.0 0.0
188.6391974 1.0 1.0
189.5766974 0.0 0.0
190.5141974 1.0 0.0
191.4516974 0.0 0.0
192.3891974 1.0 1.0
193.3266974 0.0 0.0
194.2641974 1.0 0.0
195.2016974 0.0 0.0
196.1391974 1.0 1.0
197.0766974 0.0 0.0
198.0141974 1.0 0.0
198.9516974 0.0 0.0
199.8891974 1.0 1.0
200.8266974 0.0 0.0
201.7641974 1.0 0.0
202.7016974 0.0 0.0
203.6391974 1.0 1.0
204.5766974 0.0 0.0
205.5141974 1.0 0.0
206.4516974 0.0 0.0
207.3891974 1.0 1.0
208.3266974 0.0 0.0
209.2641974 1.0 0.0
210.2016974 0.0 0.0
211.1391974 1.0 1.0
212.0766974 0.0 0.0
213.0141974 1.0 0.0
213.9623141375 0.0 0.0
214.92407647933334 1.0 1.0
215.89712188166666 0.0 0.0
216.87671188166667 1.0 0.0
217.83579352916666 0.0 0.0
218.77329352916666 1.0 1.0
219.71079352916666 0.0 0.0
220.64829352916666 1.0 0.0
221.58579352916666 0.0 0.0
222.52329352916666 1.0 1.0
223.46079352916666 0.0 0.0
224.39829352916666 1.0 0.0
225.33579352916666 0.0 0.0
226.27329352916666 1.0 1.0
227.21079352916666 0.0 0.0
228.14829352916666 1.0 0.0
229.08579352916666 0.0 0.0
230.02329352916666 1.0 1.0
230.96079352916666 0.0 0.0
231.89829352916666 1.0 0.0
232.83579352916666 0.0 0.0
233.77329352916666 1.0 1.0
234.71079352916666 0.0 0.0
235.64829352916666 1.0 0.0
236.58579352916666 0.0 0.0
237.52329352916666 1.0 1.0
238.46079352916666 0.0 0.0
239.39829352916666 1.0 0.0
240.33579352916666 0.0 0.0