0.41090913199999995 0.0 0.0
1.320000132 1.0 0.0
2.229091132 0.0 0.0
3.138182132 1.0 1.0
4.047273132 0.0 0.0
5.030873922333333 1.0 0.0
5.9832575245 0.0 0.0
6.9356385245 1.0 1.0
7.903379244416667 0.0 0.0
8.871121244416667 1.0 0.0
9.838863244416668 0.0 0.0
10.806605244416668 1.0 1.0
11.774347244416667 0.0 0.0
12.742089244416668 1.0 0.0
13.709831244416668 0.0 0.0
14.677573244416667 1.0 1.0
15.645315244416667 0.0 0.0
16.613057244416666 1.0 0.0
17.580799244416667 0.0 0.0
18.54854124441667 1.0 1.0
19.516283244416666 0.0 0.0
20.484025244416667 1.0 0.0
21.451767244416665 0.0 0.0
22.419509244416666 1.0 1.0
23.387251244416667 0.0 0.0
24.35499324441667 1.0 0.0
25.322735244416666 0.0 0.0
26.290477244416667 1.0 1.0
27.25821924441667 0.0 0.0
28.225961244416666 1.0 0.0
29.193703244416668 0.0 0.0
30.16144524441667 1.0 1.0
31.129187244416666 0.0 0.0
32.09692924441667 1.0 0.0
33.06467124441667 0.0 0.0
34.03241324441667 1.0 1.0
35.00015524441667 0.0 0.0
35.96789724441667 1.0 0.0
36.93563924441666 0.0 0.0
37.903381244416664 1.0 1.0
38.871123244416665 0.0 0.0
39.83886524441667 1.0 0.0
40.80660724441667 0.0 0.0
41.77434924441667 1.0 1.0
42.74209124441667 0.0 0.0
43.70983324441667 1.0 0.0
44.67757524441667 0.0 0.0
45.645317244416674 1.0 1.0
46.613059244416675 0.0 0.0
47.580801244416676 1.0 1.0
48.54854324441666 0.0 0.0
49.516285244416665 1.0 0.0
50.484027244416666 0.0 0.0
51.45176924441667 1.0 0.0
52.41951124441667 0.0 0.0
53.38725324441667 1.0 1.0
54.35499524441667 0.0 0.0
55.32273724441667 1.0 0.0
56.29047924441667 0.0 0.0
57.258221244416674 1.0 1.0
58.225963244416675 0.0 0.0
59.19370524441668 1.0 0.0
60.161447244416664 0.0 0.0
61.129189244416665 1.0 1.0
62.096931244416666 0.0 0.0
63.06467324441667 1.0 0.0
64.03241524441667 0.0 0.0
65.00015724441667 1.0 1.0
65.96789924441667 0.0 0.0
66.93564124441667 1.0 0.0
67.90338324441667 0.0 0.0
68.87112524441667 1.0 1.0
69.83886724441668 0.0 0.0
70.80660924441668 1.0 0.0
71.77435124441666 0.0 0.0
72.74209324441667 1.0 1.0
73.70983524441667 0.0 0.0
74.67757724441667 1.0 0.0
75.64531924441667 0.0 0.0
76.61306124441667 1.0 1.0
77.58080324441667 0.0 0.0
78.54854524441667 1.0 0.0
79.51628724441667 0.0 0.0
80.48402924441667 1.0 1.0
81.45177124441668 0.0 0.0
82.41951324441666 1.0 0.0
83.38725524441666 0.0 0.0
84.35499724441667 1.0 1.0
85.32273924441667 0.0 0.0
86.29048124441667 1.0 0.0
87.25822324441667 0.0 0.0
88.22596524441667 1.0 1.0
89.19370724441667 0.0 0.0
90.16144924441667 1.0 0.0
91.12919124441667 0.0 0.0
92.09693324441668 1.0 1.0
93.06467524441668 0.0 0.0
94.03241724441668 1.0 0.0
95.00015924441666 0.0 0.0
95.96790124441667 1.0 1.0
96.93564324441667 0.0 0.0
97.90338524441667 1.0 0.0
98.87112724441667 0.0 0.0
99.83886924441667 1.0 1.0
100.80661124441667 0.0 0.0
101.77435324441667 1.0 0.0
102.74209524441667 0.0 0.0
103.70983724441668 1.0 1.0
104.67757924441668 0.0 0.0
105.64532124441668 1.0 0.0
106.61306324441667 0.0 0.0
107.58080524441667 1.0 1.0
108.54854724441667 0.0 0.0
109.51628924441667 1.0 0.0
110.48403124441667 0.0 0.0
111.45177324441667 1.0 1.0
112.41951524441667 0.0 0.0
113.38725724441667 1.0 0.0
114.35499924441667 0.0 0.0
115.32274124441668 1.0 1.0
116.29048324441668 0.0 0.0
117.25822524441668 1.0 0.0
118.22596724441668 0.0 0.0
119.19370924441667 1.0 1.0
120.16145124441667 0.0 0.0
121.12919324441667 1.0 0.0
122.09693524441667 0.0 0.0
123.06467724441667 1.0 1.0
124.03241924441667 0.0 0.0
125.00016124441667 1.0 0.0
125.96790324441668 0.0 0.0
126.93564524441668 1.0 1.0
127.90338724441668 0.0 0.0
128.8711292444167 1.0 0.0
129.83887124441668 0.0 0.0
130.8066132444167 1.0 1.0
131.77435524441668 0.0 0.0
132.7420972444167 1.0 0.0
133.70983924441668 0.0 0.0
134.6775812444167 1.0 1.0
135.64532324441672 0.0 0.0
136.6130652444167 1.0 0.0
137.58080724441672 0.0 0.0
138.5485492444167 1.0 1.0
139.5162912444167 0.0 0.0
140.4840332444167 1.0 0.0
141.4517752444167 0.0 0.0
142.4195172444167 1.0 1.0
143.3872592444167 0.0 0.0
144.3550012444167 1.0 0.0
145.3227432444167 0.0 0.0
146.29048524441671 1.0 1.0
147.2582272444167 0.0 0.0
148.22596924441672 1.0 0.0
149.1937112444167 0.0 0.0
150.16145324441672 1.0 1.0
151.1291952444167 0.0 0.0
152.0969372444167 1.0 0.0
153.0646792444167 0.0 0.0
154.0324212444167 1.0 1.0
155.0001632444167 0.0 0.0
155.9679052444167 1.0 0.0
156.9356472444167 0.0 0.0
157.9033892444167 1.0 1.0
158.87113124441672 0.0 0.0
159.8388732444167 1.0 0.0
160.80661524441672 0.0 0.0
161.7743572444167 1.0 1.0
162.7420992444167 0.0 0.0
163.7098412444167 1.0 0.0
164.6775832444167 0.0 0.0
165.6453252444167 1.0 1.0
166.6130672444167 0.0 0.0
167.5808092444167 1.0 0.0
168.5485512444167 0.0 0.0
169.51629324441672 1.0 1.0
170.4840352444167 0.0 0.0
171.45177724441672 1.0 0.0
172.4195192444167 0.0 0.0
173.38726124441672 1.0 1.0
174.3550032444167 0.0 0.0
175.3227452444167 1.0 0.0
176.2904872444167 0.0 0.0
177.2582292444167 1.0 1.0
178.2259712444167 0.0 0.0
179.1937132444167 1.0 0.0
180.16145524441671 0.0 0.0
181.1291972444167 1.0 1.0
182.09693924441672 0.0 0.0
183.0646812444167 1.0 0.0
184.03242324441672 0.0 0.0
185.0001652444167 1.0 1.0
185.96790724441672 0.0 0.0
186.9356492444167 1.0 0.0
187.9033912444167 0.0 0.0
188.8711332444167 1.0 1.0
189.8388752444167 0.0 0.0
190.8066172444167 1.0 0.0
191.7743592444167 0.0 0.0
192.74210124441672 1.0 1.0
193.7098432444167 0.0 0.0
194.67758524441672 1.0 0.0
195.6453272444167 0.0 0.0
196.61306924441672 1.0 1.0
197.5808112444167 0.0 0.0
198.54855324441672 1.0 0.0
199.5162952444167 0.0 0.0
200.4840372444167 1.0 1.0
201.4517792444167 0.0 0.0
202.4195212444167 1.0 0.0
203.38726324441672 0.0 0.0
204.3550052444167 1.0 1.0
205.32274724441672 0.0 0.0
206.2904892444167 1.0 0.0
207.25823124441672 0.0 0.0
208.2259732444167 1.0 1.0
209.19371524441672 0.0 0.0
210.1614572444167 1.0 0.0
211.12919924441672 0.0 0.0
212.0969412444167 1.0 1.0
213.0646832444167 0.0 0.0
214.03242524441671 1.0 0.0
215.0001672444167 0.0 0.0
215.96790924441672 1.0 1.0
216.9356512444167 0.0 0.0
217.90339324441672 1.0 0.0
218.8711352444167 0.0 0.0
219.83887724441672 1.0 1.0
220.8066192444167 0.0 0.0
221.77436124441672 1.0 0.0
222.7421032444167 0.0 0.0
223.70984524441673 1.0 1.0
224.6775872444167 0.0 0.0
225.6453292444167 0.0 0.0