0.310730511 1.0 1.0
0.798533511 0.0 0.0
1.286336511 1.0 0.0
1.774139511 0.0 0.0
2.261942511 1.0 1.0
2.749745511 0.0 0.0
3.237548511 1.0 0.0
3.725351511 0.0 0.0
4.213154511 1.0 1.0
4.700957511 0.0 0.0
5.188760511 1.0 0.0
5.676563511 0.0 0.0
6.164366511 1.0 1.0
6.652169511 0.0 0.0
7.139972511 1.0 0.0
7.627775511 0.0 0.0
8.115578511 1.0 1.0
8.603381511 0.0 0.0
9.091184511 1.0 0.0
9.578987511 0.0 0.0
10.066790511 1.0 1.0
10.554593511 0.0 0.0
11.042396511 1.0 0.0
11.530199511 0.0 0.0
12.018002511 1.0 1.0
12.505805511 0.0 0.0
12.993608511 1.0 0.0
13.481411511 0.0 0.0
13.969214511 1.0 1.0
14.457017511 0.0 0.0
14.944820511 1.0 0.0
15.432623511 0.0 0.0
15.920426511 1.0 1.0
16.408229511 0.0 0.0
16.896032511 1.0 0.0
17.383835511 0.0 0.0
17.871638511 1.0 1.0
18.359441511 0.0 0.0
18.847244511000003 1.0 0.0
19.335047511000003 0.0 0.0
19.822850511000002 1.0 1.0
20.310653511 0.0 0.0
20.798456511 1.0 0.0
21.286259511 0.0 0.0
21.774062511 1.0 1.0
22.261865511 0.0 0.0
22.749668511000003 1.0 0.0
23.237471511000003 0.0 0.0
23.725274511000002 1.0 1.0
24.213077511 0.0 0.0
24.700880511 1.0 0.0
25.188683511 0.0 0.0
25.676486511 1.0 1.0
26.164289511000003 0.0 0.0
26.652092511000003 1.0 0.0
27.139895511000002 0.0 0.0
27.627698511000002 1.0 1.0
28.115501511 0.0 0.0
28.603304511 1.0 0.0
29.091107511 0.0 0.0
29.578910511 1.0 1.0
30.066713511000003 0.0 0.0
30.554516511000003 1.0 0.0
31.042319511000002 0.0 0.0
31.530122511000002 1.0 1.0
32.017925511 0.0 0.0
32.505728511 1.0 0.0
32.993531511 0.0 0.0
33.481334511 1.0 1.0
33.969137511 0.0 0.0
34.456940511 1.0 0.0
34.944743511 0.0 0.0
35.432546511 1.0 1.0
35.920349511000005 0.0 0.0
36.408152511000004 1.0 0.0
36.895955511000004 0.0 0.0
37.383758511 1.0 1.0
37.871561511 0.0 0.0
38.359364511 1.0 0.0
38.847167511 0.0 0.0
39.334970511 1.0 1.0
39.822773511 0.0 0.0
40.310576511 1.0 0.0
40.798379511 0.0 0.0
41.286182511 1.0 1.0
41.773985511 0.0 0.0
42.261788511 1.0 0.0
42.749591511 0.0 0.0
43.237394511 1.0 1.0
43.725197511000005 0.0 0.0
44.213000511000004 1.0 0.0
44.700803511000004 0.0 0.0
45.188606511 1.0 1.0
45.676409511 0.0 0.0
46.164212511 1.0 0.0
46.652015511 0.0 0.0
47.139818511 1.0 1.0
47.627621511 0.0 0.0
48.115424511 1.0 0.0
48.603227511 0.0 0.0
49.091030511 1.0 1.0
49.578833511 0.0 0.0
50.066636511 1.0 0.0
50.554439511 0.0 0.0
51.042242511 1.0 1.0
51.530045511000004 0.0 0.0
52.017848511000004 1.0 0.0
52.505651511 0.0 0.0
52.993454511 1.0 1.0
53.481257511 0.0 0.0
53.969060511 1.0 0.0
54.456863511 0.0 0.0
54.944666511 1.0 1.0
55.432469511 0.0 0.0
55.920272511 1.0 0.0
56.408075511 0.0 0.0
56.895878511 1.0 1.0
57.383681511 0.0 0.0
57.871484511 1.0 0.0
58.359287511 0.0 0.0
58.847090511 1.0 1.0
59.334893511000004 0.0 0.0
59.822696511000004 1.0 0.0
60.310499511 0.0 0.0
60.798302511 1.0 1.0
61.286105511 0.0 0.0
61.773908511 1.0 0.0
62.261711511 0.0 0.0
62.749514511 1.0 1.0
63.237317511 0.0 0.0
63.725120511 1.0 0.0
64.212923511 0.0 0.0
64.700726511 1.0 1.0
65.188529511 0.0 0.0
65.676332511 1.0 0.0
66.164135511 0.0 0.0
66.651938511 1.0 1.0
67.139741511 0.0 0.0
67.627544511 1.0 0.0
68.115347511 0.0 0.0
68.603150511 1.0 1.0
69.090953511 0.0 0.0
69.578756511 1.0 0.0
70.066559511 0.0 0.0
70.554362511 1.0 1.0
71.042165511 0.0 0.0
71.52996851099999 1.0 0.0
72.01777151099999 0.0 0.0
72.50557451099999 1.0 1.0
72.99337751099999 0.0 0.0
73.48118051099999 1.0 0.0
73.96898351099999 0.0 0.0
74.45678651099999 1.0 1.0
74.94458951099999 0.0 0.0
75.43239251099999 1.0 0.0
75.92019551099999 0.0 0.0
76.40799851099999 1.0 1.0
76.89580151099999 0.0 0.0
77.38360451099999 1.0 0.0
77.87140751099999 0.0 0.0
78.35921051099999 1.0 1.0
78.847013511 0.0 0.0
79.334816511 1.0 0.0
79.822619511 0.0 0.0
80.310422511 1.0 1.0
80.798225511 0.0 0.0
81.286028511 1.0 0.0
81.773831511 0.0 0.0
82.261634511 1.0 1.0
82.749437511 0.0 0.0
83.237240511 1.0 0.0
83.725043511 0.0 0.0
84.212846511 1.0 1.0
84.700649511 0.0 0.0
85.188452511 1.0 0.0
85.676255511 0.0 0.0
86.164058511 1.0 1.0
86.65186151099999 0.0 0.0
87.13966451099999 1.0 0.0
87.62746751099999 0.0 0.0
88.11527051099999 1.0 1.0
88.60307351099999 0.0 0.0
89.09087651099999 1.0 0.0
89.57867951099999 0.0 0.0
90.06648251099999 1.0 1.0
90.55428551099999 0.0 0.0
91.04208851099999 1.0 0.0
91.52989151099999 0.0 0.0
92.01769451099999 1.0 1.0
92.50549751099999 0.0 0.0
92.99330051099999 1.0 0.0
93.48110351099999 0.0 0.0
93.96890651099999 1.0 1.0
94.456709511 0.0 0.0
94.944512511 1.0 0.0
95.432315511 0.0 0.0
95.920118511 1.0 1.0
96.407921511 0.0 0.0
96.895724511 1.0 0.0
97.383527511 0.0 0.0
97.871330511 1.0 1.0
98.359133511 0.0 0.0
98.846936511 1.0 0.0
99.334739511 0.0 0.0
99.822542511 1.0 1.0
100.310345511 0.0 0.0
100.798148511 1.0 0.0
101.285951511 0.0 0.0
101.77375451099999 1.0 1.0
102.26155751099999 0.0 0.0
102.74936051099999 1.0 0.0
103.23716351099999 0.0 0.0
103.72496651099999 1.0 1.0
104.21276951099999 0.0 0.0
104.70057251099999 1.0 0.0
105.18837551099999 0.0 0.0
105.67617851099999 1.0 1.0
106.16398151099999 0.0 0.0
106.65178451099999 1.0 0.0
107.13958751099999 0.0 0.0
107.62739051099999 1.0 1.0
108.11519351099999 0.0 0.0
108.60299651099999 1.0 0.0
109.09079951099999 0.0 0.0
109.57860251099999 1.0 1.0
110.066405511 0.0 0.0
110.554208511 1.0 0.0
111.042011511 0.0 0.0
111.529814511 1.0 1.0
112.017617511 0.0 0.0
112.505420511 1.0 0.0
112.993223511 0.0 0.0
113.481026511 1.0 1.0
113.968829511 0.0 0.0
114.456632511 1.0 0.0
114.944435511 0.0 0.0
115.432238511 1.0 1.0
115.920041511 0.0 0.0
116.407844511 1.0 0.0
116.89564751099999 0.0 0.0
117.38345051099999 1.0 1.0
117.87125351099999 0.0 0.0
118.35905651099999 1.0 0.0
118.84685951099999 0.0 0.0
119.33466251099999 1.0 1.0
119.82246551099999 0.0 0.0
120.31026851099999 1.0 0.0
120.79807151099999 0.0 0.0
121.28587451099999 1.0 1.0
121.77367751099999 0.0 0.0
122.26148051099999 1.0 0.0
122.74928351099999 0.0 0.0
123.23708651099999 1.0 1.0
123.72488951099999 0.0 0.0
124.21269251099999 1.0 0.0
124.70049551099999 0.0 0.0
125.188298511 1.0 1.0
125.676101511 0.0 0.0
126.163904511 1.0 0.0
126.651707511 0.0 0.0
127.139510511 1.0 1.0
127.627313511 0.0 0.0
128.115116511 1.0 0.0
128.60291951099998 0.0 0.0
129.090722511 1.0 1.0
129.57852551099998 0.0 0.0
130.066328511 1.0 0.0
130.55413151099998 0.0 0.0
131.041934511 1.0 1.0
131.52973751099998 0.0 0.0
132.017540511 1.0 0.0
132.50534351099998 0.0 0.0
132.993146511 1.0 1.0
133.480949511 0.0 0.0
133.96875251100002 1.0 0.0
134.456555511 0.0 0.0
134.94435851100002 1.0 1.0
135.432161511 0.0 0.0
135.91996451100002 1.0 0.0
136.407767511 0.0 0.0
136.89557051100002 1.0 1.0
137.383373511 0.0 0.0
137.87117651100002 1.0 0.0
138.358979511 0.0 0.0
138.84678251100001 1.0 1.0
139.334585511 0.0 0.0
139.822388511 1.0 0.0
140.310191511 0.0 0.0
140.797994511 1.0 1.0
141.285797511 0.0 0.0
141.773600511 1.0 0.0
142.261403511 0.0 0.0
142.749206511 1.0 1.0
143.237009511 0.0 0.0
143.724812511 1.0 0.0
144.212615511 0.0 0.0
144.700418511 1.0 1.0
145.188221511 0.0 0.0
145.676024511 1.0 0.0
146.163827511 0.0 0.0
146.651630511 1.0 1.0
147.139433511 0.0 0.0
147.627236511 1.0 0.0
148.11503951100002 0.0 0.0
148.602842511 1.0 1.0
149.09064551100002 0.0 0.0
149.578448511 1.0 0.0
150.06625151100002 0.0 0.0
150.554054511 1.0 1.0
151.04185751100002 0.0 0.0
151.529660511 1.0 0.0
152.01746351100002 0.0 0.0
152.505266511 1.0 1.0
152.99306951100002 0.0 0.0
153.480872511 1.0 0.0
153.96867551100001 0.0 0.0
154.456478511 1.0 1.0
154.944281511 0.0 0.0
155.432084511 1.0 0.0
155.919887511 0.0 0.0
156.407690511 1.0 1.0
156.895493511 0.0 0.0
157.383296511 1.0 0.0
157.871099511 0.0 0.0
158.358902511 1.0 1.0
158.846705511 0.0 0.0
159.334508511 1.0 0.0
159.822311511 0.0 0.0
160.310114511 1.0 1.0
160.797917511 0.0 0.0
161.285720511 1.0 0.0
161.773523511 0.0 0.0
162.261326511 1.0 1.0
162.749129511 0.0 0.0
163.23693251100002 1.0 0.0
163.724735511 0.0 0.0
164.21253851100002 1.0 1.0
164.700341511 0.0 0.0
165.18814451100002 1.0 0.0
165.675947511 0.0 0.0
166.16375051100002 1.0 1.0
166.651553511 0.0 0.0
167.13935651100002 1.0 0.0
167.627159511 0.0 0.0
168.11496251100002 1.0 1.0
168.602765511 0.0 0.0
169.09056851100001 1.0 0.0
169.578371511 0.0 0.0
170.066174511 1.0 1.0
170.553977511 0.0 0.0
171.041780511 1.0 0.0
171.529583511 0.0 0.0
172.017386511 1.0 1.0
172.505189511 0.0 0.0
172.992992511 1.0 0.0
173.480795511 0.0 0.0
173.968598511 1.0 1.0
174.456401511 0.0 0.0
174.944204511 1.0 0.0
175.432007511 0.0 0.0
175.919810511 1.0 1.0
176.407613511 0.0 0.0
176.895416511 1.0 0.0
177.383219511 0.0 0.0
177.871022511 1.0 1.0
178.358825511 0.0 0.0
178.846628511 1.0 0.0
179.33443151100002 0.0 0.0
179.822234511 1.0 1.0
180.31003751100002 0.0 0.0
180.797840511 1.0 0.0
181.28564351100002 0.0 0.0
181.773446511 1.0 1.0
182.26124951100002 0.0 0.0
182.749052511 1.0 0.0
183.23685551100002 0.0 0.0
183.724658511 1.0 1.0
184.21246151100001 0.0 0.0
184.700264511 1.0 0.0
185.188067511 0.0 0.0
185.675870511 1.0 1.0
186.163673511 0.0 0.0
186.651476511 1.0 0.0
187.139279511 0.0 0.0
187.627082511 1.0 1.0
188.114885511 0.0 0.0
188.602688511 1.0 0.0
189.090491511 0.0 0.0
189.578294511 1.0 1.0
190.066097511 0.0 0.0
190.553900511 1.0 0.0
191.041703511 0.0 0.0
191.529506511 1.0 1.0
192.017309511 0.0 0.0
192.505112511 1.0 0.0
192.992915511 0.0 0.0
193.480718511 1.0 1.0
193.968521511 0.0 0.0
194.45632451100002 1.0 0.0
194.944127511 0.0 0.0
195.43193051100002 1.0 1.0
195.919733511 0.0 0.0
196.40753651100002 1.0 0.0
196.895339511 0.0 0.0
197.38314251100002 1.0 1.0
197.870945511 0.0 0.0
198.35874851100002 1.0 0.0
198.846551511 0.0 0.0
199.33435451100002 1.0 1.0
199.822157511 0.0 0.0
200.309960511 1.0 0.0
200.797763511 0.0 0.0
201.285566511 1.0 1.0
201.773369511 0.0 0.0
202.261172511 1.0 0.0
202.748975511 0.0 0.0
203.236778511 1.0 1.0
203.724581511 0.0 0.0
204.212384511 1.0 0.0
204.700187511 0.0 0.0
205.187990511 1.0 1.0
205.675793511 0.0 0.0
206.163596511 1.0 0.0
206.651399511 0.0 0.0
207.139202511 1.0 1.0
207.627005511 0.0 0.0
208.114808511 1.0 0.0
208.602611511 0.0 0.0
209.090414511 1.0 1.0
209.57821751100002 0.0 0.0
210.066020511 1.0 0.0
210.55382351100002 0.0 0.0
211.041626511 1.0 1.0
211.52942951100002 0.0 0.0
212.017232511 1.0 0.0
212.50503551100002 0.0 0.0
212.992838511 1.0 1.0
213.48064151100002 0.0 0.0
213.968444511 1.0 1.0
214.45624751100002 0.0 0.0
214.944050511 0.0 0.0