0.31573417 0.0 0.0
0.8333311699999999 1.0 1.0
1.35092817 0.0 0.0
1.8685251699999998 1.0 0.0
2.38612217 0.0 0.0
2.90371917 1.0 1.0
3.42131617 0.0 0.0
3.93891317 1.0 0.0
4.456510169999999 0.0 0.0
4.974107169999999 1.0 1.0
5.491704169999999 0.0 0.0
6.009301169999999 1.0 0.0
6.526898169999999 0.0 0.0
7.044495169999999 1.0 1.0
7.562092169999999 0.0 0.0
8.079689169999998 1.0 0.0
8.597286169999999 0.0 0.0
9.114883169999999 1.0 0.0
9.63248017 0.0 0.0
10.15007717 1.0 1.0
10.667674169999998 0.0 0.0
11.185271169999998 1.0 0.0
11.702868169999999 0.0 0.0
12.220465169999999 1.0 1.0
12.73806217 0.0 0.0
13.25565917 1.0 0.0
13.773256169999998 0.0 0.0
14.290853169999998 1.0 1.0
14.808450169999999 0.0 0.0
15.326047169999999 1.0 0.0
15.84364417 0.0 0.0
16.36124117 1.0 1.0
16.878838169999998 0.0 0.0
17.39643517 1.0 0.0
17.91403217 0.0 0.0
18.431629169999997 1.0 1.0
18.94922617 0.0 0.0
19.466823169999998 1.0 0.0
19.98442017 0.0 0.0
20.50201717 1.0 1.0
21.019614169999997 0.0 0.0
21.53721117 1.0 0.0
22.054808169999998 0.0 0.0
22.57240517 1.0 1.0
23.090002169999998 0.0 0.0
23.607599169999997 1.0 0.0
24.12519617 0.0 0.0
24.642793169999997 1.0 1.0
25.16039017 0.0 0.0
25.677987169999998 1.0 1.0
26.195584169999997 0.0 0.0
26.71318117 1.0 0.0
27.230778169999997 0.0 0.0
27.74837517 1.0 1.0
28.265972169999998 0.0 0.0
28.78356917 1.0 0.0
29.30116617 0.0 0.0
29.818763169999997 1.0 1.0
30.33636017 0.0 0.0
30.853957169999997 1.0 0.0
31.37155417 0.0 0.0
31.889151169999998 1.0 1.0
32.40674817 0.0 0.0
32.924345169999995 1.0 0.0
33.44194217 0.0 0.0
33.95953917 1.0 1.0
34.477136169999994 0.0 0.0
34.994733169999996 1.0 0.0
35.51233017 0.0 0.0
36.02992717 1.0 1.0
36.54752417 0.0 0.0
37.065121170000005 1.0 0.0
37.58271817 0.0 0.0
38.10031517 1.0 1.0
38.617912170000004 0.0 0.0
39.13550917 1.0 0.0
39.65310617 0.0 0.0
40.17070317 1.0 1.0
40.68830017 0.0 0.0
41.20589717 1.0 0.0
41.72349417 0.0 0.0
42.241091170000004 1.0 1.0
42.75868817 0.0 0.0
43.27628517 1.0 0.0
43.79388217 0.0 0.0
44.31147917 1.0 1.0
44.82907617 0.0 0.0
45.34667317 1.0 0.0
45.864270170000005 0.0 0.0
46.38186717 1.0 1.0
46.89946417 0.0 0.0
47.417061170000004 1.0 0.0
47.93465817 0.0 0.0
48.45225517 1.0 1.0
48.96985217 0.0 0.0
49.48744917 1.0 0.0
50.00504617 0.0 0.0
50.52264317 1.0 1.0
51.040240170000004 0.0 0.0
51.55783717 1.0 0.0
52.07543417 0.0 0.0
52.59303117 1.0 1.0
53.11062817 0.0 0.0
53.62822517 1.0 0.0
54.14582217 0.0 0.0
54.663419170000004 1.0 1.0
55.18101617 0.0 0.0
55.69861317 1.0 0.0
56.216210170000004 0.0 0.0
56.73380717 1.0 1.0
57.25140417 0.0 0.0
57.76900117 1.0 0.0
58.28659817 0.0 0.0
58.80419517 1.0 1.0
59.32179217 0.0 0.0
59.839389170000004 1.0 0.0
60.35698617 0.0 0.0
60.87458317 1.0 1.0
61.39218017 0.0 0.0
61.90977717 1.0 0.0
62.42737417 0.0 0.0
62.94497117 1.0 1.0
63.46256817 0.0 0.0
63.98016517 1.0 0.0
64.49776217 0.0 0.0
65.01535917 1.0 1.0
65.53295617 0.0 0.0
66.05055317 1.0 0.0
66.56815017 0.0 0.0
67.08574717 1.0 1.0
67.60334417 0.0 0.0
68.12094117 1.0 0.0
68.63853817 0.0 0.0
69.15613517 1.0 1.0
69.67373217 0.0 0.0
70.19132917 1.0 0.0
70.70892617 0.0 0.0
71.22652317000001 1.0 1.0
71.74412017 0.0 0.0
72.26171717 1.0 0.0
72.77931417 0.0 0.0
73.29691117 1.0 1.0
73.81450817 0.0 0.0
74.33210517 1.0 0.0
74.84970217 0.0 0.0
75.36729917 1.0 1.0
75.88489617 0.0 0.0
76.40249317 1.0 0.0
76.92009017 0.0 0.0
77.43768717 1.0 1.0
77.95528417 0.0 0.0
78.47288117 1.0 0.0
78.99047817 0.0 0.0
79.50807517 1.0 1.0
80.02567216999999 0.0 0.0
80.54326917 1.0 0.0
81.06086617 0.0 0.0
81.57846317 1.0 1.0
82.09606017 0.0 0.0
82.61365717 1.0 0.0
83.13125417 0.0 0.0
83.64885117 1.0 1.0
84.16644817 0.0 0.0
84.68404517 1.0 0.0
85.20164217 0.0 0.0
85.71923917 1.0 1.0
86.23683617 0.0 0.0
86.75443317 1.0 0.0
87.27203017 0.0 0.0
87.78962717 1.0 1.0
88.30722417 0.0 0.0
88.82482116999999 1.0 0.0
89.34241817 0.0 0.0
89.86001517 1.0 1.0
90.37761217 0.0 0.0
90.89520917 1.0 0.0
91.41280617 0.0 0.0
91.93040317 1.0 1.0
92.44800017 0.0 0.0
92.96559717 1.0 0.0
93.48319417 0.0 0.0
94.00079117 1.0 1.0
94.51838817 0.0 0.0
95.03598517 1.0 0.0
95.55358217 0.0 0.0
96.07117917 1.0 0.0
96.58877617 0.0 0.0
97.10637317 1.0 1.0
97.62397016999999 0.0 0.0
98.14156717 1.0 0.0
98.65916417 0.0 0.0
99.17676117 1.0 1.0
99.69435817 0.0 0.0
100.21195517 1.0 0.0
100.72955217 0.0 0.0
101.24714917 1.0 1.0
101.76474617 0.0 0.0
102.28234317 1.0 0.0
102.79994017 0.0 0.0
103.31753717 1.0 0.0
103.83513417 0.0 0.0
104.35273117 1.0 1.0
104.87032817 0.0 0.0
105.38792517 1.0 0.0
105.90552217 0.0 0.0
106.42311916999999 1.0 1.0
106.94071617 0.0 0.0
107.45831317 1.0 0.0
107.97591017 0.0 0.0
108.49350717 1.0 1.0
109.01110417 0.0 0.0
109.52870117 1.0 0.0
110.04629817 0.0 0.0
110.56389517 1.0 1.0
111.08149217 0.0 0.0
111.59908917 1.0 0.0
112.11668617 0.0 0.0
112.63428317 1.0 1.0
113.15188017 0.0 0.0
113.66947717 1.0 0.0
114.18707417 0.0 0.0
114.70467117 1.0 1.0
115.22226816999999 0.0 0.0
115.73986517 1.0 0.0
116.25746217 0.0 0.0
116.77505916999999 1.0 1.0
117.29265617 0.0 0.0
117.81025317 1.0 0.0
118.32785017 0.0 0.0
118.84544717 1.0 1.0
119.36304417 0.0 0.0
119.88064117 1.0 0.0
120.39823817 0.0 0.0
120.91583517 1.0 1.0
121.43343217 0.0 0.0
121.95102917 1.0 0.0
122.46862617 0.0 0.0
122.98622317 1.0 1.0
123.50382017 0.0 0.0
124.02141716999999 1.0 0.0
124.53901417 0.0 0.0
125.05661117 1.0 1.0
125.57420816999999 0.0 0.0
126.09180517 1.0 0.0
126.60940217 0.0 0.0
127.12699917 1.0 1.0
127.64459617 0.0 0.0
128.16219317 1.0 0.0
128.67979017 0.0 0.0
129.19738716999998 1.0 1.0
129.71498417 0.0 0.0
130.23258117 1.0 0.0
130.75017817 0.0 0.0
131.26777517 1.0 1.0
131.78537217 0.0 0.0
132.30296917 1.0 0.0
132.82056617 0.0 0.0
133.33816317 1.0 1.0
133.85576017 0.0 0.0
134.37335717 1.0 0.0
134.89095417 0.0 0.0
135.40855117 1.0 1.0
135.92614817 0.0 0.0
136.44374517 1.0 0.0
136.96134217 0.0 0.0
137.47893917 1.0 1.0
137.99653616999998 0.0 0.0
138.51413317 1.0 0.0
139.03173017 0.0 0.0
139.54932717 1.0 1.0
140.06692417 0.0 0.0
140.58452117 1.0 0.0
141.10211817 0.0 0.0
141.61971517 1.0 1.0
142.13731217 0.0 0.0
142.65490917000002 1.0 0.0
143.17250617000002 0.0 0.0
143.69010317000001 1.0 1.0
144.20770017 0.0 0.0
144.72529717 1.0 0.0
145.24289417 0.0 0.0
145.76049117000002 1.0 1.0
146.27808817000002 0.0 0.0
146.79568517 1.0 0.0
147.31328217 0.0 0.0
147.83087917 1.0 1.0
148.34847617000003 0.0 0.0
148.86607317000002 1.0 0.0
149.38367017000002 0.0 0.0
149.90126717 1.0 1.0
150.41886417 0.0 0.0
150.93646117 1.0 0.0
151.45405817000002 0.0 0.0
151.97165517000002 1.0 1.0
152.48925217000001 0.0 0.0
153.00684917 1.0 0.0
153.52444617 0.0 0.0
154.04204317 1.0 1.0
154.55964017000002 0.0 0.0
155.07723717000002 1.0 0.0
155.59483417 0.0 0.0
156.11243117 1.0 1.0
156.63002817 0.0 0.0
157.14762517000003 1.0 0.0
157.66522217000002 0.0 0.0
158.18281917000002 1.0 1.0
158.70041617 0.0 0.0
159.21801317 1.0 0.0
159.73561017 0.0 0.0
160.25320717000002 1.0 1.0
160.77080417000002 0.0 0.0
161.28840117000001 1.0 0.0
161.80599817 0.0 0.0
162.32359517 1.0 1.0
162.84119217 0.0 0.0
163.35878917000002 1.0 0.0
163.87638617000002 0.0 0.0
164.39398317 1.0 1.0
164.91158017 0.0 0.0
165.42917717 1.0 0.0
165.94677417000003 0.0 0.0
166.46437117000002 1.0 1.0
166.98196817000002 0.0 0.0
167.49956517 1.0 0.0
168.01716217 0.0 0.0
168.53475917 1.0 1.0
169.05235617000002 0.0 0.0
169.56995317000002 1.0 0.0
170.08755017000001 0.0 0.0
170.60514717 1.0 1.0
171.12274417 0.0 0.0
171.64034117 1.0 0.0
172.15793817000002 0.0 0.0
172.67553517000002 1.0 1.0
173.19313217 0.0 0.0
173.71072917 1.0 0.0
174.22832617 0.0 0.0
174.74592317000003 1.0 1.0
175.26352017000002 0.0 0.0
175.78111717000002 1.0 0.0
176.29871417 0.0 0.0
176.81631117 1.0 1.0
177.33390817 0.0 0.0
177.85150517000002 1.0 0.0
178.36910217000002 0.0 0.0
178.88669917 1.0 1.0
179.40429617 0.0 0.0
179.92189317 0.0 0.0
180.43949017 1.0 1.0
180.95708717000002 0.0 0.0
181.47468417000002 1.0 0.0
181.99228117 0.0 0.0
182.50987817 1.0 1.0
183.02747517 0.0 0.0
183.54507217 1.0 0.0
184.06266917000002 0.0 0.0
184.58026617000002 1.0 1.0
185.09786317 0.0 0.0
185.61546017 1.0 0.0
186.13305717 0.0 0.0
186.65065417000002 1.0 0.0