0.140192289 1.0 0.0
0.7171152889999999 0.0 0.0
1.2940382889999997 1.0 1.0
1.8709612889999996 0.0 0.0
2.447884289 1.0 0.0
3.024807289 0.0 0.0
3.6017302890000003 1.0 0.0
4.178653289 0.0 0.0
4.755576289 1.0 1.0
5.332499289 0.0 0.0
5.909422289 1.0 0.0
6.486345289 0.0 0.0
7.063268289 1.0 1.0
7.640191289 0.0 0.0
8.217114289 1.0 0.0
8.794037289 0.0 0.0
9.370960289 1.0 1.0
9.947883288999998 0.0 0.0
10.524806288999999 1.0 0.0
11.101729288999998 0.0 0.0
11.678652288999999 1.0 1.0
12.255575288999998 0.0 0.0
12.832498288999998 1.0 0.0
13.409421288999997 0.0 0.0
13.986344288999998 1.0 1.0
14.563267288999999 0.0 0.0
15.140190288999998 1.0 0.0
15.717113288999998 0.0 0.0
16.294036288999997 1.0 1.0
16.870959288999998 0.0 0.0
17.447882289 1.0 0.0
18.024805288999996 0.0 0.0
18.601728289 1.0 1.0
19.178651289 0.0 0.0
19.755574289 1.0 0.0
20.332497289 0.0 0.0
20.909420288999996 1.0 1.0
21.486343288999997 0.0 0.0
22.063266288999998 1.0 0.0
22.640189289 0.0 0.0
23.217112288999996 1.0 1.0
23.794035288999996 0.0 0.0
24.370958288999997 1.0 0.0
24.947881288999998 0.0 0.0
25.524804289 1.0 1.0
26.101727288999996 0.0 0.0
26.678650288999997 1.0 0.0
27.255573288999997 0.0 0.0
27.832496288999998 1.0 1.0
28.409419288999995 0.0 0.0
28.986342288999996 1.0 1.0
29.563265288999997 0.0 0.0
30.140188288999997 1.0 0.0
30.717111288999998 0.0 0.0
31.294034288999995 1.0 1.0
31.870957288999996 0.0 0.0
32.447880289 1.0 0.0
33.024803289 0.0 0.0
33.601726289 1.0 1.0
34.178649289 0.0 0.0
34.755572289 1.0 0.0
35.33249528899999 0.0 0.0
35.909418288999994 1.0 1.0
36.486341288999995 0.0 0.0
37.063264288999996 1.0 0.0
37.640187288999996 0.0 0.0
38.217110289 1.0 1.0
38.794033289 0.0 0.0
39.370956289 1.0 0.0
39.94787928899999 0.0 0.0
40.52480228899999 1.0 1.0
41.101725288999994 0.0 0.0
41.678648288999995 1.0 0.0
42.255571288999995 0.0 0.0
42.832494288999996 1.0 1.0
43.409417289 0.0 0.0
43.986340289 1.0 0.0
44.563263289 0.0 0.0
45.14018628899999 1.0 1.0
45.71710928899999 0.0 0.0
46.29403228899999 1.0 0.0
46.870955288999994 0.0 0.0
47.447878288999995 1.0 1.0
48.024801288999996 0.0 0.0
48.601724288999996 1.0 0.0
49.178647289 0.0 0.0
49.755570289 1.0 1.0
50.33249328899999 0.0 0.0
50.90941628899999 1.0 0.0
51.48633928899999 0.0 0.0
52.063262288999994 1.0 1.0
52.640185288999994 0.0 0.0
53.217108288999995 1.0 0.0
53.794031288999996 0.0 0.0
54.370954289 1.0 1.0
54.947877289 0.0 0.0
55.52480028899999 1.0 0.0
56.10172328899999 0.0 0.0
56.67864628899999 1.0 1.0
57.25556928899999 0.0 0.0
57.832492288999994 1.0 0.0
58.409415288999995 0.0 0.0
58.986338288999995 1.0 1.0
59.563261288999996 0.0 0.0
60.140184289 1.0 0.0
60.71710728899999 0.0 0.0
61.29403028899999 1.0 1.0
61.87095328899999 0.0 0.0
62.44787628899999 1.0 0.0
63.02479928899999 0.0 0.0
63.601722288999994 1.0 1.0
64.17864528899999 0.0 0.0
64.755568289 1.0 0.0
65.33249128899999 0.0 0.0
65.909414289 1.0 1.0
66.48633728899999 0.0 0.0
67.063260289 1.0 0.0
67.64018328899999 0.0 0.0
68.217106289 1.0 1.0
68.794029289 0.0 0.0
69.37095228899999 1.0 0.0
69.947875289 0.0 0.0
70.52479828899999 1.0 1.0
71.101721289 0.0 0.0
71.67864428899999 1.0 0.0
72.255567289 0.0 0.0
72.83249028899999 1.0 1.0
73.409413289 0.0 0.0
73.986336289 1.0 0.0
74.56325928899999 0.0 0.0
75.140182289 1.0 1.0
75.71710528899999 0.0 0.0
76.294028289 1.0 0.0
76.87095128899999 0.0 0.0
77.447874289 1.0 1.0
78.02479728899999 0.0 0.0
78.601720289 1.0 0.0
79.178643289 0.0 0.0
79.75556628899999 1.0 1.0
80.332489289 0.0 0.0
80.90941228899999 1.0 0.0
81.486335289 0.0 0.0
82.06325828899999 1.0 1.0
82.640181289 0.0 0.0
83.21710428899999 1.0 0.0
83.794027289 0.0 0.0
84.37095028899999 1.0 1.0
84.94787328899999 0.0 0.0
85.524796289 1.0 0.0
86.10171928899999 0.0 0.0
86.678642289 1.0 1.0
87.25556528899999 0.0 0.0
87.832488289 1.0 0.0
88.40941128899999 0.0 0.0
88.986334289 1.0 1.0
89.56325728899999 0.0 0.0
90.14018028899999 1.0 0.0
90.717103289 0.0 0.0
91.29402628899999 1.0 1.0
91.870949289 0.0 0.0
92.44787228899999 1.0 0.0
93.024795289 0.0 0.0
93.60171828899999 1.0 1.0
94.178641289 0.0 0.0
94.75556428899999 1.0 0.0
95.33248728899999 0.0 0.0
95.909410289 1.0 1.0
96.48633328899999 0.0 0.0
97.063256289 1.0 0.0
97.64017928899999 0.0 0.0
98.217102289 1.0 1.0
98.79402528899999 0.0 0.0
99.370948289 1.0 0.0
99.94787128899999 0.0 0.0
100.52479428899998 1.0 1.0
101.10171728899999 0.0 0.0
101.67864028899999 1.0 0.0
102.255563289 0.0 0.0
102.83248628899999 1.0 1.0
103.409409289 0.0 0.0
103.98633228899999 1.0 0.0
104.563255289 0.0 0.0
105.14017828899999 1.0 1.0
105.71710128899998 0.0 0.0
106.29402428899999 1.0 0.0
106.87094728899999 0.0 0.0
107.447870289 1.0 1.0
108.02479328899999 0.0 0.0
108.601716289 1.0 0.0
109.17863928899999 0.0 0.0
109.755562289 1.0 1.0
110.33248528899999 0.0 0.0
110.90940828899998 1.0 0.0
111.48633128899999 0.0 0.0
112.06325428899999 1.0 1.0
112.640177289 0.0 0.0
113.21710028899999 1.0 0.0
113.794023289 0.0 0.0
114.37094628899999 1.0 1.0
114.947869289 0.0 0.0
115.52479228899999 1.0 0.0
116.10171528899998 0.0 0.0
116.67863828899999 1.0 1.0
117.25556128899998 0.0 0.0
117.83248428899999 1.0 0.0
118.40940728899999 0.0 0.0
118.986330289 1.0 1.0
119.56325328899999 0.0 0.0
120.140176289 1.0 0.0
120.71709928899999 0.0 0.0
121.29402228899998 1.0 1.0
121.87094528899999 0.0 0.0
122.44786828899998 1.0 0.0
123.02479128899999 0.0 0.0
123.60171428899999 1.0 1.0
124.178637289 0.0 0.0
124.75556028899999 1.0 0.0
125.332483289 0.0 0.0
125.90940628899999 1.0 1.0
126.48632928899998 0.0 0.0
127.06325228899999 1.0 0.0
127.64017528899998 0.0 0.0
128.21709828899998 1.0 1.0
128.794021289 0.0 0.0
129.370944289 1.0 0.0
129.947867289 0.0 0.0
130.52479028899998 1.0 1.0
131.10171328899997 0.0 0.0
131.678636289 1.0 0.0
132.255559289 0.0 0.0
132.83248228899998 1.0 1.0
133.40940528899998 0.0 0.0
133.986328289 1.0 0.0
134.563251289 0.0 0.0
135.140174289 1.0 1.0
135.71709728899998 0.0 0.0
136.29402028899997 1.0 0.0
136.870943289 0.0 0.0
137.447866289 1.0 1.0
138.02478928899998 0.0 0.0
138.60171228899998 1.0 0.0
139.178635289 0.0 0.0
139.755558289 1.0 1.0
140.332481289 0.0 0.0
140.90940428899998 1.0 0.0
141.48632728899997 0.0 0.0
142.063250289 1.0 1.0
142.640173289 0.0 0.0
143.21709628899998 1.0 0.0
143.79401928899998 0.0 0.0
144.370942289 1.0 1.0
144.947865289 0.0 0.0
145.52478828899999 1.0 0.0
146.10171128899998 0.0 0.0
146.67863428899997 1.0 1.0
147.255557289 0.0 0.0
147.832480289 1.0 0.0
148.40940328899998 0.0 0.0
148.98632628899998 1.0 1.0
149.563249289 0.0 0.0
150.140172289 1.0 0.0
150.71709528899999 0.0 0.0
151.29401828899998 1.0 1.0
151.87094128899997 0.0 0.0
152.447864289 1.0 0.0
153.024787289 0.0 0.0
153.60171028899998 1.0 1.0
154.17863328899998 0.0 0.0
154.755556289 1.0 0.0
155.332479289 0.0 0.0
155.90940228899998 1.0 1.0
156.48632528899998 0.0 0.0
157.06324828899997 1.0 0.0
157.64017128899997 0.0 0.0
158.21709428899996 1.0 1.0
158.79401728899998 0.0 0.0
159.37094028899998 1.0 0.0
159.94786328899997 0.0 0.0
160.52478628899996 1.0 1.0
161.10170928899996 0.0 0.0
161.67863228899998 1.0 0.0
162.25555528899997 0.0 0.0
162.83247828899997 1.0 1.0
163.40940128899996 0.0 0.0
163.98632428899998 1.0 0.0
164.56324728899997 0.0 0.0
165.14017028899997 1.0 1.0
165.71709328899996 0.0 0.0
166.29401628899996 1.0 0.0
166.87093928899998 0.0 0.0
167.44786228899997 1.0 1.0
168.02478528899996 0.0 0.0
168.60170828899996 1.0 0.0
169.17863128899998 0.0 0.0
169.75555428899997 1.0 1.0
170.33247728899997 0.0 0.0
170.90940028899996 1.0 0.0
171.48632328899996 0.0 0.0
172.06324628899998 1.0 1.0
172.64016928899997 0.0 0.0
173.21709228899996 1.0 0.0
173.79401528899996 0.0 0.0
174.37093828899998 1.0 1.0
174.94786128899997 0.0 0.0
175.52478428899997 1.0 0.0
176.10170728899996 0.0 0.0
176.67863028899995 1.0 1.0
177.25555328899998 0.0 0.0
177.83247628899997 1.0 0.0
178.40939928899996 0.0 0.0
178.98632228899996 1.0 1.0
179.56324528899998 0.0 0.0
180.14016828899997 1.0 0.0
180.71709128899997 0.0 0.0
181.29401428899996 1.0 1.0
181.87093728899995 0.0 0.0
182.44786028899998 1.0 0.0
183.02478328899997 0.0 0.0
183.60170628899996 1.0 1.0
184.17862928899996 0.0 0.0
184.75555228899998 1.0 0.0
185.33247528899997 0.0 0.0
185.90939828899997 1.0 1.0
186.48632128899996 0.0 0.0
187.06324428899995 1.0 0.0
187.64016728899998 0.0 0.0
188.21709028899997 1.0 1.0
188.79401328899996 0.0 0.0
189.37093628899996 1.0 0.0
189.94785928899998 0.0 0.0
190.52478228899997 1.0 1.0
191.10170528899997 0.0 0.0
191.67862828899996 1.0 0.0
192.25555128899995 0.0 0.0
192.83247428899998 1.0 1.0
193.40939728899997 0.0 0.0
193.98632028899996 1.0 0.0
194.56324328899996 0.0 0.0
195.14016628899998 1.0 1.0
195.71708928899997 0.0 0.0
196.29401228899997 1.0 0.0
196.87093528899996 0.0 0.0
197.44785828899995 1.0 1.0
198.02478128899998 0.0 0.0
198.60170428899997 1.0 0.0
199.17862728899996 0.0 0.0
199.75555028899996 1.0 1.0
200.33247328899998 0.0 0.0
200.90939628899997 1.0 0.0
201.48631928899997 0.0 0.0
202.06324228899996 1.0 1.0
202.64016528899995 0.0 0.0
203.21708828899997 1.0 0.0
203.79401128899997 0.0 0.0
204.37093428899996 1.0 1.0
204.94785728899996 0.0 0.0
205.52478028899998 1.0 0.0
206.10170328899997 0.0 0.0
206.67862628899996 1.0 1.0
207.25554928899996 0.0 0.0
207.83247228899995 1.0 0.0
208.40939528899997 0.0 0.0
208.98631828899997 1.0 1.0
209.56324128899996 0.0 0.0
210.14016428899996 1.0 0.0
210.71708728899998 0.0 0.0
211.29401028899997 1.0 1.0
211.87093328899996 0.0 0.0
212.44785628899996 1.0 0.0
213.02477928899995 0.0 0.0
213.60170228899997 1.0 1.0
214.17862528899997 0.0 0.0
214.75554828899996 1.0 0.0
215.33247128899995 0.0 0.0
215.90939428899998 1.0 1.0
216.48631728899997 0.0 0.0
217.06324028899996 1.0 0.0
217.64016328899996 0.0 0.0
218.21708628899995 1.0 1.0
218.79400928899997 0.0 0.0
219.37093228899997 1.0 0.0
219.94785528899996 0.0 0.0
220.52477828899995 1.0 1.0
221.10170128899998 0.0 0.0
221.67862428899997 1.0 0.0
222.25554728899996 0.0 0.0
222.83247028899996 1.0 1.0
223.40939328899995 0.0 0.0
223.98631628899997 1.0 0.0
224.56323928899997 0.0 0.0
225.14016228899996 1.0 1.0
225.71708528899995 0.0 0.0
226.29400828899998 1.0 0.0
226.87093128899997 0.0 0.0
227.44785428899996 1.0 1.0
228.02477728899996 0.0 0.0
228.60170028899995 1.0 0.0
229.17862328899997 0.0 0.0
229.75554628899997 1.0 1.0
230.33246928899996 0.0 0.0
230.90939228899995 1.0 0.0
231.48631528899998 0.0 0.0
232.06323828899997 1.0 1.0
232.64016128899996 0.0 0.0
233.21708428899996 1.0 0.0
233.79400728899995 0.0 0.0
234.37093028899997 1.0 1.0
234.94785328899997 0.0 0.0
235.52477628899996 0.0 0.0
236.10169928899995 1.0 1.0
236.67862228899997 0.0 0.0
237.25554528899997 0.0 0.0