1.71	2.0
2.44	3.0
3.19	4.0
3.95	1.0
4.69	2.0
5.44	3.0
6.14	4.0
6.92	1.0
7.63	2.0
8.34	3.0
9.07	4.0
9.84	1.0
10.53	2.0
11.3	3.0
12.01	4.0
12.76	1.0
13.49	2.0
14.18	3.0
14.94	4.0
15.66	1.0
16.42	2.0
17.2	3.0
17.93	4.0
18.7	1.0
19.49	2.0
20.21	3.0
20.98	4.0
21.76	1.0
22.48	2.0
23.22	3.0
23.92	4.0
24.66	1.0
25.38	2.0
26.14	3.0
26.87	4.0
27.58	1.0
28.32	2.0
29.02	3.0
29.76	4.0
30.45	1.0
31.15	2.0
31.82	3.0
32.54	4.0
33.26	1.0
33.99	2.0
34.71	3.0
35.49	4.0
36.27	1.0
36.98	2.0
37.72	3.0
38.46	4.0
39.21	1.0
39.92	2.0
40.69	3.0
41.47	4.0
42.2	1.0
42.85	2.0
43.56	3.0
44.32	4.0
45.08	1.0
45.82	2.0
46.61	3.0
47.38	4.0
48.07	1.0
48.78	2.0
49.45	3.0
50.18	4.0
50.96	1.0
51.69	2.0
52.44	3.0
53.19	4.0
53.91	1.0
54.62	2.0
55.37	3.0
56.11	4.0
56.8	1.0
57.57	2.0
58.26	3.0
58.99	4.0
59.72	1.0
60.48	2.0
61.22	3.0
61.95	4.0
62.71	1.0
63.44	2.0
64.2	3.0
64.91	4.0
65.67	1.0
66.36	2.0
67.09	3.0
67.86	4.0
68.56	1.0
69.3	2.0
70.02	3.0
70.76	4.0
71.49	1.0
72.25	2.0
72.97	3.0
73.75	4.0
74.44	1.0
75.2	2.0
75.9	3.0
76.67	4.0
77.43	1.0
78.33	2.0
79.28	3.0
80.24	4.0
81.23	1.0
81.98	2.0
82.7	3.0
83.4	4.0
84.17	1.0
84.88	2.0
85.59	3.0
86.33	4.0
87.1	1.0
87.82	2.0
88.55	3.0
89.29	4.0
90.06	1.0
90.77	2.0
91.51	3.0
92.26	4.0
92.95	1.0
93.65	2.0
94.36	3.0
95.11	4.0
95.89	1.0
96.65	2.0
97.42	3.0
98.18	4.0
98.95	1.0
99.66	2.0
100.35	3.0
101.06	4.0
101.77	1.0
102.47	2.0
103.22	3.0
104.01	4.0
104.78	1.0
105.47	2.0
106.16	3.0
106.91	4.0
107.66	1.0
108.37	2.0
109.09	3.0
109.86	4.0
110.61	1.0
111.31	2.0
112.05	3.0
112.79	4.0
113.56	1.0
114.28	2.0
115.05	3.0
115.75	4.0
116.48	1.0
117.21	2.0
117.97	3.0
118.66	4.0
119.43	1.0
120.15	2.0
120.87	3.0
121.59	4.0
122.29	1.0
123.03	2.0
123.75	3.0
124.49	4.0
125.32	1.0
126.07	2.0
126.88	3.0
127.75	4.0
128.59	1.0
129.44	2.0
130.32	3.0
131.11	4.0
131.85	1.0
132.67	2.0
133.41	3.0
134.19	4.0
134.92	1.0
135.63	2.0
136.36	3.0
137.07	4.0
137.84	1.0
138.54	2.0
139.33	3.0
140.08	4.0
140.85	1.0
141.52	2.0
142.22	3.0
142.94	4.0
143.7	1.0
144.45	2.0
145.16	3.0
145.9	4.0
146.68	1.0
147.41	2.0
148.12	3.0
148.87	4.0
149.63	1.0
150.36	2.0
151.15	3.0
151.89	4.0
152.61	1.0
153.28	2.0
154.01	3.0
154.72	4.0
155.47	1.0
156.17	2.0
156.93	3.0
157.64	4.0
158.39	1.0
159.17	2.0
159.92	3.0
160.65	4.0
161.41	1.0
162.16	2.0
162.85	3.0
163.59	4.0
164.35	1.0
165.03	2.0
165.75	3.0
166.44	4.0
167.19	1.0
167.97	2.0
168.73	3.0
169.47	4.0
170.18	1.0
170.9	2.0
171.63	3.0
172.4	4.0
173.13	1.0
173.87	2.0
174.58	3.0
175.32	4.0
176.11	1.0
176.97	2.0
177.89	3.0
178.77	4.0
179.6	1.0
180.41	2.0
181.22	3.0
182.03	4.0
182.85	1.0
183.64	2.0
184.4	3.0
185.09	4.0
185.76	1.0
186.44	2.0
187.12	3.0
187.82	4.0
188.55	1.0
189.26	2.0
190.02	3.0
190.75	4.0
191.49	1.0
192.2	2.0
192.91	3.0
193.69	4.0
194.44	1.0
195.21	2.0
195.94	3.0
196.65	4.0
197.36	1.0
198.09	2.0
198.83	3.0
199.6	4.0
200.35	1.0
201.05	2.0
201.81	3.0
202.57	4.0
203.31	1.0
204.02	2.0
204.75	3.0
205.47	4.0
206.23	1.0
206.92	2.0
207.65	3.0
208.41	4.0
209.15	1.0
209.86	2.0
210.6	3.0
211.32	4.0
212.1	1.0
212.83	2.0
213.59	3.0
214.38	4.0
215.13	1.0
215.79	2.0
216.49	3.0
217.23	4.0
217.94	1.0
218.7	2.0
219.41	3.0
220.17	4.0
220.93	1.0
221.63	2.0
222.38	3.0
223.15	4.0
223.86	1.0
224.63	2.0
225.33	3.0
226.02	4.0
226.72	1.0
227.46	2.0
228.11	3.0
228.76	4.0
229.48	1.0
230.21	2.0
230.94	3.0
231.7	4.0
232.47	1.0
233.23	2.0
234.0	3.0
234.78	4.0
235.54	1.0
236.29	2.0
236.98	3.0
237.7	4.0
238.42	1.0
239.15	2.0
239.94	3.0
240.69	4.0
241.5	1.0
242.27	2.0
243.07	3.0
243.74	4.0
244.36	1.0
245.01	2.0
245.68	3.0
246.36	4.0
247.07	1.0
247.8	2.0
248.51	3.0
249.27	4.0
250.07	1.0
250.8	2.0
251.49	3.0
252.22	4.0
252.99	1.0
253.68	2.0
254.46	3.0
255.16	4.0
255.94	1.0
256.68	2.0
257.38	3.0
258.15	4.0
258.88	1.0
259.7	2.0
260.5	3.0
261.26	4.0
262.05	1.0
262.86	2.0
