0.381950532 1.0 1.0
1.113656532 0.0 0.0
1.8453625320000004 1.0 0.0
2.577068532 0.0 0.0
3.308774532 1.0 1.0
4.040480532 0.0 0.0
4.772186532 1.0 0.0
5.503892532 0.0 0.0
6.235598532 1.0 1.0
6.967304532000001 0.0 0.0
7.699010532000001 1.0 0.0
8.430716532000002 0.0 0.0
9.162422532 1.0 1.0
9.894128532000002 0.0 0.0
10.625834532 1.0 0.0
11.357540532000002 0.0 0.0
12.089246531999999 1.0 1.0
12.820952532 0.0 0.0
13.552658532 1.0 0.0
14.284364532 0.0 0.0
15.016070532 1.0 1.0
15.747776532 0.0 0.0
16.479482532 1.0 0.0
17.211188532 0.0 0.0
17.942894532 1.0 1.0
18.674600532 0.0 0.0
19.406306532 1.0 0.0
20.138012532 0.0 0.0
20.869718532 1.0 1.0
21.601424532 0.0 0.0
22.333130532 1.0 0.0
23.064836532 0.0 0.0
23.796542532 1.0 1.0
24.528248532 0.0 0.0
25.259954532 1.0 0.0
25.991660531999997 0.0 0.0
26.723366531999996 1.0 1.0
27.455072532 0.0 0.0
28.186778531999998 1.0 0.0
28.924342862499998 0.0 0.0
29.688457516 1.0 1.0
30.460160516000002 0.0 0.0
31.212074653416664 1.0 0.0
31.946018653416665 0.0 0.0
32.679962653416666 1.0 1.0
33.41390665341667 0.0 0.0
34.14785065341667 1.0 0.0
34.88179465341667 0.0 0.0
35.61573865341667 1.0 1.0
36.349682653416664 0.0 0.0
37.083626653416665 1.0 0.0
37.81757065341667 0.0 0.0
38.55151465341667 1.0 1.0
39.28545865341667 0.0 0.0
40.01940265341667 1.0 0.0
40.75334665341667 0.0 0.0
41.487290653416665 1.0 1.0
42.22123465341667 0.0 0.0
42.95517865341667 1.0 0.0
43.68912265341667 0.0 0.0
44.42306665341667 1.0 1.0
45.15701065341667 0.0 0.0
45.89095465341667 1.0 0.0
46.624898653416665 0.0 0.0
47.35884265341667 1.0 1.0
48.092786653416674 0.0 0.0
48.826730653416675 1.0 0.0
49.560674653416676 0.0 0.0
50.29461865341668 1.0 1.0
51.02856265341667 0.0 0.0
51.76250665341668 1.0 0.0
52.49645065341667 0.0 0.0
53.230394653416674 1.0 1.0
53.964338653416675 0.0 0.0
54.698282653416676 1.0 0.0
55.43222665341668 0.0 0.0
56.16617065341668 1.0 1.0
56.90011465341668 0.0 0.0
57.63405865341667 1.0 0.0
58.36800265341668 0.0 0.0
59.101946653416675 1.0 1.0
59.835890653416676 0.0 0.0
60.56983465341668 1.0 0.0
61.30377865341668 0.0 0.0
62.03772265341668 1.0 1.0
62.77166665341667 0.0 0.0
63.50561065341668 1.0 0.0
64.23955465341668 0.0 0.0
64.97349865341667 1.0 1.0
65.70744265341668 0.0 0.0
66.44138665341669 1.0 0.0
67.17533065341668 0.0 0.0
67.90927465341667 1.0 1.0
68.64321865341668 0.0 0.0
69.37716265341669 1.0 0.0
70.11110665341667 0.0 0.0
70.84505065341668 1.0 1.0
71.57899465341669 0.0 0.0
72.31293865341668 1.0 0.0
73.04688265341667 0.0 0.0
73.78082665341668 1.0 0.0
74.51477065341669 0.0 0.0
75.24871465341668 1.0 1.0
75.98265865341668 0.0 0.0
76.71660265341669 1.0 0.0
77.45054665341668 0.0 0.0
78.18449065341667 1.0 1.0
78.91843465341668 0.0 0.0
79.65702482141668 1.0 0.0
80.43963911875002 0.0 0.0
81.23963911875002 1.0 1.0
82.00433218675002 0.0 0.0
82.73827618675001 1.0 0.0
83.47222018675002 0.0 0.0
84.20616418675002 1.0 1.0
84.94010818675001 0.0 0.0
85.67405218675002 1.0 0.0
86.40799618675001 0.0 0.0
87.14194018675002 1.0 1.0
87.87588418675001 0.0 0.0
88.60982818675002 1.0 0.0
89.34377218675002 0.0 0.0
90.07771618675002 1.0 1.0
90.81166018675002 0.0 0.0
91.54560418675001 1.0 0.0
92.27954818675002 0.0 0.0
93.01349218675001 1.0 1.0
93.74743618675002 0.0 0.0
94.48138018675 1.0 0.0
95.21532418675001 0.0 0.0
95.94926818675 1.0 1.0
96.68321218675001 0.0 0.0
97.41715618675 1.0 0.0
98.15110018675 0.0 0.0
98.88504418675001 1.0 1.0
99.61898818675002 0.0 0.0
100.35293218675001 1.0 0.0
101.08687618675 0.0 0.0
101.82082018675001 1.0 1.0
102.55476418675 0.0 0.0
103.28870818675001 1.0 0.0
104.02265218675001 0.0 0.0
104.75659618675002 1.0 1.0
105.49054018675001 0.0 0.0
106.22448418675 1.0 0.0
106.95842818675001 0.0 0.0
107.69237218675 1.0 1.0
108.42631618675001 0.0 0.0
109.16026018675001 1.0 0.0
109.89420418675002 0.0 0.0
110.62814818675001 1.0 1.0
111.36209218675 0.0 0.0
112.09603618675001 1.0 0.0
112.82998018675002 0.0 0.0
113.56392418675001 1.0 1.0
114.29786818675001 0.0 0.0
115.03181218675002 1.0 0.0
115.76575618675001 0.0 0.0
116.49970018675 1.0 1.0
117.23364418675001 0.0 0.0
117.96758818675002 1.0 0.0
118.70153218675001 0.0 0.0
119.43547618675001 1.0 1.0
120.16942018675002 0.0 0.0
120.90336418675001 1.0 0.0
121.63730818675 0.0 0.0
122.37125218675001 1.0 1.0
123.10519618675002 0.0 0.0
123.83914018675002 1.0 0.0
124.57308418675001 0.0 0.0
125.30702818675002 1.0 1.0
126.04097218675003 0.0 0.0
126.77491618675002 1.0 0.0
127.51869915491669 0.0 0.0
128.29475126308336 1.0 1.0
129.07906426308335 0.0 0.0
129.83624516175 1.0 0.0
130.57018916175002 0.0 0.0
131.30413316175003 1.0 1.0
132.03807716175004 0.0 0.0
132.77202116175002 1.0 0.0
133.50596516175003 0.0 0.0
134.23990916175003 1.0 1.0
134.97385316175001 0.0 0.0
135.70779716175002 1.0 0.0
136.44174116175003 0.0 0.0
137.17568516175004 1.0 1.0
137.90962916175002 0.0 0.0
138.64357316175003 1.0 0.0
139.37751716175003 0.0 0.0
140.11146116175004 1.0 1.0
140.84540516175002 0.0 0.0
141.57934916175003 1.0 0.0
142.31329316175004 0.0 0.0
143.04723716175002 1.0 1.0
143.78118116175003 0.0 0.0
144.51512516175003 1.0 0.0
145.24906916175001 0.0 0.0
145.98301316175002 1.0 1.0
146.71695716175003 0.0 0.0
147.45090116175004 1.0 0.0
148.18484516175002 0.0 0.0
148.91878916175003 1.0 1.0
149.65273316175004 0.0 0.0
150.38667716175004 1.0 0.0
151.12062116175002 0.0 0.0
151.85456516175003 1.0 1.0
152.58850916175004 0.0 0.0
153.32245316175005 1.0 0.0
154.05639716175003 0.0 0.0
154.79034116175004 1.0 1.0
155.52428516175004 0.0 0.0
156.25822916175002 1.0 0.0
156.99217316175003 0.0 0.0
157.72611716175004 1.0 1.0
158.46006116175005 0.0 0.0
159.19400516175003 1.0 0.0
159.92794916175004 0.0 0.0
160.66189316175004 1.0 1.0
161.39583716175002 0.0 0.0
162.12978116175003 1.0 0.0
162.86372516175004 0.0 0.0
163.59766916175005 1.0 1.0
164.33161316175003 0.0 0.0
165.06555716175004 1.0 0.0
165.79950116175004 0.0 0.0
166.53344516175002 1.0 1.0
167.26738916175003 0.0 0.0
168.00133316175004 1.0 0.0
168.73527716175005 0.0 0.0
169.46922116175003 1.0 1.0
170.20316516175004 0.0 0.0
170.93710916175004 1.0 0.0
171.67105316175002 0.0 0.0
172.40499716175003 1.0 1.0
173.13894116175004 0.0 0.0
173.87288516175005 1.0 0.0
174.60682916175003 0.0 0.0
175.34077316175004 1.0 1.0
176.07471716175004 0.0 0.0
176.80866116175002 1.0 0.0
177.54260516175003 0.0 0.0
178.27654916175004 1.0 0.0
179.01049316175005 0.0 0.0
179.74443716175006 1.0 1.0
180.47838116175004 0.0 0.0
181.21232516175004 1.0 0.0
181.94626916175005 0.0 0.0
182.68021316175003 1.0 1.0
183.41415716175004 0.0 0.0
184.14810116175005 1.0 0.0
184.88204516175006 0.0 0.0
185.61598916175004 1.0 1.0
186.34993316175004 0.0 0.0
187.08387716175005 1.0 0.0
187.81782116175003 0.0 0.0
188.55176516175004 1.0 1.0
189.28570916175005 0.0 0.0
190.01965316175006 1.0 0.0
190.75359716175004 0.0 0.0
191.48754116175004 1.0 1.0
192.22148516175005 0.0 0.0
192.95542916175003 1.0 0.0
193.68937316175004 0.0 0.0
194.42331716175005 1.0 1.0
195.15726116175006 0.0 0.0
195.89120516175007 1.0 0.0
196.62514916175004 0.0 0.0
197.35909316175005 1.0 1.0
198.09303716175003 0.0 0.0
198.82698116175004 1.0 0.0
199.56092516175005 0.0 0.0
200.29486916175006 1.0 1.0
201.02881316175007 0.0 0.0
201.76275716175005 1.0 0.0
202.49670116175005 0.0 0.0
203.23064516175003 1.0 1.0
203.96458916175004 0.0 0.0
204.69853316175005 1.0 0.0
205.43247716175006 0.0 0.0
206.16642116175007 1.0 1.0
206.90036516175005 0.0 0.0
207.63430916175005 1.0 0.0
208.36825316175003 0.0 0.0
209.10219716175004 1.0 1.0
209.83614116175005 0.0 0.0
210.57008516175006 1.0 0.0
211.30402916175007 0.0 0.0
212.03797316175005 1.0 1.0
212.77191716175005 0.0 0.0
213.50586116175003 1.0 0.0
214.23980516175004 0.0 0.0
214.97374916175005 1.0 1.0
215.70769316175006 0.0 0.0
216.44163716175007 1.0 0.0
217.17558116175007 0.0 0.0
217.90952516175005 1.0 1.0
218.64346916175003 0.0 0.0
219.37741316175004 1.0 0.0
220.11135716175005 0.0 0.0
220.85118479875004 1.0 1.0
221.59192479875003 0.0 0.0
222.33266479875005 1.0 0.0
223.07340479875003 0.0 0.0
223.81414479875005 1.0 1.0
224.55488479875004 0.0 0.0
225.29562479875005 1.0 0.0
226.03636479875004 0.0 0.0
226.77710479875003 1.0 1.0
227.51784479875005 0.0 0.0
228.25388787158337 1.0 0.0
228.98559387158338 0.0 0.0
229.71729987158338 1.0 1.0
230.44900587158338 0.0 0.0
231.18071187158336 1.0 0.0
231.91241787158336 0.0 0.0
232.64412387158336 1.0 1.0
233.37582987158336 0.0 0.0
234.10753587158337 1.0 0.0
234.83924187158337 0.0 0.0
235.57094787158337 1.0 1.0
236.30265387158337 0.0 0.0
237.03435987158338 1.0 0.0
237.77049930708336 0.0 0.0
238.51123930708334 1.0 1.0
239.25197930708336 0.0 0.0
239.99271930708335 1.0 0.0
240.73345930708336 0.0 0.0
241.47419930708335 1.0 1.0
242.21493930708334 0.0 0.0
242.95567930708336 1.0 0.0
243.69641930708335 0.0 0.0
244.43715930708336 1.0 1.0
245.17789930708335 0.0 0.0
245.91863930708337 1.0 0.0
246.65937930708336 0.0 0.0
247.40011930708334 1.0 1.0
248.14085930708336 0.0 0.0
248.88159930708335 1.0 0.0
249.62233930708337 0.0 0.0
250.36307930708335 1.0 1.0
251.10381930708337 0.0 0.0
251.84455930708336 1.0 0.0
252.58529930708335 0.0 0.0
253.32603930708336 1.0 1.0
254.06677930708335 0.0 0.0
254.80751930708337 1.0 0.0
255.54825930708336 0.0 0.0
256.2889993070834 1.0 0.0
257.02973930708333 0.0 0.0
257.77047930708335 1.0 1.0
258.51121930708337 0.0 0.0
259.2519593070834 1.0 0.0
259.99269930708334 0.0 0.0
260.73343930708336 1.0 1.0
261.4741793070834 0.0 0.0
262.21491930708333 0.0 0.0
262.95565930708335 1.0 1.0
263.69639930708337 0.0 0.0
264.4371393070834 1.0 1.0