0.0 0.0 0.0
0.7317060000000001 1.0 1.0
1.4634120000000002 0.0 0.0
2.195118 1.0 0.0
2.9268240000000003 0.0 0.0
3.6585300000000003 1.0 1.0
4.390236 0.0 0.0
5.121942 1.0 0.0
5.853648000000001 0.0 0.0
6.585354000000001 1.0 1.0
7.317060000000001 0.0 0.0
8.048766 1.0 0.0
8.780472 0.0 0.0
9.512178 1.0 1.0
10.243884 0.0 0.0
10.97559 1.0 0.0
11.707296000000001 0.0 0.0
12.439002 1.0 1.0
13.170708000000001 0.0 0.0
13.902414 1.0 0.0
14.634120000000001 0.0 0.0
15.365826 1.0 1.0
16.097532 0.0 0.0
16.829238 1.0 0.0
17.560944 0.0 0.0
18.292650000000002 1.0 1.0
19.024356 0.0 0.0
19.756062 1.0 0.0
20.487768 0.0 0.0
21.219474 1.0 1.0
21.95118 0.0 0.0
22.682886 1.0 0.0
23.414592000000003 0.0 0.0
24.146298 1.0 1.0
24.878004 0.0 0.0
25.60971 1.0 0.0
26.341416000000002 0.0 0.0
27.073122 1.0 1.0
27.804828 0.0 0.0
28.536534 1.0 0.0
29.268240000000002 0.0 0.0
29.999946 1.0 1.0
30.731652 0.0 0.0
31.463358 1.0 0.0
32.195064 0.0 0.0
32.926770000000005 1.0 1.0
33.658476 0.0 0.0
34.390182 1.0 0.0
35.121888 0.0 0.0
35.853594 1.0 1.0
36.585300000000004 0.0 0.0
37.317006 1.0 1.0
38.048712 0.0 0.0
38.780418000000004 1.0 0.0
39.512124 0.0 0.0
40.24383 1.0 1.0
40.975536 0.0 0.0
41.707242 1.0 0.0
42.438948 0.0 0.0
43.170654 1.0 1.0
43.90236 0.0 0.0
44.634066000000004 1.0 0.0
45.365772 0.0 0.0
46.097478 1.0 1.0
46.829184000000005 0.0 0.0
47.56089 1.0 0.0
48.292596 0.0 0.0
49.024302 1.0 1.0
49.756008 0.0 0.0
50.487714000000004 1.0 0.0
51.21942 0.0 0.0
51.951126 1.0 1.0
52.682832000000005 0.0 0.0
53.414538 1.0 0.0
54.146244 0.0 0.0
54.877950000000006 1.0 1.0
55.609656 0.0 0.0
56.341362000000004 1.0 0.0
57.073068 0.0 0.0
57.804774 1.0 1.0
58.536480000000005 0.0 0.0
59.268186 1.0 0.0
59.999892 0.0 0.0
60.731598000000005 1.0 1.0
61.463304 0.0 0.0
62.19501 1.0 0.0
62.926716 0.0 0.0
63.658422 1.0 1.0
64.390128 0.0 0.0
65.121834 1.0 0.0
65.85354000000001 0.0 0.0
66.585246 1.0 1.0
67.316952 0.0 0.0
68.048658 1.0 0.0
68.780364 0.0 0.0
69.51207000000001 1.0 1.0
70.243776 0.0 0.0
70.975482 1.0 0.0
71.707188 0.0 0.0
72.438894 1.0 1.0
73.17060000000001 0.0 0.0
73.902306 1.0 1.0
74.634012 0.0 0.0
75.365718 1.0 0.0
76.097424 0.0 0.0
76.82913 1.0 1.0
77.56083600000001 0.0 0.0
78.292542 1.0 0.0
79.024248 0.0 0.0
79.755954 1.0 1.0
80.48766 0.0 0.0
81.21936600000001 1.0 0.0
81.951072 0.0 0.0
82.682778 1.0 1.0
83.414484 0.0 0.0
84.14619 1.0 0.0
84.877896 0.0 0.0
85.60960200000001 1.0 1.0
86.341308 0.0 0.0
87.073014 1.0 0.0
87.80472 0.0 0.0
88.536426 1.0 1.0
89.26813200000001 0.0 0.0
89.999838 1.0 0.0
90.731544 0.0 0.0
91.46325 1.0 1.0
92.194956 0.0 0.0
92.92666200000001 1.0 0.0
93.65836800000001 0.0 0.0
94.390074 1.0 1.0
95.12178 0.0 0.0
95.853486 1.0 0.0
96.585192 0.0 0.0
97.31689800000001 1.0 1.0
98.048604 0.0 0.0
98.78031 1.0 0.0
99.512016 0.0 0.0
100.243722 1.0 1.0
100.97542800000001 0.0 0.0
101.70713400000001 1.0 0.0
102.43884 0.0 0.0
103.170546 1.0 1.0
103.902252 0.0 0.0
104.633958 1.0 0.0
105.36566400000001 0.0 0.0
106.09737 1.0 1.0
106.829076 0.0 0.0
107.560782 1.0 0.0
108.292488 0.0 0.0
109.02419400000001 1.0 1.0
109.75590000000001 0.0 0.0
110.487606 1.0 0.0
111.219312 0.0 0.0
111.951018 1.0 1.0
112.68272400000001 0.0 0.0
113.41443000000001 1.0 0.0
114.146136 0.0 0.0
114.877842 1.0 1.0
115.609548 0.0 0.0
116.341254 1.0 0.0
117.07296000000001 0.0 0.0
117.80466600000001 1.0 1.0
118.536372 0.0 0.0
119.268078 1.0 0.0
119.999784 0.0 0.0
120.73149000000001 1.0 1.0
121.46319600000001 0.0 0.0
122.194902 1.0 0.0
122.926608 0.0 0.0
123.658314 1.0 1.0
124.39002 0.0 0.0
125.12172600000001 1.0 0.0
125.853432 0.0 0.0
126.585138 1.0 1.0
127.316844 0.0 0.0
128.04855 1.0 0.0
128.780256 0.0 0.0
129.511962 1.0 1.0
130.243668 0.0 0.0
130.97537400000002 1.0 0.0
131.70708000000002 0.0 0.0
132.438786 1.0 1.0
133.170492 0.0 0.0
133.902198 1.0 0.0
134.633904 0.0 0.0
135.36561 1.0 1.0
136.097316 0.0 0.0
136.829022 1.0 0.0
137.560728 0.0 0.0
138.29243400000001 1.0 1.0
139.02414000000002 0.0 0.0
139.75584600000002 1.0 0.0
140.487552 0.0 0.0
141.219258 1.0 1.0
141.950964 0.0 0.0
142.68267 1.0 0.0
143.414376 0.0 0.0
144.146082 1.0 1.0
144.877788 0.0 0.0
145.609494 1.0 0.0
146.34120000000001 0.0 0.0
147.07290600000002 1.0 1.0
147.804612 0.0 0.0
148.536318 1.0 0.0
149.268024 0.0 0.0
149.99973 1.0 1.0
150.731436 0.0 0.0
151.463142 1.0 0.0
152.194848 0.0 0.0
152.926554 1.0 1.0
153.65826 0.0 0.0
154.38996600000002 1.0 0.0
155.12167200000002 0.0 0.0
155.853378 1.0 1.0
156.585084 0.0 0.0
157.31679 1.0 0.0
158.048496 0.0 0.0
158.780202 1.0 1.0
159.511908 0.0 0.0
160.243614 1.0 0.0
160.97532 0.0 0.0
161.707026 1.0 1.0
162.43873200000002 0.0 0.0
163.17043800000002 1.0 0.0
163.902144 0.0 0.0
164.63385 1.0 1.0
165.365556 0.0 0.0
166.097262 1.0 0.0
166.828968 0.0 0.0
167.560674 1.0 1.0
168.29238 0.0 0.0
169.024086 1.0 0.0
169.755792 0.0 0.0
170.48749800000002 1.0 1.0
171.21920400000002 0.0 0.0
171.95091 1.0 0.0
172.682616 0.0 0.0
173.414322 1.0 1.0
174.146028 0.0 0.0
174.877734 1.0 0.0
175.60944 0.0 0.0
176.341146 1.0 1.0
177.072852 0.0 0.0
177.80455800000001 1.0 0.0
178.53626400000002 0.0 0.0
179.26797000000002 1.0 1.0
179.999676 0.0 0.0
180.731382 1.0 0.0
181.463088 0.0 0.0
182.194794 1.0 1.0
182.9265 0.0 0.0
183.658206 1.0 0.0
184.389912 0.0 0.0
185.121618 1.0 1.0
185.85332400000001 0.0 0.0
186.58503000000002 1.0 0.0
187.31673600000002 0.0 0.0
188.048442 1.0 1.0
188.780148 0.0 0.0
189.511854 1.0 0.0
190.24356 0.0 0.0
190.975266 1.0 1.0
191.706972 0.0 0.0
192.438678 1.0 0.0
193.170384 0.0 0.0
193.90209000000002 1.0 1.0
194.63379600000002 0.0 0.0
195.36550200000002 1.0 0.0
196.097208 0.0 0.0
196.828914 1.0 1.0
197.56062 0.0 0.0
198.292326 1.0 0.0
199.024032 0.0 0.0
199.755738 1.0 1.0
200.487444 0.0 0.0
201.21915 1.0 0.0
201.95085600000002 0.0 0.0
202.68256200000002 1.0 1.0
203.41426800000002 0.0 0.0
204.145974 1.0 0.0
204.87768 0.0 0.0
205.609386 1.0 1.0
206.341092 0.0 0.0
207.072798 1.0 0.0
207.804504 0.0 0.0
208.53621 1.0 1.0
209.267916 0.0 0.0
209.99962200000002 1.0 0.0
210.73132800000002 0.0 0.0
211.46303400000002 1.0 1.0
212.19474 0.0 0.0
212.926446 1.0 0.0
213.658152 0.0 0.0
214.389858 1.0 1.0
215.121564 0.0 0.0
215.85327 1.0 0.0
216.584976 0.0 0.0
217.31668200000001 1.0 1.0
218.04838800000002 0.0 0.0
218.78009400000002 1.0 0.0
219.51180000000002 0.0 0.0
220.243506 1.0 1.0
220.975212 0.0 0.0
221.706918 1.0 0.0
222.438624 0.0 0.0
223.17033 1.0 1.0
223.902036 0.0 0.0
224.633742 1.0 0.0
225.36544800000001 0.0 0.0
226.09715400000002 1.0 1.0
226.82886000000002 0.0 0.0
227.56056600000002 1.0 0.0
228.292272 0.0 0.0
229.023978 1.0 1.0
229.755684 0.0 0.0
230.48739 1.0 0.0
231.219096 0.0 0.0
231.950802 1.0 1.0
232.682508 0.0 0.0
233.41421400000002 1.0 0.0
234.14592000000002 0.0 0.0
234.87762600000002 1.0 1.0
235.60933200000002 0.0 0.0
236.341038 1.0 0.0
237.072744 0.0 0.0
237.80445 1.0 1.0
238.536156 0.0 0.0
239.267862 1.0 0.0
239.999568 0.0 0.0
240.731274 1.0 1.0
241.46298000000002 0.0 0.0
242.19468600000002 1.0 0.0
242.92639200000002 0.0 0.0
243.658098 1.0 1.0
244.389804 0.0 0.0
245.12151 1.0 0.0
245.853216 0.0 0.0
246.584922 1.0 1.0
247.316628 0.0 0.0
248.048334 1.0 0.0
248.78004 0.0 0.0
249.51174600000002 1.0 1.0
250.24345200000002 0.0 0.0
250.97515800000002 1.0 0.0
251.706864 0.0 0.0
252.43857 1.0 1.0
253.170276 0.0 0.0
253.901982 1.0 0.0
254.633688 0.0 0.0
255.365394 1.0 1.0
256.0971 0.0 0.0
256.828806 1.0 0.0
257.560512 0.0 0.0
258.292218 1.0 1.0
259.023924 0.0 0.0
259.75563 1.0 0.0
260.487336 0.0 0.0
261.219042 1.0 1.0
261.95074800000003 0.0 0.0
262.682454 1.0 0.0
263.41416000000004 0.0 0.0
264.145866 1.0 1.0
264.877572 0.0 0.0
265.609278 1.0 0.0
266.340984 0.0 0.0
267.07269 1.0 1.0
267.804396 0.0 0.0
268.536102 1.0 0.0
269.267808 0.0 0.0
269.99951400000003 1.0 1.0
270.73122 0.0 0.0
271.46292600000004 1.0 0.0
272.194632 0.0 0.0
272.926338 1.0 1.0
273.658044 0.0 0.0
274.38975 1.0 0.0
275.121456 0.0 0.0
275.853162 1.0 1.0
276.58486800000003 0.0 0.0
277.316574 1.0 0.0
278.04828000000003 0.0 0.0
278.779986 1.0 1.0
279.51169200000004 0.0 0.0
280.243398 1.0 0.0
280.975104 0.0 0.0
281.70681 1.0 1.0
282.438516 0.0 0.0
283.170222 1.0 0.0
283.901928 0.0 0.0
284.63363400000003 1.0 1.0
285.36534 0.0 0.0
286.09704600000003 1.0 0.0
286.828752 0.0 0.0
287.560458 1.0 1.0
288.292164 0.0 0.0
289.02387 1.0 0.0
289.755576 0.0 0.0
290.487282 1.0 1.0
291.218988 0.0 0.0
291.950694 1.0 0.0
292.68240000000003 0.0 0.0
293.414106 0.0 0.0