0.36365788200000004 0.0 0.0
1.095363882 1.0 0.0
1.827069882 0.0 0.0
2.558775882 1.0 1.0
3.479046166999999 0.0 0.0
4.590157166999999 1.0 0.0
5.663183554 0.0 0.0
6.688951155999999 1.0 1.0
7.681443773999999 0.0 0.0
8.665218 1.0 0.0
9.657070679 0.0 0.0
10.704047166999999 1.0 1.0
11.721705268999997 0.0 0.0
12.624541943999997 1.0 0.0
13.534302499999997 0.0 0.0
14.425864292999997 1.0 1.0
15.197677977999998 0.0 0.0
15.895351977999997 1.0 0.0
16.593025977999996 0.0 0.0
17.290699978 1.0 1.0
18.100399269 0.0 0.0
19.023476269 1.0 0.0
19.946553269 0.0 0.0
20.869630268999998 1.0 1.0
21.792707268999997 0.0 0.0
22.715784269 1.0 0.0
23.631910227 0.0 0.0
24.555120499999997 1.0 1.0
25.492620499999997 0.0 0.0
26.416001227 1.0 0.0
27.325092227 0.0 0.0
28.241134269 1.0 1.0
29.164211269 0.0 0.0
30.094456499999996 1.0 0.0
31.024788269 0.0 0.0
31.947865268999998 1.0 1.0
32.86399122699999 0.0 0.0
33.773082226999996 1.0 0.0
34.6962925 0.0 0.0
35.626624269 1.0 1.0
36.54275022699999 0.0 0.0
37.4659605 1.0 0.0
38.396292269 0.0 0.0
39.319369269 1.0 1.0
40.242446269 0.0 0.0
41.165523269 1.0 0.0
42.088600269 0.0 0.0
43.011677268999996 1.0 1.0
43.934754268999995 0.0 0.0
44.857831268999995 1.0 0.0
45.780908268999994 0.0 0.0
46.703985269 1.0 1.0
47.6342305 0.0 0.0
48.5717305 1.0 0.0
49.481821944 0.0 0.0
50.384414269 1.0 1.0
51.307491268999996 0.0 0.0
52.245132356999996 1.0 0.0
53.16829726899999 0.0 0.0
54.09137426899999 1.0 1.0
55.007500226999994 0.0 0.0
55.923542269 1.0 0.0
56.846619269 0.0 0.0
57.7768645 1.0 1.0
58.700245226999996 0.0 0.0
59.616287269 1.0 0.0
60.539364269 0.0 0.0
61.462441268999996 1.0 1.0
62.385518268999995 0.0 0.0
63.308595268999994 1.0 0.0
64.231672269 0.0 0.0
65.15474926899999 1.0 1.0
66.077826269 0.0 0.0
67.00090326899999 1.0 0.0
67.923980269 0.0 0.0
68.84705726899999 1.0 1.0
69.770134269 0.0 0.0
70.69321126899999 1.0 0.0
71.616288269 0.0 0.0
72.539365269 1.0 1.0
73.462442269 0.0 0.0
74.385519269 1.0 0.0
75.330794774 0.0 0.0
76.27531469608333 1.0 1.0
77.18469686108332 0.0 0.0
78.08696265408334 1.0 0.0
78.99605365408333 0.0 0.0
79.91926392708334 1.0 1.0
80.85676392708334 0.0 0.0
81.77340086108333 1.0 0.0
82.68978592708334 0.0 0.0
83.62011769608334 1.0 1.0
84.54319469608333 0.0 0.0
85.47319954375 1.0 0.0
86.39658027075001 0.0 0.0
87.30567127075 1.0 1.0
88.22888154375 0.0 0.0
89.16638154375 1.0 0.0
90.08976227075 0.0 0.0
91.01297254375001 1.0 1.0
91.95047254375001 0.0 0.0
92.86056398775001 1.0 0.0
93.77032454375001 0.0 0.0
94.70065631275001 1.0 1.0
95.62373331275 0.0 0.0
96.54681031275001 1.0 0.0
97.46988731275 0.0 0.0
98.39296431275001 1.0 1.0
99.31604131275 0.0 0.0
100.23911831275001 1.0 0.0
101.16219531275001 0.0 0.0
102.08527231275 1.0 1.0
103.00834931275001 0.0 0.0
103.93142631275 1.0 0.0
104.85450331275001 0.0 0.0
105.77758031275 1.0 1.0
106.70065731275001 0.0 0.0
107.62373431275 1.0 0.0
108.54681131275001 0.0 0.0
109.46988831275002 1.0 1.0
110.39296531275001 0.0 0.0
111.31604231275 1.0 0.0
112.23911931275 0.0 0.0
113.16219631275001 1.0 1.0
114.08527331275 0.0 0.0
115.00835031275001 1.0 0.0
115.93142731275 0.0 0.0
116.85450431275001 1.0 1.0
117.77758131275002 0.0 0.0
118.70065831275002 1.0 0.0
119.62373531275001 0.0 0.0
120.54681231275002 1.0 1.0
121.46988931275001 0.0 0.0
122.39296631275002 1.0 0.0
123.31604331275003 0.0 0.0
124.23912031275002 1.0 1.0
125.16219731275002 0.0 0.0
126.08527431275002 1.0 0.0
127.00835131275002 0.0 0.0
127.93142831275003 1.0 1.0
128.85450531275 0.0 0.0
129.77758231275 1.0 0.0
130.70065931275002 0.0 0.0
131.62373631275003 1.0 1.0
132.54681331275003 0.0 0.0
133.46989031275 1.0 0.0
134.39296731275002 0.0 0.0
135.31604431275002 1.0 1.0
136.23912131275003 0.0 0.0
137.16219831275004 1.0 0.0
138.08527531275 0.0 0.0
139.00835231275002 1.0 1.0
139.93142931275003 0.0 0.0
140.85450631275 1.0 0.0
141.77758331275 0.0 0.0
142.70066031275002 1.0 1.0
143.62373731275002 0.0 0.0
144.54681431275003 1.0 0.0
145.46989131275 0.0 0.0
146.39296831275 1.0 1.0
147.31604531275002 0.0 0.0
148.23912231275003 1.0 0.0
149.16219931275003 0.0 0.0
150.08527631275 1.0 1.0
151.00835331275002 0.0 0.0
151.93143031275002 1.0 0.0
152.85450731275 0.0 0.0
153.77758431275 1.0 1.0
154.70066131275001 0.0 0.0
155.62373831275002 1.0 0.0
156.54681531275003 0.0 0.0
157.46989231275 1.0 1.0
158.39296931275 0.0 0.0
159.31604631275002 1.0 0.0
160.23912331275002 0.0 0.0
161.16220031275003 1.0 1.0
162.08527731275 0.0 0.0
163.00835431275001 1.0 0.0
163.93143131275002 0.0 0.0
164.85450831275 1.0 1.0
165.77758531275003 0.0 0.0
166.70066231275 1.0 0.0
167.62373931275002 0.0 0.0
168.54681631275002 1.0 1.0
169.46989331275 0.0 0.0
170.39297031275004 1.0 0.0
171.31604731275002 0.0 0.0
172.23912431275002 1.0 1.0
173.16220131275003 0.0 0.0
174.08527831275 1.0 0.0
175.00835531275 0.0 0.0
175.93143231275002 1.0 1.0
176.85450931275 0.0 0.0
177.77758631275003 1.0 0.0
178.70066331275 0.0 0.0
179.62374031275002 1.0 1.0
180.54681731275002 0.0 0.0
181.46989431275 1.0 0.0
182.39297131275003 0.0 0.0
183.31604831275 1.0 1.0
184.23912531275002 0.0 0.0
185.16220231275003 1.0 0.0
186.08527931275 0.0 0.0
187.00835631275 1.0 1.0
187.93143331275002 0.0 0.0
188.85451031275002 1.0 0.0
189.77758731275003 0.0 0.0
190.70066431275 1.0 1.0
191.62374131275 0.0 0.0
192.54681831275002 1.0 0.0
193.46989531275 0.0 0.0
194.39297231275003 1.0 1.0
195.31604931275 0.0 0.0
196.23912631275002 1.0 0.0
197.16220331275002 0.0 0.0
198.08528031275 1.0 1.0
199.00835731275004 0.0 0.0
199.93143431275 1.0 0.0
200.85451131275002 0.0 0.0
201.77758831275003 1.0 1.0
202.70066531275 0.0 0.0
203.62374231275 1.0 0.0
204.54681931275002 0.0 0.0
205.46989631275 1.0 1.0
206.39297331275003 0.0 0.0
207.31605031275 1.0 0.0
208.23912731275 0.0 0.0
209.16220431275002 1.0 1.0
210.08528131275 0.0 0.0
211.00835831275003 1.0 0.0
211.93143531275 0.0 0.0
212.85451231275005 1.0 1.0
213.77758931275002 0.0 0.0
214.70066631275003 1.0 0.0
215.62374331275004 0.0 0.0
216.54682031275001 1.0 1.0
217.46989731275005 0.0 0.0
218.39297431275003 1.0 0.0
219.31605131275003 0.0 0.0
220.23912831275004 1.0 1.0
221.16220531275002 0.0 0.0
222.08528231275 1.0 0.0
223.00835931275003 0.0 0.0
223.93143631275 1.0 1.0
224.85451331275 0.0 0.0
225.77759031275002 1.0 0.0
226.70066731275 0.0 0.0
227.62374431275003 1.0 1.0
228.54682131275 0.0 0.0
229.46989831275 1.0 0.0
230.39297531275002 0.0 0.0
231.31605231275 1.0 1.0
232.23912931275004 0.0 0.0
233.16220631275002 1.0 0.0
234.08528331275 0.0 0.0
235.00836031275003 1.0 1.0
235.93143731275 0.0 0.0
236.85451431275004 1.0 0.0
237.77759131275002 0.0 0.0
238.70066831275 1.0 1.0
239.62374531275003 0.0 0.0
240.54682231275 1.0 0.0
241.46989931275 0.0 0.0
242.39297631275002 1.0 1.0
243.31605331275 0.0 0.0
244.23913031275004 1.0 0.0
245.16220731275 0.0 0.0
246.08528431275 1.0 1.0
247.00836131275003 0.0 0.0
247.93143831275 1.0 0.0
248.85451531275004 0.0 0.0
249.77759231275002 1.0 1.0
250.70066931275 0.0 0.0
251.62374631275003 1.0 0.0
252.54682331275 0.0 0.0
253.46990031275004 1.0 1.0
254.39297731275002 0.0 0.0
255.31605431275 1.0 0.0
256.23913131275003 0.0 0.0
257.16220831275 1.0 1.0
258.08528531275 0.0 0.0
259.00836231275 1.0 0.0
259.93143931275 0.0 0.0
260.85451631275004 1.0 1.0
261.77759331275 0.0 0.0
262.70067031275 1.0 0.0
263.62374731275 0.0 0.0
264.54682431275 1.0 1.0
265.46990131275004 0.0 0.0
266.39297831275 1.0 0.0
267.31605531275 0.0 0.0
268.23913231275003 1.0 1.0
269.16220931275 0.0 0.0
270.08528631275 1.0 0.0
271.00836331275 0.0 0.0
271.93144031275 1.0 1.0
272.85451731275003 0.0 0.0
273.77759431275 1.0 0.0
274.70067131275 0.0 0.0
275.62374831275 1.0 1.0
276.54682531275 0.0 0.0
277.46990231275004 1.0 0.0
278.39297931275 0.0 0.0
279.31605631275 1.0 1.0
280.23913331275 0.0 0.0
281.16221031275 1.0 0.0
282.08528731275004 0.0 0.0
283.00836431275 1.0 1.0
283.93144131275 0.0 0.0
284.85451831275003 1.0 0.0
285.77759531275 0.0 0.0
286.70067231275 1.0 1.0
287.62374931275 0.0 0.0
288.54682631275 1.0 0.0
289.46990331275003 0.0 0.0
290.39298031275 1.0 1.0
291.31605731275 0.0 0.0
292.23913431275 1.0 0.0
293.16221131275 0.0 0.0
294.08528831275004 1.0 1.0
295.00836531275 0.0 0.0
295.93144231275 1.0 0.0
296.85451931275 0.0 0.0
297.77759631275 1.0 1.0
298.70067331275 0.0 0.0
299.62375031275 1.0 0.0
300.54682731275 0.0 0.0
301.46990431275003 1.0 1.0
302.39298131275 0.0 0.0
303.31605831275 1.0 0.0
304.23913531275 0.0 0.0
305.16221231275 1.0 1.0
306.08528931275004 0.0 0.0
307.00836631275 1.0 0.0
307.93144331275 0.0 0.0
308.85452031275 1.0 1.0
309.77759731275 0.0 0.0
310.70067431275004 1.0 0.0
311.62375131275 0.0 0.0
312.54682831275 0.0 0.0