0.49457093399999996 0.0 0.0
1.351712934 1.0 1.0
2.208854934 0.0 0.0
3.065996934 0.0 0.0
3.9231389340000002 1.0 1.0
4.780280934 0.0 0.0
5.637422934 1.0 0.0
6.4945649340000005 0.0 0.0
7.351706934 1.0 1.0
8.208848934 0.0 0.0
9.065990934 1.0 0.0
9.923132934 0.0 0.0
10.780274934000001 1.0 1.0
11.637416934 0.0 0.0
12.494558934 1.0 0.0
13.351700934 0.0 0.0
14.208842934 1.0 1.0
15.065984934 0.0 0.0
15.923126933999999 1.0 0.0
16.780268934 0.0 0.0
17.637410934 1.0 1.0
18.494552933999998 0.0 0.0
19.351694934 1.0 0.0
20.208836934 0.0 0.0
21.065978934 1.0 1.0
21.923120934 0.0 0.0
22.780262934 1.0 0.0
23.637404934 0.0 0.0
24.494546934 1.0 1.0
25.351688934 0.0 0.0
26.208830933999998 1.0 0.0
27.065972934 0.0 0.0
27.923114934 1.0 1.0
28.780256934 0.0 0.0
29.637398934 1.0 0.0
30.494540934 0.0 0.0
31.351682934 1.0 1.0
32.208824934 0.0 0.0
33.065966934 1.0 0.0
33.923108934 0.0 0.0
34.780250934 1.0 1.0
35.637392934 0.0 0.0
36.494534934 1.0 0.0
37.351676934000004 0.0 0.0
38.208818934 1.0 1.0
39.065960934 0.0 0.0
39.923102934 1.0 0.0
40.780244934 0.0 0.0
41.637386934 1.0 1.0
42.494528934 0.0 0.0
43.351670934 1.0 0.0
44.208812934 0.0 0.0
45.065954934000004 1.0 1.0
45.923096934 0.0 0.0
46.780238934 1.0 1.0
47.637380934 0.0 0.0
48.494522934 1.0 0.0
49.351664934 0.0 0.0
50.208806934 1.0 1.0
51.065948934 0.0 0.0
51.923090934 1.0 0.0
52.780232934000004 0.0 0.0
53.637374934 1.0 1.0
54.494516934 0.0 0.0
55.351658934 1.0 0.0
56.208800934 0.0 0.0
57.065942934 1.0 0.0
57.923084934 0.0 0.0
58.780226934 1.0 1.0
59.637368934 0.0 0.0
60.494510934000004 1.0 0.0
61.351652934 0.0 0.0
62.208794934000004 1.0 1.0
63.065936934 0.0 0.0
63.923078934 1.0 0.0
64.780220934 0.0 0.0
65.637362934 1.0 1.0
66.494504934 0.0 0.0
67.351646934 1.0 0.0
68.208788934 0.0 0.0
69.06593093400001 1.0 1.0
69.923072934 0.0 0.0
70.780214934 1.0 0.0
71.637356934 0.0 0.0
72.494498934 1.0 1.0
73.351640934 0.0 0.0
74.208782934 1.0 0.0
75.06592493400001 0.0 0.0
75.923066934 1.0 1.0
76.780208934 0.0 0.0
77.637350934 1.0 0.0
78.49449293400001 0.0 0.0
79.351634934 1.0 1.0
80.208776934 0.0 0.0
81.06591893400001 1.0 0.0
81.923060934 0.0 0.0
82.780202934 1.0 1.0
83.637344934 0.0 0.0
84.49448693400001 1.0 0.0
85.351628934 0.0 0.0
86.208770934 1.0 1.0
87.065912934 0.0 0.0
87.923054934 1.0 0.0
88.780196934 0.0 0.0
89.637338934 1.0 1.0
90.49448093400001 0.0 0.0
91.351622934 1.0 0.0
92.208764934 0.0 0.0
93.065906934 1.0 1.0
93.92304893400001 0.0 0.0
94.780190934 1.0 0.0
95.637332934 0.0 0.0
96.49447493400001 1.0 1.0
97.351616934 0.0 0.0
98.208758934 1.0 0.0
99.065900934 0.0 0.0
99.92304293400001 1.0 1.0
100.780184934 0.0 0.0
101.637326934 1.0 0.0
102.494468934 0.0 0.0
103.351610934 1.0 1.0
104.208752934 0.0 0.0
105.065894934 1.0 0.0
105.92303693400001 0.0 0.0
106.780178934 1.0 1.0
107.637320934 0.0 0.0
108.494462934 1.0 0.0
109.35160493400001 0.0 0.0
110.208746934 1.0 1.0
111.065888934 0.0 0.0
111.92303093400001 1.0 0.0
112.780172934 0.0 0.0
113.637314934 1.0 1.0
114.494456934 0.0 0.0
115.35159893400001 1.0 0.0
116.208740934 0.0 0.0
117.06588293399999 1.0 1.0
117.923024934 0.0 0.0
118.780166934 1.0 0.0
119.63730893399999 0.0 0.0
120.49445093399999 1.0 1.0
121.351592934 0.0 0.0
122.20873493399999 1.0 0.0
123.06587693399999 0.0 0.0
123.923018934 1.0 1.0
124.780160934 0.0 0.0
125.63730293399999 1.0 0.0
126.49444493399999 0.0 0.0
127.351586934 1.0 1.0
128.208728934 0.0 0.0
129.065870934 1.0 0.0
129.92301293399998 0.0 0.0
130.780154934 1.0 1.0
131.637296934 0.0 0.0
132.494438934 1.0 0.0
133.351580934 0.0 0.0
134.20872293399998 1.0 1.0
135.065864934 0.0 0.0
135.923006934 1.0 0.0
136.78014893399998 0.0 0.0
137.637290934 1.0 1.0
138.494432934 0.0 0.0
139.35157493399998 1.0 0.0
140.208716934 0.0 0.0
141.065858934 1.0 1.0
141.923000934 0.0 0.0
142.780142934 1.0 0.0
143.63728493399998 0.0 0.0
144.494426934 1.0 1.0
145.351568934 0.0 0.0
146.20871093399998 1.0 0.0
147.065852934 0.0 0.0
147.922994934 1.0 1.0
148.78013693399998 0.0 0.0
149.637278934 1.0 0.0
150.494420934 0.0 0.0
151.351562934 1.0 1.0
152.208704934 0.0 0.0
153.065846934 1.0 0.0
153.922988934 0.0 0.0
154.780130934 1.0 1.0
155.63727293399998 0.0 0.0
156.494414934 1.0 0.0
157.351556934 0.0 0.0
158.20869893399998 1.0 1.0
159.065840934 0.0 0.0
159.922982934 1.0 0.0
160.78012493399999 0.0 0.0
161.637266934 1.0 1.0
162.494408934 0.0 0.0
163.351550934 1.0 0.0
164.208692934 0.0 0.0
165.06583493399998 1.0 1.0
165.922976934 0.0 0.0
166.780118934 1.0 0.0
167.63726093399998 0.0 0.0
168.494402934 1.0 1.0
169.351544934 0.0 0.0
170.20868693399999 1.0 0.0
171.065828934 0.0 0.0
171.922970934 1.0 1.0
172.780112934 0.0 0.0
173.637254934 1.0 0.0
174.494396934 0.0 0.0
175.351538934 1.0 1.0
176.208680934 0.0 0.0
177.06582293399998 1.0 0.0
177.922964934 0.0 0.0
178.780106934 1.0 1.0
179.63724893399998 0.0 0.0
180.494390934 1.0 0.0
181.351532934 0.0 0.0
182.208674934 1.0 1.0
183.065816934 0.0 0.0
183.922958934 1.0 0.0
184.780100934 0.0 0.0
185.637242934 1.0 1.0
186.49438493399998 0.0 0.0
187.351526934 1.0 0.0
188.208668934 0.0 0.0
189.06581093399998 1.0 1.0
189.922952934 0.0 0.0
190.780094934 1.0 0.0
191.637236934 0.0 0.0
192.494378934 1.0 1.0
193.351520934 0.0 0.0
194.208662934 1.0 0.0
195.065804934 0.0 0.0
195.922946934 1.0 1.0
196.780088934 0.0 0.0
197.637230934 1.0 0.0
198.49437293399998 0.0 0.0
199.351514934 1.0 1.0
200.208656934 0.0 0.0
201.065798934 1.0 0.0
201.922940934 0.0 0.0
202.780082934 1.0 1.0
203.637224934 0.0 0.0
204.494366934 1.0 0.0
205.351508934 0.0 0.0
206.208650934 1.0 1.0
207.065792934 0.0 0.0
207.92293493399998 1.0 0.0
208.780076934 0.0 0.0
209.637218934 1.0 1.0
210.49436093399999 0.0 0.0
211.351502934 1.0 0.0
212.208644934 0.0 0.0
213.065786934 1.0 1.0
213.922928934 0.0 0.0
214.780070934 1.0 0.0
215.637212934 0.0 0.0
216.494354934 1.0 1.0
217.351496934 0.0 0.0
218.208638934 1.0 0.0
219.065780934 0.0 0.0
219.92292293399998 1.0 1.0
220.780064934 0.0 0.0
221.637206934 1.0 0.0
222.494348934 0.0 0.0
223.351490934 1.0 1.0
224.208632934 0.0 0.0
225.065774934 1.0 0.0
225.922916934 0.0 0.0
226.780058934 1.0 1.0
227.637200934 0.0 0.0
228.494342934 1.0 0.0
229.35148493399998 0.0 0.0
230.208626934 1.0 1.0
231.065768934 0.0 0.0
231.922910934 1.0 0.0
232.780052934 0.0 0.0
233.637194934 1.0 1.0
234.494336934 0.0 0.0
235.351478934 1.0 0.0
236.208620934 0.0 0.0
237.065762934 1.0 1.0
237.922904934 0.0 0.0
238.78004693399998 1.0 0.0
239.637188934 0.0 0.0
240.494330934 1.0 1.0
241.351472934 0.0 0.0
242.208614934 1.0 0.0
243.065756934 0.0 0.0
243.922898934 1.0 1.0
244.780040934 0.0 0.0
245.637182934 1.0 0.0
246.494324934 0.0 0.0
247.351466934 1.0 1.0
248.208608934 0.0 0.0
249.065750934 1.0 0.0
249.922892934 0.0 0.0
250.78003493399999 1.0 1.0
251.637176934 0.0 0.0
252.494318934 1.0 0.0
253.351460934 0.0 0.0
254.208602934 1.0 1.0
255.065744934 0.0 0.0
255.922886934 1.0 0.0
256.780028934 0.0 0.0
257.637170934 1.0 1.0
258.494312934 0.0 0.0
259.351454934 1.0 0.0
260.208596934 0.0 0.0