0.719207732 0.0 0.0
1.5112867319999999 1.0 1.0
2.3033657319999996 0.0 0.0
3.095444732 1.0 0.0
3.887523732 0.0 0.0
4.679602732 1.0 1.0
5.471681732 0.0 0.0
6.263760732 1.0 0.0
7.055839732 0.0 0.0
7.847918732 1.0 1.0
8.639997732 0.0 0.0
9.432076732 1.0 0.0
10.224155732 0.0 0.0
11.016234732 1.0 1.0
11.808313732 0.0 0.0
12.600392732 1.0 0.0
13.390094625666666 0.0 0.0
14.179567625666667 1.0 1.0
14.969040625666668 0.0 0.0
15.758513625666668 1.0 0.0
16.547986625666667 0.0 0.0
17.337459625666668 1.0 0.0
18.11992740566667 0.0 0.0
18.90168540566667 1.0 1.0
19.683443405666665 0.0 0.0
20.460607833666668 1.0 0.0
21.23730683366667 0.0 0.0
22.014005833666666 1.0 1.0
22.795266786916667 0.0 0.0
23.577024786916667 1.0 0.0
24.358782786916667 0.0 0.0
25.140540786916667 1.0 1.0
25.922298786916667 0.0 0.0
26.704056786916667 1.0 0.0
27.48581478691667 0.0 0.0
28.267572786916666 1.0 1.0
29.051645404 0.0 0.0
29.835958404 1.0 0.0
30.620271404 0.0 0.0
31.404584404 1.0 1.0
32.188897404 0.0 0.0
32.973210404 1.0 0.0
33.757523404 0.0 0.0
34.53721196 1.0 1.0
35.31643196 0.0 0.0
36.09565196 1.0 0.0
36.87487196 0.0 0.0
37.65409196 1.0 1.0
38.433311960000005 0.0 0.0
39.21253196 1.0 0.0
39.99175196 0.0 0.0
40.770971960000004 1.0 1.0
41.55019196 0.0 0.0
42.32941196 1.0 0.0
43.108631960000004 0.0 0.0
43.88785196 1.0 1.0
44.66707196 0.0 0.0
45.44629196 1.0 0.0
46.225511960000006 0.0 0.0
47.00473196 1.0 1.0
47.783951959999996 0.0 0.0
48.56317196 1.0 0.0
49.34239196 0.0 0.0
50.121611959999996 1.0 1.0
50.900831960000005 0.0 0.0
51.68005196 1.0 0.0
52.459271959999995 0.0 0.0
53.238491960000005 1.0 1.0
54.01771196 0.0 0.0
54.79693196 1.0 0.0
55.576151960000004 0.0 0.0
56.35537196 1.0 1.0
57.13459196 0.0 0.0
57.913811960000004 1.0 0.0
58.69303196 0.0 0.0
59.47225196 1.0 1.0
60.25147196 0.0 0.0
61.03069196 1.0 0.0
61.80991196 0.0 0.0
62.58913196 1.0 1.0
63.36835196 0.0 0.0
64.14757196 1.0 0.0
64.92679196 0.0 0.0
65.70601196 1.0 1.0
66.492383405 0.0 0.0
67.279268405 1.0 0.0
68.066153405 0.0 0.0
68.85303840499999 1.0 1.0
69.63992340499999 0.0 0.0
70.426808405 1.0 0.0
71.213693405 0.0 0.0
72.000578405 1.0 1.0
72.787463405 0.0 0.0
73.574348405 1.0 0.0
74.361233405 0.0 0.0
75.14811840499999 1.0 1.0
75.93500340499999 0.0 0.0
76.721888405 1.0 0.0
77.508773405 0.0 0.0
78.295658405 1.0 1.0
79.082543405 0.0 0.0
79.869428405 1.0 0.0
80.65631340499999 0.0 0.0
81.44319840499999 1.0 1.0
82.23008340499999 0.0 0.0
83.016968405 1.0 0.0
83.803853405 0.0 0.0
84.590738405 1.0 1.0
85.375288029 0.0 0.0
86.159601029 1.0 0.0
86.943914029 0.0 0.0
87.728227029 1.0 1.0
88.51254002900001 0.0 0.0
89.296853029 1.0 0.0
90.081166029 0.0 0.0
90.865479029 1.0 1.0
91.649792029 0.0 0.0
92.434105029 1.0 0.0
93.218418029 0.0 0.0
94.002731029 1.0 1.0
94.787044029 0.0 0.0
95.571357029 1.0 0.0
96.355670029 0.0 0.0
97.139983029 1.0 1.0
97.924296029 0.0 0.0
98.708609029 1.0 0.0
99.492922029 0.0 0.0
100.277235029 1.0 1.0
101.061548029 0.0 0.0
101.84586102899999 1.0 0.0
102.62554958499999 0.0 0.0
103.40476958499998 1.0 1.0
104.18398958499999 0.0 0.0
104.96320958499999 1.0 0.0
105.74242958499998 0.0 0.0
106.52164958499999 1.0 1.0
107.30086958499999 0.0 0.0
108.080089585 1.0 0.0
108.85930958499999 0.0 0.0
109.63852958499999 1.0 1.0
110.417749585 0.0 0.0
111.19696958499999 1.0 0.0
111.97382173575 0.0 0.0
112.75052073574999 1.0 1.0
113.52721973575 0.0 0.0
114.30391873574999 1.0 0.0
115.08061773575 0.0 0.0
115.85731673574999 1.0 1.0
116.63401573575 0.0 0.0
117.41071473574999 1.0 0.0
118.18741373574998 0.0 0.0
118.96411273574999 1.0 1.0
119.74081173574999 0.0 0.0
120.51751073575 1.0 0.0
121.29420973574999 0.0 0.0
122.07090873575 1.0 1.0
122.84760773574999 0.0 0.0
123.62430673575 1.0 0.0
124.40100573574999 0.0 0.0
125.17770473574998 1.0 1.0
125.95440373574999 0.0 0.0
126.73110273575 1.0 0.0
127.50780173575 0.0 0.0
128.28450073575 1.0 1.0
129.06119973575 0.0 0.0
129.83789873575 1.0 0.0
130.61459773574998 0.0 0.0
131.39129673575 1.0 1.0
132.16799573575 0.0 0.0
132.94698380375 1.0 0.0
133.72620380375 0.0 0.0
134.50542380374998 1.0 1.0
135.28464380375 0.0 0.0
136.06386380375 1.0 0.0
136.84308380374998 0.0 0.0
137.62230380375 1.0 1.0
138.40152380375 0.0 0.0
139.18074380374998 1.0 0.0
139.95996380375 0.0 0.0
140.73918380375 1.0 1.0
141.51840380374998 0.0 0.0
142.29762380374999 1.0 0.0
143.07684380375 0.0 0.0
143.85606380374998 1.0 1.0
144.63528380374999 0.0 0.0
145.41450380375 1.0 0.0
146.19372380374998 0.0 0.0
146.97294380374998 1.0 1.0
147.75216380375 0.0 0.0
148.53138380374997 1.0 0.0
149.31060380374998 0.0 0.0
150.08982380375 1.0 1.0
150.86904380375 0.0 0.0
151.64826380374998 1.0 0.0
152.42748380375 0.0 0.0
153.20670380374997 1.0 1.0
153.98592380374998 0.0 0.0
154.76514380375 1.0 0.0
155.54436380375 0.0 0.0
156.32358380374998 1.0 1.0
157.10280380375 0.0 0.0
157.88202380374997 1.0 0.0
158.66124380374998 0.0 0.0
159.44046380375 1.0 1.0
160.21968380375 0.0 0.0
160.99890380374998 1.0 0.0
161.77812380375 0.0 0.0
162.55734380375 1.0 1.0
163.33656380374998 0.0 0.0
164.11578380375 1.0 0.0
164.89500380375 0.0 0.0
165.67422380374998 1.0 1.0
166.45344380375 0.0 0.0
167.23266380375 1.0 0.0
168.01418830774998 0.0 0.0
168.79594630774997 1.0 1.0
169.57770430774997 0.0 0.0
170.35946230775 1.0 0.0
171.14122030775 0.0 0.0
171.92297830775 1.0 1.0
172.70473630774998 0.0 0.0
173.48649430774998 1.0 0.0
174.26825230774998 0.0 0.0
175.05001030774997 1.0 1.0
175.83642362374997 0.0 0.0
176.62330862374998 1.0 0.0
177.41019362374996 0.0 0.0
178.19707862374997 1.0 1.0
178.98396362375 0.0 0.0
179.77084862374997 1.0 0.0
180.55773362374998 0.0 0.0
181.34461862374997 1.0 1.0
182.12454380374996 0.0 0.0
182.90376380374997 1.0 0.0
183.68298380374998 0.0 0.0
184.46220380374996 1.0 1.0
185.24142380374997 0.0 0.0
186.02064380374998 1.0 0.0
186.79757473574998 0.0 0.0
187.57427373574995 1.0 1.0
188.35097273574996 0.0 0.0
189.12767173574997 1.0 0.0
189.90437073574998 0.0 0.0
190.68106973574996 1.0 1.0
191.45776873574997 0.0 0.0
192.23446773574997 1.0 0.0
193.00663036774998 0.0 0.0
193.77833336774998 1.0 1.0
194.55003636774998 0.0 0.0
195.32173936774998 1.0 0.0
196.09344236774996 0.0 0.0
196.86514536774996 1.0 1.0
197.63684836774996 0.0 0.0
198.40855136774996 1.0 0.0
199.18025436774997 0.0 0.0
199.95195736774997 1.0 1.0
200.72366036775 0.0 0.0
201.49536336775 1.0 0.0
202.26706636775 0.0 0.0
203.03876936774998 1.0 1.0
203.80822597575 0.0 0.0
204.57745497575 1.0 0.0
205.34668397574998 0.0 0.0
206.11591297575 1.0 1.0
206.88514197575 0.0 0.0
207.65437097575 1.0 0.0
208.42359997575 0.0 0.0
209.19282897575 1.0 1.0
209.96205797574999 0.0 0.0
210.73128697575 1.0 0.0
211.50051597575 0.0 0.0
212.26974497575 1.0 1.0
213.03897397575 0.0 0.0
213.80820297575 1.0 0.0
214.58421473574998 0.0 0.0
215.36091373575 1.0 1.0
216.14220630774997 0.0 0.0
216.92396430774997 1.0 0.0
217.70572230774997 0.0 0.0
218.48748030775 1.0 1.0
219.26923830775 0.0 0.0
220.05099630774998 1.0 0.0
220.83275430774998 0.0 0.0
221.61451230774998 1.0 0.0
222.39627030774997 0.0 0.0
223.17802830774997 1.0 1.0
223.95978630775 0.0 0.0
224.74154430775 0.0 0.0
225.52330230775 1.0 1.0
226.30506030774998 0.0 0.0
227.08681830774998 1.0 1.0