0.07461521299999999 0.0 0.0
0.8438442129999999 1.0 1.0
1.6130732129999998 0.0 0.0
2.382302213 1.0 0.0
3.1515312129999997 0.0 0.0
3.920760213 1.0 0.0
4.689989213 0.0 0.0
5.459218213 1.0 1.0
6.228447213 0.0 0.0
6.997676212999999 1.0 0.0
7.766905212999999 0.0 0.0
8.536134212999999 1.0 1.0
9.305363213 0.0 0.0
10.074592212999999 1.0 1.0
10.843821213 0.0 0.0
11.613050213 0.0 0.0
12.382279213 1.0 1.0
13.151508213000003 0.0 0.0
13.920737213000002 1.0 0.0
14.689966213000002 0.0 0.0
15.459195213000003 1.0 1.0
16.228424213000004 0.0 0.0
16.997653213000003 1.0 0.0
17.766882213000002 0.0 0.0
18.536111213 1.0 1.0
19.305340213 0.0 0.0
20.074569213000004 1.0 0.0
20.843798213000003 0.0 0.0
21.613027213000002 1.0 1.0
22.382256213 0.0 0.0
23.151485213 1.0 0.0
23.920714213000004 0.0 0.0
24.689943213000003 1.0 1.0
25.459172213000002 0.0 0.0
26.228401213 1.0 0.0
26.997630213000004 0.0 0.0
27.766859213000004 1.0 1.0
28.536088213000003 0.0 0.0
29.305317213000002 1.0 0.0
30.074546213 0.0 0.0
30.843775213000004 1.0 1.0
31.613004213000004 0.0 0.0
32.382233213 1.0 0.0
33.151462213 0.0 0.0
33.920691213000005 1.0 1.0
34.689920213 0.0 0.0
35.459149213 1.0 0.0
36.228378213 0.0 0.0
36.997607213 1.0 1.0
37.766836213000005 0.0 0.0
38.536065213 1.0 0.0
39.305294213 0.0 0.0
40.074523213000006 1.0 1.0
40.843752213 0.0 0.0
41.612981213000005 1.0 0.0
42.382210213 0.0 0.0
43.151439213 1.0 1.0
43.920668213000006 0.0 0.0
44.689897213 1.0 0.0
45.459126213000005 0.0 0.0
46.228355213 1.0 1.0
46.997584213 0.0 0.0
47.766813213000006 1.0 0.0
48.536042213 0.0 0.0
49.305271213 1.0 1.0
50.074500213 0.0 0.0
50.843729212999996 1.0 0.0
51.612958213 0.0 0.0
52.382187212999995 1.0 1.0
53.151416213 0.0 0.0
53.920645213 1.0 0.0
54.689874212999996 0.0 0.0
55.459103213 1.0 1.0
56.228332212999995 0.0 0.0
56.997561213 1.0 0.0
57.766790213 0.0 0.0
58.536019212999996 1.0 1.0
59.305248213 0.0 0.0
60.074477212999994 1.0 0.0
60.843706213 0.0 0.0
61.612935213 1.0 1.0
62.382164212999996 0.0 0.0
63.151393213 1.0 0.0
63.920622212999994 0.0 0.0
64.689851213 1.0 1.0
65.459080213 0.0 0.0
66.228309213 1.0 0.0
66.997538213 0.0 0.0
67.766767213 1.0 1.0
68.535996213 0.0 0.0
69.305225213 1.0 0.0
70.074454213 0.0 0.0
70.84368321299999 1.0 1.0
71.612912213 0.0 0.0
72.382141213 1.0 0.0
73.15137021299999 0.0 0.0
73.920599213 1.0 1.0
74.689828213 0.0 0.0
75.459057213 1.0 0.0
76.228286213 0.0 0.0
76.997515213 1.0 1.0
77.766744213 0.0 0.0
78.53597321299999 1.0 0.0
79.305202213 0.0 0.0
80.074431213 1.0 1.0
80.84366021299999 0.0 0.0
81.612889213 1.0 0.0
82.382118213 0.0 0.0
83.151347213 1.0 1.0
83.920576213 0.0 0.0
84.689805213 1.0 0.0
85.459034213 0.0 0.0
86.22826321299999 1.0 1.0
86.997492213 0.0 0.0
87.766721213 1.0 0.0
88.53595021299999 0.0 0.0
89.305179213 1.0 1.0
90.074408213 0.0 0.0
90.843637213 1.0 0.0
91.612866213 0.0 0.0
92.382095213 1.0 1.0
93.151324213 0.0 0.0
93.92055321299999 1.0 0.0
94.689782213 0.0 0.0
95.459011213 1.0 1.0
96.22824021299999 0.0 0.0
96.997469213 1.0 0.0
97.766698213 0.0 0.0
98.53592721300001 1.0 1.0
99.305156213 0.0 0.0
100.07438521300001 1.0 0.0
100.84361421300001 0.0 0.0
101.612843213 1.0 1.0
102.38207221300001 0.0 0.0
103.15130121300001 1.0 0.0
103.920530213 0.0 0.0
104.68975921300002 1.0 1.0
105.458988213 0.0 0.0
106.228217213 1.0 0.0
106.997446213 0.0 0.0
107.766675213 1.0 1.0
108.535904213 0.0 0.0
109.305133213 1.0 0.0
110.074362213 0.0 0.0
110.843591213 1.0 1.0
111.61282021299999 0.0 0.0
112.382049213 1.0 0.0
113.151278213 0.0 0.0
113.920507213 1.0 1.0
114.689736213 0.0 0.0
115.458965213 1.0 0.0
116.228194213 0.0 0.0
116.997423213 1.0 1.0
117.766652213 0.0 0.0
118.535881213 1.0 0.0
119.30511021299999 0.0 0.0
120.074339213 1.0 1.0
120.843568213 0.0 0.0
121.612797213 1.0 0.0
122.382026213 0.0 0.0
123.151255213 1.0 1.0
123.920484213 0.0 0.0
124.689713213 1.0 0.0
125.458942213 0.0 0.0
126.228171213 1.0 1.0
126.99740021299999 0.0 0.0
127.766629213 1.0 0.0
128.535858213 0.0 0.0
129.305087213 1.0 1.0
130.074316213 0.0 0.0
130.843545213 1.0 0.0
131.612774213 0.0 0.0
132.382003213 1.0 1.0
133.151232213 0.0 0.0
133.920461213 1.0 0.0
134.689690213 0.0 0.0
135.458919213 1.0 1.0
136.228148213 0.0 0.0
136.997377213 1.0 0.0
137.766606213 0.0 0.0
138.53583521299998 1.0 1.0
139.305064213 0.0 0.0
140.074293213 1.0 0.0
140.843522213 0.0 0.0
141.612751213 1.0 1.0
142.381980213 0.0 0.0
143.151209213 1.0 0.0
143.920438213 0.0 0.0
144.689667213 1.0 1.0
145.458896213 0.0 0.0
146.228125213 1.0 0.0
146.997354213 0.0 0.0
147.766583213 1.0 1.0
148.53581221299999 0.0 0.0
149.305041213 1.0 0.0
150.074270213 0.0 0.0
150.843499213 1.0 1.0
151.612728213 0.0 0.0
152.381957213 1.0 0.0
153.151186213 0.0 0.0
153.920415213 1.0 1.0
154.689644213 0.0 0.0
155.458873213 1.0 0.0
156.228102213 0.0 0.0
156.997331213 1.0 1.0
157.766560213 0.0 0.0
158.535789213 1.0 0.0
159.305018213 0.0 0.0
160.074247213 1.0 1.0
160.843476213 0.0 0.0
161.612705213 1.0 0.0
162.381934213 0.0 0.0
163.151163213 1.0 1.0
163.92039221299999 0.0 0.0
164.689621213 1.0 0.0
165.458850213 0.0 0.0
166.228079213 1.0 1.0
166.997308213 0.0 0.0
167.766537213 1.0 0.0
168.535766213 0.0 0.0
169.304995213 1.0 1.0
170.074224213 0.0 0.0
170.843453213 1.0 0.0
171.612682213 0.0 0.0
172.381911213 1.0 1.0
173.151140213 0.0 0.0
173.920369213 1.0 0.0
174.689598213 0.0 0.0
175.458827213 1.0 1.0
176.228056213 0.0 0.0
176.997285213 1.0 0.0
177.766514213 0.0 0.0
178.535743213 1.0 1.0
179.304972213 0.0 0.0
180.074201213 1.0 0.0
180.843430213 0.0 0.0
181.612659213 1.0 1.0
182.381888213 0.0 0.0
183.151117213 1.0 0.0
183.920346213 0.0 0.0
184.689575213 1.0 1.0
185.458804213 0.0 0.0
186.228033213 1.0 0.0
186.997262213 0.0 0.0
187.766491213 1.0 1.0
188.535720213 0.0 0.0
189.304949213 1.0 0.0
190.074178213 0.0 0.0
190.843407213 1.0 1.0
191.612636213 0.0 0.0
192.381865213 1.0 0.0
193.151094213 0.0 0.0
193.920323213 1.0 1.0
194.689552213 0.0 0.0
195.458781213 1.0 0.0
196.228010213 0.0 0.0
196.997239213 1.0 1.0
197.766468213 0.0 0.0
198.535697213 1.0 0.0
199.304926213 0.0 0.0
200.074155213 1.0 1.0
200.843384213 0.0 0.0
201.612613213 1.0 0.0
202.381842213 0.0 0.0
203.151071213 1.0 1.0
203.920300213 0.0 0.0
204.689529213 1.0 0.0
205.458758213 0.0 0.0
206.227987213 1.0 0.0
206.997216213 0.0 0.0