0.7281882989999999 1.0 1.0
1.7030052989999998 0.0 0.0
2.677822299 1.0 0.0
3.6526392989999996 0.0 0.0
4.634022429 1.0 1.0
5.617629429 0.0 0.0
6.601236429 1.0 0.0
7.584843428999999 0.0 0.0
8.568450429 1.0 1.0
9.54608367 0.0 0.0
10.52169367 1.0 0.0
11.497303669999999 0.0 0.0
12.47291367 1.0 1.0
13.44852367 0.0 0.0
14.418256274 1.0 0.0
15.385998274 0.0 0.0
16.353740274 1.0 1.0
17.321482274 0.0 0.0
18.277749607 1.0 0.0
19.265702 0.0 0.0
20.208240519 1.0 1.0
21.131317519 0.0 0.0
22.054394519000002 1.0 0.0
22.9882455 0.0 0.0
23.9257455 1.0 1.0
24.874361607 0.0 0.0
25.826742607000003 1.0 0.0
26.779123607000002 0.0 0.0
27.731504607 1.0 1.0
28.683885607 0.0 0.0
29.636266607000003 1.0 0.0
30.588647607000002 0.0 0.0
31.541028607 1.0 1.0
32.493409607000004 0.0 0.0
33.445790607 1.0 0.0
34.398171607 0.0 0.0
35.350552607 1.0 1.0
36.302933607 0.0 0.0
37.255314607 1.0 0.0
38.207695607000005 0.0 0.0
39.160076607 1.0 1.0
40.123932274 0.0 0.0
41.091674274 1.0 0.0
42.059416274 0.0 0.0
43.051255000000005 1.0 1.0
43.983345977000006 0.0 0.0
44.92477460700001 1.0 0.0
45.877155607000006 0.0 0.0
46.8184205 1.0 1.0
47.76703660700001 0.0 0.0
48.719417607000004 1.0 1.0
49.67179860700001 0.0 0.0
50.624179607 1.0 0.0
51.576560607000005 0.0 0.0
52.52894160700001 1.0 1.0
53.481322607 0.0 0.0
54.433703607000005 1.0 0.0
55.38608460700001 0.0 0.0
56.338465607 1.0 1.0
57.290846607000006 0.0 0.0
58.24322760700001 1.0 0.0
59.195608607000004 0.0 0.0
60.153681000000006 1.0 1.0
61.11368100000001 0.0 0.0
62.07368100000001 1.0 0.0
63.033681 0.0 0.0
63.993681 1.0 1.0
64.94798960700001 0.0 0.0
65.90037060700001 1.0 0.0
66.852751607 0.0 0.0
67.816607274 1.0 1.0
68.772874607 0.0 0.0
69.72525560700001 1.0 0.0
70.677636607 0.0 0.0
71.61890149999999 1.0 1.0
72.56191585399999 0.0 0.0
73.506797854 1.0 0.0
74.44616549999999 0.0 0.0
75.38366549999999 1.0 1.0
76.32116549999999 0.0 0.0
77.25866549999999 1.0 0.0
78.20167985399999 0.0 0.0
79.146561854 1.0 1.0
80.09144385399999 0.0 0.0
81.041927607 1.0 0.0
81.99430860700001 0.0 0.0
82.946689607 1.0 1.0
83.899070607 0.0 0.0
84.851451607 1.0 0.0
85.803832607 0.0 0.0
86.756213607 1.0 1.0
87.70859460700001 0.0 0.0
88.660975607 1.0 0.0
89.613356607 0.0 0.0
90.565737607 1.0 1.0
91.518118607 0.0 0.0
92.47049960700001 1.0 0.0
93.422880607 0.0 0.0
94.375261607 1.0 1.0
95.327642607 0.0 0.0
96.280023607 1.0 1.0
97.232404607 0.0 0.0
98.18478560700001 1.0 0.0
99.137166607 0.0 0.0
100.089547607 1.0 1.0
101.041928607 0.0 0.0
101.994309607 1.0 0.0
102.946690607 0.0 0.0
103.899071607 1.0 1.0
104.851452607 0.0 0.0
105.803833607 1.0 0.0
106.756214607 0.0 0.0
107.708595607 1.0 1.0
108.66097660700001 0.0 0.0
109.613357607 1.0 0.0
110.565738607 0.0 0.0
111.518119607 1.0 1.0
112.470500607 0.0 0.0
113.422881607 1.0 0.0
114.375262607 0.0 0.0
115.327643607 1.0 1.0
116.280024607 0.0 0.0
117.232405607 1.0 0.0
118.184786607 0.0 0.0
119.137167607 1.0 1.0
120.089548607 0.0 0.0
121.041929607 1.0 0.0
121.99431060699999 0.0 0.0
122.94669160700002 1.0 1.0
123.89907260700002 0.0 0.0
124.86292827400003 1.0 0.0
125.83067027400003 0.0 0.0
126.78693760700003 1.0 1.0
127.77489000000003 0.0 0.0
128.71742851900004 1.0 0.0
129.64050551900002 0.0 0.0
130.56358251900002 1.0 1.0
131.49743350000003 0.0 0.0
132.44604960700002 1.0 0.0
133.39843060700002 0.0 0.0
134.35081160700003 1.0 1.0
135.31466727400002 0.0 0.0
136.28240927400003 1.0 0.0
137.25015127400002 0.0 0.0
138.21789327400003 1.0 1.0
139.18563527400002 0.0 0.0
140.15337727400004 1.0 0.0
141.10964460700004 0.0 0.0
142.06202560700004 1.0 1.0
143.01440660700004 0.0 0.0
143.96678760700004 1.0 1.0
144.91916860700002 0.0 0.0
145.87154960700002 1.0 0.0
146.82393060700002 0.0 0.0
147.77631160700003 1.0 1.0
148.74016727400002 0.0 0.0
149.70790927400003 1.0 0.0
150.66417660700003 0.0 0.0
151.61655760700003 1.0 1.0
152.53660097700003 0.0 0.0
153.47802960700002 1.0 0.0
154.43041060700003 0.0 0.0
155.37167550000004 1.0 1.0
156.32029160700003 0.0 0.0
157.27267260700003 1.0 0.0
158.22505360700004 0.0 0.0
159.17743460700004 1.0 1.0
160.129815607 0.0 0.0
161.08219660700001 1.0 0.0
162.03457760700002 0.0 0.0
162.98695860700002 1.0 1.0
163.93933960700002 0.0 0.0
164.89172060700002 1.0 0.0
165.84410160700003 0.0 0.0
166.79648260700003 1.0 1.0
167.74886360700003 0.0 0.0
168.70693600000004 1.0 0.0
169.66693600000002 0.0 0.0
170.62693600000003 1.0 1.0
171.58693600000004 0.0 0.0
172.54693600000004 1.0 0.0
173.50124460700005 0.0 0.0
174.45362560700005 1.0 1.0
175.40600660700005 0.0 0.0
176.36986227400004 1.0 0.0
177.32612960700004 0.0 0.0
178.27851060700004 1.0 1.0
179.23089160700005 0.0 0.0
180.17215650000006 1.0 0.0
181.11517085400004 0.0 0.0
182.06005285400005 1.0 1.0
182.99942050000004 0.0 0.0
183.93692050000004 1.0 0.0
184.87442050000004 0.0 0.0
185.82303660700003 1.0 1.0
186.78689227400002 0.0 0.0
187.75463427400004 1.0 0.0
188.72237627400003 0.0 0.0
189.67864360700003 1.0 1.0
190.63102460700003 0.0 0.0
191.58340560700003 1.0 0.0
192.53578660700003 0.0 0.0
193.48816760700004 1.0 1.0
194.440548607 0.0 0.0
195.392929607 1.0 0.0
196.34531060700002 0.0 0.0
197.29769160700002 1.0 1.0
198.25007260700002 0.0 0.0
199.20245360700002 1.0 0.0
200.15483460700003 0.0 0.0
201.10721560700003 1.0 1.0
202.05959660700003 0.0 0.0
203.01197760700003 1.0 0.0
203.964358607 0.0 0.0
204.916739607 1.0 1.0
205.869120607 0.0 0.0
206.82150160700002 1.0 0.0
207.77388260700002 0.0 0.0
208.72626360700002 1.0 1.0
209.67864460700002 0.0 0.0
210.63102560700003 1.0 0.0
211.58340660700003 0.0 0.0
212.53578760700003 1.0 1.0
213.48816860700003 0.0 0.0
214.44054960700004 1.0 0.0
215.392930607 0.0 0.0
216.345311607 1.0 1.0
217.29769260700002 0.0 0.0
218.25007360700002 1.0 0.0
219.20245460700002 0.0 0.0
220.15483560700002 1.0 1.0
221.10721660700003 0.0 0.0
222.05959760700003 1.0 0.0
223.011978607 0.0 0.0
223.964359607 1.0 1.0
224.916740607 0.0 0.0
225.869121607 1.0 0.0
226.821502607 0.0 0.0
227.785358274 1.0 1.0
228.75310027400002 0.0 0.0
229.720842274 1.0 0.0
230.68858427400002 0.0 0.0
231.64485160700002 1.0 1.0
232.59723260700002 0.0 0.0
233.54961360700003 1.0 0.0
234.50199460700003 0.0 0.0
235.45437560700003 1.0 1.0
236.406756607 0.0 0.0
237.394709 1.0 0.0
238.394709 0.0 0.0
239.394709 1.0 1.0
240.394709 0.0 0.0
241.394709 1.0 0.0
242.394709 0.0 0.0
243.394709 1.0 0.0
244.394709 0.0 0.0
245.394709 1.0 1.0
246.394709 0.0 0.0
247.394709 0.0 0.0
248.394709 1.0 1.0
249.394709 0.0 0.0