0.06222221600000006 0.0 0.0
1.173333216 1.0 1.0
2.284444216 0.0 0.0
3.3955552160000004 1.0 0.0
4.506666216 0.0 0.0
5.617777216 1.0 1.0
6.7288882160000005 0.0 0.0
7.839999216000001 1.0 0.0
8.951110216000002 0.0 0.0
10.062221216000001 1.0 1.0
11.173332216 0.0 0.0
12.284443216 1.0 0.0
13.395554216 0.0 0.0
14.506665216 1.0 1.0
15.617776216000001 0.0 0.0
16.728887216 1.0 0.0
17.839998216 0.0 0.0
18.951109216 1.0 1.0
20.062220216000004 0.0 0.0
21.173331216 1.0 0.0
22.284442216000002 0.0 0.0
23.395553216000003 1.0 1.0
24.506664216000004 0.0 0.0
25.617775216000002 1.0 0.0
26.728886216000003 0.0 0.0
27.839997216000004 1.0 1.0
28.951108216 0.0 0.0
30.062219216000003 1.0 0.0
31.173330216000004 0.0 0.0
32.284441216000005 1.0 1.0
33.395552216000006 0.0 0.0
34.506663216 1.0 0.0
35.617774216 0.0 0.0
36.728885216 1.0 1.0
37.839996215999996 0.0 0.0
38.951107216 1.0 0.0
40.062218216 0.0 0.0
41.17332921599999 1.0 1.0
42.28444021599999 0.0 0.0
43.395551215999994 1.0 0.0
44.506662215999995 0.0 0.0
45.617773215999996 1.0 1.0
46.728884216 0.0 0.0
47.83999521599999 1.0 0.0
48.95110621599999 0.0 0.0
50.06221721599999 1.0 1.0
51.173328215999994 0.0 0.0
52.284439215999996 1.0 0.0
53.395550216 0.0 0.0
54.506661216 1.0 1.0
55.61777221599999 0.0 0.0
56.72888321599999 1.0 0.0
57.839994215999994 0.0 0.0
58.951105215999995 1.0 1.0
60.062216215999996 0.0 0.0
61.173327216 1.0 0.0
62.284438216 0.0 0.0
63.39554921599999 1.0 1.0
64.506660216 0.0 0.0
65.617771216 1.0 0.0
66.72888221599999 0.0 0.0
67.839993216 1.0 1.0
68.95110421599999 0.0 0.0
70.062215216 1.0 0.0
71.17332621599999 0.0 0.0
72.284437216 1.0 1.0
73.395548216 0.0 0.0
74.50665921599999 1.0 0.0
75.617770216 0.0 0.0
76.72888121599999 1.0 1.0
77.839992216 0.0 0.0
78.95110321599999 1.0 0.0
80.062214216 0.0 0.0
81.173325216 1.0 1.0
82.28443621599999 0.0 0.0
83.395547216 1.0 0.0
84.50665821599999 0.0 0.0
85.617769216 1.0 1.0
86.728880216 0.0 0.0
87.839991216 1.0 0.0
88.951102216 0.0 0.0
90.06221321599999 1.0 1.0
91.173324216 0.0 0.0
92.28443521599999 1.0 0.0
93.395546216 0.0 0.0
94.506657216 1.0 1.0
95.617768216 0.0 0.0
96.728879216 1.0 0.0
97.83999021599999 0.0 0.0
98.951101216 1.0 1.0
100.06221221599999 0.0 0.0
101.173323216 1.0 0.0
102.284434216 0.0 0.0
103.395545216 1.0 1.0
104.506656216 0.0 0.0
105.61776721599999 1.0 0.0
106.728878216 0.0 0.0
107.83998921599999 1.0 1.0
108.951100216 0.0 0.0
110.062211216 1.0 1.0
111.173322216 0.0 0.0
112.284433216 1.0 0.0
113.39554421599999 0.0 0.0
114.506655216 1.0 1.0
115.61776621599999 0.0 0.0
116.728877216 1.0 0.0
117.839988216 0.0 0.0
118.95109921599999 1.0 1.0
120.062210216 0.0 0.0
121.17332121599999 1.0 0.0
122.284432216 0.0 0.0
123.395543216 1.0 1.0
124.506654216 0.0 0.0
125.617765216 1.0 0.0
126.72887621599999 0.0 0.0
127.839987216 1.0 1.0
128.951098216 0.0 0.0
130.06220921599999 1.0 0.0
131.173320216 0.0 0.0
132.284431216 1.0 1.0
133.395542216 0.0 0.0
134.506653216 1.0 0.0
135.61776421599998 0.0 0.0
136.728875216 1.0 1.0
137.839986216 0.0 0.0
138.951097216 1.0 0.0
140.062208216 0.0 0.0
141.173319216 1.0 1.0
142.284430216 0.0 0.0
143.39554121600003 1.0 0.0
144.50665221600002 0.0 0.0
145.61776321600001 1.0 1.0
146.728874216 0.0 0.0
147.839985216 1.0 0.0
148.95109621600002 0.0 0.0
150.06220721600002 1.0 1.0
151.173318216 0.0 0.0
152.284429216 1.0 0.0
153.395540216 0.0 0.0
154.50665121600002 1.0 1.0
155.61776221600002 0.0 0.0
156.728873216 1.0 0.0
157.839984216 0.0 0.0
158.95109521600003 1.0 1.0
160.06220621600002 0.0 0.0
161.17331721600002 1.0 0.0
162.284428216 0.0 0.0
163.395539216 1.0 1.0
164.50665021600003 0.0 0.0
165.61776121600002 1.0 0.0
166.728872216 0.0 0.0
167.839983216 1.0 1.0
168.951094216 0.0 0.0
170.06220521600002 1.0 0.0
171.17331621600002 0.0 0.0
172.284427216 1.0 1.0
173.395538216 0.0 0.0
174.506649216 1.0 0.0
175.61776021600002 0.0 0.0
176.72887121600002 1.0 1.0
177.839982216 0.0 0.0
178.951093216 1.0 0.0
180.06220421600003 0.0 0.0
181.17331521600002 1.0 1.0
182.284426216 0.0 0.0
183.395537216 1.0 0.0
184.506648216 0.0 0.0
185.61775921600002 1.0 1.0
186.72887021600002 0.0 0.0
187.839981216 1.0 0.0
188.951092216 0.0 0.0
190.062203216 1.0 1.0
191.17331421600002 0.0 0.0
192.28442521600002 1.0 0.0
193.395536216 0.0 0.0
194.506647216 1.0 1.0
195.61775821600003 0.0 0.0
196.72886921600002 1.0 0.0
197.83998021600001 0.0 0.0
198.951091216 1.0 1.0
200.062202216 0.0 0.0
201.17331321600003 1.0 0.0
202.28442421600002 0.0 0.0
203.395535216 1.0 1.0
204.506646216 0.0 0.0
205.617757216 1.0 0.0
206.72886821600002 0.0 0.0
207.83997921600002 1.0 1.0
208.951090216 0.0 0.0
210.062201216 1.0 0.0
211.17331221600003 0.0 0.0
212.28442321600002 1.0 1.0
213.39553421600002 0.0 0.0
214.506645216 1.0 0.0
215.617756216 0.0 0.0
216.72886721600003 1.0 1.0
217.83997821600002 0.0 0.0
218.951089216 1.0 0.0
220.062200216 0.0 0.0
221.173311216 1.0 1.0
222.28442221600002 0.0 0.0
223.39553321600002 1.0 0.0
224.506644216 0.0 0.0
225.617755216 1.0 1.0
226.728866216 0.0 0.0
227.83997721600002 1.0 0.0
228.95108821600002 0.0 0.0
230.062199216 1.0 1.0
231.173310216 0.0 0.0
232.28442121600003 1.0 0.0
233.39553221600002 0.0 0.0
234.50664321600001 1.0 1.0
235.617754216 0.0 0.0
236.728865216 1.0 0.0
237.83997621600003 0.0 0.0
238.95108721600002 1.0 1.0
240.062198216 0.0 0.0
241.173309216 1.0 0.0
242.284420216 0.0 0.0
243.39553121600002 1.0 1.0
244.50664221600002 0.0 0.0
245.617753216 1.0 0.0
246.728864216 0.0 0.0
247.83997521600003 1.0 1.0
248.95108621600002 0.0 0.0
250.06219721600002 1.0 0.0
251.173308216 0.0 0.0
252.284419216 1.0 1.0
253.39553021600003 0.0 0.0
254.50664121600002 1.0 0.0
255.617752216 0.0 0.0
256.72886321600004 1.0 1.0
257.83997421600003 0.0 0.0
258.951085216 1.0 0.0
260.062196216 0.0 0.0
261.173307216 1.0 1.0
262.284418216 0.0 0.0
263.395529216 1.0 0.0
264.506640216 0.0 0.0
265.617751216 1.0 1.0
266.72886221600004 0.0 0.0
267.83997321600003 1.0 0.0
268.951084216 0.0 0.0
270.062195216 1.0 1.0
271.173306216 0.0 0.0
272.284417216 1.0 0.0
273.395528216 0.0 0.0
274.506639216 1.0 1.0
275.617750216 0.0 0.0
276.72886121600004 1.0 0.0
277.83997221600004 0.0 0.0
278.95108321600003 1.0 1.0
280.062194216 0.0 0.0
281.173305216 1.0 0.0
282.284416216 0.0 0.0
283.395527216 1.0 1.0
284.506638216 0.0 0.0
285.617749216 1.0 0.0
286.728860216 0.0 0.0
287.839971216 1.0 1.0
288.951082216 0.0 0.0
290.06219321599997 0.0 0.0