0.34480000000000005 0.0 0.0
1.1448 1.0 0.0
1.9448 0.0 0.0
2.7448 1.0 1.0
3.5448000000000004 0.0 0.0
4.3448 1.0 0.0
5.1448 0.0 0.0
5.9448 1.0 1.0
6.744800000000001 0.0 0.0
7.5448 1.0 0.0
8.3448 0.0 0.0
9.1448 1.0 1.0
9.9448 0.0 0.0
10.7448 1.0 0.0
11.5448 0.0 0.0
12.3448 1.0 1.0
13.1448 0.0 0.0
13.944800000000003 1.0 0.0
14.744800000000001 0.0 0.0
15.544800000000002 1.0 1.0
16.344800000000003 0.0 0.0
17.1448 1.0 0.0
17.9448 0.0 0.0
18.7448 1.0 1.0
19.544800000000002 0.0 0.0
20.344800000000003 1.0 0.0
21.1448 0.0 0.0
21.9448 1.0 1.0
22.7448 0.0 0.0
23.544800000000002 1.0 0.0
24.344800000000003 0.0 0.0
25.1448 1.0 1.0
25.944799999999997 0.0 0.0
26.744799999999998 1.0 0.0
27.544799999999995 0.0 0.0
28.344799999999996 1.0 1.0
29.144799999999996 0.0 0.0
29.944799999999997 1.0 0.0
30.744799999999994 0.0 0.0
31.544799999999995 1.0 1.0
32.34479999999999 0.0 0.0
33.1448 1.0 0.0
33.944799999999994 0.0 0.0
34.7448 1.0 1.0
35.544799999999995 0.0 0.0
36.34479999999999 1.0 0.0
37.1448 0.0 0.0
37.944799999999994 1.0 1.0
38.7448 0.0 0.0
39.544799999999995 1.0 0.0
40.34479999999999 0.0 0.0
41.1448 1.0 1.0
41.944799999999994 0.0 0.0
42.7448 1.0 0.0
43.544799999999995 0.0 0.0
44.34479999999999 1.0 1.0
45.1448 0.0 0.0
45.944799999999994 1.0 0.0
46.7448 0.0 0.0
47.544799999999995 1.0 1.0
48.34479999999999 0.0 0.0
49.1448 1.0 0.0
49.944799999999994 0.0 0.0
50.7448 1.0 1.0
51.544799999999995 0.0 0.0
52.34479999999999 1.0 0.0
53.1448 0.0 0.0
53.944799999999994 1.0 1.0
54.7448 0.0 0.0
55.544799999999995 1.0 0.0
56.34479999999999 0.0 0.0
57.1448 1.0 1.0
57.944799999999994 0.0 0.0
58.7448 1.0 0.0
59.544799999999995 0.0 0.0
60.34479999999999 1.0 1.0
61.1448 0.0 0.0
61.944799999999994 1.0 0.0
62.7448 0.0 0.0
63.544799999999995 1.0 1.0
64.34479999999999 0.0 0.0
65.14479999999999 1.0 0.0
65.9448 0.0 0.0
66.7448 1.0 1.0
67.5448 0.0 0.0
68.34479999999999 1.0 0.0
69.14479999999999 0.0 0.0
69.9448 1.0 1.0
70.7448 0.0 0.0
71.5448 1.0 0.0
72.34479999999999 0.0 0.0
73.14479999999999 1.0 1.0
73.9448 0.0 0.0
74.7448 1.0 0.0
75.5448 0.0 0.0
76.34479999999999 1.0 1.0
77.14479999999999 0.0 0.0
77.9448 1.0 0.0
78.7448 0.0 0.0
79.5448 1.0 1.0
80.34479999999999 0.0 0.0
81.14479999999999 1.0 0.0
81.9448 0.0 0.0
82.7448 1.0 1.0
83.5448 0.0 0.0
84.34479999999999 1.0 0.0
85.14479999999999 0.0 0.0
85.9448 1.0 1.0
86.7448 0.0 0.0
87.5448 1.0 0.0
88.34479999999999 0.0 0.0
89.14479999999999 1.0 1.0
89.9448 0.0 0.0
90.7448 1.0 0.0
91.5448 0.0 0.0
92.34479999999999 1.0 1.0
93.14479999999999 0.0 0.0
93.9448 1.0 0.0
94.7448 0.0 0.0
95.5448 1.0 1.0
96.34479999999999 0.0 0.0
97.14479999999999 1.0 0.0
97.9448 0.0 0.0
98.7448 1.0 1.0
99.5448 0.0 0.0
100.34479999999999 1.0 0.0
101.14479999999999 0.0 0.0
101.9448 1.0 1.0
102.74480000000001 0.0 0.0
103.54480000000001 1.0 0.0
104.3448 0.0 0.0
105.1448 1.0 1.0
105.9448 0.0 0.0
106.74480000000001 1.0 0.0
107.54480000000001 0.0 0.0
108.3448 1.0 1.0
109.1448 0.0 0.0
109.9448 1.0 0.0
110.74480000000001 0.0 0.0
111.54480000000001 1.0 1.0
112.3448 0.0 0.0
113.1448 1.0 0.0
113.9448 0.0 0.0
114.74480000000001 1.0 1.0
115.54480000000001 0.0 0.0
116.3448 1.0 0.0
117.1448 0.0 0.0
117.9448 1.0 1.0
118.74480000000001 0.0 0.0
119.54480000000001 1.0 0.0
120.3448 0.0 0.0
121.1448 1.0 1.0
121.9448 0.0 0.0
122.74480000000001 1.0 0.0
123.54480000000001 0.0 0.0
124.3448 1.0 1.0
125.1448 0.0 0.0
125.9448 1.0 0.0
126.74480000000001 0.0 0.0
127.54480000000001 1.0 1.0
128.34480000000002 0.0 0.0
129.1448 1.0 0.0
129.94480000000001 0.0 0.0
130.7448 1.0 1.0
131.5448 0.0 0.0
132.34480000000002 1.0 0.0
133.1448 0.0 0.0
133.94480000000001 1.0 1.0
134.7448 0.0 0.0
135.5448 1.0 0.0
136.34480000000002 0.0 0.0
137.1448 1.0 1.0
137.94480000000001 0.0 0.0
138.7448 1.0 0.0
139.5448 0.0 0.0
140.34480000000002 1.0 1.0
141.1448 0.0 0.0
141.94480000000001 1.0 0.0
142.7448 0.0 0.0
143.5448 1.0 1.0
144.34480000000002 0.0 0.0
145.1448 1.0 0.0
145.94480000000001 0.0 0.0
146.7448 1.0 1.0
147.5448 0.0 0.0
148.34480000000002 1.0 0.0
149.1448 0.0 0.0
149.94480000000001 1.0 1.0
150.7448 0.0 0.0
151.5448 1.0 0.0
152.34480000000002 0.0 0.0
153.1448 1.0 1.0
153.94480000000001 0.0 0.0
154.7448 1.0 0.0
155.5448 0.0 0.0
156.34480000000002 1.0 1.0
157.1448 0.0 0.0
157.94480000000001 1.0 0.0
158.7448 0.0 0.0
159.5448 1.0 1.0
160.34480000000002 0.0 0.0
161.1448 1.0 0.0
161.94480000000001 0.0 0.0
162.7448 1.0 1.0
163.5448 0.0 0.0
164.34480000000002 1.0 0.0
165.1448 0.0 0.0
165.94480000000001 1.0 1.0
166.7448 0.0 0.0
167.5448 1.0 0.0
168.34480000000002 0.0 0.0
169.1448 1.0 1.0
169.94480000000001 0.0 0.0
170.7448 1.0 0.0
171.5448 0.0 0.0
172.34480000000002 1.0 1.0
173.1448 0.0 0.0
173.94480000000001 1.0 0.0
174.7448 0.0 0.0
175.5448 1.0 1.0
176.34480000000002 0.0 0.0
177.1448 1.0 0.0
177.94480000000001 0.0 0.0
178.7448 1.0 1.0
179.5448 0.0 0.0
180.34480000000002 1.0 0.0
181.1448 0.0 0.0
181.94480000000001 1.0 1.0
182.7448 0.0 0.0
183.5448 1.0 0.0
184.34480000000002 0.0 0.0
185.1448 1.0 1.0
185.94480000000001 0.0 0.0
186.7448 1.0 0.0
187.5448 0.0 0.0
188.34480000000002 1.0 1.0
189.1448 0.0 0.0
189.94480000000001 1.0 0.0
190.7448 0.0 0.0
191.5448 1.0 1.0
192.34480000000002 0.0 0.0
193.1448 1.0 0.0
193.94480000000001 0.0 0.0
194.7448 1.0 1.0
195.5448 0.0 0.0
196.34480000000002 1.0 0.0
197.1448 0.0 0.0
197.94480000000001 1.0 1.0
198.7448 0.0 0.0
199.5448 1.0 0.0
200.34480000000002 0.0 0.0
201.1448 1.0 1.0
201.94480000000001 0.0 0.0
202.7448 1.0 0.0
203.5448 0.0 0.0
204.34480000000002 1.0 1.0
205.14479999999998 0.0 0.0
205.9448 1.0 0.0
206.74479999999997 0.0 0.0
207.54479999999998 1.0 1.0
208.3448 0.0 0.0
209.14479999999998 1.0 0.0
209.9448 0.0 0.0
210.74479999999997 1.0 1.0
211.54479999999998 0.0 0.0
212.3448 1.0 0.0
213.14479999999998 0.0 0.0
213.9448 1.0 1.0
214.74479999999997 0.0 0.0
215.54479999999998 1.0 0.0
216.3448 0.0 0.0
217.14479999999998 1.0 1.0
217.9448 0.0 0.0
218.7448 1.0 0.0
219.5448 0.0 0.0
220.34480000000002 1.0 1.0
221.1448 0.0 0.0
221.94480000000001 1.0 0.0
222.7448 0.0 0.0
223.5448 1.0 1.0
224.34480000000002 0.0 0.0
225.1448 1.0 0.0
225.94480000000001 0.0 0.0
226.7448 1.0 1.0
227.5448 0.0 0.0
228.34480000000002 1.0 0.0
229.1448 0.0 0.0
229.94480000000001 1.0 1.0
230.7448 0.0 0.0
231.5448 1.0 0.0
232.34480000000002 0.0 0.0
233.1448 1.0 1.0
233.94480000000001 0.0 0.0
234.7448 1.0 0.0
235.5448 0.0 0.0
236.34480000000002 1.0 1.0
237.1448 0.0 0.0
237.94480000000001 1.0 0.0
238.7448 0.0 0.0
239.5448 1.0 1.0
240.34480000000002 0.0 0.0
241.1448 1.0 0.0
241.94480000000001 0.0 0.0
242.7448 1.0 1.0
243.5448 0.0 0.0
244.34480000000002 1.0 0.0
245.1448 0.0 0.0
245.94480000000001 1.0 1.0
246.7448 0.0 0.0
247.5448 1.0 0.0
248.34480000000002 0.0 0.0
249.1448 1.0 0.0
249.94480000000001 0.0 0.0
250.7448 0.0 0.0