0.182307273 1.0 0.0
0.951536273 0.0 0.0
1.720765273 1.0 1.0
2.489994273 0.0 0.0
3.259223273 1.0 0.0
4.028452273 0.0 0.0
4.797681273 1.0 1.0
5.566910273 0.0 0.0
6.336139273000001 1.0 0.0
7.105368273000001 0.0 0.0
7.874597273000001 1.0 1.0
8.643826273 0.0 0.0
9.413055273000001 1.0 0.0
10.182284273 0.0 0.0
10.951513273 1.0 1.0
11.720742273 0.0 0.0
12.489971272999998 1.0 0.0
13.259200272999998 0.0 0.0
14.028429272999997 1.0 1.0
14.797658272999998 0.0 0.0
15.566887272999997 1.0 0.0
16.336116273 0.0 0.0
17.105345272999998 1.0 1.0
17.874574272999997 0.0 0.0
18.643803272999996 1.0 0.0
19.413032273 0.0 0.0
20.182261272999998 1.0 1.0
20.951490272999997 0.0 0.0
21.720719272999997 1.0 0.0
22.489948273 0.0 0.0
23.259177273 1.0 1.0
24.028406272999998 0.0 0.0
24.797635273 1.0 0.0
25.566864273 0.0 0.0
26.336093273000003 1.0 1.0
27.105322273000002 0.0 0.0
27.874551273000005 1.0 0.0
28.643780273000004 0.0 0.0
29.413009273000004 1.0 1.0
30.182238273000003 0.0 0.0
30.951467273000002 1.0 0.0
31.720696273000005 0.0 0.0
32.489925273000004 1.0 1.0
33.25915427300001 0.0 0.0
34.028383273 1.0 0.0
34.797612273000006 0.0 0.0
35.566841273 1.0 1.0
36.336070273000004 0.0 0.0
37.10529927300001 1.0 0.0
37.874528273 0.0 0.0
38.643757273000006 1.0 1.0
39.412986273 0.0 0.0
40.182215273000004 1.0 0.0
40.95144427300001 0.0 0.0
41.720673273 1.0 1.0
42.489902273000006 0.0 0.0
43.259131273 1.0 0.0
44.028360273000004 0.0 0.0
44.79758927300001 1.0 1.0
45.566818273 0.0 0.0
46.336047273000005 1.0 0.0
47.105276273 0.0 0.0
47.874505273000004 1.0 1.0
48.64373427300001 0.0 0.0
49.412963272999995 1.0 0.0
50.182192273 0.0 0.0
50.951421273 1.0 1.0
51.720650273 0.0 0.0
52.489879273 1.0 0.0
53.259108272999995 0.0 0.0
54.02833727299999 1.0 1.0
54.797566272999994 0.0 0.0
55.56679527299999 1.0 0.0
56.33602427299999 0.0 0.0
57.105253272999995 1.0 1.0
57.87448227299999 0.0 0.0
58.643711272999994 1.0 0.0
59.41294027299999 0.0 0.0
60.18216927299999 1.0 1.0
60.951398272999995 0.0 0.0
61.72062727299999 1.0 0.0
62.489856272999994 0.0 0.0
63.25908527299999 1.0 1.0
64.02831427299999 0.0 0.0
64.79754327299999 1.0 0.0
65.566772273 0.0 0.0
66.336001273 1.0 1.0
67.10523027299999 0.0 0.0
67.874459273 1.0 0.0
68.643688273 0.0 0.0
69.41291727299999 1.0 1.0
70.18214627299999 0.0 0.0
70.951375273 1.0 0.0
71.72060427299999 0.0 0.0
72.48983327299999 1.0 1.0
73.259062273 0.0 0.0
74.028291273 1.0 0.0
74.79752027299999 0.0 0.0
75.566749273 1.0 1.0
76.335978273 0.0 0.0
77.10520727299999 1.0 0.0
77.87443627299999 0.0 0.0
78.643665273 1.0 1.0
79.41289427299999 0.0 0.0
80.18212327299999 1.0 0.0
80.951352273 0.0 0.0
81.720581273 1.0 1.0
82.48981027299999 0.0 0.0
83.259039273 1.0 0.0
84.028268273 0.0 0.0
84.79749727299999 1.0 1.0
85.56672627299999 0.0 0.0
86.335955273 1.0 0.0
87.10518427299999 0.0 0.0
87.87441327299999 1.0 1.0
88.643642273 0.0 0.0
89.412871273 1.0 0.0
90.18210027299999 0.0 0.0
90.951329273 1.0 1.0
91.720558273 0.0 0.0
92.48978727299999 1.0 0.0
93.25901627299999 0.0 0.0
94.028245273 1.0 0.0
94.79747427299999 0.0 0.0
95.56670327299999 1.0 1.0
96.335932273 0.0 0.0
97.105161273 1.0 0.0
97.87439027299999 0.0 0.0
98.643619273 1.0 1.0
99.412848273 0.0 0.0
100.18207727299999 1.0 0.0
100.951306273 0.0 0.0
101.720535273 1.0 1.0
102.48976427299999 0.0 0.0
103.25899327299999 1.0 0.0
104.028222273 0.0 0.0
104.797451273 1.0 1.0
105.56668027299999 0.0 0.0
106.335909273 1.0 0.0
107.105138273 0.0 0.0
107.87436727299999 1.0 1.0
108.643596273 0.0 0.0
109.412825273 1.0 0.0
110.18205427299999 0.0 0.0
110.95128327299999 1.0 1.0
111.720512273 0.0 0.0
112.48974127299999 1.0 0.0
113.25897027299999 0.0 0.0
114.028199273 1.0 1.0
114.797428273 0.0 0.0
115.56665727299999 1.0 1.0
116.335886273 0.0 0.0
117.105115273 1.0 0.0
117.87434427299999 0.0 0.0
118.64357327299999 1.0 1.0
119.412802273 0.0 0.0
120.18203127299999 1.0 0.0
120.95126027299999 0.0 0.0
121.720489273 1.0 1.0
122.489718273 0.0 0.0
123.25894727299999 1.0 0.0
124.028176273 0.0 0.0
124.797405273 1.0 1.0
125.56663427299999 0.0 0.0
126.33586327299999 1.0 0.0
127.105092273 0.0 0.0
127.87432127299999 1.0 1.0
128.643550273 0.0 0.0
129.41277927299998 1.0 0.0
130.18200827299998 0.0 0.0
130.951237273 1.0 1.0
131.720466273 0.0 0.0
132.489695273 1.0 0.0
133.258924273 0.0 0.0
134.028153273 1.0 1.0
134.79738227299998 0.0 0.0
135.566611273 1.0 0.0
136.335840273 0.0 0.0
137.105069273 1.0 1.0
137.874298273 0.0 0.0
138.643527273 1.0 0.0
139.41275627299999 0.0 0.0
140.18198527299998 1.0 1.0
140.951214273 0.0 0.0
141.720443273 1.0 0.0
142.489672273 0.0 0.0
143.258901273 1.0 1.0
144.028130273 0.0 0.0
144.79735927299998 1.0 0.0
145.566588273 0.0 0.0
146.335817273 1.0 1.0
147.105046273 0.0 0.0
147.874275273 1.0 0.0
148.643504273 0.0 0.0
149.412733273 1.0 1.0
150.18196227299998 0.0 0.0
150.951191273 1.0 0.0
151.720420273 0.0 0.0
152.489649273 1.0 1.0
153.258878273 0.0 0.0
154.028107273 1.0 0.0
154.79733627299998 0.0 0.0
155.56656527299998 1.0 1.0
156.335794273 0.0 0.0
157.105023273 1.0 0.0
157.874252273 0.0 0.0
158.643481273 1.0 1.0
159.412710273 0.0 0.0
160.18193927299998 1.0 0.0
160.951168273 0.0 0.0
161.720397273 1.0 1.0
162.489626273 0.0 0.0
163.258855273 1.0 0.0
164.028084273 0.0 0.0
164.797313273 1.0 1.0
165.56654227299998 0.0 0.0
166.335771273 1.0 0.0
167.105000273 0.0 0.0
167.874229273 1.0 1.0
168.643458273 0.0 0.0
169.412687273 1.0 0.0
170.18191627299998 0.0 0.0
170.95114527299998 1.0 1.0
171.720374273 0.0 0.0
172.489603273 1.0 0.0
173.258832273 0.0 0.0
174.028061273 1.0 1.0
174.797290273 0.0 0.0
175.56651927299998 1.0 0.0
176.335748273 0.0 0.0
177.104977273 1.0 1.0
177.874206273 0.0 0.0
178.643435273 1.0 0.0
179.412664273 0.0 0.0
180.181893273 1.0 1.0
180.95112227299998 0.0 0.0
181.720351273 1.0 0.0
182.489580273 0.0 0.0
183.258809273 1.0 1.0
184.028038273 0.0 0.0
184.797267273 1.0 0.0
185.56649627299998 0.0 0.0
186.335725273 1.0 1.0
187.104954273 0.0 0.0
187.874183273 1.0 0.0
188.643412273 0.0 0.0
189.412641273 1.0 1.0
190.181870273 0.0 0.0
190.95109927299998 1.0 0.0
191.720328273 0.0 0.0
192.489557273 1.0 0.0
193.258786273 0.0 0.0
194.028015273 1.0 1.0
194.797244273 0.0 0.0
195.56647327299999 1.0 0.0
196.33570227299998 0.0 0.0
197.104931273 1.0 1.0
197.87416027300003 0.0 0.0
198.64338927300003 1.0 0.0
199.41261827300002 0.0 0.0
200.18184727300002 1.0 1.0
200.951076273 0.0 0.0
201.720305273 1.0 0.0
202.48953427300003 0.0 0.0
203.25876327300003 1.0 1.0
204.02799227300002 0.0 0.0
204.79722127300002 1.0 0.0
205.56645027300002 0.0 0.0
206.335679273 1.0 1.0
207.104908273 0.0 0.0
207.87413727300003 1.0 0.0
208.64336627300003 0.0 0.0
209.41259527300002 1.0 1.0
210.18182427300002 0.0 0.0
210.951053273 1.0 0.0
211.720282273 0.0 0.0
212.489511273 1.0 1.0
213.25874027300003 0.0 0.0
214.02796927300002 1.0 0.0
214.79719827300002 0.0 0.0
215.56642727300002 1.0 1.0
216.335656273 0.0 0.0
217.104885273 1.0 0.0
217.87411427300003 0.0 0.0
218.64334327300003 1.0 1.0
219.41257227300002 0.0 0.0
220.18180127300002 1.0 0.0
220.95103027300001 0.0 0.0
221.720259273 1.0 1.0
222.489488273 0.0 0.0
223.25871727300003 1.0 0.0
224.02794627300003 0.0 0.0
224.79717527300002 1.0 1.0
225.56640427300002 0.0 0.0
226.335633273 1.0 0.0
227.104862273 0.0 0.0
227.874091273 1.0 1.0
228.64332027300003 0.0 0.0
229.41254927300002 1.0 0.0
230.18177827300002 0.0 0.0
230.95100727300002 1.0 1.0
231.720236273 0.0 0.0
232.489465273 1.0 0.0
233.25869427300003 0.0 0.0
234.02792327300003 1.0 1.0
234.79715227300002 0.0 0.0
235.56638127300002 1.0 0.0
236.33561027300001 0.0 0.0
237.104839273 1.0 1.0
237.874068273 0.0 0.0
238.64329727300003 1.0 0.0
239.41252627300003 0.0 0.0
240.18175527300002 1.0 1.0
240.95098427300002 0.0 0.0
241.720213273 1.0 0.0
242.489442273 0.0 0.0
243.25867127300003 1.0 1.0
244.02790027300003 0.0 0.0
244.79712927300002 1.0 0.0
245.56635827300002 0.0 0.0
246.33558727300002 1.0 1.0
247.104816273 0.0 0.0
247.874045273 0.0 0.0