3.72	1.0
4.15	2.0
4.6	3.0
5.05	4.0
5.48	1.0
5.93	2.0
6.37	3.0
6.81	4.0
7.25	1.0
7.71	2.0
8.14	3.0
8.57	4.0
9.02	1.0
9.46	2.0
9.9	3.0
10.34	4.0
10.78	1.0
11.22	2.0
11.66	3.0
12.1	4.0
12.55	1.0
12.99	2.0
13.43	3.0
13.87	4.0
14.31	1.0
14.75	2.0
15.2	3.0
15.64	4.0
16.08	1.0
16.52	2.0
16.96	3.0
17.4	4.0
17.84	1.0
18.28	2.0
18.72	3.0
19.17	4.0
19.61	1.0
20.05	2.0
20.49	3.0
20.93	4.0
21.37	1.0
21.81	2.0
22.28	3.0
22.71	4.0
23.16	1.0
23.58	2.0
24.02	3.0
24.46	4.0
24.91	1.0
25.34	2.0
25.78	3.0
26.22	4.0
26.66	1.0
27.1	2.0
27.54	3.0
27.98	4.0
28.43	1.0
28.86	2.0
29.31	3.0
29.76	4.0
30.19	1.0
30.63	2.0
31.07	3.0
31.52	4.0
31.95	1.0
32.4	2.0
32.84	3.0
33.29	4.0
33.72	1.0
34.17	2.0
34.6	3.0
35.04	4.0
35.49	1.0
35.94	2.0
36.37	3.0
36.81	4.0
37.25	1.0
37.7	2.0
38.14	3.0
38.58	4.0
39.01	1.0
39.45	2.0
39.9	3.0
40.34	4.0
40.78	1.0
41.23	2.0
41.66	3.0
42.1	4.0
42.55	1.0
43.0	2.0
43.43	3.0
43.87	4.0
44.31	1.0
44.75	2.0
45.19	3.0
45.64	4.0
46.07	1.0
46.52	2.0
46.96	3.0
47.4	4.0
47.84	1.0
48.29	2.0
48.73	3.0
49.16	4.0
49.6	1.0
50.05	2.0
50.49	3.0
50.93	4.0
51.37	1.0
51.81	2.0
52.25	3.0
52.69	4.0
53.13	1.0
53.58	2.0
54.01	3.0
54.46	4.0
54.9	1.0
55.34	2.0
55.78	3.0
56.23	4.0
56.66	1.0
57.11	2.0
57.54	3.0
57.99	4.0
58.43	1.0
58.86	2.0
59.31	3.0
59.75	4.0
60.19	1.0
60.63	2.0
61.07	3.0
61.52	4.0
61.96	1.0
62.4	2.0
62.84	3.0
63.28	4.0
63.72	1.0
64.16	2.0
64.6	3.0
65.05	4.0
65.49	1.0
65.93	2.0
66.37	3.0
66.81	4.0
67.25	1.0
67.7	2.0
68.13	3.0
68.58	4.0
69.01	1.0
69.46	2.0
69.9	3.0
70.34	4.0
70.78	1.0
71.23	2.0
71.66	3.0
72.11	4.0
72.55	1.0
72.98	2.0
73.43	3.0
73.87	4.0
74.31	1.0
74.75	2.0
75.19	3.0
75.64	4.0
76.07	1.0
76.51	2.0
76.96	3.0
77.4	4.0
77.84	1.0
78.28	2.0
78.72	3.0
79.17	4.0
79.6	1.0
80.04	2.0
80.49	3.0
80.93	4.0
81.37	1.0
81.82	2.0
82.25	3.0
82.7	4.0
83.13	1.0
83.57	2.0
84.02	3.0
84.46	4.0
84.9	1.0
85.34	2.0
85.78	3.0
86.22	4.0
86.66	1.0
87.1	2.0
87.54	3.0
87.98	4.0
88.43	1.0
88.87	2.0
89.31	3.0
89.76	4.0
90.19	1.0
90.63	2.0
91.08	3.0
91.52	4.0
91.96	1.0
92.4	2.0
92.84	3.0
93.28	4.0
93.72	1.0
94.16	2.0
94.61	3.0
95.04	4.0
95.49	1.0
95.93	2.0
96.37	3.0
96.82	4.0
97.25	1.0
97.69	2.0
98.13	3.0
98.57	4.0
99.01	1.0
99.46	2.0
99.9	3.0
100.34	4.0
100.78	1.0
101.22	2.0
101.66	3.0
102.1	4.0
102.55	1.0
102.99	2.0
103.43	3.0
103.87	4.0
104.31	1.0
104.75	2.0
105.19	3.0
105.64	4.0
106.08	1.0
106.52	2.0
106.96	3.0
107.4	4.0
107.84	1.0
108.28	2.0
108.72	3.0
109.16	4.0
109.6	1.0
110.05	2.0
110.49	3.0
110.93	4.0
111.37	1.0
111.81	2.0
112.25	3.0
112.69	4.0
113.13	1.0
113.58	2.0
114.02	3.0
114.46	4.0
114.9	1.0
115.34	2.0
115.78	3.0
116.23	4.0
116.67	1.0
117.11	2.0
117.55	3.0
117.99	4.0
118.43	1.0
118.87	2.0
119.31	3.0
119.75	4.0
120.19	1.0
120.64	2.0
121.08	3.0
121.52	4.0
121.96	1.0
122.4	2.0
122.84	3.0
123.28	4.0
123.72	1.0
124.16	2.0
124.61	3.0
125.05	4.0
125.49	1.0
125.93	2.0
126.37	3.0
126.81	4.0
127.25	1.0
127.69	2.0
128.14	3.0
128.58	4.0
129.02	1.0
129.46	2.0
129.9	3.0
130.34	4.0
130.78	1.0
131.22	2.0
131.66	3.0
132.11	4.0
132.55	1.0
132.99	2.0
133.43	3.0
133.87	4.0
134.31	1.0
134.76	2.0
135.2	3.0
135.64	4.0
136.08	1.0
136.52	2.0
136.96	3.0
137.4	4.0
137.84	1.0
138.28	2.0
138.73	3.0
139.17	4.0
139.61	1.0
140.05	2.0
140.49	3.0
140.93	4.0
141.37	1.0
141.81	2.0
142.25	3.0
142.7	4.0
143.13	1.0
143.57	2.0
144.01	3.0
144.46	4.0
144.9	1.0
145.34	2.0
145.78	3.0
146.23	4.0
146.66	1.0
147.1	2.0
147.55	3.0
147.98	4.0
148.43	1.0
148.87	2.0
149.31	3.0
149.75	4.0
150.19	1.0
150.63	2.0
151.07	3.0
151.52	4.0
151.96	1.0
152.4	2.0
152.84	3.0
153.28	4.0
153.72	1.0
154.16	2.0
154.6	3.0
155.04	4.0
155.48	1.0
155.93	2.0
156.37	3.0
156.81	4.0
157.25	1.0
157.69	2.0
158.13	3.0
158.58	4.0
159.01	1.0
159.46	2.0
159.9	3.0
160.34	4.0
160.78	1.0
161.22	2.0
161.66	3.0
162.1	4.0
162.54	1.0
162.99	2.0
163.43	3.0
163.87	4.0
164.31	1.0
164.75	2.0
165.19	3.0
165.64	4.0
166.07	1.0
166.52	2.0
166.96	3.0
167.4	4.0
167.84	1.0
168.28	2.0
168.72	3.0
169.17	4.0
169.6	1.0
170.05	2.0
170.49	3.0
170.93	4.0
171.37	1.0
171.81	2.0
172.25	3.0
172.7	4.0
173.13	1.0
173.57	2.0
174.01	3.0
174.46	4.0
174.9	1.0
175.33	2.0
175.78	3.0
176.22	4.0
176.66	1.0
177.11	2.0
177.55	3.0
177.99	4.0
178.43	1.0
178.87	2.0
179.31	3.0
179.76	4.0
180.19	1.0
180.63	2.0
181.07	3.0
181.52	4.0
181.95	1.0
182.4	2.0
182.84	3.0
183.28	4.0
183.72	1.0
184.17	2.0
184.6	3.0
185.05	4.0
185.48	1.0
185.92	2.0
186.37	3.0
186.81	4.0
187.25	1.0
187.69	2.0
188.13	3.0
188.58	4.0
189.02	1.0
189.45	2.0
189.9	3.0
190.34	4.0
190.78	1.0
191.23	2.0
191.66	3.0
192.11	4.0
192.54	1.0
192.98	2.0
193.43	3.0
193.87	4.0
194.31	1.0
194.76	2.0
195.19	3.0
195.64	4.0
196.07	1.0
196.52	2.0
196.96	3.0
197.4	4.0
197.84	1.0
198.28	2.0
198.72	3.0
199.16	4.0
199.6	1.0
200.04	2.0
200.48	3.0
200.93	4.0
201.37	1.0
201.81	2.0
202.25	3.0
202.69	4.0
203.13	1.0
203.57	2.0
204.01	3.0
204.46	4.0
204.9	1.0
205.34	2.0
205.78	3.0
206.22	4.0
206.66	1.0
207.1	2.0
207.54	3.0
207.98	4.0
208.43	1.0
208.87	2.0
209.31	3.0
209.75	4.0
210.19	1.0
210.63	2.0
211.08	3.0
211.52	4.0
211.96	1.0
212.4	2.0
212.84	3.0
213.29	4.0
213.72	1.0
214.16	2.0
214.6	3.0
215.04	4.0
215.48	1.0
215.93	2.0
216.37	3.0
216.81	4.0
217.25	1.0
217.69	2.0
218.13	3.0
218.58	4.0
219.02	1.0
219.46	2.0
219.9	3.0
220.34	4.0
220.78	1.0
221.22	2.0
221.66	3.0
222.1	4.0
222.55	1.0
222.99	2.0
223.43	3.0
223.87	4.0
224.31	1.0
224.75	2.0
225.19	3.0
225.64	4.0
226.08	1.0
226.52	2.0
226.96	3.0
227.4	4.0
227.84	1.0
228.28	2.0
228.72	3.0
229.16	4.0
229.61	1.0
230.05	2.0
230.49	3.0
230.91	4.0
231.36	1.0
231.81	2.0
232.25	3.0
232.7	4.0
233.14	1.0
233.58	2.0
234.02	3.0
234.46	4.0
234.9	1.0
235.34	2.0
235.78	3.0
236.22	4.0
236.67	1.0
237.11	2.0
237.54	3.0
237.99	4.0
238.43	1.0
238.87	2.0
239.31	3.0
239.75	4.0
240.19	1.0
240.63	2.0
241.08	3.0
241.52	4.0
241.96	1.0
242.4	2.0
242.84	3.0
243.28	4.0
243.72	1.0
244.16	2.0
244.6	3.0
245.05	4.0
245.49	1.0
245.93	2.0
246.37	3.0
246.81	4.0
247.25	1.0
247.69	2.0
248.11	3.0
248.55	4.0
248.99	1.0
249.45	2.0
249.86	3.0
250.31	4.0
250.72	1.0
251.15	2.0
