0.301 0.0 0.0
0.8009999999999999 1.0 1.0
1.301 0.0 0.0
1.801 0.0 0.0
2.301 1.0 1.0
3.0417209382499997 0.0 0.0
3.7476058431666663 1.0 0.0
4.406950721583333 0.0 0.0
5.12983642575 1.0 1.0
5.870575938249999 0.0 0.0
6.611316938249999 1.0 0.0
7.352057938249999 0.0 0.0
8.092798938249999 1.0 1.0
8.842798166666665 0.0 0.0
9.592798166666665 1.0 0.0
10.342798166666665 0.0 0.0
11.092798166666665 1.0 1.0
11.842798166666665 0.0 0.0
12.592798166666665 1.0 0.0
13.342798166666665 0.0 0.0
14.024621848499999 1.0 1.0
14.747509425749998 0.0 0.0
15.470400425749999 1.0 0.0
16.168076527166665 0.0 0.0
16.865750527166664 1.0 1.0
17.625239375499998 0.0 0.0
18.384733375499998 1.0 0.0
19.099022142916663 0.0 0.0
19.813307142916663 1.0 1.0
20.527592142916664 0.0 0.0
21.241877142916664 1.0 0.0
21.956162142916664 0.0 0.0
22.67044714291666 1.0 1.0
23.38473214291666 0.0 0.0
24.125470938249997 1.0 0.0
24.866211938249997 0.0 0.0
25.635439564166663 1.0 1.0
26.40466956416666 0.0 0.0
27.17389956416666 1.0 0.0
27.923901166666663 0.0 0.0
28.613561195416665 1.0 1.0
29.3730493755 0.0 0.0
30.104757691166665 1.0 0.0
30.836463691166667 0.0 0.0
31.568169691166666 1.0 1.0
32.29987569116667 0.0 0.0
33.031581691166664 1.0 0.0
33.76328769116667 0.0 0.0
34.45751014291667 1.0 1.0
35.18921469116667 0.0 0.0
35.92092069116667 1.0 0.0
36.6804123755 0.0 0.0
37.4399063755 1.0 1.0
38.16280042575 0.0 0.0
38.88569142575 1.0 0.0
39.60858242575 0.0 0.0
40.33147342575 1.0 1.0
41.072212938250004 0.0 0.0
41.812953938250004 1.0 0.0
42.553694938250004 0.0 0.0
43.27658742575 1.0 1.0
43.99947842575 0.0 0.0
44.72236942575 1.0 0.0
45.44526042575 0.0 0.0
46.185999938250006 1.0 1.0
46.926740938250006 0.0 0.0
47.667481938250006 1.0 0.0
48.381769142916674 0.0 0.0
49.09605414291668 1.0 1.0
49.89604700000001 0.0 0.0
50.61033914291667 1.0 0.0
51.324624142916676 0.0 0.0
52.03890914291667 1.0 1.0
52.75319414291667 0.0 0.0
53.493932938250005 1.0 0.0
54.234673938250005 0.0 0.0
54.975414938250005 1.0 1.0
55.716155938250004 0.0 0.0
56.456896938250004 1.0 0.0
57.188603691166676 0.0 0.0
57.92030969116667 1.0 1.0
58.652015691166675 0.0 0.0
59.38372169116667 1.0 0.0
60.11542769116667 0.0 0.0
60.847133691166675 1.0 1.0
61.57883969116667 0.0 0.0
62.31054569116667 1.0 0.0
63.042251691166676 0.0 0.0
63.77395769116667 1.0 1.0
64.50566369116667 0.0 0.0
65.23736969116668 1.0 0.0
65.95165614291668 0.0 0.0
66.66594114291668 1.0 1.0
67.39764569116669 0.0 0.0
68.12935169116668 1.0 0.0
68.86105769116668 0.0 0.0
69.59276369116668 1.0 1.0
70.32446969116668 0.0 0.0
71.05617569116669 1.0 0.0
71.78788169116667 0.0 0.0
72.51958769116668 1.0 1.0
73.25129369116668 0.0 0.0
73.98299969116668 1.0 0.0
74.71470569116669 0.0 0.0
75.44641169116667 1.0 1.0
76.17811769116668 0.0 0.0
76.90982369116668 1.0 0.0
77.64152969116668 0.0 0.0
78.37323569116668 1.0 1.0
79.10494169116669 0.0 0.0
79.83664769116668 1.0 0.0
80.56835369116668 0.0 0.0
81.30005969116668 1.0 1.0
82.03176569116668 0.0 0.0
82.76347169116669 1.0 0.0
83.49517769116667 0.0 0.0
84.22688369116668 1.0 1.0
84.95858969116668 0.0 0.0
85.69029569116668 1.0 0.0
86.42200169116668 0.0 0.0
87.15370769116669 1.0 1.0
87.88541369116668 0.0 0.0
88.61711969116668 1.0 0.0
89.34882569116668 0.0 0.0
90.08053169116668 1.0 1.0
90.81223769116667 0.0 0.0
91.54394369116667 1.0 0.0
92.27564969116668 0.0 0.0
93.00735569116668 1.0 1.0
93.77658256416667 0.0 0.0
94.54581256416668 1.0 0.0
95.51353802150001 0.0 0.0
96.48128002150001 1.0 1.0
97.21300569116669 0.0 0.0
97.94471169116669 1.0 0.0
98.67641769116668 0.0 0.0
99.40812369116668 1.0 1.0
100.13982969116668 0.0 0.0
100.87153569116668 1.0 0.0
101.60324169116669 0.0 0.0
102.33494769116669 1.0 1.0
103.06665369116668 0.0 0.0
103.79835969116668 1.0 0.0
104.53006569116668 0.0 0.0
105.26177169116669 1.0 1.0
105.99347769116669 0.0 0.0
106.72518369116668 1.0 0.0
107.45688969116668 0.0 0.0
108.18859569116668 1.0 1.0
108.92030169116669 0.0 0.0
109.65200769116669 1.0 0.0
110.38371369116669 0.0 0.0
111.11541969116668 1.0 1.0
111.84712569116668 0.0 0.0
112.57883169116668 1.0 0.0
113.31053769116669 0.0 0.0
114.04224369116669 1.0 1.0
114.77394969116668 0.0 0.0
115.50565569116668 1.0 0.0
116.23736169116668 0.0 0.0
116.96906769116669 1.0 1.0
117.70077369116669 0.0 0.0
118.43247969116669 1.0 0.0
119.1641856911667 0.0 0.0
119.89589169116668 1.0 1.0
120.62759769116668 0.0 0.0
121.35930369116669 1.0 0.0
122.09100969116669 0.0 0.0
122.82271569116668 1.0 0.0
123.55442169116668 0.0 0.0
124.28612769116668 1.0 1.0
125.01783369116669 0.0 0.0
125.74953969116669 1.0 0.0
126.48124569116669 0.0 0.0
127.2129516911667 1.0 1.0
127.94465769116668 0.0 0.0
128.67636369116667 1.0 0.0
129.4080696911667 0.0 0.0
130.13977569116668 1.0 1.0
130.87148169116668 0.0 0.0
131.60318769116668 1.0 0.0
132.33489369116668 0.0 0.0
133.0665996911667 1.0 1.0
133.7983056911667 0.0 0.0
134.5300116911667 1.0 0.0
135.2617176911667 0.0 0.0
135.9934236911667 1.0 1.0
136.72512969116667 0.0 0.0
137.4568356911667 1.0 0.0
138.18854169116668 0.0 0.0
138.92024769116668 1.0 1.0
139.65195369116668 0.0 0.0
140.38365969116668 1.0 0.0
141.1153656911667 0.0 0.0
141.8470716911667 1.0 1.0
142.5787776911667 0.0 0.0
143.3104836911667 1.0 0.0
144.0421896911667 0.0 0.0
144.77389569116667 1.0 1.0
145.5056016911667 0.0 0.0
146.23730769116668 1.0 0.0
146.96901369116668 0.0 0.0
147.70071969116668 1.0 1.0
148.43242569116669 0.0 0.0
149.1641316911667 1.0 0.0
149.8958376911667 0.0 0.0
150.6275436911667 1.0 1.0
151.3592496911667 0.0 0.0
152.0909556911667 1.0 0.0
152.82266169116667 0.0 0.0
153.5543676911667 1.0 1.0
154.28607369116668 0.0 0.0
155.01777969116668 1.0 0.0
155.74948569116668 0.0 0.0
156.48119169116669 1.0 1.0
157.2128976911667 0.0 0.0
157.9446036911667 1.0 0.0
158.6763096911667 0.0 0.0
159.4080156911667 1.0 1.0
160.1397216911667 0.0 0.0
160.87142769116667 1.0 0.0
161.6031336911667 0.0 0.0
162.33483969116668 1.0 1.0
163.06654569116668 0.0 0.0
163.79825169116668 1.0 0.0
164.5299576911667 0.0 0.0
165.2616636911667 1.0 1.0
165.9933696911667 0.0 0.0
166.7250756911667 1.0 0.0
167.45678169116667 0.0 0.0
168.1884876911667 1.0 1.0
168.92019369116667 0.0 0.0
169.6518996911667 1.0 0.0
170.38360569116668 0.0 0.0
171.11531169116668 1.0 1.0
171.84701769116668 0.0 0.0
172.5787236911667 1.0 0.0
173.3104296911667 0.0 0.0
174.0421356911667 1.0 1.0
174.7738416911667 0.0 0.0
175.50554769116667 1.0 0.0
176.2372536911667 0.0 0.0
176.96895969116667 1.0 1.0
177.7006656911667 0.0 0.0
178.43237169116668 1.0 0.0
179.16407769116668 0.0 0.0
179.89578369116668 1.0 1.0
180.6274896911667 0.0 0.0
181.3591956911667 1.0 0.0
182.0909016911667 0.0 0.0
182.8226076911667 1.0 1.0
183.55431369116667 0.0 0.0
184.2860196911667 1.0 0.0
185.01772569116667 0.0 0.0
185.7494316911667 1.0 1.0
186.48113769116668 0.0 0.0
187.21284369116665 1.0 0.0
187.94454969116669 0.0 0.0
188.67625569116666 1.0 1.0
189.40796169116666 0.0 0.0
190.13966769116666 1.0 0.0
190.90889456416667 0.0 0.0
191.67812456416667 1.0 0.0
192.29038264624998 0.0 0.0
192.90262764624998 1.0 1.0
193.63432369116666 0.0 0.0
194.36602969116666 1.0 0.0
195.09773569116666 0.0 0.0
195.82944169116666 1.0 1.0
196.56114769116667 0.0 0.0
197.29285369116667 1.0 0.0
198.02455969116667 0.0 0.0
198.75626569116667 1.0 1.0
199.48797169116665 0.0 0.0
200.21967769116665 1.0 0.0
200.95138369116665 0.0 0.0
201.68308969116666 1.0 1.0
202.41479569116666 0.0 0.0
203.14650169116666 1.0 0.0
203.87820769116666 0.0 0.0
204.60991369116667 1.0 1.0
205.34161969116667 0.0 0.0
206.07332569116667 1.0 0.0
206.80503169116668 0.0 0.0
207.53673769116665 1.0 1.0
208.26844369116665 0.0 0.0
209.00014969116665 1.0 0.0
209.73185569116666 0.0 0.0
210.46356169116666 1.0 1.0
211.19526769116666 0.0 0.0
211.92697369116667 1.0 0.0
212.65867969116667 0.0 0.0
213.39038569116667 1.0 1.0
214.12209169116667 0.0 0.0
214.85379769116668 1.0 0.0
215.58550369116665 0.0 0.0
216.31720969116665 1.0 1.0
217.04891569116666 0.0 0.0
217.78062169116666 1.0 0.0
218.51232769116666 0.0 0.0
219.24403369116666 1.0 1.0
219.97573969116667 0.0 0.0