0.3445942500000001 1.0 1.0
1.1554042500000001 0.0 0.0
1.9662142500000002 1.0 0.0
2.77702425 0.0 0.0
3.5878342500000002 1.0 1.0
4.39864425 0.0 0.0
5.20945425 1.0 0.0
6.02026425 0.0 0.0
6.831074250000001 1.0 1.0
7.64188425 0.0 0.0
8.45269425 1.0 0.0
9.26350425 0.0 0.0
10.07431425 1.0 1.0
10.88512425 0.0 0.0
11.69593425 1.0 0.0
12.50674425 0.0 0.0
13.31755425 1.0 1.0
14.12836425 0.0 0.0
14.93917425 1.0 0.0
15.74998425 0.0 0.0
16.56079425 1.0 1.0
17.37160425 0.0 0.0
18.18241425 1.0 0.0
18.99322425 0.0 0.0
19.80403425 1.0 1.0
20.61484425 0.0 0.0
21.42565425 1.0 0.0
22.23646425 0.0 0.0
23.04727425 1.0 1.0
23.85808425 0.0 0.0
24.66889425 1.0 0.0
25.47970425 0.0 0.0
26.290514249999998 1.0 1.0
27.101324249999998 0.0 0.0
27.91213425 1.0 0.0
28.72294425 0.0 0.0
29.53375425 1.0 1.0
30.34456425 0.0 0.0
31.15537425 1.0 0.0
31.96618425 0.0 0.0
32.77699425 1.0 1.0
33.587804250000005 0.0 0.0
34.39861425 1.0 0.0
35.209424250000005 0.0 0.0
36.02023425 1.0 1.0
36.831044250000005 0.0 0.0
37.64185425 1.0 0.0
38.452664250000005 0.0 0.0
39.26347425 1.0 1.0
40.074284250000005 0.0 0.0
40.88509425 1.0 0.0
41.695904250000005 0.0 0.0
42.50671425 1.0 1.0
43.317524250000005 0.0 0.0
44.12833425 1.0 0.0
44.939144250000005 0.0 0.0
45.74995425 1.0 1.0
46.560764250000005 0.0 0.0
47.37157425 1.0 0.0
48.182384250000005 0.0 0.0
48.99319425 1.0 1.0
49.804004250000006 0.0 0.0
50.61481425 1.0 0.0
51.425624250000006 0.0 0.0
52.23643425 1.0 1.0
53.047244250000006 0.0 0.0
53.85805425 1.0 0.0
54.668864250000006 0.0 0.0
55.47967425 1.0 1.0
56.290484250000006 0.0 0.0
57.10129425 1.0 0.0
57.912104250000006 0.0 0.0
58.72291425 1.0 1.0
59.533724250000006 0.0 0.0
60.34453425 1.0 0.0
61.155344250000006 0.0 0.0
61.96615425 1.0 1.0
62.776964250000006 0.0 0.0
63.58777425 1.0 0.0
64.39858425 0.0 0.0
65.20939425 1.0 1.0
66.02020425 0.0 0.0
66.83101425000001 1.0 0.0
67.64182425 0.0 0.0
68.45263425 1.0 1.0
69.26344425 0.0 0.0
70.07425425000001 1.0 0.0
70.88506425 0.0 0.0
71.69587425 1.0 1.0
72.50668425 0.0 0.0
73.31749425000001 1.0 0.0
74.12830425 0.0 0.0
74.93911425 1.0 1.0
75.74992425 0.0 0.0
76.56073425000001 1.0 0.0
77.37154425 0.0 0.0
78.18235425 1.0 1.0
78.99316425 0.0 0.0
79.80422051458335 1.0 0.0
80.61777951458335 0.0 0.0
81.43133851458335 1.0 1.0
82.24489751458334 0.0 0.0
83.05845651458336 1.0 0.0
83.87201551458335 0.0 0.0
84.68557451458335 1.0 1.0
85.49826872500002 0.0 0.0
86.309078725 1.0 0.0
87.11988872500001 0.0 0.0
87.93069872500001 1.0 1.0
88.74150872500002 0.0 0.0
89.552318725 1.0 0.0
90.36312872500001 0.0 0.0
91.17393872500001 1.0 1.0
91.98474872500002 0.0 0.0
92.795558725 1.0 0.0
93.60636872500001 0.0 0.0
94.41717872500001 1.0 1.0
95.22798872500002 0.0 0.0
96.03879872500002 1.0 0.0
96.84960872500001 0.0 0.0
97.66041872500001 1.0 1.0
98.47122872500002 0.0 0.0
99.28203872500002 1.0 0.0
100.09284872500001 0.0 0.0
100.90365872500001 1.0 1.0
101.71446872500002 0.0 0.0
102.52527872500002 1.0 0.0
103.33608872500001 0.0 0.0
104.14689872500003 1.0 1.0
104.95770872500003 0.0 0.0
105.76851872500002 1.0 0.0
106.57932872500002 0.0 0.0
107.39013872500003 1.0 1.0
108.20094872500002 0.0 0.0
109.01175872500002 1.0 0.0
109.82256872500002 0.0 0.0
110.63337872500003 1.0 1.0
111.44418872500003 0.0 0.0
112.25499872500002 1.0 0.0
113.06580872500002 0.0 0.0
113.87661872500003 1.0 1.0
114.68742872500003 0.0 0.0
115.49823872500002 1.0 0.0
116.30904872500003 0.0 0.0
117.11985872500003 1.0 1.0
117.93066872500003 0.0 0.0
118.74147872500004 1.0 0.0
119.55228872500004 0.0 0.0
120.36309872500003 1.0 1.0
121.17390872500003 0.0 0.0
121.98471872500002 1.0 0.0
122.79552872500003 0.0 0.0
123.60633872500003 1.0 1.0
124.41714872500003 0.0 0.0
125.22795872500004 1.0 0.0
126.03876872500004 0.0 0.0
126.84957872500003 1.0 1.0
127.66038872500003 0.0 0.0
128.47119872500002 1.0 0.0
129.28200872500003 0.0 0.0
130.09281872500003 1.0 1.0
130.90362872500003 0.0 0.0
131.71443872500004 1.0 0.0
132.52524872500004 0.0 0.0
133.33605872500004 1.0 1.0
134.14686872500005 0.0 0.0
134.95767872500002 1.0 0.0
135.76848872500003 0.0 0.0
136.57929872500003 1.0 1.0
137.39010872500003 0.0 0.0
138.20091872500004 1.0 0.0
139.01172872500004 0.0 0.0
139.82253872500002 1.0 1.0
140.63334872500002 0.0 0.0
141.44415872500002 1.0 0.0
142.25496872500003 0.0 0.0
143.06577872500003 1.0 1.0
143.87658872500003 0.0 0.0
144.68739872500004 1.0 0.0
145.49820872500004 0.0 0.0
146.30901872500004 1.0 1.0
147.11982872500005 0.0 0.0
147.93063872500002 1.0 0.0
148.74144872500003 0.0 0.0
149.55225872500003 1.0 1.0
150.36306872500003 0.0 0.0
151.17387872500004 1.0 0.0
151.984688725 0.0 0.0
152.79549872500002 1.0 1.0
153.60630872500002 0.0 0.0
154.41711872500002 1.0 0.0
155.22792872500003 0.0 0.0
156.03873872500003 1.0 1.0
156.84954872500003 0.0 0.0
157.66035872500004 1.0 0.0
158.47116872500004 0.0 0.0
159.28197872500004 1.0 1.0
160.09278872500005 0.0 0.0
160.90359872500005 1.0 0.0
161.71192897500003 0.0 0.0
162.52000897500002 1.0 1.0
163.32808897500004 0.0 0.0
164.13616897500003 1.0 0.0
164.94424897500002 0.0 0.0
165.75232897500004 1.0 1.0
166.56040897500003 0.0 0.0
167.36848897500005 1.0 0.0
168.17656897500004 0.0 0.0
168.98488216250004 1.0 1.0
169.79569216250005 0.0 0.0
170.60650216250005 1.0 0.0
171.41731216250005 0.0 0.0
172.22812216250003 1.0 1.0
173.03893216250003 0.0 0.0
173.84974216250004 1.0 0.0
174.66055216250004 0.0 0.0
175.47136216250004 1.0 1.0
176.28217216250005 0.0 0.0
177.09298216250005 1.0 0.0
177.90379216250005 0.0 0.0
178.71460216250006 1.0 1.0
179.52541216250003 0.0 0.0
180.33622216250004 1.0 0.0
181.14703216250004 0.0 0.0
181.95784216250004 1.0 1.0
182.76865216250005 0.0 0.0
183.57946216250005 1.0 0.0
184.39027216250005 0.0 0.0
185.20108216250006 1.0 1.0
186.01189216250003 0.0 0.0
186.82270216250004 1.0 0.0
187.63351216250004 0.0 0.0
188.44432216250004 1.0 1.0
189.25513216250005 0.0 0.0
190.06594216250005 1.0 0.0
190.87675216250005 0.0 0.0
191.68756216250006 1.0 1.0
192.49837216250006 0.0 0.0
193.30918216250004 1.0 0.0
194.11999216250004 0.0 0.0
194.93080216250004 1.0 1.0
195.74161216250005 0.0 0.0
196.55242216250005 1.0 0.0
197.36323216250005 0.0 0.0
198.17404216250006 1.0 1.0
198.98485216250003 0.0 0.0
199.79566216250004 1.0 0.0
200.60647216250004 0.0 0.0
201.41728216250004 1.0 1.0
202.22809216250005 0.0 0.0
203.03890216250005 1.0 0.0
203.84971216250005 0.0 0.0
204.66052216250006 1.0 1.0
205.47133216250006 0.0 0.0
206.28214216250004 1.0 0.0
207.09295216250004 0.0 0.0
207.90376216250004 1.0 1.0
208.71457216250005 0.0 0.0
209.52538216250005 1.0 0.0
210.33619216250005 0.0 0.0
211.14700216250003 1.0 1.0
211.95781216250003 0.0 0.0
212.76862216250004 1.0 0.0
213.57943216250004 0.0 0.0
214.39024216250004 1.0 1.0
215.20105216250005 0.0 0.0
216.01186216250005 1.0 0.0
216.82267216250006 0.0 0.0
217.63348216250006 1.0 1.0
218.44429216250006 0.0 0.0
219.25510216250004 1.0 0.0
220.06591216250004 0.0 0.0
220.87672216250004 1.0 1.0
221.68753216250005 0.0 0.0
222.49834216250005 1.0 0.0
223.30915216250006 0.0 0.0
224.11996216250006 1.0 1.0
224.93077216250003 0.0 0.0
225.74158216250004 1.0 0.0
226.55239216250004 0.0 0.0
227.36320216250004 1.0 1.0
228.17401216250005 0.0 0.0
228.98482216250005 1.0 0.0
229.79563216250006 0.0 0.0
230.60644216250006 1.0 1.0
231.41725216250003 0.0 0.0
232.22806216250004 1.0 0.0
233.03887216250004 0.0 0.0
233.84968216250005 1.0 0.0
234.66049216250005 0.0 0.0
235.47130216250002 0.0 0.0