0.39882219999999996 1.0 0.0
1.2811722 0.0 0.0
2.1635222 1.0 1.0
3.0458722000000003 0.0 0.0
3.9282222 1.0 0.0
4.8105722 0.0 0.0
5.6929222 1.0 1.0
6.5752722 0.0 0.0
7.4576222 1.0 0.0
8.3399722 0.0 0.0
9.2223222 1.0 1.0
10.1046722 0.0 0.0
10.9870222 1.0 0.0
11.869372199999999 0.0 0.0
12.7517222 1.0 1.0
13.6340722 0.0 0.0
14.516422199999997 1.0 0.0
15.398772199999998 0.0 0.0
16.2811222 1.0 1.0
17.163472199999998 0.0 0.0
18.0458222 1.0 0.0
18.9281722 0.0 0.0
19.810522199999998 1.0 1.0
20.692872199999996 0.0 0.0
21.5752222 1.0 0.0
22.457572199999998 0.0 0.0
23.339922199999997 1.0 1.0
24.2222722 0.0 0.0
25.104622199999998 1.0 0.0
25.986972199999997 0.0 0.0
26.8693222 1.0 1.0
27.751672199999998 0.0 0.0
28.634022199999997 1.0 0.0
29.5163722 0.0 0.0
30.398722199999998 1.0 1.0
31.281072199999997 0.0 0.0
32.1634222 1.0 0.0
33.045772199999995 0.0 0.0
33.9281222 1.0 1.0
34.8104722 0.0 0.0
35.692822199999995 1.0 0.0
36.5751722 0.0 0.0
37.4575222 1.0 1.0
38.339872199999995 0.0 0.0
39.2222222 1.0 0.0
40.1045722 0.0 0.0
40.986922199999995 1.0 1.0
41.8692722 0.0 0.0
42.7516222 1.0 0.0
43.633972199999995 0.0 0.0
44.5163222 1.0 1.0
45.3986722 0.0 0.0
46.281022199999995 1.0 0.0
47.1633722 0.0 0.0
48.0457222 1.0 1.0
48.928072199999995 0.0 0.0
49.8104222 1.0 0.0
50.6927722 0.0 0.0
51.575122199999996 1.0 1.0
52.4574722 0.0 0.0
53.3398222 1.0 0.0
54.222172199999996 0.0 0.0
55.1045222 1.0 1.0
55.9868722 0.0 0.0
56.869222199999996 1.0 0.0
57.7515722 0.0 0.0
58.6339222 1.0 1.0
59.516272199999996 0.0 0.0
60.3986222 1.0 0.0
61.2809722 0.0 0.0
62.163322199999996 1.0 1.0
63.0456722 0.0 0.0
63.9280222 1.0 0.0
64.8103722 0.0 0.0
65.69272219999999 1.0 1.0
66.5750722 0.0 0.0
67.4574222 1.0 0.0
68.3397722 0.0 0.0
69.2221222 1.0 1.0
70.1044722 0.0 0.0
70.98682219999999 1.0 0.0
71.8691722 0.0 0.0
72.7515222 1.0 1.0
73.6338722 0.0 0.0
74.5162222 1.0 0.0
75.3985722 0.0 0.0
76.28092219999999 1.0 1.0
77.1632722 0.0 0.0
78.0456222 1.0 0.0
78.9279722 0.0 0.0
79.8103222 1.0 1.0
80.6926722 0.0 0.0
81.57502219999999 1.0 0.0
82.4573722 0.0 0.0
83.3397222 1.0 1.0
84.2220722 0.0 0.0
85.1044222 1.0 0.0
85.9867722 0.0 0.0
86.86912219999999 1.0 1.0
87.7514722 0.0 0.0
88.6338222 1.0 0.0
89.5161722 0.0 0.0
90.3985222 1.0 1.0
91.28087219999999 0.0 0.0
92.16322219999999 1.0 0.0
93.0455722 0.0 0.0
93.9279222 1.0 1.0
94.8102722 0.0 0.0
95.6926222 1.0 0.0
96.57497219999999 0.0 0.0
97.4573222 1.0 1.0
98.3396722 0.0 0.0
99.2220222 1.0 0.0
100.1043722 0.0 0.0
100.9867222 1.0 1.0
101.86907219999999 0.0 0.0
102.7514222 1.0 0.0
103.6337722 0.0 0.0
104.5161222 1.0 1.0
105.3984722 0.0 0.0
106.2808222 1.0 0.0
107.16317219999999 0.0 0.0
108.0455222 1.0 1.0
108.9278722 0.0 0.0
109.8102222 1.0 0.0
110.6925722 0.0 0.0
111.5749222 1.0 1.0
112.45727219999999 0.0 0.0
113.3396222 1.0 0.0
114.2219722 0.0 0.0
115.1043222 1.0 1.0
115.9866722 0.0 0.0
116.8690222 1.0 0.0
117.75137219999999 0.0 0.0
118.6337222 1.0 1.0
119.5160722 0.0 0.0
120.3984222 1.0 0.0
121.28077219999999 0.0 0.0
122.16312219999999 1.0 1.0
123.04547219999998 0.0 0.0
123.92782219999998 1.0 0.0
124.81017219999998 0.0 0.0
125.69252219999998 1.0 1.0
126.57487219999999 0.0 0.0
127.45722219999999 1.0 0.0
128.3395722 0.0 0.0
129.2219222 1.0 1.0
130.1042722 0.0 0.0
130.98662219999997 1.0 0.0
131.86897219999997 0.0 0.0
132.75132219999998 1.0 1.0
133.63367219999998 0.0 0.0
134.51602219999998 1.0 0.0
135.39837219999998 0.0 0.0
136.28072219999999 1.0 1.0
137.1630722 0.0 0.0
138.0454222 1.0 0.0
138.9277722 0.0 0.0
139.8101222 1.0 1.0
140.6924722 0.0 0.0
141.57482219999997 1.0 0.0
142.45717219999997 0.0 0.0
143.33952219999998 1.0 1.0
144.22187219999998 0.0 0.0
145.10422219999998 1.0 0.0
145.98657219999998 0.0 0.0
146.8689222 1.0 1.0
147.7512722 0.0 0.0
148.6336222 1.0 0.0
149.5159722 0.0 0.0
150.3983222 1.0 1.0
151.28067219999997 0.0 0.0
152.16302219999997 1.0 0.0
153.04537219999997 0.0 0.0
153.92772219999998 1.0 1.0
154.81007219999998 0.0 0.0
155.69242219999998 1.0 0.0
156.57477219999998 0.0 0.0
157.4571222 1.0 1.0
158.3394722 0.0 0.0
159.2218222 1.0 0.0
160.1041722 0.0 0.0
160.9865222 1.0 1.0
161.86887219999997 0.0 0.0
162.75122219999997 1.0 0.0
163.63357219999997 0.0 0.0
164.51592219999998 1.0 1.0
165.39827219999998 0.0 0.0
166.28062219999998 1.0 0.0
167.16297219999998 0.0 0.0
168.0453222 1.0 1.0
168.9276722 0.0 0.0
169.8100222 1.0 0.0
170.6923722 0.0 0.0
171.5747222 1.0 1.0
172.45707219999997 0.0 0.0
173.33942219999997 1.0 0.0
174.22177219999998 0.0 0.0
175.10412219999998 1.0 1.0
175.98647219999998 0.0 0.0
176.86882219999998 1.0 0.0
177.75117219999998 0.0 0.0
178.6335222 1.0 1.0
179.5158722 0.0 0.0
180.3982222 1.0 0.0
181.2805722 0.0 0.0
182.1629222 1.0 1.0
183.04527219999997 0.0 0.0
183.92762219999997 1.0 0.0
184.80997219999998 0.0 0.0
185.69232219999998 1.0 1.0
186.57467219999998 0.0 0.0
187.45702219999998 1.0 0.0
188.33937219999999 0.0 0.0
189.2217222 1.0 1.0
190.1040722 0.0 0.0
190.9864222 1.0 0.0
191.8687722 0.0 0.0
192.75112219999997 1.0 1.0
193.63347219999997 0.0 0.0
194.51582219999997 1.0 0.0
195.39817219999998 0.0 0.0
196.28052219999998 1.0 1.0
197.16287219999998 0.0 0.0
198.04522219999998 1.0 0.0
198.9275722 0.0 0.0
199.8099222 1.0 1.0
200.6922722 0.0 0.0
201.5746222 1.0 0.0
202.4569722 0.0 0.0
203.33932219999997 1.0 1.0
204.22167219999997 0.0 0.0
205.10402219999997 1.0 0.0
205.98637219999998 0.0 0.0
206.86872219999998 1.0 1.0
207.75107219999998 0.0 0.0
208.63342219999998 1.0 0.0
209.5157722 0.0 0.0
210.3981222 1.0 1.0
211.2804722 0.0 0.0
212.1628222 1.0 0.0
213.0451722 0.0 0.0
213.92752219999997 1.0 1.0
214.80987219999997 0.0 0.0
215.69222219999997 1.0 0.0
216.57457219999998 0.0 0.0
217.45692219999998 1.0 1.0
218.33927219999998 0.0 0.0
219.22162219999998 1.0 0.0
220.1039722 0.0 0.0
220.9863222 1.0 1.0
221.8686722 0.0 0.0
222.7510222 1.0 0.0
223.63337219999997 0.0 0.0
224.51572219999997 1.0 1.0
225.39807219999997 0.0 0.0
226.28042219999998 1.0 0.0
227.16277219999998 0.0 0.0
228.04512219999998 1.0 1.0
228.92747219999998 0.0 0.0
229.80982219999999 1.0 0.0
230.6921722 0.0 0.0
231.5745222 1.0 1.0
232.4568722 0.0 0.0
233.3392222 1.0 0.0
234.22157219999997 0.0 0.0
235.10392219999997 1.0 1.0
235.98627219999997 0.0 0.0
236.86862219999998 1.0 0.0
237.75097219999998 0.0 0.0
238.63332219999998 1.0 1.0
239.51567219999998 0.0 0.0
240.39802219999999 1.0 0.0
241.2803722 0.0 0.0
242.1627222 1.0 1.0
243.0450722 0.0 0.0
243.9274222 1.0 0.0
244.80977219999997 0.0 0.0
245.69212219999997 1.0 1.0
246.57447219999997 0.0 0.0
247.45682219999998 1.0 0.0
248.33917219999998 0.0 0.0
249.22152219999998 1.0 1.0
250.10387219999998 0.0 0.0
250.9862222 1.0 0.0
251.8685722 0.0 0.0
252.7509222 1.0 1.0
253.6332722 0.0 0.0
254.5156222 1.0 0.0
255.39797219999997 0.0 0.0
256.2803222 1.0 1.0
257.1626722 0.0 0.0
258.0450222 1.0 0.0
258.9273722 0.0 0.0
259.8097222 1.0 1.0
260.6920722 0.0 0.0
261.57442219999996 1.0 1.0
262.4567722 0.0 0.0
263.33912219999996 0.0 0.0
264.2214722 1.0 1.0