0.20265243300000002 0.0 0.0
0.8148954330000001 1.0 1.0
1.427138433 0.0 0.0
2.0393814330000004 1.0 0.0
2.651624433 0.0 0.0
3.263867433 1.0 1.0
3.8761104330000005 0.0 0.0
4.488353433 1.0 0.0
5.100596433000001 0.0 0.0
5.712839433000001 1.0 1.0
6.325082433000001 0.0 0.0
6.937325433000002 1.0 0.0
7.549568433000002 0.0 0.0
8.161811433000002 1.0 1.0
8.774054433000002 0.0 0.0
9.386297433000001 1.0 0.0
9.998540433000002 0.0 0.0
10.610783433000002 1.0 1.0
11.223026433000001 0.0 0.0
11.835269433 1.0 0.0
12.447512433000002 0.0 0.0
13.059755433000001 1.0 1.0
13.671998433 0.0 0.0
14.284241433000002 1.0 0.0
14.896484433000001 0.0 0.0
15.508727433000002 1.0 0.0
16.120970433000004 0.0 0.0
16.733213433000003 1.0 1.0
17.345456433000003 0.0 0.0
17.957699433000002 1.0 0.0
18.569942433 0.0 0.0
19.182185433 1.0 1.0
19.794428433000004 0.0 0.0
20.406671433000007 1.0 0.0
21.018914433000006 0.0 0.0
21.631157433000006 1.0 1.0
22.243400433000005 0.0 0.0
22.855643433000004 1.0 0.0
23.467886433000004 0.0 0.0
24.080129433000007 1.0 1.0
24.692372433000006 0.0 0.0
25.304615433000006 1.0 0.0
25.916858433000005 0.0 0.0
26.529101433000005 1.0 1.0
27.141344433000008 0.0 0.0
27.753587433000007 1.0 0.0
28.365830433000006 0.0 0.0
28.978073433000006 1.0 1.0
29.590316433000005 0.0 0.0
30.20255943300001 1.0 0.0
30.814802433000008 0.0 0.0
31.427045433000007 1.0 1.0
32.03928843300001 0.0 0.0
32.65153143300001 1.0 0.0
33.26377443300001 0.0 0.0
33.87601743300001 1.0 1.0
34.48826043300001 0.0 0.0
35.10050343300001 1.0 0.0
35.71274643300001 0.0 0.0
36.324989433000006 1.0 1.0
36.937232433000005 0.0 0.0
37.549475433000005 1.0 0.0
38.16171843300001 0.0 0.0
38.77396143300001 1.0 1.0
39.38620443300001 0.0 0.0
39.99844743300001 1.0 0.0
40.61069043300001 0.0 0.0
41.22293343300001 1.0 1.0
41.835176433000015 0.0 0.0
42.447419433000015 1.0 0.0
43.059662433000014 0.0 0.0
43.67190543300001 1.0 1.0
44.28414843300001 0.0 0.0
44.89639143300001 1.0 0.0
45.50863443300001 0.0 0.0
46.12087743300001 1.0 1.0
46.73312043300002 0.0 0.0
47.34536343300002 1.0 0.0
47.95760643300002 0.0 0.0
48.569849433000016 1.0 1.0
49.182092433000015 0.0 0.0
49.794335433000015 1.0 0.0
50.406578433000014 0.0 0.0
51.018821433000014 1.0 1.0
51.63106443300001 0.0 0.0
52.24330743300001 1.0 0.0
52.85555043300002 0.0 0.0
53.46779343300002 1.0 1.0
54.08003643300002 0.0 0.0
54.69227943300002 1.0 0.0
55.30452243300002 0.0 0.0
55.916765433000016 1.0 1.0
56.529008433000016 0.0 0.0
57.141251433000015 1.0 0.0
57.753494433000014 0.0 0.0
58.365737433000014 1.0 1.0
58.97798043300001 0.0 0.0
59.59022343300002 1.0 0.0
60.20246643300002 0.0 0.0
60.81470943300002 1.0 1.0
61.42695243300002 0.0 0.0
62.03919543300002 1.0 0.0
62.65143843300002 0.0 0.0
63.263681433000016 1.0 1.0
63.875924433000016 0.0 0.0
64.48816743300002 1.0 0.0
65.10041043300002 0.0 0.0
65.71265343300001 1.0 1.0
66.32489643300002 0.0 0.0
66.93713943300001 1.0 0.0
67.54938243300002 0.0 0.0
68.16162543300001 1.0 1.0
68.77386843300002 0.0 0.0
69.38611143300002 1.0 0.0
69.99835443300002 0.0 0.0
70.61059743300002 1.0 1.0
71.22284043300002 0.0 0.0
71.83508343300002 1.0 0.0
72.44732643300001 0.0 0.0
73.05956943300002 1.0 1.0
73.67181243300001 0.0 0.0
74.28405543300002 1.0 0.0
74.89629843300001 0.0 0.0
75.50854143300002 1.0 1.0
76.12078443300003 0.0 0.0
76.73302743300002 1.0 0.0
77.34527043300002 0.0 0.0
77.95751343300002 1.0 1.0
78.56975643300001 0.0 0.0
79.18199943300002 1.0 0.0
79.79424243300001 0.0 0.0
80.40648543300001 1.0 1.0
81.018728433 0.0 0.0
81.63097143300001 1.0 0.0
82.243214433 0.0 0.0
82.85545743300001 1.0 1.0
83.46770043300002 0.0 0.0
84.079943433 1.0 0.0
84.692186433 0.0 0.0
85.30442943300001 1.0 1.0
85.916672433 0.0 0.0
86.52891543300001 1.0 0.0
87.141158433 0.0 0.0
87.75340143300001 1.0 1.0
88.365644433 0.0 0.0
88.977887433 1.0 0.0
89.590130433 0.0 0.0
90.202373433 1.0 1.0
90.814616433 0.0 0.0
91.426859433 1.0 0.0
92.03910243300001 0.0 0.0
92.651345433 1.0 1.0
93.26358843300001 0.0 0.0
93.875831433 1.0 0.0
94.48807443300001 0.0 0.0
95.100317433 1.0 1.0
95.71256043300001 0.0 0.0
96.324803433 1.0 0.0
96.937046433 0.0 0.0
97.549289433 1.0 1.0
98.161532433 0.0 0.0
98.77377543300001 1.0 0.0
99.386018433 0.0 0.0
99.99826143300001 1.0 1.0
100.610504433 0.0 0.0
101.22274743300001 1.0 0.0
101.834990433 0.0 0.0
102.44723343300001 1.0 1.0
103.059476433 0.0 0.0
103.671719433 1.0 0.0
104.28396243300001 0.0 0.0
104.896205433 1.0 1.0
105.50844843300001 0.0 0.0
106.120691433 1.0 0.0
106.73293443300001 0.0 0.0
107.345177433 1.0 1.0
107.95742043300001 0.0 0.0
108.569663433 1.0 0.0
109.18190643300001 0.0 0.0
109.794149433 1.0 1.0
110.40639243300001 0.0 0.0
111.01863543300001 1.0 0.0
111.630878433 0.0 0.0
112.24312143300001 1.0 1.0
112.855364433 0.0 0.0
113.46760743300001 1.0 0.0
114.079850433 0.0 0.0
114.69209343300001 1.0 1.0
115.304336433 0.0 0.0
115.91657943300001 1.0 0.0
116.528822433 0.0 0.0
117.14106543300001 1.0 1.0
117.75330843300002 0.0 0.0
118.36555143300001 1.0 0.0
118.97779443300001 0.0 0.0
119.590037433 1.0 1.0
120.20228043300001 0.0 0.0
120.814523433 1.0 0.0
121.42676643300001 0.0 0.0
122.039009433 1.0 1.0
122.65125243300001 0.0 0.0
123.263495433 1.0 0.0
123.87573843300001 0.0 0.0
124.48798143300002 1.0 1.0
125.10022443300001 0.0 0.0
125.71246743300001 1.0 0.0
126.324710433 0.0 0.0
126.93695343300001 1.0 1.0
127.549196433 0.0 0.0
128.161439433 1.0 0.0
128.773682433 0.0 0.0
129.385925433 1.0 1.0
129.99816843300002 0.0 0.0
130.61041143300002 1.0 0.0
131.222654433 0.0 0.0
131.834897433 1.0 1.0
132.44714043300002 0.0 0.0
133.05938343300002 1.0 0.0
133.671626433 0.0 0.0
134.283869433 1.0 1.0
134.896112433 0.0 0.0
135.50835543300002 1.0 0.0
136.12059843300003 0.0 0.0
136.732841433 1.0 1.0
137.345084433 0.0 0.0
137.95732743300002 1.0 0.0
138.56957043300002 0.0 0.0
139.181813433 1.0 1.0
139.794056433 0.0 0.0
140.40629943300002 1.0 0.0
141.01854243300002 0.0 0.0
141.630785433 1.0 1.0
142.243028433 0.0 0.0
142.855271433 1.0 0.0
143.46751443300002 0.0 0.0
144.07975743300003 1.0 1.0
144.692000433 0.0 0.0
145.304243433 1.0 0.0
145.91648643300002 0.0 0.0
146.52872943300002 1.0 1.0
147.140972433 0.0 0.0
147.753215433 1.0 0.0
148.36545843300001 0.0 0.0
148.97770143300002 1.0 1.0
149.58994443300003 0.0 0.0
150.202187433 1.0 0.0
150.814430433 0.0 0.0
151.42667343300002 1.0 1.0
152.03891643300003 0.0 0.0
152.651159433 1.0 0.0
153.263402433 0.0 0.0
153.87564543300002 1.0 1.0
154.48788843300002 0.0 0.0
155.10013143300003 1.0 0.0
155.712374433 0.0 0.0
156.32461743300001 1.0 1.0
156.93686043300002 0.0 0.0
157.54910343300003 1.0 0.0
158.16134643300003 0.0 0.0
158.77358943300004 1.0 1.0
159.38583243300005 0.0 0.0
159.99807543300003 1.0 0.0
160.61031843300003 0.0 0.0
161.22256143300004 1.0 1.0
161.83480443300004 0.0 0.0
162.44704743300002 1.0 0.0
163.05929043300003 0.0 0.0
163.67153343300004 1.0 1.0
164.28377643300004 0.0 0.0
164.89601943300005 1.0 0.0
165.50826243300003 0.0 0.0
166.12050543300003 1.0 1.0
166.73274843300004 0.0 0.0
167.34499143300005 1.0 0.0
167.95723443300002 0.0 0.0
168.56947743300003 1.0 1.0
169.18172043300004 0.0 0.0
169.79396343300004 1.0 0.0
170.40620643300005 0.0 0.0
171.01844943300003 1.0 1.0
171.63069243300004 0.0 0.0
172.24293543300004 1.0 0.0
172.85517843300005 0.0 0.0
173.46742143300003 1.0 1.0
174.07966443300003 0.0 0.0
174.69190743300004 1.0 0.0
175.30415043300005 0.0 0.0
175.91639343300002 1.0 1.0
176.52863643300003 0.0 0.0
177.14087943300004 1.0 0.0
177.75312243300004 0.0 0.0
178.36536543300005 1.0 1.0
178.97760843300003 0.0 0.0
179.58985143300004 1.0 0.0
180.20209443300004 0.0 0.0
180.81433743300005 1.0 1.0
181.42658043300003 0.0 0.0
182.03882343300003 1.0 0.0
182.65106643300004 0.0 0.0
183.26330943300005 1.0 1.0
183.87555243300005 0.0 0.0
184.48779543300003 1.0 0.0
185.10003843300004 0.0 0.0
185.71228143300004 1.0 1.0
186.32452443300005 0.0 0.0
186.93676743300003 1.0 0.0
187.54901043300003 0.0 0.0
188.16125343300004 1.0 1.0
188.77349643300005 0.0 0.0
189.38573943300005 1.0 0.0
189.99798243300003 0.0 0.0
190.61022543300004 1.0 1.0
191.22246843300005 0.0 0.0
191.83471143300005 1.0 0.0
192.44695443300003 0.0 0.0
193.05919743300004 1.0 1.0
193.67144043300004 0.0 0.0
194.28368343300005 1.0 0.0
194.89592643300003 0.0 0.0
195.50816943300003 1.0 1.0
196.12041243300004 0.0 0.0
196.73265543300005 1.0 0.0
197.34489843300005 0.0 0.0
197.95714143300003 1.0 1.0
198.56938443300004 0.0 0.0
199.18162743300005 1.0 0.0
199.79387043300005 0.0 0.0
200.40611343300003 1.0 1.0
201.01835643300004 0.0 0.0
201.63059943300004 1.0 0.0
202.24284243300005 0.0 0.0
202.85508543300006 1.0 1.0
203.46732843300003 0.0 0.0
204.07957143300004 1.0 0.0
204.69181443300005 0.0 0.0
205.30405743300005 1.0 1.0
205.91630043300003 0.0 0.0
206.52854343300004 1.0 0.0
207.14078643300005 0.0 0.0
207.75302943300005 1.0 1.0
208.36527243300006 0.0 0.0
208.97751543300004 1.0 0.0
209.58975843300004 0.0 0.0
210.20200143300005 1.0 1.0
210.81424443300006 0.0 0.0
211.42648743300003 1.0 0.0
212.03873043300004 0.0 0.0
212.65097343300005 1.0 1.0
213.26321643300005 0.0 0.0
213.87545943300003 1.0 0.0
214.48770243300004 0.0 0.0
215.09994543300004 1.0 1.0
215.71218843300005 0.0 0.0
216.32443143300006 1.0 0.0
216.93667443300004 0.0 0.0
217.54891743300004 1.0 1.0
218.16116043300005 0.0 0.0
218.77340343300006 1.0 0.0
219.38564643300003 0.0 0.0
219.99788943300004 1.0 1.0
220.61013243300005 0.0 0.0
221.22237543300005 1.0 0.0
221.83461843300006 0.0 0.0
222.44686143300004 1.0 1.0
223.05910443300004 0.0 0.0
223.67134743300005 1.0 0.0
224.28359043300006 0.0 0.0
224.89583343300004 1.0 1.0
225.50807643300004 0.0 0.0
226.12031943300005 1.0 0.0
226.73256243300006 0.0 0.0
227.34480543300003 1.0 1.0
227.95704843300004 0.0 0.0
228.56929143300005 1.0 0.0
229.18153443300005 0.0 0.0
229.79377743300006 1.0 1.0
230.40602043300004 0.0 0.0
231.01826343300004 1.0 1.0
231.63050643300005 0.0 0.0
232.24274943300006 0.0 0.0
232.85499243300004 1.0 0.0
233.46723543300004 0.0 0.0
234.07947843300005 1.0 1.0
234.69172143300005 0.0 0.0
235.30396443300006 1.0 0.0
235.91620743300004 0.0 0.0
236.52845043300005 1.0 1.0
237.14069343300005 0.0 0.0
237.75293643300006 1.0 0.0
238.36517943300004 0.0 0.0