0.193018958 1.0 0.0
0.759056958 0.0 0.0
1.319808484666667 1.0 0.0
1.8912303640000003 0.0 0.0
2.4626593640000003 1.0 1.0
3.0340883640000005 0.0 0.0
3.594843484666667 1.0 0.0
4.155591484666667 0.0 0.0
4.701055680666666 1.0 1.0
5.246509680666667 0.0 0.0
5.817921364 1.0 0.0
6.389350364 0.0 0.0
6.960779364 1.0 1.0
7.532208364000001 0.0 0.0
8.103637364 1.0 0.0
8.675066364000001 0.0 0.0
9.246495364000001 1.0 1.0
9.817924364000001 0.0 0.0
10.383965958000001 1.0 0.0
10.950003958000002 0.0 0.0
11.516041958000002 1.0 1.0
12.082079958000001 0.0 0.0
12.648117958000002 1.0 0.0
13.214155958000003 0.0 0.0
13.780193958000002 1.0 1.0
14.346231958 0.0 0.0
14.912269958000003 1.0 0.0
15.478307958000002 0.0 0.0
16.044345958 1.0 1.0
16.610383958 0.0 0.0
17.176421958000002 1.0 1.0
17.742459958 0.0 0.0
18.308497958000004 0.0 0.0
18.874535958000003 1.0 1.0
19.445961364 0.0 0.0
20.017390364 1.0 0.0
20.588819364 0.0 0.0
21.160248364 1.0 1.0
21.686593440000003 0.0 0.0
22.21290844 1.0 0.0
22.73922344 0.0 0.0
23.26553844 1.0 1.0
23.831549958000004 0.0 0.0
24.397587958000003 1.0 0.0
24.963625958 0.0 0.0
25.551846160000004 1.0 1.0
26.14008116 0.0 0.0
26.728316160000002 1.0 0.0
27.316551160000003 0.0 0.0
27.904786160000004 1.0 1.0
28.49302116 0.0 0.0
29.081256160000002 1.0 0.0
29.663783967333334 0.0 0.0
30.246307967333337 1.0 1.0
30.801881946 0.0 0.0
31.357437946 1.0 0.0
31.912993946 0.0 0.0
32.453544956 1.0 1.0
33.009090946 0.0 0.0
33.564646946 1.0 0.0
34.120202946000006 0.0 0.0
34.675758946 1.0 1.0
35.25826496733334 0.0 0.0
35.84078896733334 1.0 0.0
36.42331296733333 0.0 0.0
37.00583696733333 1.0 1.0
37.582763701333334 0.0 0.0
38.159686701333335 1.0 0.0
38.736609701333336 0.0 0.0
39.31353270133334 1.0 1.0
39.85900768066667 0.0 0.0
40.40446168066667 1.0 0.0
40.954917344 0.0 0.0
41.526332364 1.0 1.0
42.081898946 0.0 0.0
42.637454946000005 1.0 0.0
43.193010946 0.0 0.0
43.748566946000004 1.0 1.0
44.304122946 0.0 0.0
44.881031701333335 1.0 0.0
45.46925916 0.0 0.0
46.057494160000005 1.0 1.0
46.65154927733334 0.0 0.0
47.222993364000004 1.0 0.0
47.794422364000006 0.0 0.0
48.344895344 1.0 1.0
48.895354344000005 0.0 0.0
49.445813344 1.0 0.0
49.996272344000005 0.0 0.0
50.546731344 1.0 1.0
51.112758958 0.0 0.0
51.678796958 1.0 0.0
52.244834958 0.0 0.0
52.810872958 1.0 1.0
53.376910957999996 0.0 0.0
53.942948958 1.0 0.0
54.508986958 0.0 0.0
55.075024958 1.0 1.0
55.641062958 0.0 0.0
56.207100958 1.0 0.0
56.773138958 0.0 0.0
57.339176958 1.0 1.0
57.905214958 0.0 0.0
58.471252958 1.0 0.0
59.037290958 0.0 0.0
59.603328958 1.0 1.0
60.191549159999994 0.0 0.0
60.77978416 1.0 0.0
61.345836958 0.0 0.0
61.911874958 1.0 1.0
62.477912958 0.0 0.0
63.043950957999996 1.0 0.0
63.609988958 0.0 0.0
64.176026958 1.0 1.0
64.742064958 0.0 0.0
65.308102958 1.0 0.0
65.874140958 0.0 0.0
66.440178958 1.0 1.0
67.006216958 0.0 0.0
67.572254958 1.0 0.0
68.127817946 0.0 0.0
68.683373946 1.0 1.0
69.26028270133332 0.0 0.0
69.83720570133333 1.0 0.0
70.41412870133333 0.0 0.0
70.949870174 1.0 1.0
71.50541294599999 0.0 0.0
72.060968946 1.0 0.0
72.63238736400001 0.0 0.0
73.203816364 1.0 1.0
73.775245364 0.0 0.0
74.34667436400001 1.0 0.0
74.918103364 0.0 0.0
75.489532364 1.0 1.0
76.06096136400001 0.0 0.0
76.616527946 1.0 0.0
77.172083946 0.0 0.0
77.727639946 1.0 1.0
78.293670958 0.0 0.0
78.859708958 1.0 0.0
79.425746958 0.0 0.0
79.99178495800001 1.0 1.0
80.557822958 0.0 0.0
81.12386095800001 1.0 0.0
81.689898958 0.0 0.0
82.255936958 1.0 1.0
82.821974958 0.0 0.0
83.388012958 1.0 0.0
83.95405095800001 0.0 0.0
84.520088958 1.0 1.0
85.08612695800001 0.0 0.0
85.64687848466667 1.0 0.0
86.20762648466668 0.0 0.0
86.76837448466668 1.0 1.0
87.33979636400001 0.0 0.0
87.911225364 1.0 0.0
88.48265436400001 0.0 0.0
89.05408336400001 1.0 1.0
89.625512364 0.0 0.0
90.19694136400001 1.0 0.0
90.768370364 0.0 0.0
91.33979936400002 1.0 1.0
91.90055448466667 0.0 0.0
92.46130248466667 1.0 0.0
93.02205048466668 0.0 0.0
93.58279848466668 1.0 1.0
94.14354648466667 0.0 0.0
94.70429448466668 1.0 0.0
95.26504248466668 0.0 0.0
95.82579048466668 1.0 1.0
96.41400716000001 0.0 0.0
97.00224216000001 1.0 0.0
97.56300848466667 0.0 0.0
98.12375648466667 1.0 1.0
98.689790958 0.0 0.0
99.255828958 1.0 0.0
99.821866958 0.0 0.0
100.38790495800001 1.0 1.0
100.953942958 0.0 0.0
101.519980958 1.0 0.0
102.09140636400001 0.0 0.0
102.662835364 1.0 1.0
103.23426436400001 0.0 0.0
103.805693364 1.0 0.0
104.377122364 0.0 0.0
104.94855136400001 1.0 1.0
105.50411794600001 0.0 0.0
106.059673946 1.0 0.0
106.615229946 0.0 0.0
107.17078594600001 1.0 1.0
107.726341946 0.0 0.0
108.29776036400001 1.0 0.0
108.86918936400001 0.0 0.0
109.44061836400002 1.0 1.0
110.00665995800001 0.0 0.0
110.572697958 1.0 0.0
111.13873595800001 0.0 0.0
111.70477395800002 1.0 1.0
112.26033694600001 0.0 0.0
112.815892946 1.0 0.0
113.38731136400001 0.0 0.0
113.95874036400001 1.0 1.0
114.54696416000002 0.0 0.0
115.13519916000001 1.0 0.0
115.72343416000001 0.0 0.0
116.31166916000002 1.0 1.0
116.85715168066669 0.0 0.0
117.40260568066668 1.0 0.0
117.94805968066669 0.0 0.0
118.4935136806667 1.0 1.0
119.05953795800002 0.0 0.0
119.62557595800001 1.0 0.0
120.19161395800002 0.0 0.0
120.75765195800003 1.0 1.0
121.32368995800002 0.0 0.0
121.88972795800002 1.0 0.0
122.45576595800001 0.0 0.0
123.02180395800002 1.0 1.0
123.58784195800001 0.0 0.0
124.15387995800002 1.0 0.0
124.71991795800002 0.0 0.0
125.28595595800002 1.0 1.0
125.85199395800002 0.0 0.0
126.41803195800001 1.0 0.0
126.98406995800002 0.0 0.0
127.55010795800001 1.0 1.0
128.116145958 0.0 0.0
128.68218395800002 1.0 0.0
129.24822195800002 0.0 0.0
129.814259958 1.0 1.0
130.38029795800003 0.0 0.0
130.94633595800002 1.0 0.0
131.512373958 0.0 0.0
132.07841195800003 1.0 1.0
132.64444995800002 0.0 0.0
133.21048795800002 1.0 0.0
133.776525958 0.0 0.0
134.34256395800003 1.0 1.0
134.90860195800002 0.0 0.0
135.474639958 1.0 0.0
136.04067795800003 0.0 0.0
136.60671595800002 1.0 1.0
137.17275395800002 0.0 0.0
137.738791958 1.0 0.0
138.30482995800003 0.0 0.0
138.87086795800002 1.0 1.0
139.436905958 0.0 0.0
140.00294395800003 1.0 0.0
140.56898195800002 0.0 0.0
141.13501995800002 1.0 1.0
141.70105795800004 0.0 0.0
142.26709595800003 1.0 0.0
142.83313395800002 0.0 0.0
143.399171958 1.0 1.0
143.96520995800003 0.0 0.0
144.53124795800002 1.0 0.0
145.09728595800001 0.0 0.0
145.66332395800003 1.0 1.0
146.22936195800003 0.0 0.0
146.79539995800002 1.0 0.0
147.361437958 0.0 0.0
147.92747595800003 1.0 1.0
148.49351395800002 0.0 0.0
149.05955195800001 1.0 0.0
149.62558995800003 0.0 0.0
150.19162795800003 1.0 1.0
150.75766595800002 0.0 0.0
151.323703958 1.0 0.0
151.88974195800003 0.0 0.0
152.45577995800002 1.0 1.0
153.021817958 0.0 0.0
153.58785595800003 1.0 0.0
154.15389395800003 0.0 0.0
154.71993195800002 1.0 1.0
155.285969958 0.0 0.0
155.85200795800003 1.0 0.0
156.41804595800002 0.0 0.0
156.984083958 1.0 1.0
157.55012195800003 0.0 0.0
158.11615995800003 1.0 0.0
158.68219795800002 0.0 0.0
159.248235958 1.0 1.0
159.81427395800003 0.0 0.0
160.38031195800002 1.0 0.0
160.94634995800004 0.0 0.0
161.51238795800003 1.0 1.0
162.07842595800003 0.0 0.0
162.64446395800002 1.0 0.0
163.210501958 0.0 0.0
163.77653995800003 1.0 1.0
164.34257795800002 0.0 0.0
164.90861595800004 1.0 0.0
165.47465395800003 0.0 0.0
166.04069195800002 1.0 1.0
166.60672995800002 0.0 0.0
167.172767958 1.0 0.0
167.73880595800003 0.0 0.0
168.30484395800002 1.0 1.0
168.87088195800004 0.0 0.0
169.43691995800003 1.0 0.0
170.00295795800002 0.0 0.0
170.56899595800002 1.0 1.0
171.135033958 0.0 0.0
171.70107195800003 1.0 0.0
172.26710995800002 0.0 0.0
172.83314795800004 1.0 1.0
173.41006370133337 0.0 0.0
173.98698670133336 1.0 0.0
174.56390970133336 0.0 0.0
175.14083270133335 1.0 1.0
175.70687795800004 0.0 0.0
176.27291595800003 1.0 0.0
176.83895395800002 0.0 0.0
177.40499195800004 1.0 1.0
177.97102995800003 0.0 0.0
178.55354296733336 1.0 0.0
179.13606696733336 0.0 0.0
179.71859096733334 1.0 1.0
180.29551770133335 0.0 0.0
180.87244070133335 1.0 0.0
181.44936370133334 0.0 0.0
182.02628670133333 1.0 1.0
182.60320970133336 0.0 0.0
183.18013270133335 1.0 0.0
183.75705570133334 0.0 0.0
184.33397870133334 1.0 1.0
184.90002395800002 0.0 0.0
185.466061958 1.0 0.0
186.032099958 0.0 0.0
186.59813795800002 1.0 0.0
187.16417595800002 0.0 0.0
187.730213958 1.0 1.0
188.29625195800003 0.0 0.0
188.86228995800002 1.0 0.0
189.428327958 0.0 0.0