0.8278125000000001 1.0 1.0
1.7653125 0.0 0.0
2.7028125 1.0 0.0
3.6403125 0.0 0.0
4.5778125 1.0 1.0
5.5153125 0.0 0.0
6.4528125 1.0 0.0
7.3903125 0.0 0.0
8.327812499999999 1.0 1.0
9.265312499999999 0.0 0.0
10.202812499999999 1.0 0.0
11.140312499999999 0.0 0.0
12.077812499999999 1.0 1.0
13.015312499999999 0.0 0.0
13.952812499999999 1.0 0.0
14.890312499999999 0.0 0.0
15.827812499999999 1.0 1.0
16.7653125 0.0 0.0
17.7028125 1.0 0.0
18.6403125 0.0 0.0
19.5778125 1.0 1.0
20.5153125 0.0 0.0
21.4528125 1.0 0.0
22.3903125 0.0 0.0
23.3278125 1.0 1.0
24.2653125 0.0 0.0
25.2028125 1.0 0.0
26.1403125 0.0 0.0
27.0778125 1.0 1.0
28.0153125 0.0 0.0
28.9528125 1.0 0.0
29.8903125 0.0 0.0
30.827812500000004 1.0 1.0
31.765312500000004 0.0 0.0
32.7028125 1.0 0.0
33.6403125 0.0 0.0
34.5778125 1.0 1.0
35.5153125 0.0 0.0
36.4528125 1.0 0.0
37.3903125 0.0 0.0
38.3278125 1.0 1.0
39.2653125 0.0 0.0
40.2028125 1.0 0.0
41.1403125 0.0 0.0
42.0778125 1.0 1.0
43.0153125 0.0 0.0
43.9528125 1.0 0.0
44.8903125 0.0 0.0
45.8278125 1.0 1.0
46.7653125 0.0 0.0
47.7028125 1.0 0.0
48.6403125 0.0 0.0
49.5778125 1.0 1.0
50.5153125 0.0 0.0
51.4528125 1.0 0.0
52.3903125 0.0 0.0
53.3278125 1.0 1.0
54.2653125 0.0 0.0
55.2028125 1.0 0.0
56.1403125 0.0 0.0
57.0778125 1.0 1.0
58.0153125 0.0 0.0
58.9528125 1.0 0.0
59.8903125 0.0 0.0
60.82781249999999 1.0 1.0
61.76531249999999 0.0 0.0
62.70281249999999 1.0 0.0
63.64031249999999 0.0 0.0
64.5778125 1.0 1.0
65.5153125 0.0 0.0
66.4528125 1.0 0.0
67.3903125 0.0 0.0
68.3278125 1.0 1.0
69.2653125 0.0 0.0
70.2028125 1.0 0.0
71.1403125 0.0 0.0
72.0778125 1.0 1.0
73.0153125 0.0 0.0
73.9528125 1.0 0.0
74.8903125 0.0 0.0
75.8278125 1.0 1.0
76.7653125 0.0 0.0
77.7028125 1.0 0.0
78.6403125 0.0 0.0
79.5778125 1.0 1.0
80.5153125 0.0 0.0
81.4528125 1.0 0.0
82.3903125 0.0 0.0
83.3278125 1.0 1.0
84.2653125 0.0 0.0
85.2028125 1.0 0.0
86.1403125 0.0 0.0
87.0778125 1.0 1.0
88.0153125 0.0 0.0
88.9528125 1.0 0.0
89.8903125 0.0 0.0
90.8278125 1.0 1.0
91.7653125 0.0 0.0
92.7028125 1.0 0.0
93.6403125 0.0 0.0
94.5778125 1.0 0.0
95.5153125 0.0 0.0
96.4528125 1.0 1.0
97.3903125 0.0 0.0
98.3278125 1.0 0.0
99.2653125 0.0 0.0
100.2028125 1.0 1.0
101.1403125 0.0 0.0
102.0778125 1.0 0.0
103.0153125 0.0 0.0
103.9528125 1.0 1.0
104.8903125 0.0 0.0
105.8278125 1.0 0.0
106.7653125 0.0 0.0
107.7028125 1.0 1.0
108.6403125 0.0 0.0
109.5778125 1.0 0.0
110.5153125 0.0 0.0
111.4528125 1.0 1.0
112.3903125 0.0 0.0
113.3278125 1.0 0.0
114.2653125 0.0 0.0
115.2028125 1.0 1.0
116.1403125 0.0 0.0
117.0778125 1.0 0.0
118.0153125 0.0 0.0
118.9528125 1.0 1.0
119.8903125 0.0 0.0
120.82781250000001 1.0 0.0
121.76531250000001 0.0 0.0
122.70281250000001 1.0 1.0
123.64031250000001 0.0 0.0
124.57781250000001 1.0 0.0
125.51531250000001 0.0 0.0
126.45281250000001 1.0 1.0
127.39031250000001 0.0 0.0
128.32781250000002 1.0 0.0
129.26531250000002 0.0 0.0
130.20281250000002 1.0 1.0
131.14031250000002 0.0 0.0
132.07781250000002 1.0 0.0
133.01531250000002 0.0 0.0
133.95281250000002 1.0 1.0
134.89031250000002 0.0 0.0
135.82781250000002 1.0 0.0
136.76531250000002 0.0 0.0
137.70281250000002 1.0 1.0
138.64031250000002 0.0 0.0
139.57781250000002 1.0 0.0
140.51531250000002 0.0 0.0
141.45281250000002 1.0 1.0
142.39031250000002 0.0 0.0
143.32781250000002 1.0 0.0
144.26531250000002 0.0 0.0
145.20281250000002 1.0 1.0
146.14031250000002 0.0 0.0
147.07781250000002 1.0 0.0
148.01531250000002 0.0 0.0
148.95281250000002 1.0 1.0
149.89031250000002 0.0 0.0
150.82781250000002 1.0 0.0
151.76531250000002 0.0 0.0
152.70281250000002 1.0 1.0
153.64031250000002 0.0 0.0
154.57781250000002 1.0 0.0
155.51531250000002 0.0 0.0
156.45281250000002 1.0 1.0
157.39031250000002 0.0 0.0
158.32781250000002 1.0 0.0
159.26531250000002 0.0 0.0
160.20281250000002 1.0 1.0
161.14031250000002 0.0 0.0
162.07781250000002 1.0 0.0
163.01531250000002 0.0 0.0
163.95281250000002 1.0 1.0
164.89031250000002 0.0 0.0
165.82781250000002 1.0 0.0
166.76531250000002 0.0 0.0
167.70281250000002 1.0 1.0
168.64031250000002 0.0 0.0
169.57781250000002 1.0 0.0
170.51531250000002 0.0 0.0
171.45281250000002 1.0 1.0
172.39031250000002 0.0 0.0
173.32781250000002 1.0 0.0
174.26531250000002 0.0 0.0
175.20281250000002 1.0 1.0
176.14031250000002 0.0 0.0
177.07781250000002 1.0 0.0
178.01531250000002 0.0 0.0
178.95281250000002 1.0 1.0
179.89031250000002 0.0 0.0
180.82781250000002 1.0 0.0
181.76531250000002 0.0 0.0
182.70281250000002 1.0 1.0
183.64031250000002 0.0 0.0
184.57781250000002 1.0 0.0
185.51531250000002 0.0 0.0
186.45281250000002 1.0 1.0
187.39031250000002 0.0 0.0
188.32781250000002 1.0 1.0
189.26531250000002 0.0 0.0
190.20281250000002 1.0 0.0
191.14031250000002 0.0 0.0
192.07781250000002 1.0 1.0
193.01531250000002 0.0 0.0
193.95281250000002 1.0 0.0
194.89031250000002 0.0 0.0
195.82781250000002 1.0 1.0
196.76531250000002 0.0 0.0
197.70281250000002 1.0 0.0
198.64031250000002 0.0 0.0
199.57781250000002 1.0 1.0
200.51531250000002 0.0 0.0
201.45281250000002 1.0 0.0
202.39031250000002 0.0 0.0
203.32781250000002 1.0 1.0
204.26531250000002 0.0 0.0
205.20281250000002 1.0 0.0
206.14031250000002 0.0 0.0
207.07781250000002 1.0 1.0
208.01531250000002 0.0 0.0
208.95281250000002 1.0 0.0
209.89031250000002 0.0 0.0
210.82781250000002 1.0 1.0
211.76531250000002 0.0 0.0
212.70281250000002 1.0 0.0
213.64031250000002 0.0 0.0
214.57781250000002 1.0 1.0
215.51531250000002 0.0 0.0
216.45281250000002 1.0 0.0
217.39031250000002 0.0 0.0
218.32781250000002 1.0 1.0
219.26531250000002 0.0 0.0
220.20281250000002 1.0 0.0
221.14031250000002 0.0 0.0
222.07781250000002 1.0 1.0
223.01531250000002 0.0 0.0
223.95281250000002 1.0 0.0
224.89031250000002 0.0 0.0
225.82781250000002 1.0 1.0
226.76531250000002 0.0 0.0
227.70281250000002 1.0 0.0
228.64031250000002 0.0 0.0
229.57781250000002 1.0 1.0
230.51531250000002 0.0 0.0
231.45281250000002 1.0 0.0
232.39031250000002 0.0 0.0
233.32781250000002 1.0 1.0
234.26531250000002 0.0 0.0
235.20281250000002 1.0 1.0
236.14031250000002 0.0 0.0
237.07781250000002 1.0 0.0
238.01531250000002 0.0 0.0
238.95281250000002 1.0 1.0
239.89031250000002 0.0 0.0
240.8278125 1.0 0.0
241.7653125 0.0 0.0
242.7028125 1.0 1.0
243.6403125 0.0 0.0
244.5778125 1.0 0.0
245.5153125 0.0 0.0
246.4528125 1.0 1.0
247.3903125 0.0 0.0
248.3278125 1.0 0.0
249.2653125 0.0 0.0
250.2028125 1.0 1.0
251.1403125 0.0 0.0
252.0778125 1.0 0.0
253.0153125 0.0 0.0
253.9528125 1.0 1.0
254.8903125 0.0 0.0
255.8278125 1.0 0.0
256.7653125 0.0 0.0
257.7028125 1.0 1.0
258.6403125 0.0 0.0
259.5778125 1.0 0.0
260.5153125 0.0 0.0
261.4528125 1.0 1.0
262.3903125 0.0 0.0
263.3278125 1.0 0.0
264.2653125 0.0 0.0
265.2028125 1.0 1.0
266.1403125 0.0 0.0
267.0778125 1.0 0.0
268.0153125 0.0 0.0
268.9528125 1.0 1.0
269.8903125 0.0 0.0
270.8278125 1.0 0.0
271.7653125 0.0 0.0
272.7028125 1.0 1.0
273.6403125 0.0 0.0
274.5778125 1.0 0.0
275.5153125 0.0 0.0
276.4528125 1.0 1.0
277.3903125 0.0 0.0
278.3278125 1.0 0.0
279.2653125 0.0 0.0
280.2028125 1.0 1.0
281.1403125 0.0 0.0
282.0778125 1.0 0.0
283.0153125 0.0 0.0
283.9528125 1.0 0.0
284.8903125 0.0 0.0
285.8278125 1.0 1.0
286.7653125 0.0 0.0
287.7028125 1.0 1.0
288.6403125 0.0 0.0
289.5778125 0.0 0.0