0.5245540970000001 1.0 1.0
1.1186130970000001 0.0 0.0
1.712672097 1.0 0.0
2.306731097 0.0 0.0
2.9007900970000002 1.0 1.0
3.4948490970000003 0.0 0.0
4.088908097 1.0 0.0
4.682967097000001 0.0 0.0
5.277026096999999 1.0 1.0
5.871085096999999 0.0 0.0
6.465144097 1.0 0.0
7.059203096999999 0.0 0.0
7.653262097 1.0 1.0
8.247321096999999 0.0 0.0
8.841380097 1.0 0.0
9.435439097 0.0 0.0
10.029498097 1.0 1.0
10.623557097 0.0 0.0
11.217616097 1.0 0.0
11.811675097 0.0 0.0
12.405734097000002 1.0 1.0
12.999793097000001 0.0 0.0
13.593852097000001 1.0 0.0
14.187911097 0.0 0.0
14.781970097 1.0 1.0
15.376029097000002 0.0 0.0
15.970088097000001 1.0 0.0
16.564147097 0.0 0.0
17.158206097 1.0 1.0
17.752265097000002 0.0 0.0
18.346324097 1.0 0.0
18.940383097 0.0 0.0
19.534442097000003 1.0 1.0
20.128501097000004 0.0 0.0
20.722560097000002 1.0 0.0
21.316619097 0.0 0.0
21.910678097 1.0 1.0
22.504737097 0.0 0.0
23.098796097 1.0 0.0
23.692855097000002 0.0 0.0
24.286914097 1.0 1.0
24.880973097000002 0.0 0.0
25.475032097 1.0 0.0
26.069091097 0.0 0.0
26.663150097000003 1.0 1.0
27.257209097 0.0 0.0
27.851268097000002 1.0 0.0
28.445327097 0.0 0.0
29.039386097 1.0 1.0
29.633445097000003 0.0 0.0
30.227504097 1.0 0.0
30.821563097000002 0.0 0.0
31.415622097 1.0 1.0
32.009681097000005 0.0 0.0
32.603740097 1.0 0.0
33.197799097 0.0 0.0
33.791858097 1.0 1.0
34.385917097000004 0.0 0.0
34.979976097000005 1.0 0.0
35.574035097 0.0 0.0
36.168094097 1.0 1.0
36.762153097 0.0 0.0
37.356212097000004 1.0 0.0
37.950271097000005 0.0 0.0
38.544330097 1.0 1.0
39.138389097 0.0 0.0
39.732448096999995 1.0 0.0
40.326507097 0.0 0.0
40.920566097 1.0 1.0
41.514625097 0.0 0.0
42.108684097 1.0 0.0
42.702743096999995 0.0 0.0
43.296802097 1.0 1.0
43.890861097 0.0 0.0
44.484920097 1.0 0.0
45.078979097 0.0 0.0
45.673038096999996 1.0 1.0
46.267097097 0.0 0.0
46.861156097 1.0 0.0
47.455215097 0.0 0.0
48.049274097 1.0 1.0
48.643333096999996 0.0 0.0
49.237392097 1.0 0.0
49.831451097 0.0 0.0
50.425510097 1.0 1.0
51.019569097 0.0 0.0
51.613628096999996 1.0 0.0
52.207687097 0.0 0.0
52.801746097 1.0 1.0
53.395805097 0.0 0.0
53.989864097 1.0 0.0
54.583923096999996 0.0 0.0
55.177982097 1.0 1.0
55.772041097 0.0 0.0
56.366100097 1.0 0.0
56.960159097 0.0 0.0
57.554218096999996 1.0 1.0
58.148277097 0.0 0.0
58.742336097 1.0 0.0
59.336395097 0.0 0.0
59.930454097 1.0 1.0
60.524513096999996 0.0 0.0
61.118572097 1.0 0.0
61.712631097 0.0 0.0
62.306690097 1.0 1.0
62.900749097 0.0 0.0
63.494808096999996 1.0 0.0
64.088867097 0.0 0.0
64.68292609699999 1.0 1.0
65.276985097 0.0 0.0
65.871044097 1.0 0.0
66.465103097 0.0 0.0
67.059162097 1.0 1.0
67.653221097 0.0 0.0
68.247280097 1.0 0.0
68.841339097 0.0 0.0
69.435398097 1.0 1.0
70.029457097 0.0 0.0
70.62351609699999 1.0 0.0
71.217575097 0.0 0.0
71.811634097 1.0 1.0
72.405693097 0.0 0.0
72.999752097 1.0 0.0
73.593811097 0.0 0.0
74.187870097 1.0 1.0
74.781929097 0.0 0.0
75.375988097 1.0 0.0
75.970047097 0.0 0.0
76.564106097 1.0 1.0
77.15816509700001 0.0 0.0
77.75222409700001 1.0 0.0
78.34628309700001 0.0 0.0
78.94034209700001 1.0 1.0
79.53440109700001 0.0 0.0
80.12846009700002 1.0 0.0
80.722519097 0.0 0.0
81.31657809700002 1.0 1.0
81.91063709700002 0.0 0.0
82.50469609700002 1.0 0.0
83.09875509700002 0.0 0.0
83.69281409700002 1.0 1.0
84.28687309700001 0.0 0.0
84.88093209700001 1.0 0.0
85.47499109700001 0.0 0.0
86.06905009700002 1.0 1.0
86.66310909700002 0.0 0.0
87.25716809700002 1.0 0.0
87.85122709700002 0.0 0.0
88.44528609700002 1.0 1.0
89.03934509700002 0.0 0.0
89.63340409700002 1.0 0.0
90.22746309700001 0.0 0.0
90.82152209700001 1.0 1.0
91.41558109700001 0.0 0.0
92.00964009700002 1.0 0.0
92.60369909700002 0.0 0.0
93.19775809700002 1.0 1.0
93.79181709700002 0.0 0.0
94.38587609700002 1.0 0.0
94.97993509700002 0.0 0.0
95.57399409700002 1.0 1.0
96.16805309700001 0.0 0.0
96.76211209700001 1.0 0.0
97.35617109700001 0.0 0.0
97.95023009700002 1.0 1.0
98.54428909700002 0.0 0.0
99.13834809700002 1.0 0.0
99.73240709700002 0.0 0.0
100.32646609700002 1.0 1.0
100.92052509700002 0.0 0.0
101.51458409700003 1.0 0.0
102.10864309700001 0.0 0.0
102.70270209700001 1.0 1.0
103.29676109700002 0.0 0.0
103.89082009700002 1.0 0.0
104.48487909700002 0.0 0.0
105.07893809700002 1.0 1.0
105.67299709700002 0.0 0.0
106.26705609700002 1.0 0.0
106.86111509700002 0.0 0.0
107.45517409700003 1.0 1.0
108.04923309700001 0.0 0.0
108.64329209700001 1.0 0.0
109.23735109700002 0.0 0.0
109.83141009700002 1.0 1.0
110.42546909700002 0.0 0.0
111.01952809700002 1.0 0.0
111.61358709700002 0.0 0.0
112.20764609700002 1.0 1.0
112.80170509700002 0.0 0.0
113.39576409700003 1.0 0.0
113.98982309700001 0.0 0.0
114.58388209700001 1.0 1.0
115.17794109700002 0.0 0.0
115.77200009700002 1.0 0.0
116.36605909700002 0.0 0.0
116.96011809700002 1.0 1.0
117.55417709700002 0.0 0.0
118.14823609700002 1.0 0.0
118.74229509700002 0.0 0.0
119.33635409700003 1.0 1.0
119.93041309700001 0.0 0.0
120.52447209700001 1.0 0.0
121.11853109700002 0.0 0.0
121.71259009700002 1.0 1.0
122.30664909700002 0.0 0.0
122.90070809700002 1.0 0.0
123.49476709700002 0.0 0.0
124.08882609700002 1.0 1.0
124.68288509700002 0.0 0.0
125.27694409700003 1.0 0.0
125.87100309700001 0.0 0.0
126.46506209700001 1.0 1.0
127.05912109700002 0.0 0.0
127.65318009700002 1.0 0.0
128.24723909700003 0.0 0.0
128.84129809700002 1.0 1.0
129.435357097 0.0 0.0
130.02941609700002 1.0 0.0
130.623475097 0.0 0.0
131.21753409700003 1.0 1.0
131.811593097 0.0 0.0
132.40565209700003 1.0 0.0
132.99971109700002 0.0 0.0
133.59377009700003 1.0 1.0
134.18782909700002 0.0 0.0
134.781888097 1.0 0.0
135.37594709700002 0.0 0.0
135.970006097 1.0 1.0
136.56406509700003 0.0 0.0
137.158124097 1.0 0.0
137.75218309700003 0.0 0.0
138.34624209700002 1.0 1.0
138.94030109700003 0.0 0.0
139.53436009700002 1.0 0.0
140.12841909700003 0.0 0.0
140.72247809700002 1.0 1.0
141.316537097 0.0 0.0
141.91059609700002 1.0 0.0
142.504655097 0.0 0.0
143.09871409700003 1.0 1.0
143.692773097 0.0 0.0
144.28683209700003 1.0 0.0
144.88089109700002 0.0 0.0
145.47495009700003 1.0 1.0
146.06900909700002 0.0 0.0
146.663068097 1.0 0.0
147.25712709700002 0.0 0.0
147.851186097 1.0 1.0
148.44524509700003 0.0 0.0
149.039304097 1.0 0.0
149.63336309700003 0.0 0.0
150.22742209700002 1.0 1.0
150.82148109700003 0.0 0.0
151.41554009700002 1.0 0.0
152.00959909700003 0.0 0.0
152.603658097 1.0 1.0
153.197717097 0.0 0.0
153.791776097 1.0 0.0
154.385835097 0.0 0.0
154.979894097 1.0 1.0
155.57395309700001 0.0 0.0
156.168012097 1.0 0.0
156.76207109700002 0.0 0.0
157.356130097 1.0 1.0
157.950189097 0.0 0.0
158.544248097 1.0 0.0
159.138307097 0.0 0.0
159.732366097 1.0 1.0
160.326425097 0.0 0.0
160.920484097 1.0 0.0
161.514543097 0.0 0.0
162.10860209700002 1.0 1.0
162.702661097 0.0 0.0
163.296720097 1.0 0.0
163.890779097 0.0 0.0
164.484838097 1.0 1.0
165.078897097 0.0 0.0
165.672956097 1.0 0.0
166.267015097 0.0 0.0
166.861074097 1.0 1.0
167.45513309700002 0.0 0.0
168.049192097 1.0 0.0
168.64325109700002 0.0 0.0
169.237310097 1.0 1.0
169.831369097 0.0 0.0
170.425428097 1.0 0.0
171.019487097 0.0 0.0
171.613546097 1.0 1.0
172.207605097 0.0 0.0
172.801664097 1.0 0.0
173.395723097 0.0 0.0
173.98978209700002 1.0 1.0
174.583841097 0.0 0.0
175.177900097 1.0 0.0
175.771959097 0.0 0.0
176.366018097 1.0 1.0
176.960077097 0.0 0.0
177.554136097 1.0 0.0
178.148195097 0.0 0.0
178.742254097 1.0 1.0
179.33631309700002 0.0 0.0
179.930372097 1.0 0.0
180.52443109700002 0.0 0.0
181.118490097 1.0 1.0
181.712549097 0.0 0.0
182.306608097 1.0 0.0
182.900667097 0.0 0.0
183.494726097 1.0 1.0
184.088785097 0.0 0.0
184.68284409700001 1.0 0.0
185.276903097 0.0 0.0
185.87096209700002 1.0 1.0
186.465021097 0.0 0.0
187.059080097 1.0 0.0
187.653139097 0.0 0.0
188.247198097 1.0 1.0
188.841257097 0.0 0.0
189.435316097 1.0 0.0
190.029375097 0.0 0.0
190.623434097 1.0 1.0
191.21749309700002 0.0 0.0
191.811552097 1.0 0.0
192.40561109700002 0.0 0.0
192.999670097 1.0 1.0
193.593729097 0.0 0.0
194.187788097 1.0 0.0
194.781847097 0.0 0.0
195.375906097 1.0 1.0
195.969965097 0.0 0.0
196.56402409700001 1.0 0.0
197.158083097 0.0 0.0
197.75214209700002 1.0 1.0
198.346201097 0.0 0.0
198.940260097 1.0 0.0
199.534319097 0.0 0.0
200.128378097 1.0 1.0
200.722437097 0.0 0.0
201.316496097 1.0 0.0
201.910555097 0.0 0.0
202.504614097 1.0 1.0
203.09867309700002 0.0 0.0
203.692732097 1.0 0.0
204.28679109700002 0.0 0.0
204.880850097 1.0 1.0
205.474909097 0.0 0.0
206.068968097 1.0 0.0
206.663027097 0.0 0.0
207.257086097 1.0 1.0
207.851145097 0.0 0.0
208.44520409700002 1.0 0.0
209.039263097 0.0 0.0
209.63332209700002 1.0 1.0
210.227381097 0.0 0.0
210.821440097 1.0 0.0
211.415499097 0.0 0.0
212.009558097 1.0 1.0
212.603617097 0.0 0.0
213.197676097 1.0 0.0
213.79173509700001 0.0 0.0
214.385794097 1.0 1.0
214.97985309700002 0.0 0.0
215.573912097 1.0 0.0
216.16797109700002 0.0 0.0
216.762030097 1.0 1.0
217.356089097 0.0 0.0
217.950148097 1.0 0.0
218.544207097 0.0 0.0
219.138266097 1.0 1.0
219.732325097 0.0 0.0
220.32638409700002 1.0 0.0
220.920443097 0.0 0.0
221.51450209700002 1.0 1.0
222.108561097 0.0 0.0
222.702620097 1.0 0.0
223.296679097 0.0 0.0
223.890738097 1.0 1.0
224.484797097 0.0 0.0
225.078856097 1.0 0.0
225.67291509700001 0.0 0.0
226.266974097 1.0 1.0
226.86103309700002 0.0 0.0
227.455092097 1.0 0.0
228.04915109700002 0.0 0.0
228.643210097 1.0 1.0
229.237269097 0.0 0.0
229.831328097 1.0 0.0
230.425387097 0.0 0.0
231.019446097 1.0 1.0
231.613505097 0.0 0.0
232.20756409700002 1.0 0.0
232.801623097 0.0 0.0
233.39568209700002 1.0 1.0
233.989741097 0.0 0.0
234.583800097 1.0 0.0
235.177859097 0.0 0.0
235.771918097 1.0 1.0
236.365977097 0.0 0.0
236.960036097 0.0 0.0
237.55409509700002 1.0 1.0
238.148154097 0.0 0.0