0.2712 0.0 0.0
0.8712000000000001 1.0 1.0
1.4712 0.0 0.0
2.0712 1.0 0.0
2.6712000000000002 0.0 0.0
3.2712 1.0 1.0
3.8712 0.0 0.0
4.4712 1.0 0.0
5.0712 0.0 0.0
5.6712 1.0 1.0
6.2712 0.0 0.0
6.8712 1.0 0.0
7.4712 0.0 0.0
8.0712 1.0 1.0
8.6712 0.0 0.0
9.2712 1.0 0.0
9.871199999999998 0.0 0.0
10.4712 1.0 1.0
11.0712 0.0 0.0
11.671199999999999 1.0 0.0
12.271199999999999 0.0 0.0
12.871199999999998 1.0 1.0
13.4712 0.0 0.0
14.0712 1.0 0.0
14.671199999999999 0.0 0.0
15.271199999999999 1.0 1.0
15.871199999999998 0.0 0.0
16.4712 1.0 0.0
17.071199999999997 0.0 0.0
17.6712 1.0 1.0
18.2712 0.0 0.0
18.871199999999998 1.0 0.0
19.4712 0.0 0.0
20.071199999999997 1.0 1.0
20.6712 0.0 0.0
21.2712 1.0 0.0
21.871199999999998 0.0 0.0
22.4712 1.0 1.0
23.071199999999997 0.0 0.0
23.6712 1.0 0.0
24.2712 0.0 0.0
24.871199999999998 1.0 1.0
25.4712 0.0 0.0
26.071199999999997 1.0 0.0
26.6712 0.0 0.0
27.2712 1.0 1.0
27.871199999999998 0.0 0.0
28.4712 1.0 0.0
29.071199999999997 0.0 0.0
29.6712 1.0 1.0
30.2712 0.0 0.0
30.871199999999998 1.0 0.0
31.4712 0.0 0.0
32.0712 1.0 1.0
32.6712 0.0 0.0
33.2712 1.0 0.0
33.8712 0.0 0.0
34.471199999999996 1.0 1.0
35.0712 0.0 0.0
35.6712 1.0 0.0
36.2712 0.0 0.0
36.8712 1.0 1.0
37.471199999999996 0.0 0.0
38.0712 1.0 0.0
38.6712 0.0 0.0
39.2712 1.0 1.0
39.8712 0.0 0.0
40.471199999999996 1.0 0.0
41.0712 0.0 0.0
41.6712 1.0 1.0
42.2712 0.0 0.0
42.8712 1.0 0.0
43.471199999999996 0.0 0.0
44.0712 1.0 1.0
44.6712 0.0 0.0
45.2712 1.0 0.0
45.8712 0.0 0.0
46.471199999999996 1.0 1.0
47.0712 0.0 0.0
47.6712 1.0 0.0
48.2712 0.0 0.0
48.8712 1.0 1.0
49.471199999999996 0.0 0.0
50.0712 1.0 0.0
50.6712 0.0 0.0
51.2712 1.0 1.0
51.8712 0.0 0.0
52.471199999999996 1.0 0.0
53.0712 0.0 0.0
53.6712 1.0 1.0
54.2712 0.0 0.0
54.8712 1.0 0.0
55.471199999999996 0.0 0.0
56.0712 1.0 1.0
56.6712 0.0 0.0
57.2712 1.0 0.0
57.8712 0.0 0.0
58.471199999999996 1.0 1.0
59.0712 0.0 0.0
59.6712 1.0 0.0
60.2712 0.0 0.0
60.8712 1.0 1.0
61.471199999999996 0.0 0.0
62.0712 1.0 0.0
62.6712 0.0 0.0
63.2712 1.0 1.0
63.8712 0.0 0.0
64.4712 1.0 0.0
65.0712 0.0 0.0
65.6712 1.0 1.0
66.2712 0.0 0.0
66.8712 1.0 0.0
67.4712 0.0 0.0
68.0712 1.0 1.0
68.6712 0.0 0.0
69.2712 1.0 0.0
69.8712 0.0 0.0
70.4712 1.0 1.0
71.0712 0.0 0.0
71.6712 1.0 0.0
72.2712 0.0 0.0
72.8712 1.0 1.0
73.4712 0.0 0.0
74.0712 1.0 0.0
74.6712 0.0 0.0
75.2712 1.0 1.0
75.8712 0.0 0.0
76.4712 1.0 0.0
77.0712 0.0 0.0
77.6712 1.0 1.0
78.2712 0.0 0.0
78.8712 1.0 0.0
79.4712 0.0 0.0
80.0712 1.0 1.0
80.6712 0.0 0.0
81.2712 1.0 0.0
81.8712 0.0 0.0
82.4712 1.0 1.0
83.07119999999999 0.0 0.0
83.67119999999998 1.0 0.0
84.2712 0.0 0.0
84.87119999999999 1.0 1.0
85.4712 0.0 0.0
86.07119999999999 1.0 0.0
86.67119999999998 0.0 0.0
87.2712 1.0 1.0
87.87119999999999 0.0 0.0
88.4712 1.0 0.0
89.07119999999999 0.0 0.0
89.67119999999998 1.0 1.0
90.2712 0.0 0.0
90.87119999999999 1.0 0.0
91.4712 0.0 0.0
92.07119999999999 1.0 1.0
92.67119999999998 0.0 0.0
93.2712 1.0 0.0
93.87119999999999 0.0 0.0
94.4712 1.0 1.0
95.07119999999999 0.0 0.0
95.67119999999998 1.0 0.0
96.2712 0.0 0.0
96.87119999999999 1.0 1.0
97.4712 0.0 0.0
98.07119999999999 1.0 0.0
98.67119999999998 0.0 0.0
99.2712 1.0 1.0
99.87119999999999 0.0 0.0
100.4712 1.0 0.0
101.07119999999999 0.0 0.0
101.67119999999998 1.0 1.0
102.2712 0.0 0.0
102.87119999999999 1.0 0.0
103.4712 0.0 0.0
104.07119999999999 1.0 1.0
104.67119999999998 0.0 0.0
105.2712 1.0 0.0
105.87119999999999 0.0 0.0
106.4712 1.0 1.0
107.07119999999999 0.0 0.0
107.67119999999998 1.0 0.0
108.2712 0.0 0.0
108.87119999999999 1.0 1.0
109.4712 0.0 0.0
110.07119999999999 0.0 0.0