0.309999504 0.0 0.0
1.1433315039999998 1.0 0.0
1.9766635039999998 0.0 0.0
2.8099955039999998 1.0 1.0
3.6433275039999997 0.0 0.0
4.476659504 1.0 0.0
5.309991503999999 0.0 0.0
6.143323504 1.0 1.0
6.976655503999999 0.0 0.0
7.809987503999999 1.0 0.0
8.643319503999999 0.0 0.0
9.476651503999998 1.0 1.0
10.309983503999998 0.0 0.0
11.143315503999998 1.0 0.0
11.976647503999999 0.0 0.0
12.809979503999998 1.0 1.0
13.643311503999998 0.0 0.0
14.476643503999998 1.0 0.0
15.309975503999999 0.0 0.0
16.143307504 1.0 1.0
16.976639503999998 0.0 0.0
17.809971503999996 1.0 0.0
18.643303504 0.0 0.0
19.476635503999997 1.0 1.0
20.309967504 0.0 0.0
21.143299503999998 1.0 0.0
21.976631503999997 0.0 0.0
22.809963504 1.0 1.0
23.643295503999997 0.0 0.0
24.476627503999996 1.0 0.0
25.309959504 0.0 0.0
26.143291503999997 1.0 1.0
26.976623503999996 0.0 0.0
27.809955503999998 1.0 0.0
28.643287504 0.0 0.0
29.476619504 1.0 1.0
30.309951504 0.0 0.0
31.143283504 1.0 0.0
31.976615504 0.0 0.0
32.809947504 1.0 1.0
33.643279504 0.0 0.0
34.476611504 1.0 0.0
35.309943504 0.0 0.0
36.143275504 1.0 1.0
36.976607504 0.0 0.0
37.809939504 1.0 0.0
38.643271504 0.0 0.0
39.476603503999996 1.0 1.0
40.309935504 0.0 0.0
41.143267504 1.0 0.0
41.976599504 0.0 0.0
42.809931504 1.0 1.0
43.643263504 0.0 0.0
44.476595504 1.0 0.0
45.309927504 0.0 0.0
46.143259504 1.0 1.0
46.976591504 0.0 0.0
47.809923504 1.0 0.0
48.643255503999995 0.0 0.0
49.476587504 1.0 1.0
50.309919504 0.0 0.0
51.143251504 1.0 0.0
51.976583504 0.0 0.0
52.809915503999996 1.0 1.0
53.643247504 0.0 0.0
54.476579504 1.0 0.0
55.309911504 0.0 0.0
56.143243504 1.0 1.0
56.97657550399999 0.0 0.0
57.809907503999995 1.0 0.0
58.64323950399999 0.0 0.0
59.47657150399999 1.0 1.0
60.30990350399999 0.0 0.0
61.14323550399999 1.0 0.0
61.976567503999995 0.0 0.0
62.80989950399999 1.0 1.0
63.64323150399999 0.0 0.0
64.476563504 1.0 0.0
65.309895504 0.0 0.0
66.143227504 1.0 1.0
66.976559504 0.0 0.0
67.80989150399999 1.0 0.0
68.64322350399999 0.0 0.0
69.47655550399999 1.0 1.0
70.30988750399999 0.0 0.0
71.14321950399999 0.0 0.0
71.97655150399999 1.0 0.0
72.80988350399998 0.0 0.0
73.643215504 1.0 1.0
74.476547504 0.0 0.0
75.309879504 1.0 0.0
76.14321150399999 0.0 0.0
76.97654350399999 1.0 1.0
77.80987550399999 0.0 0.0
78.64320750399999 1.0 0.0
79.47653950399999 0.0 0.0
80.30987150399999 1.0 1.0
81.14320350399998 0.0 0.0
81.976535504 1.0 0.0
82.809867504 0.0 0.0
83.643199504 1.0 1.0
84.476531504 0.0 0.0
85.30986350399999 1.0 0.0
86.14319550399999 0.0 0.0
86.97652750399999 1.0 1.0
87.80985950399999 0.0 0.0
88.64319150399999 1.0 0.0
89.47652350399999 0.0 0.0
90.30985550399998 1.0 1.0
91.143187504 0.0 0.0
91.976519504 1.0 0.0
92.809851504 0.0 0.0
93.64318350399999 1.0 1.0
94.47651550399999 0.0 0.0
95.30984750399999 1.0 0.0
96.14317950399999 0.0 0.0
96.97651150399999 1.0 1.0
97.80984350399999 0.0 0.0
98.64317550399998 1.0 0.0
99.47650750399998 0.0 0.0
100.309839504 1.0 1.0
101.143171504 0.0 0.0
101.976503504 1.0 0.0
102.80983550399999 0.0 0.0
103.64316750399999 1.0 1.0
104.47649950399999 0.0 0.0
105.30983150399999 1.0 0.0
106.14316350399999 0.0 0.0
106.976495504 1.0 1.0
107.809827504 0.0 0.0
108.643159504 1.0 0.0
109.476491504 0.0 0.0
110.30982350400001 1.0 1.0
111.143155504 0.0 0.0
111.976487504 1.0 0.0
112.809819504 0.0 0.0
113.643151504 1.0 1.0
114.47648350400002 0.0 0.0
115.30981550400001 1.0 0.0
116.14314750400001 0.0 0.0
116.97647950400001 1.0 1.0
117.80981150400001 0.0 0.0
118.64314350400001 1.0 0.0
119.476475504 0.0 0.0
120.30980750400002 1.0 1.0
121.14313950400002 0.0 0.0
121.97647150400002 1.0 0.0
122.80980350400002 0.0 0.0
123.64313550400001 1.0 1.0
124.47646750400001 0.0 0.0
125.30979950400001 1.0 0.0
126.14313150400001 0.0 0.0
126.97646350400001 1.0 1.0
127.80979550400001 0.0 0.0
128.643127504 1.0 0.0
129.47645950400002 0.0 0.0
130.309791504 1.0 1.0
131.14312350400002 0.0 0.0
131.976455504 1.0 0.0
132.809787504 0.0 0.0
133.64311950400003 1.0 1.0
134.476451504 0.0 0.0
135.30978350400002 1.0 0.0
136.143115504 0.0 0.0
136.97644750400002 1.0 1.0
137.809779504 0.0 0.0
138.64311150400002 1.0 0.0
139.476443504 0.0 0.0
140.30977550400002 1.0 1.0
141.143107504 0.0 0.0
141.976439504 1.0 0.0
142.80977150400003 0.0 0.0
143.643103504 1.0 1.0
144.47643550400002 0.0 0.0
145.309767504 1.0 0.0
146.14309950400002 0.0 0.0
146.976431504 1.0 1.0
147.80976350400002 0.0 0.0
148.643095504 1.0 0.0
149.47642750400001 0.0 0.0
150.309759504 1.0 1.0
151.143091504 0.0 0.0
151.97642350400002 1.0 0.0
152.809755504 0.0 0.0
153.64308750400002 1.0 1.0
154.476419504 0.0 0.0
155.30975150400002 1.0 0.0
156.143083504 0.0 0.0
156.97641550400002 1.0 1.0
157.809747504 0.0 0.0
158.643079504 1.0 0.0
159.476411504 0.0 0.0
160.309743504 1.0 1.0
161.14307550400002 0.0 0.0
161.976407504 1.0 0.0
162.80973950400002 0.0 0.0
163.643071504 1.0 1.0
164.47640350400002 0.0 0.0
165.309735504 1.0 0.0
166.14306750400002 0.0 0.0
166.976399504 1.0 1.0
167.809731504 0.0 0.0
168.643063504 1.0 0.0
169.476395504 0.0 0.0
170.30972750400002 1.0 1.0
171.143059504 0.0 0.0
171.97639150400002 1.0 0.0
172.809723504 0.0 0.0
173.64305550400002 1.0 1.0
174.476387504 0.0 0.0
175.30971950400001 1.0 0.0
176.143051504 0.0 0.0
176.976383504 1.0 1.0
177.809715504 0.0 0.0
178.643047504 1.0 0.0
179.47637950400002 0.0 0.0
180.309711504 1.0 1.0
181.14304350400002 0.0 0.0
181.976375504 1.0 0.0
182.80970750400002 0.0 0.0
183.643039504 1.0 1.0
184.476371504 0.0 0.0
185.309703504 1.0 0.0
186.143035504 0.0 0.0
186.976367504 1.0 1.0
187.809699504 0.0 0.0
188.64303150400002 1.0 0.0
189.476363504 0.0 0.0
190.30969550400002 1.0 1.0
191.143027504 0.0 0.0
191.97635950400002 1.0 0.0
192.809691504 0.0 0.0
193.643023504 1.0 1.0
194.476355504 0.0 0.0
195.309687504 1.0 0.0
196.143019504 0.0 0.0
196.976351504 1.0 1.0
197.80968350400002 0.0 0.0
198.643015504 1.0 0.0
199.47634750400002 0.0 0.0
200.309679504 1.0 1.0
201.14301150400001 0.0 0.0
201.976343504 1.0 0.0
202.809675504 0.0 0.0
203.643007504 1.0 1.0
204.476339504 0.0 0.0
205.309671504 1.0 0.0
206.143003504 0.0 0.0
206.97633550400002 1.0 1.0
207.809667504 0.0 0.0
208.64299950400002 1.0 0.0
209.476331504 0.0 0.0
210.309663504 1.0 1.0
211.142995504 0.0 0.0
211.976327504 1.0 0.0
212.809659504 0.0 0.0
213.642991504 1.0 1.0
214.476323504 0.0 0.0
215.309655504 1.0 0.0
216.14298750400002 0.0 0.0
216.976319504 1.0 1.0
217.80965150400002 0.0 0.0
218.642983504 1.0 0.0
219.476315504 0.0 0.0
220.309647504 1.0 1.0
221.142979504 0.0 0.0
221.976311504 1.0 0.0
222.809643504 0.0 0.0
223.642975504 1.0 1.0
224.476307504 0.0 0.0
225.30963950400002 1.0 0.0
226.142971504 0.0 0.0
226.97630350400001 1.0 1.0
227.80963550399997 0.0 0.0
228.64296750399998 1.0 0.0
229.47629950399997 0.0 0.0
230.30963150399998 1.0 1.0
231.142963504 0.0 0.0
231.97629550399998 1.0 0.0
232.809627504 0.0 0.0
233.64295950399998 1.0 1.0
234.476291504 0.0 0.0
235.30962350399997 1.0 0.0
236.14295550399999 0.0 0.0
236.97628750399997 1.0 1.0
237.80961950399998 0.0 0.0
238.64295150399997 1.0 0.0
239.47628350399998 0.0 0.0
240.309615504 1.0 1.0
241.14294750399998 0.0 0.0
241.976279504 1.0 0.0
242.80961150399997 0.0 0.0
243.642943504 1.0 1.0
244.47627550399997 0.0 0.0
245.30960750399998 1.0 0.0
246.14293950399997 0.0 0.0
246.97627150399998 1.0 1.0
247.80960350399997 0.0 0.0
248.64293550399998 1.0 0.0
249.476267504 0.0 0.0
250.30959950399998 1.0 1.0
251.142931504 0.0 0.0
251.97626350399997 1.0 0.0
252.809595504 0.0 0.0
253.64292750399997 1.0 1.0
254.47625950399998 0.0 0.0
255.30959150399997 1.0 0.0
256.14292350399995 0.0 0.0
256.976255504 1.0 1.0
257.809587504 0.0 0.0
258.64291950399996 1.0 0.0
259.476251504 0.0 0.0
260.309583504 1.0 1.0
261.142915504 0.0 0.0
261.97624750399996 1.0 0.0
262.809579504 0.0 0.0
263.642911504 1.0 1.0
264.47624350399997 0.0 0.0
265.30957550399995 1.0 0.0
266.142907504 0.0 0.0
266.976239504 1.0 0.0
267.80957150399996 0.0 0.0
268.642903504 1.0 1.0
269.476235504 0.0 0.0
270.309567504 1.0 0.0
271.14289950399996 0.0 0.0
271.976231504 1.0 1.0
272.809563504 0.0 0.0
273.64289550399997 1.0 0.0
274.47622750399995 0.0 0.0
275.309559504 1.0 1.0
276.142891504 0.0 0.0
276.97622350399996 1.0 0.0
277.809555504 0.0 0.0
278.642887504 1.0 1.0
279.47621950399997 0.0 0.0
280.30955150399996 1.0 0.0
281.142883504 0.0 0.0