0.358125 1.0 0.0
0.826875 0.0 0.0
1.295625 1.0 1.0
1.764375 0.0 0.0
2.2331250000000002 1.0 0.0
2.7018750000000002 0.0 0.0
3.1706250000000002 1.0 1.0
3.6393750000000002 0.0 0.0
4.108124999999999 1.0 0.0
4.576874999999999 0.0 0.0
5.045624999999999 1.0 1.0
5.514374999999999 0.0 0.0
5.983124999999999 1.0 0.0
6.451874999999999 0.0 0.0
6.920624999999999 1.0 1.0
7.389374999999999 0.0 0.0
7.858124999999999 1.0 0.0
8.326875 0.0 0.0
8.795625 1.0 1.0
9.264375 0.0 0.0
9.733125 1.0 0.0
10.201875 0.0 0.0
10.670625 1.0 1.0
11.139375 0.0 0.0
11.608125 1.0 0.0
12.076875 0.0 0.0
12.545625 1.0 1.0
13.014375 0.0 0.0
13.483125 1.0 0.0
13.951875 0.0 0.0
14.420625 1.0 0.0
14.889375 0.0 0.0
15.358125000000001 1.0 1.0
15.826875000000001 0.0 0.0
16.295625 1.0 0.0
16.764375 0.0 0.0
17.233125 1.0 1.0
17.701875 0.0 0.0
18.170625 1.0 0.0
18.639375 0.0 0.0
19.108125 1.0 1.0
19.576875 0.0 0.0
20.045625 1.0 0.0
20.514375 0.0 0.0
20.983125 1.0 1.0
21.451875 0.0 0.0
21.920625 1.0 0.0
22.389375 0.0 0.0
22.858125 1.0 1.0
23.326875 0.0 0.0
23.795625 1.0 0.0
24.264375 0.0 0.0
24.733125 1.0 1.0
25.201875 0.0 0.0
25.670625 1.0 0.0
26.139375 0.0 0.0
26.608125 1.0 1.0
27.076875 0.0 0.0
27.545625 1.0 0.0
28.014375 0.0 0.0
28.483125 1.0 1.0
28.951875 0.0 0.0
29.420625 1.0 0.0
29.889375 0.0 0.0
30.358124999999998 1.0 1.0
30.826874999999998 0.0 0.0
31.295624999999998 1.0 0.0
31.764374999999998 0.0 0.0
32.233125 1.0 1.0
32.701875 0.0 0.0
33.170625 1.0 0.0
33.639375 0.0 0.0
34.108141640666666 1.0 1.0
34.57780764066666 0.0 0.0
35.04747364066666 1.0 0.0
35.51713964066666 0.0 0.0
35.98680564066666 1.0 1.0
36.45647164066666 0.0 0.0
36.92613764066666 1.0 0.0
37.395803640666664 0.0 0.0
37.86546964066666 1.0 1.0
38.335135640666664 0.0 0.0
38.80480164066666 1.0 0.0
39.274467640666664 0.0 0.0
39.743949066666666 1.0 1.0
40.212699066666666 0.0 0.0
40.681449066666666 1.0 0.0
41.150199066666666 0.0 0.0
41.618949066666666 1.0 1.0
42.087699066666666 0.0 0.0
42.556449066666666 1.0 0.0
43.025199066666666 0.0 0.0
43.493949066666666 1.0 1.0
43.96269906666666 0.0 0.0
44.43144906666666 1.0 0.0
44.90019906666666 0.0 0.0
45.36894906666666 1.0 1.0
45.83769906666666 0.0 0.0
46.30644906666666 1.0 0.0
46.77519906666666 0.0 0.0
47.24394906666666 1.0 1.0
47.71269906666666 0.0 0.0
48.18144906666666 1.0 0.0
48.65019906666666 0.0 0.0
49.11914318233333 1.0 1.0
49.58880918233333 0.0 0.0
50.05847518233333 1.0 0.0
50.52814118233333 0.0 0.0
50.99780718233333 1.0 1.0
51.46747318233333 0.0 0.0
51.93713918233333 1.0 0.0
52.40680518233333 0.0 0.0
52.87647118233333 1.0 1.0
53.34613718233333 0.0 0.0
53.815107175 1.0 0.0
54.283857175 0.0 0.0
54.752607175 1.0 1.0
55.221357175 0.0 0.0
55.690107175 1.0 0.0
56.158857175 0.0 0.0
56.627607175 1.0 1.0
57.096357175 0.0 0.0
57.565107175 1.0 0.0
58.033857175 0.0 0.0
58.502607175 1.0 1.0
58.971357175 0.0 0.0
59.440107175 1.0 0.0
59.9092390195 0.0 0.0
60.379827019500006 1.0 1.0
60.85041501950001 0.0 0.0
61.32100301950001 1.0 0.0
61.79159101950001 0.0 0.0
62.26217901950001 1.0 1.0
62.73276701950001 0.0 0.0
63.20335501950001 1.0 0.0
63.67394301950001 0.0 0.0
64.14453101950001 1.0 1.0
64.61511901950001 0.0 0.0
65.08545536666668 1.0 0.0
65.55420536666668 0.0 0.0
66.02295536666668 1.0 1.0
66.49170536666668 0.0 0.0
66.96045536666668 1.0 0.0
67.42920536666668 0.0 0.0
67.89795536666668 1.0 1.0
68.36670536666668 0.0 0.0
68.83545536666668 1.0 0.0
69.30420536666668 0.0 0.0
69.77295536666668 1.0 1.0
70.24170536666668 0.0 0.0
70.71045536666668 1.0 0.0
71.17920536666668 0.0 0.0
71.64795536666668 1.0 1.0
72.11670536666668 0.0 0.0
72.58545536666668 1.0 0.0
73.05420536666668 0.0 0.0
73.52295536666668 1.0 1.0
73.99170536666668 0.0 0.0
74.46045536666668 1.0 0.0
74.92920536666668 0.0 0.0
75.39795536666668 1.0 1.0
75.86670536666668 0.0 0.0
76.33545536666668 1.0 0.0
76.80420536666668 0.0 0.0
77.27295536666668 1.0 1.0
77.74170536666668 0.0 0.0
78.21084413233335 1.0 0.0
78.68051013233335 0.0 0.0
79.15017613233334 1.0 1.0
79.61984213233335 0.0 0.0
80.08950813233335 1.0 0.0
80.55917413233334 0.0 0.0
81.02884013233334 1.0 1.0
81.49850613233335 0.0 0.0
81.96817213233335 1.0 0.0
82.43783813233334 0.0 0.0
82.90750413233334 1.0 1.0
83.37717013233335 0.0 0.0
83.84683613233335 1.0 0.0
84.31650213233334 0.0 0.0
84.78616813233334 1.0 1.0
85.25583413233335 0.0 0.0
85.72550013233335 1.0 0.0
86.19516613233334 0.0 0.0
86.66483213233334 1.0 1.0
87.13449813233335 0.0 0.0
87.60416413233335 1.0 0.0
88.07383013233334 0.0 0.0
88.54349613233335 1.0 1.0
89.01316213233335 0.0 0.0
89.48282813233334 1.0 0.0
89.95249413233334 0.0 0.0
90.42216013233335 1.0 1.0
90.89182613233335 0.0 0.0
91.36149213233334 1.0 0.0
91.83115813233334 0.0 0.0
92.30082413233335 1.0 1.0
92.77049013233335 0.0 0.0
93.24015613233334 1.0 0.0
93.70982213233334 0.0 0.0
94.17948813233335 1.0 1.0
94.64915413233334 0.0 0.0
95.11882013233334 1.0 0.0
95.58848613233334 0.0 0.0
96.05815213233335 1.0 1.0
96.52781813233335 0.0 0.0
96.99748413233334 1.0 0.0
97.46715013233334 0.0 0.0
97.93681613233335 1.0 1.0
98.40648213233334 0.0 0.0
98.87614813233334 1.0 0.0
99.34581413233335 0.0 0.0
99.81548013233335 1.0 1.0
100.28514613233335 0.0 0.0
100.75481213233334 1.0 0.0
101.22447813233335 0.0 0.0
101.69414413233335 1.0 1.0
102.16381013233334 0.0 0.0
102.63347613233334 1.0 0.0
103.10314213233335 0.0 0.0
103.57280813233334 1.0 1.0
104.04247413233334 0.0 0.0
104.51214013233334 1.0 0.0
104.98180613233335 0.0 0.0
105.45147213233335 1.0 1.0
105.92113813233334 0.0 0.0
106.39080413233334 1.0 0.0
106.86047013233335 0.0 0.0
107.33013613233334 1.0 1.0
107.79980213233334 0.0 0.0
108.26874731666666 1.0 0.0
108.73749731666666 0.0 0.0
109.20624731666666 1.0 1.0
109.67499731666666 0.0 0.0
110.14374731666666 1.0 0.0
110.61249731666666 0.0 0.0
111.08124731666666 1.0 1.0
111.54999731666666 0.0 0.0
112.01874731666666 1.0 0.0
112.48749731666666 0.0 0.0
112.95624731666666 1.0 1.0
113.42499731666666 0.0 0.0
113.89374731666666 1.0 1.0
114.36249731666666 0.0 0.0
114.83124731666666 0.0 0.0
115.29999731666666 1.0 1.0
115.76874731666666 0.0 0.0
116.23749731666666 1.0 0.0
116.70624731666666 0.0 0.0
117.17499731666666 1.0 1.0
117.64374731666666 0.0 0.0
118.11249731666666 1.0 0.0
118.58124731666666 0.0 0.0
119.04999731666666 1.0 1.0
119.51874731666666 0.0 0.0
119.98749731666666 1.0 0.0
120.45624731666666 0.0 0.0
120.92499731666666 1.0 1.0
121.39374731666666 0.0 0.0
121.86249731666666 1.0 0.0
122.33124731666666 0.0 0.0
122.79999731666666 1.0 0.0
123.26874731666666 0.0 0.0
123.73749731666666 1.0 1.0
124.20624731666666 0.0 0.0