0.13064490000000004 1.0 1.0
0.6145149 0.0 0.0
1.0983848999999999 1.0 1.0
1.5822549 0.0 0.0
2.0661248999999997 1.0 1.0
2.5499948999999997 0.0 0.0
3.0338648999999998 0.0 0.0
3.5177348999999998 1.0 1.0
4.0016049 0.0 0.0
4.4854749 1.0 0.0
4.969344899999999 0.0 0.0
5.4532149 1.0 1.0
5.937084899999999 0.0 0.0
6.4209549 1.0 0.0
6.9048248999999995 0.0 0.0
7.388694899999999 1.0 1.0
7.8725648999999995 0.0 0.0
8.3564349 1.0 0.0
8.8403049 0.0 0.0
9.324174900000001 1.0 1.0
9.8080449 0.0 0.0
10.2919149 1.0 0.0
10.7757849 0.0 0.0
11.259654900000001 1.0 0.0
11.7435249 0.0 0.0
12.2273949 1.0 1.0
12.7112649 0.0 0.0
13.195134900000001 1.0 0.0
13.6790049 0.0 0.0
14.1628749 1.0 1.0
14.6467449 0.0 0.0
15.130614900000001 1.0 0.0
15.614484900000003 0.0 0.0
16.098354900000004 1.0 1.0
16.582224900000003 0.0 0.0
17.066094900000003 1.0 0.0
17.549964900000003 0.0 0.0
18.033834900000002 1.0 1.0
18.517704900000002 0.0 0.0
19.0015749 1.0 0.0
19.4854449 0.0 0.0
19.9693149 1.0 1.0
20.453184900000004 0.0 0.0
20.937054900000003 1.0 0.0
21.420924900000003 0.0 0.0
21.904794900000002 1.0 1.0
22.388664900000002 0.0 0.0
22.8725349 1.0 0.0
23.3564049 0.0 0.0
23.8402749 1.0 1.0
24.324144900000004 0.0 0.0
24.808014900000003 1.0 0.0
25.291884900000003 0.0 0.0
25.775754900000003 1.0 1.0
26.259624900000002 0.0 0.0
26.7434949 1.0 0.0
27.2273649 0.0 0.0
27.7112349 1.0 0.0
28.195104900000004 0.0 0.0
28.678974900000004 1.0 1.0
29.162844900000003 0.0 0.0
29.646714900000003 1.0 0.0
30.130584900000002 0.0 0.0
30.614454900000002 1.0 1.0
31.098324899999998 0.0 0.0
31.582194899999998 1.0 0.0
32.0660649 0.0 0.0
32.5499349 1.0 1.0
33.0338049 0.0 0.0
33.517674899999996 1.0 0.0
34.0015449 0.0 0.0
34.4854149 1.0 1.0
34.9692849 0.0 0.0
35.4531549 1.0 0.0
35.9370249 0.0 0.0
36.4208949 1.0 1.0
36.904764899999996 0.0 0.0
37.3886349 1.0 0.0
37.872504899999996 0.0 0.0
38.3563749 1.0 1.0
38.8402449 0.0 0.0
39.3241149 1.0 0.0
39.8079849 0.0 0.0
40.2918549 1.0 1.0
40.7757249 0.0 0.0
41.259594899999996 1.0 0.0
41.7434649 0.0 0.0
42.227334899999995 1.0 1.0
42.7112049 0.0 0.0
43.1950749 1.0 0.0
43.6789449 0.0 0.0
44.1628149 1.0 1.0
44.6466849 0.0 0.0
45.1305549 1.0 0.0
45.614424899999996 0.0 0.0
46.0982949 1.0 1.0
46.5821649 0.0 0.0
47.0660349 1.0 0.0
47.5499049 0.0 0.0
48.0337749 1.0 1.0
48.5176449 0.0 0.0
49.0015149 1.0 0.0
49.4853849 0.0 0.0
49.969254899999996 1.0 0.0
50.4531249 0.0 0.0
50.9369949 1.0 1.0
51.4208649 0.0 0.0
51.9047349 1.0 1.0
52.3886049 0.0 0.0
52.8724749 1.0 0.0
53.356344899999996 0.0 0.0
53.8402149 1.0 1.0
54.324084899999995 0.0 0.0
54.8079549 1.0 0.0
55.2918249 0.0 0.0
55.7756949 1.0 1.0
56.2595649 0.0 0.0
56.7434349 1.0 0.0
57.2273049 0.0 0.0
57.711174899999996 1.0 1.0
58.1950449 0.0 0.0
58.678914899999995 1.0 0.0
59.1627849 0.0 0.0
59.6466549 1.0 1.0
60.1305249 0.0 0.0
60.6143949 1.0 0.0
61.0982649 0.0 0.0
61.5821349 1.0 1.0
62.0660049 0.0 0.0
62.549874900000006 1.0 0.0
63.03374490000001 0.0 0.0
63.517614900000005 1.0 1.0
64.00148490000001 0.0 0.0
64.4853549 1.0 0.0
64.9692249 0.0 0.0
65.45309490000001 1.0 1.0
65.9369649 0.0 0.0
66.4208349 1.0 0.0
66.90470490000001 0.0 0.0
67.38857490000001 1.0 1.0
67.8724449 0.0 0.0
68.3563149 1.0 0.0
68.84018490000001 0.0 0.0
69.32405490000001 1.0 1.0
69.8079249 0.0 0.0
70.2917949 1.0 0.0
70.77566490000001 0.0 0.0
71.2595349 1.0 1.0
71.7434049 0.0 0.0
72.22727490000001 1.0 0.0
72.71114490000001 0.0 0.0
73.1950149 1.0 1.0
73.6788849 0.0 0.0
74.16275490000001 1.0 0.0
74.6466249 0.0 0.0
75.17755764833333 1.0 1.0
75.66146690000001 0.0 0.0
76.14533690000002 1.0 0.0
76.62920690000001 0.0 0.0
77.11307690000001 1.0 1.0
77.5969469 0.0 0.0
78.08081690000002 1.0 0.0
78.56468690000001 0.0 0.0
79.04855690000001 1.0 1.0
79.53242690000002 0.0 0.0
80.01629690000001 1.0 0.0
80.50016690000001 0.0 0.0
80.9840369 1.0 1.0
81.46790690000002 0.0 0.0
81.95177690000001 1.0 0.0
82.43564690000001 0.0 0.0
82.9195169 1.0 1.0
83.40338690000002 0.0 0.0
83.88725690000001 1.0 0.0
84.37112690000001 0.0 0.0
84.85499690000002 1.0 1.0
85.33886690000001 0.0 0.0
85.82273690000001 1.0 0.0
86.3066069 0.0 0.0
86.79047690000002 1.0 1.0
87.27434690000001 0.0 0.0
87.75821690000001 1.0 0.0
88.2420869 0.0 0.0
88.72595690000001 1.0 1.0
89.20982690000001 0.0 0.0
89.6936969 1.0 0.0
90.17756690000002 0.0 0.0
90.66143690000001 1.0 1.0
91.14530690000001 0.0 0.0
91.6291769 1.0 0.0
92.11304690000001 0.0 0.0
92.59691690000001 1.0 1.0
93.0807869 0.0 0.0
93.56465690000002 1.0 0.0
94.04852690000001 0.0 0.0
94.53239690000001 1.0 1.0
95.0162669 0.0 0.0
95.5001369 1.0 0.0
95.98400690000001 0.0 0.0
96.46787690000001 1.0 1.0
96.95174690000002 0.0 0.0
97.43561690000001 1.0 0.0
97.91948690000001 0.0 0.0
98.4033569 1.0 1.0
98.8872269 0.0 0.0
99.37109690000001 1.0 0.0
99.85496690000001 0.0 0.0
100.33883690000002 1.0 1.0
100.82270690000001 0.0 0.0
101.30657690000001 1.0 0.0
101.7904469 0.0 0.0
102.2743169 1.0 1.0
102.75818690000001 0.0 0.0
103.24205690000001 1.0 0.0
103.7259269 0.0 0.0
104.20979690000001 1.0 1.0
104.69366690000001 0.0 0.0
105.1775369 1.0 0.0
105.6614069 0.0 0.0
106.14527690000001 1.0 1.0
106.62914690000001 0.0 0.0
107.1130169 1.0 0.0
107.59688690000002 0.0 0.0
108.08075690000001 1.0 1.0
108.56462690000001 0.0 0.0
109.0484969 1.0 0.0
109.5323669 0.0 0.0
110.01623690000001 1.0 1.0
110.50010690000002 0.0 0.0
110.98397690000002 1.0 0.0
111.46784690000001 0.0 0.0
111.95171690000001 1.0 1.0
112.4355869 0.0 0.0
112.9194569 1.0 0.0
113.40332690000001 0.0 0.0
113.8871969 1.0 1.0
114.37106690000002 0.0 0.0
114.85493690000001 1.0 0.0
115.33880690000001 0.0 0.0
115.8226769 1.0 1.0
116.3065469 0.0 0.0
116.79041690000001 1.0 0.0
117.2742869 0.0 0.0
117.75815690000002 1.0 1.0
118.24202690000001 0.0 0.0
118.72589690000001 1.0 0.0
119.2097669 0.0 0.0
119.6936369 1.0 1.0
120.17750690000001 0.0 0.0
120.66137690000001 1.0 0.0
121.14524690000002 0.0 0.0
121.62911690000001 1.0 1.0
122.11298690000001 0.0 0.0
122.5968569 1.0 0.0
123.0807269 0.0 0.0
123.56459690000001 1.0 1.0
124.0484669 0.0 0.0
124.53233689999999 1.0 0.0
125.01620689999999 0.0 0.0
125.5000769 1.0 1.0
125.98394689999999 0.0 0.0
126.4678169 1.0 0.0
126.9516869 0.0 0.0
127.4355569 1.0 1.0
127.91942689999999 0.0 0.0
128.4032969 1.0 0.0
128.8871669 0.0 0.0
129.37103689999998 1.0 1.0
129.8549069 0.0 0.0
130.3387769 1.0 0.0
130.8226469 0.0 0.0
131.3065169 1.0 1.0
131.7903869 0.0 0.0
132.2742569 1.0 0.0
132.75812689999998 0.0 0.0
133.2419969 1.0 1.0
133.7258669 0.0 0.0
134.2097369 1.0 0.0
134.6936069 0.0 0.0
135.1774769 1.0 1.0
135.6613469 0.0 0.0
136.14521689999998 1.0 0.0
136.6290869 0.0 0.0
137.1129569 1.0 1.0
137.5968269 0.0 0.0
138.0806969 1.0 0.0
138.5645669 0.0 0.0
139.0484369 1.0 1.0
139.53230689999998 0.0 0.0
140.0161769 1.0 0.0
140.5000469 0.0 0.0
140.9839169 1.0 1.0
141.46778690000002 0.0 0.0
141.9516569 1.0 0.0
142.4355269 0.0 0.0
142.9193969 1.0 1.0
143.4032669 0.0 0.0
143.8871369 1.0 0.0
144.3710069 0.0 0.0
144.85487690000002 1.0 1.0
145.3387469 0.0 0.0
145.8226169 1.0 0.0
146.30648689999998 0.0 0.0
146.7903569 1.0 1.0
147.2742269 0.0 0.0
147.7580969 1.0 0.0
148.24196690000002 0.0 0.0
148.7258369 1.0 1.0
149.20970690000001 0.0 0.0
149.69357689999998 1.0 0.0
150.1774469 0.0 0.0
150.6613169 1.0 1.0
151.1451869 0.0 0.0
151.62905690000002 1.0 0.0
152.1129269 0.0 0.0
152.59679690000002 1.0 1.0
153.08066689999998 0.0 0.0
153.5645369 1.0 0.0
154.0484069 0.0 0.0
154.5322769 1.0 1.0
155.01614690000002 0.0 0.0
155.5000169 1.0 0.0
155.98388690000002 0.0 0.0
156.46775689999998 1.0 1.0
156.9516269 0.0 0.0
157.4354969 1.0 0.0
157.9193669 0.0 0.0
158.4032369 1.0 1.0
158.8871069 0.0 0.0
159.37097690000002 1.0 0.0
159.85484689999998 0.0 0.0
160.3387169 1.0 1.0
160.8225869 0.0 0.0
161.3064569 1.0 0.0
161.7903269 0.0 0.0
162.2741969 1.0 1.0
162.75806690000002 0.0 0.0
163.24193689999998 1.0 0.0
163.7258069 0.0 0.0
164.2096769 1.0 1.0
164.6935469 0.0 0.0
165.1774169 1.0 0.0
165.6612869 0.0 0.0
166.14515690000002 1.0 1.0
166.62902689999999 0.0 0.0
167.1128969 1.0 0.0
167.5967669 0.0 0.0
168.0806369 1.0 1.0
168.5645069 0.0 0.0
169.0483769 1.0 0.0
169.53224690000002 0.0 0.0
170.0161169 1.0 1.0
170.4999869 0.0 0.0
170.9838569 1.0 0.0
171.4677269 0.0 0.0
171.9515969 1.0 1.0
172.4354669 0.0 0.0
172.91933690000002 1.0 0.0
173.4032069 0.0 0.0
173.8870769 1.0 1.0
174.3709469 0.0 0.0
174.8548169 1.0 0.0
175.3386869 0.0 0.0
175.8225569 1.0 1.0
176.30642690000002 0.0 0.0
176.7902969 1.0 0.0
177.2741669 0.0 0.0
177.7580369 1.0 1.0
178.2419069 0.0 0.0
178.7257769 1.0 0.0
179.2096469 0.0 0.0
179.69351690000002 1.0 1.0
180.1773869 0.0 0.0
180.6612569 1.0 0.0
181.1451269 0.0 0.0
181.6289969 1.0 1.0
182.1128669 0.0 0.0
182.5967369 1.0 0.0
183.08060690000002 0.0 0.0
183.5644769 1.0 1.0
184.0483469 0.0 0.0
184.5322169 1.0 0.0
185.0160869 0.0 0.0
185.4999569 1.0 1.0
185.9838269 0.0 0.0
186.46769690000002 1.0 0.0
186.9515669 0.0 0.0
187.4354369 1.0 1.0
187.9193069 0.0 0.0
188.4031769 1.0 0.0
188.8870469 0.0 0.0
189.3709169 1.0 1.0
189.85478690000002 0.0 0.0
190.3386569 1.0 0.0
190.8225269 0.0 0.0
191.30639689999998 1.0 1.0
191.7902669 0.0 0.0
192.2741369 1.0 0.0
192.7580069 0.0 0.0
193.24187690000002 1.0 1.0
193.7257469 0.0 0.0
194.20961690000001 1.0 0.0
194.69348689999998 0.0 0.0
195.1773569 1.0 1.0
195.6612269 0.0 0.0
196.1450969 1.0 0.0
196.62896690000002 0.0 0.0
197.1128369 1.0 1.0
197.59670690000002 0.0 0.0
198.08057689999998 1.0 0.0
198.5644469 0.0 0.0
199.0483169 1.0 1.0
199.5321869 0.0 0.0
200.01605689999997 1.0 0.0
200.4999269 0.0 0.0
200.9837969 1.0 1.0
201.46766689999998 0.0 0.0
201.9515369 1.0 0.0
202.43540689999998 0.0 0.0
202.9192769 1.0 1.0
203.4031469 0.0 0.0
203.8870169 1.0 0.0
204.3708869 0.0 0.0
204.85475689999998 1.0 1.0
205.33862689999998 0.0 0.0
205.82249689999998 1.0 0.0
206.3063669 0.0 0.0
206.7902369 1.0 1.0
207.2741069 0.0 0.0
207.7579769 1.0 0.0
208.24184689999998 0.0 0.0
208.72571689999998 1.0 1.0
209.20958689999998 0.0 0.0
209.6934569 1.0 0.0
210.1773269 0.0 0.0
210.6611969 1.0 1.0
211.1450669 0.0 0.0
211.62893689999999 1.0 0.0
212.11280689999998 0.0 0.0
212.59667689999998 1.0 1.0
213.0805469 0.0 0.0
213.5644169 1.0 0.0
214.0482869 0.0 0.0
214.5321569 1.0 1.0
215.01602689999999 0.0 0.0
215.49989689999998 1.0 0.0
215.98376689999998 0.0 0.0
216.4676369 1.0 1.0
216.9515069 0.0 0.0
217.4353769 1.0 0.0
217.9192469 0.0 0.0
218.4031169 1.0 1.0
218.88698689999998 0.0 0.0
219.37085689999998 1.0 0.0
219.85472689999997 0.0 0.0
220.3385969 1.0 1.0
220.8224669 0.0 0.0
221.3063369 1.0 0.0
221.7902069 0.0 0.0
222.27407689999998 1.0 1.0
222.75794689999998 0.0 0.0
223.24181689999998 1.0 0.0
223.7256869 0.0 0.0
224.2095569 1.0 1.0
224.6934269 0.0 0.0
225.1772969 1.0 0.0
225.66116689999998 0.0 0.0
226.14503689999998 1.0 1.0
226.62890689999998 0.0 0.0
227.1127769 1.0 0.0
227.5966469 0.0 0.0
228.0805169 1.0 1.0
228.5643869 0.0 0.0
229.04825689999998 1.0 0.0
229.53212689999998 0.0 0.0
230.01599689999998 1.0 1.0
230.4998669 0.0 0.0
230.9837369 1.0 0.0
231.4676069 0.0 0.0
231.9514769 1.0 1.0
232.43534689999998 0.0 0.0
232.91921689999998 1.0 0.0
233.40308689999998 0.0 0.0
233.8869569 1.0 1.0
234.3708269 0.0 0.0
234.8546969 1.0 0.0
235.3385669 0.0 0.0
235.82243689999999 1.0 1.0
236.30630689999998 0.0 0.0
236.79017689999998 1.0 0.0
237.2740469 0.0 0.0
237.7579169 1.0 1.0
238.2417869 0.0 0.0
238.7256569 1.0 0.0
239.2095269 0.0 0.0
239.69339689999998 1.0 1.0
240.17726689999998 0.0 0.0
240.66113689999997 1.0 0.0
241.1450069 0.0 0.0
241.6288769 1.0 1.0
242.1127469 0.0 0.0
242.5966169 1.0 0.0
243.08048689999998 0.0 0.0
243.56435689999998 1.0 1.0
244.04822689999997 0.0 0.0
244.5320969 1.0 0.0
245.0159669 0.0 0.0
245.4998369 1.0 1.0
245.9837069 0.0 0.0
246.46757689999998 1.0 0.0
246.95144689999998 0.0 0.0
247.43531689999998 1.0 1.0
247.9191869 0.0 0.0
248.4030569 1.0 0.0
248.8869269 0.0 0.0
249.3707969 1.0 1.0
249.85466689999998 0.0 0.0
250.33853689999998 1.0 0.0
250.82240689999998 0.0 0.0
251.3062769 1.0 1.0
251.7901469 0.0 0.0
252.2740169 1.0 0.0
252.7578869 0.0 0.0
253.24175689999998 1.0 1.0
253.72562689999998 0.0 0.0
254.20949689999998 1.0 0.0
254.6933669 0.0 0.0
255.1772369 1.0 1.0
255.6611069 0.0 0.0
256.14497689999996 1.0 0.0
256.6288469 0.0 0.0
257.1127169 1.0 1.0
257.5965869 0.0 0.0
258.0804569 1.0 0.0
258.56432689999997 0.0 0.0
259.0481969 1.0 1.0
259.5320669 0.0 0.0
260.0159369 1.0 0.0
260.49980689999995 0.0 0.0
260.9836769 1.0 1.0
261.4675469 0.0 0.0
261.9514169 1.0 0.0
262.4352869 0.0 0.0
262.91915689999996 1.0 1.0
263.4030269 0.0 0.0
263.8868969 1.0 0.0
264.3707669 0.0 0.0
264.85463689999995 1.0 1.0
265.33850689999997 0.0 0.0
265.8223769 1.0 0.0
266.3062469 0.0 0.0
266.7901169 1.0 1.0
267.27398689999995 0.0 0.0
267.7578569 1.0 0.0
268.2417269 0.0 0.0
268.7255969 1.0 0.0
269.2094669 0.0 0.0
269.69333689999996 1.0 1.0
270.1772069 0.0 0.0
270.6610769 1.0 1.0
271.1449469 0.0 0.0
271.62881689999995 0.0 0.0
272.11268689999997 1.0 0.0
272.5965569 0.0 0.0
273.0804269 1.0 1.0
273.5642969 0.0 0.0
274.04816689999996 1.0 0.0
274.5320369 0.0 0.0
275.0159069 1.0 1.0
275.49977690000003 0.0 0.0
275.9836469 0.0 0.0