0.45100664 1.0 0.0
1.2563756400000001 0.0 0.0
2.0617446399999997 1.0 1.0
2.86711364 0.0 0.0
3.67248264 1.0 0.0
4.47785164 0.0 0.0
5.28322064 1.0 1.0
6.0885896399999995 0.0 0.0
6.89395864 1.0 0.0
7.69932764 0.0 0.0
8.504696639999999 1.0 1.0
9.31006564 0.0 0.0
10.11543464 1.0 0.0
10.920803639999999 0.0 0.0
11.72617264 1.0 1.0
12.531541639999999 0.0 0.0
13.336910639999997 1.0 0.0
14.13957586083333 0.0 0.0
14.941714860833331 1.0 0.0
15.743853860833331 0.0 0.0
16.54599286083333 1.0 1.0
17.34637712333333 0.0 0.0
18.14531112333333 1.0 0.0
18.944245123333328 0.0 0.0
19.743179123333327 1.0 1.0
20.54589100458333 0.0 0.0
21.35126000458333 1.0 0.0
22.15662900458333 0.0 0.0
22.96199800458333 1.0 1.0
23.76736700458333 0.0 0.0
24.57273600458333 1.0 0.0
25.37810500458333 0.0 0.0
26.18347400458333 1.0 1.0
26.98884300458333 0.0 0.0
27.794212004583333 1.0 0.0
28.59958100458333 0.0 0.0
29.404950004583334 1.0 1.0
30.210319004583333 0.0 0.0
31.015688004583332 1.0 0.0
31.82105700458333 0.0 0.0
32.62642600458333 1.0 1.0
33.431795004583336 0.0 0.0
34.237164004583335 1.0 0.0
35.04253300458333 0.0 0.0
35.84790200458333 1.0 1.0
36.65327100458333 0.0 0.0
37.45864000458333 0.0 0.0
38.26400900458333 1.0 1.0
39.06937800458333 0.0 0.0
39.87474700458333 1.0 0.0
40.68011600458333 0.0 0.0
41.48548500458333 1.0 1.0
42.29085400458333 0.0 0.0
43.09622300458333 1.0 0.0
43.901592004583335 0.0 0.0
44.706961004583334 1.0 1.0
45.51233000458333 0.0 0.0
46.31769900458333 1.0 0.0
47.12306800458333 0.0 0.0
47.92843700458333 1.0 1.0
48.73380600458333 0.0 0.0
49.53917500458333 1.0 0.0
50.34454400458333 0.0 0.0
51.149913004583325 1.0 1.0
51.95528200458333 0.0 0.0
52.76065100458332 1.0 0.0
53.566020004583336 0.0 0.0
54.371389004583335 1.0 1.0
55.176758004583334 0.0 0.0
55.98212700458333 1.0 0.0
56.78749600458333 0.0 0.0
57.59286500458333 1.0 1.0
58.39823400458333 0.0 0.0
59.20360300458333 1.0 0.0
60.00897200458333 0.0 0.0
60.814341004583326 1.0 1.0
61.619710004583325 0.0 0.0
62.425079004583324 1.0 0.0
63.23044800458332 0.0 0.0
64.03581700458334 1.0 1.0
64.84118600458334 0.0 0.0
65.64655500458333 1.0 0.0
66.45192400458333 0.0 0.0
67.25729300458333 1.0 1.0
68.06266200458333 0.0 0.0
68.86803100458333 1.0 0.0
69.67340000458333 0.0 0.0
70.47876900458333 1.0 1.0
71.28413800458333 0.0 0.0
72.08950700458334 1.0 0.0
72.89487600458334 0.0 0.0
73.70024500458334 1.0 1.0
74.50561400458334 0.0 0.0
75.31098300458333 1.0 0.0
76.11635200458333 0.0 0.0
76.92172100458333 1.0 1.0
77.72709000458333 0.0 0.0
78.53011316749998 1.0 0.0
79.33118116749998 0.0 0.0
80.13224916749998 1.0 1.0
80.93331716749998 0.0 0.0
81.73438516749998 1.0 0.0
82.53545316749998 0.0 0.0
83.33652116749998 1.0 1.0
84.13996331291665 0.0 0.0
84.94425231291665 1.0 0.0
85.74854131291664 0.0 0.0
86.55283031291665 1.0 1.0
87.35772186291665 0.0 0.0
88.16309086291665 1.0 0.0
88.96845986291665 0.0 0.0
89.77382886291664 1.0 1.0
90.57919786291664 0.0 0.0
91.38456686291666 1.0 0.0
92.18993586291666 0.0 0.0
92.99530486291665 1.0 1.0
93.80067386291665 0.0 0.0
94.60604286291665 1.0 0.0
95.41141186291665 0.0 0.0
96.21678086291665 1.0 1.0
97.02214986291665 0.0 0.0
97.82751886291665 1.0 0.0
98.63288786291665 0.0 0.0
99.43825686291665 1.0 1.0
100.24362586291664 0.0 0.0
101.04899486291666 1.0 0.0
101.85436386291666 0.0 0.0
102.65973286291666 1.0 1.0
103.46510186291665 0.0 0.0
104.27047086291665 1.0 0.0
105.07583986291665 0.0 0.0
105.88120886291665 1.0 1.0
106.68657786291665 0.0 0.0
107.49194686291665 1.0 0.0
108.29731586291665 0.0 0.0
109.10268486291665 1.0 1.0
109.90805386291665 0.0 0.0
110.71342286291664 1.0 0.0
111.51879186291666 0.0 0.0
112.32416086291664 1.0 1.0
113.12952986291666 0.0 0.0
113.93489886291665 1.0 0.0
114.74026786291665 0.0 0.0
115.54563686291665 1.0 1.0
116.35100586291665 0.0 0.0
117.15637486291665 1.0 0.0
117.96174386291665 0.0 0.0
118.76711286291665 1.0 1.0
119.57248186291665 0.0 0.0
120.37785086291666 1.0 0.0
121.18321986291664 0.0 0.0
121.98858886291666 1.0 1.0
122.79395786291664 0.0 0.0
123.59932686291666 1.0 0.0
124.40469586291664 0.0 0.0
125.21006486291665 1.0 1.0
126.01543386291665 0.0 0.0
126.82080286291665 1.0 0.0
127.62617186291665 0.0 0.0
128.43154086291665 1.0 1.0
129.23690986291666 0.0 0.0
130.04227886291665 1.0 0.0
130.84764786291663 0.0 0.0
131.65301686291664 1.0 1.0
132.45838586291666 0.0 0.0
133.26375486291664 1.0 0.0
134.06912386291665 0.0 0.0
134.87449286291664 1.0 1.0
135.67986186291665 0.0 0.0
136.48523086291664 1.0 0.0
137.29059986291665 0.0 0.0
138.09596886291666 1.0 1.0
138.90133786291665 0.0 0.0
139.70670686291663 1.0 0.0
140.51207586291665 0.0 0.0
141.31744486291666 1.0 1.0
142.12281386291664 0.0 0.0
142.92818286291666 1.0 0.0
143.73355186291664 0.0 0.0
144.53892086291665 1.0 1.0
145.34428986291664 0.0 0.0
146.14965886291665 1.0 0.0
146.95502786291664 0.0 0.0
147.76039686291665 1.0 1.0
148.56576586291663 0.0 0.0
149.37113486291665 1.0 0.0
150.17650386291666 0.0 0.0
150.98187286291665 1.0 1.0
151.78724186291663 0.0 0.0
152.59261086291664 1.0 0.0
153.39797986291666 0.0 0.0
154.20334886291664 1.0 1.0
155.00871786291663 0.0 0.0
155.81408686291667 1.0 0.0
156.61945586291665 0.0 0.0
157.42482486291664 1.0 1.0
158.23019386291665 0.0 0.0
159.03556286291666 1.0 0.0
159.84093186291665 0.0 0.0
160.64630086291663 1.0 1.0
161.45166986291665 0.0 0.0
162.25703886291666 1.0 0.0
163.06240786291664 0.0 0.0
163.86777686291663 1.0 1.0
164.67314586291664 0.0 0.0
165.47851486291665 1.0 0.0
166.28388386291664 0.0 0.0
167.08925286291665 1.0 1.0
167.89462186291667 0.0 0.0
168.69999086291665 1.0 0.0
169.50535986291663 0.0 0.0
170.31072886291665 1.0 1.0
171.11609786291666 0.0 0.0
171.92146686291665 1.0 0.0
172.72683586291663 0.0 0.0
173.53220486291664 1.0 1.0
174.33757386291666 0.0 0.0
175.14294286291664 1.0 0.0
175.94831186291663 0.0 0.0
176.75368086291664 1.0 1.0
177.55904986291665 0.0 0.0
178.36441886291664 1.0 0.0
179.16978786291665 0.0 0.0
179.97515686291666 1.0 1.0
180.78052586291665 0.0 0.0
181.58589486291663 1.0 0.0
182.39126386291665 0.0 0.0
183.19663286291666 1.0 1.0
184.00200186291664 0.0 0.0
184.80737086291663 1.0 0.0
185.61273986291664 0.0 0.0
186.41810886291665 1.0 1.0
187.22347786291664 0.0 0.0
188.02884686291662 1.0 0.0
188.83421586291666 0.0 0.0
189.63958486291665 1.0 1.0
190.44495386291663 0.0 0.0
191.25032286291662 1.0 0.0
192.05569186291663 0.0 0.0
192.86106086291664 1.0 1.0
193.66642986291663 0.0 0.0
194.47179886291661 1.0 0.0
195.27716786291663 0.0 0.0
196.08253686291664 1.0 1.0
196.88790586291663 0.0 0.0
197.69327486291664 1.0 0.0
198.49864386291665 0.0 0.0
199.30401286291664 1.0 1.0
200.10650985458332 0.0 0.0
200.9086488545833 1.0 0.0
201.71078785458332 0.0 0.0
202.51292685458333 1.0 1.0
203.3150658545833 0.0 0.0
204.11720485458332 1.0 0.0
204.9193438545833 0.0 0.0
205.72148285458331 1.0 1.0
206.52362185458333 0.0 0.0
207.3257608545833 1.0 0.0
208.13105448791663 0.0 0.0
208.93642348791664 1.0 1.0
209.74179248791663 0.0 0.0
210.54716148791664 1.0 0.0
211.35253048791662 0.0 0.0
212.15789948791664 1.0 1.0
212.96326848791665 0.0 0.0
213.76863748791664 1.0 0.0
214.57400648791665 0.0 0.0
215.37937548791663 1.0 1.0
216.18474448791665 0.0 0.0
216.99011348791663 1.0 0.0
217.79548248791664 0.0 0.0
218.60085148791663 1.0 1.0
219.40622048791664 0.0 0.0
220.21158948791663 1.0 0.0
221.01695848791664 0.0 0.0
221.82232748791662 1.0 1.0
222.62769648791664 0.0 0.0
223.43306548791662 1.0 0.0
224.23843448791663 0.0 0.0
225.04380348791665 1.0 1.0
225.84917248791663 0.0 0.0
226.65454148791665 1.0 0.0
227.45991048791663 0.0 0.0
228.26527948791664 1.0 1.0
229.07064848791663 0.0 0.0
229.87601748791664 1.0 0.0
230.68138648791663 0.0 0.0
231.48675548791664 1.0 1.0
232.29212448791662 0.0 0.0
233.09749348791664 1.0 0.0
233.90286248791665 0.0 0.0
234.70823148791663 1.0 1.0
235.51360048791662 0.0 0.0
236.31896948791663 1.0 0.0
237.12433848791665 0.0 0.0
237.92970748791663 1.0 1.0
238.73507648791664 0.0 0.0
239.54044548791663 1.0 0.0
240.34581448791664 0.0 0.0
241.15118348791663 1.0 1.0
241.95655248791664 0.0 0.0
242.76192148791662 1.0 0.0
243.56729048791664 0.0 0.0
244.37265948791662 1.0 1.0
245.17802848791663 0.0 0.0
245.98339748791665 1.0 0.0
246.78876648791663 0.0 0.0
247.59413548791662 1.0 1.0
248.39950448791663 0.0 0.0
249.20487348791664 1.0 0.0
250.01024248791663 0.0 0.0
250.81561148791664 1.0 1.0
251.62098048791663 0.0 0.0
252.42634948791664 1.0 0.0
253.23171848791662 0.0 0.0
254.03708748791664 1.0 1.0
254.84245648791662 0.0 0.0
255.64782548791663 1.0 0.0
256.4531944879166 0.0 0.0
257.2585634879166 1.0 1.0
258.06393248791665 0.0 0.0
258.86930148791663 1.0 0.0
259.6746704879166 0.0 0.0
260.48003948791666 1.0 1.0
261.28540848791664 0.0 0.0
262.0907774879166 1.0 0.0
262.8961464879166 0.0 0.0
263.70151548791665 1.0 1.0
264.50688448791664 0.0 0.0
265.3122534879166 1.0 0.0
266.1176224879166 0.0 0.0
266.92299148791665 1.0 1.0
267.72836048791663 0.0 0.0
268.5337294879166 1.0 0.0
269.33909848791666 0.0 0.0
270.14446748791664 1.0 1.0
270.9498364879166 0.0 0.0
271.7552054879166 1.0 0.0
272.5605744879166 0.0 0.0
273.36594348791664 1.0 1.0
274.1713124879166 0.0 0.0
274.9766814879166 1.0 0.0
275.78205048791665 0.0 0.0
276.58741948791663 1.0 1.0
277.3927884879166 0.0 0.0
278.19815748791666 1.0 0.0
279.00352648791664 0.0 0.0
279.80889548791663 1.0 1.0
280.6142644879166 0.0 0.0
281.4196334879166 1.0 0.0
282.22500248791664 0.0 0.0
283.0303714879166 1.0 1.0
283.8357404879166 0.0 0.0
284.64110948791665 1.0 0.0
285.44647848791664 0.0 0.0
286.2518474879166 1.0 1.0
287.05721648791666 0.0 0.0
287.86258548791665 1.0 0.0
288.66795448791663 0.0 0.0
289.4733234879166 1.0 1.0
290.2786924879166 0.0 0.0
291.08406148791664 1.0 0.0
291.8894304879166 0.0 0.0
292.6947994879166 1.0 1.0
293.50016848791665 0.0 0.0
294.30553748791664 1.0 0.0
295.1109064879166 0.0 0.0
295.9162754879166 1.0 1.0
296.7216444879166 0.0 0.0
297.52701348791663 1.0 0.0
298.3323824879166 0.0 0.0
299.1377514879166 1.0 1.0
299.94312048791664 0.0 0.0
300.74848948791663 1.0 0.0
301.5538584879166 0.0 0.0
302.35922748791666 1.0 1.0
303.16459648791664 0.0 0.0
303.9699654879166 1.0 0.0
304.7753344879166 0.0 0.0
305.5807034879166 1.0 1.0
306.38607248791664 0.0 0.0
307.1914414879166 1.0 0.0
307.9968104879166 0.0 0.0
308.80217948791665 1.0 0.0
309.60754848791663 0.0 0.0
310.4129174879166 1.0 1.0