0.124838589 1.0 1.0
1.0925795889999999 0.0 0.0
2.060320589 1.0 0.0
3.028061589 0.0 0.0
3.9958025889999997 1.0 1.0
4.9635435889999995 0.0 0.0
5.931284588999999 1.0 0.0
6.899025588999999 0.0 0.0
7.866766588999999 1.0 1.0
8.834507589 0.0 0.0
9.802248589 1.0 0.0
10.769989589 0.0 0.0
11.737730589 1.0 1.0
12.705471589 0.0 0.0
13.673212589 1.0 0.0
14.640953589 0.0 0.0
15.608694589000002 1.0 1.0
16.576435589 0.0 0.0
17.544176589 1.0 0.0
18.511917589 0.0 0.0
19.479658589 1.0 1.0
20.447399589 0.0 0.0
21.415140589 1.0 0.0
22.382881589 0.0 0.0
23.350622589 1.0 1.0
24.318363589 0.0 0.0
25.286104589 1.0 0.0
26.253845589 0.0 0.0
27.221586589 1.0 1.0
28.189327589 0.0 0.0
29.157068588999998 1.0 0.0
30.124809588999998 0.0 0.0
31.092550588999995 1.0 1.0
32.060291588999995 0.0 0.0
33.028032589 1.0 0.0
33.995773588999995 0.0 0.0
34.963514589 1.0 1.0
35.931255588999996 0.0 0.0
36.89899658899999 1.0 0.0
37.866737588999996 0.0 0.0
38.83447858899999 1.0 1.0
39.802219588999996 0.0 0.0
40.76996058899999 1.0 0.0
41.737701589 0.0 0.0
42.70544258899999 1.0 1.0
43.673183589 0.0 0.0
44.640924588999994 1.0 0.0
45.608665589 0.0 0.0
46.576406588999994 1.0 1.0
47.544147589 0.0 0.0
48.511888588999994 1.0 0.0
49.479629589 0.0 0.0
50.447370588999995 1.0 1.0
51.415111589 0.0 0.0
52.382852588999995 1.0 0.0
53.35059358899999 0.0 0.0
54.318334588999996 1.0 1.0
55.28607558899999 0.0 0.0
56.253816588999996 1.0 0.0
57.22155758899999 0.0 0.0
58.189298588999996 1.0 1.0
59.15703958899999 0.0 0.0
60.124780589 1.0 0.0
61.09252158899999 0.0 0.0
62.060262589000004 1.0 1.0
63.028003589 0.0 0.0
63.995744589000005 1.0 0.0
64.963485589 0.0 0.0
65.931226589 1.0 1.0
66.89896758900001 0.0 0.0
67.86670858900001 1.0 0.0
68.83444958900002 0.0 0.0
69.802190589 1.0 1.0
70.76993158900001 0.0 0.0
71.73767258900001 1.0 0.0
72.705413589 0.0 0.0
73.673154589 1.0 1.0
74.64089558900001 0.0 0.0
75.60863658900001 1.0 0.0
76.576377589 0.0 0.0
77.544118589 1.0 1.0
78.51185958900001 0.0 0.0
79.47960058900001 1.0 0.0
80.447341589 0.0 0.0
81.41508258900001 1.0 1.0
82.38282358900001 0.0 0.0
83.35056458900002 1.0 0.0
84.318305589 0.0 0.0
85.28604658900001 1.0 1.0
86.25378758900001 0.0 0.0
87.22152858900002 1.0 0.0
88.189269589 0.0 0.0
89.15701058900001 1.0 1.0
90.12475158900001 0.0 0.0
91.092492589 1.0 0.0
92.060233589 0.0 0.0
93.02797458900001 1.0 1.0
93.99571558900001 0.0 0.0
94.963456589 1.0 0.0
95.931197589 0.0 0.0
96.89893858900001 1.0 1.0
97.86667958900001 0.0 0.0
98.834420589 1.0 0.0
99.80216158900001 0.0 0.0
100.76990258900001 1.0 1.0
101.73764358900002 0.0 0.0
102.705384589 1.0 0.0
103.67312558900001 0.0 0.0
104.64086658900001 1.0 1.0
105.608607589 0.0 0.0
106.576348589 1.0 0.0
107.54408958900001 0.0 0.0
108.51183058900001 1.0 1.0
109.479571589 0.0 0.0
110.447312589 1.0 0.0
111.41505358900001 0.0 0.0
112.38279458900001 1.0 1.0
113.350535589 0.0 0.0
114.318276589 1.0 0.0
115.28601758900001 0.0 0.0
116.25375858900001 1.0 1.0
117.221499589 0.0 0.0
118.18924058900001 1.0 0.0
119.15698158900001 0.0 0.0
120.12472258900002 1.0 1.0
121.092463589 0.0 0.0
122.06020458900001 1.0 0.0
123.02794558900001 0.0 0.0
123.99568658899999 1.0 1.0
124.96342758899999 0.0 0.0
125.931168589 1.0 0.0
126.898909589 0.0 0.0
127.86665058899999 1.0 1.0
128.834391589 0.0 0.0
129.802132589 1.0 0.0
130.76987358899999 0.0 0.0
131.737614589 1.0 1.0
132.705355589 0.0 0.0
133.67309658899998 1.0 0.0
134.640837589 0.0 0.0
135.608578589 1.0 1.0
136.576319589 0.0 0.0
137.544060589 1.0 0.0
138.511801589 0.0 0.0
139.479542589 1.0 1.0
140.447283589 0.0 0.0
141.41502458899998 1.0 0.0
142.382765589 0.0 0.0
143.350506589 1.0 1.0
144.31824758899998 0.0 0.0
145.285988589 1.0 0.0
146.253729589 0.0 0.0
147.221470589 1.0 1.0
148.189211589 0.0 0.0
149.15695258899999 1.0 0.0
150.124693589 0.0 0.0
151.092434589 1.0 1.0
152.06017558899998 0.0 0.0
153.027916589 1.0 0.0
153.995657589 0.0 0.0
154.96339858899998 1.0 1.0
155.931139589 0.0 0.0
156.898880589 1.0 0.0
157.866621589 0.0 0.0
158.834362589 1.0 1.0
159.80210358899998 0.0 0.0
160.769844589 1.0 0.0
161.737585589 0.0 0.0
162.70532658899998 1.0 1.0
163.673067589 0.0 0.0
164.640808589 1.0 0.0
165.608549589 0.0 0.0
166.576290589 1.0 1.0
167.54403158899999 0.0 0.0
168.511772589 1.0 0.0
169.479513589 0.0 0.0
170.44725458899998 1.0 1.0
171.414995589 0.0 0.0
172.382736589 1.0 0.0
173.35047758899998 0.0 0.0
174.318218589 1.0 1.0
175.285959589 0.0 0.0
176.253700589 1.0 0.0
177.221441589 0.0 0.0
178.18918258899998 1.0 1.0
179.156923589 0.0 0.0
180.124664589 1.0 0.0
181.09240558899998 0.0 0.0
182.060146589 1.0 1.0
183.027887589 0.0 0.0
183.995628589 1.0 0.0
184.963369589 0.0 0.0
185.93111058899999 1.0 1.0
186.898851589 0.0 0.0
187.866592589 1.0 0.0
188.83433358899998 0.0 0.0
189.802074589 1.0 1.0
190.769815589 0.0 0.0
191.73755658899998 1.0 0.0
192.705297589 0.0 0.0
193.673038589 1.0 1.0
194.640779589 0.0 0.0
195.608520589 1.0 0.0
196.57626158899998 0.0 0.0
197.544002589 1.0 1.0
198.511743589 0.0 0.0
199.47948458899998 1.0 0.0
200.447225589 0.0 0.0
201.414966589 1.0 1.0
202.382707589 0.0 0.0
203.350448589 1.0 0.0
204.31818958899999 0.0 0.0
205.285930589 1.0 1.0
206.253671589 0.0 0.0
207.22141258899998 1.0 0.0
208.189153589 0.0 0.0
209.156894589 1.0 1.0
210.12463558899998 0.0 0.0
211.092376589 1.0 0.0
212.060117589 0.0 0.0
213.027858589 1.0 1.0
213.995599589 0.0 0.0
214.96334058899998 1.0 0.0
215.931081589 0.0 0.0
216.898822589 1.0 1.0
217.86656358899998 0.0 0.0
218.834304589 1.0 0.0
219.802045589 0.0 0.0
220.76978658899998 1.0 1.0
221.737527589 0.0 0.0
222.70526858899999 1.0 0.0
223.673009589 0.0 0.0
224.640750589 1.0 1.0
225.60849158899998 0.0 0.0
226.576232589 1.0 0.0
227.543973589 0.0 0.0
228.51171458899998 1.0 1.0
229.479455589 0.0 0.0
230.447196589 1.0 0.0
231.414937589 0.0 0.0
232.382678589 1.0 1.0
233.35041958899998 0.0 0.0
234.318160589 1.0 0.0
235.285901589 0.0 0.0
236.25364258899998 1.0 1.0
237.221383589 0.0 0.0
238.189124589 1.0 0.0
239.15686558899998 0.0 0.0
240.124606589 1.0 1.0
241.09234758899998 0.0 0.0
242.060088589 1.0 0.0
243.027829589 0.0 0.0
243.99557058899998 1.0 1.0
244.963311589 0.0 0.0
245.931052589 1.0 0.0
246.89879358899998 0.0 0.0
247.86653458900003 1.0 1.0
248.83427558900001 0.0 0.0
249.80201658900003 1.0 0.0
250.76975758900002 0.0 0.0
251.737498589 1.0 1.0
252.70523958900003 0.0 0.0
253.67298058900002 1.0 0.0
254.640721589 0.0 0.0
255.60846258900003 1.0 1.0
256.57620358900004 0.0 0.0
257.54394458900003 1.0 0.0
258.511685589 0.0 0.0
259.479426589 1.0 1.0
260.447167589 0.0 0.0
261.414908589 1.0 0.0
262.38264958900004 0.0 0.0
263.350390589 1.0 1.0
264.318131589 0.0 0.0
265.285872589 1.0 0.0
266.253613589 0.0 0.0
267.22135458900004 1.0 1.0
268.18909558900003 0.0 0.0
269.156836589 1.0 0.0
270.124577589 0.0 0.0
271.092318589 1.0 1.0
272.06005958900005 0.0 0.0
273.02780058900004 1.0 0.0
273.995541589 0.0 0.0
274.963282589 1.0 1.0
275.931023589 0.0 0.0
276.898764589 1.0 0.0
277.86650558900004 0.0 0.0
278.83424658900003 1.0 1.0
279.801987589 0.0 0.0
280.769728589 1.0 0.0
281.737469589 0.0 0.0
282.70521058900005 1.0 1.0
283.67295158900004 0.0 0.0
284.640692589 1.0 0.0
285.608433589 0.0 0.0
286.576174589 1.0 1.0
287.543915589 0.0 0.0
288.51165658900004 1.0 0.0
289.47939758900003 0.0 0.0
290.447138589 1.0 1.0
291.414879589 0.0 0.0
292.382620589 1.0 1.0
293.35036158900004 0.0 0.0
294.31810258900003 0.0 0.0