0.14999985000000005 1.0 1.0
1.00714185 0.0 0.0
1.86428385 1.0 0.0
2.72142585 0.0 0.0
3.57856785 1.0 1.0
4.43570985 0.0 0.0
5.29285185 1.0 0.0
6.14999385 0.0 0.0
7.007135850000001 1.0 1.0
7.864277850000001 0.0 0.0
8.72141985 1.0 0.0
9.57856185 0.0 0.0
10.435703850000001 1.0 1.0
11.29284585 0.0 0.0
12.14998785 1.0 0.0
13.00712985 0.0 0.0
13.864271850000002 1.0 1.0
14.721413850000001 0.0 0.0
15.57855585 1.0 0.0
16.43569785 0.0 0.0
17.29283985 1.0 1.0
18.14998185 0.0 0.0
19.00712385 1.0 0.0
19.864265850000002 0.0 0.0
20.721407850000002 1.0 1.0
21.57854985 0.0 0.0
22.43569185 1.0 0.0
23.29283385 0.0 0.0
24.14997585 1.0 1.0
25.00711785 0.0 0.0
25.86425985 1.0 0.0
26.721401850000003 0.0 0.0
27.57854385 1.0 1.0
28.43568585 0.0 0.0
29.292827850000002 1.0 0.0
30.14996985 0.0 0.0
31.00711185 1.0 1.0
31.86425385 0.0 0.0
32.72139585 1.0 0.0
33.578537850000004 0.0 0.0
34.43567985 1.0 1.0
35.29282185 0.0 0.0
36.14996385 1.0 0.0
37.00710585 0.0 0.0
37.864247850000005 1.0 1.0
38.72138985 0.0 0.0
39.578531850000005 1.0 0.0
40.43567385 0.0 0.0
41.292815850000004 1.0 1.0
42.14995785 0.0 0.0
43.00709985 1.0 0.0
43.86424185 0.0 0.0
44.72138385 1.0 1.0
45.578525850000005 0.0 0.0
46.43566785 1.0 0.0
47.292809850000005 0.0 0.0
48.14995185 1.0 1.0
49.007093850000004 0.0 0.0
49.86423585 1.0 0.0
50.72137785 0.0 0.0
51.57851985 1.0 1.0
52.43566185 0.0 0.0
53.292803850000006 1.0 0.0
54.14994585 0.0 0.0
55.007087850000005 1.0 1.0
55.86422985 0.0 0.0
56.721371850000004 1.0 0.0
57.57851385 0.0 0.0
58.43565585 1.0 1.0
59.29279785000001 0.0 0.0
60.14993985 1.0 0.0
61.007081850000006 0.0 0.0
61.86422385 1.0 1.0
62.721365850000005 0.0 0.0
63.57850785 1.0 0.0
64.43564985 0.0 0.0
65.29279185 1.0 1.0
66.14993385 0.0 0.0
67.00707585 1.0 0.0
67.86421785 0.0 0.0
68.72135985 1.0 1.0
69.57850185000001 0.0 0.0
70.43564385 1.0 0.0
71.29278585 0.0 0.0
72.14992785 1.0 1.0
73.00706985000001 0.0 0.0
73.86421185 1.0 0.0
74.72135385 0.0 0.0
75.57849585000001 1.0 1.0
76.43563785 0.0 0.0
77.29277985 1.0 0.0
78.14992185 0.0 0.0
79.00706385000001 1.0 1.0
79.86420585 0.0 0.0
80.72134785 1.0 0.0
81.57848985000001 0.0 0.0
82.43563185000001 1.0 1.0
83.29277385 0.0 0.0
84.14991585 1.0 0.0
85.00705785000001 0.0 0.0
85.86419985 1.0 1.0
86.72134185 0.0 0.0
87.57848385 1.0 0.0
88.43562585000001 0.0 0.0
89.29276785 1.0 1.0
90.14990985 0.0 0.0
91.00705185000001 1.0 0.0
91.86419385 0.0 0.0
92.72133585 1.0 1.0
93.57847785 0.0 0.0
94.43561985000001 1.0 0.0
95.29276185 0.0 0.0
96.14990385 1.0 1.0
97.00704585000001 0.0 0.0
97.86418785000001 1.0 0.0
98.72132985 0.0 0.0
99.57847185 1.0 1.0
100.43561385000001 0.0 0.0
101.29275585 1.0 0.0
102.14989785 0.0 0.0
103.00703985000001 1.0 1.0
103.86418185000001 0.0 0.0
104.72132385 1.0 0.0
105.57846585 0.0 0.0
106.43560785000001 1.0 1.0
107.29274985 0.0 0.0
108.14989185 1.0 0.0
109.00703385 0.0 0.0
109.86417585000002 1.0 1.0
110.72131785000002 0.0 0.0
111.57845985000002 1.0 0.0
112.43560185000001 0.0 0.0
113.29274385000002 1.0 1.0
114.14988585000002 0.0 0.0
115.00702785000001 1.0 0.0
115.86416985000002 0.0 0.0
116.72131185000002 1.0 1.0
117.57845385 0.0 0.0
118.43559585000001 1.0 0.0
119.29273785000001 0.0 0.0
120.14987985 1.0 1.0
121.00702185 0.0 0.0
121.86416385000001 1.0 0.0
122.72130585000001 0.0 0.0
123.57844785 1.0 1.0
124.43558985 0.0 0.0
125.29273185000001 1.0 0.0
126.14987385 0.0 0.0
127.00701585 1.0 1.0
127.86415785000001 0.0 0.0
128.72129985 1.0 0.0
129.57844185000002 0.0 0.0
130.43558385 1.0 1.0
131.29272585 0.0 0.0
132.14986785000002 1.0 0.0
133.00700985 0.0 0.0
133.86415185 1.0 1.0
134.72129385 0.0 0.0
135.57843585 1.0 0.0
136.43557785000002 0.0 0.0
137.29271985 1.0 1.0
138.14986185 0.0 0.0
139.00700385000002 1.0 0.0
139.86414585 0.0 0.0
140.72128785 1.0 1.0
141.57842985000002 0.0 0.0
142.43557185 1.0 0.0
143.29271385 0.0 0.0
144.14985585 1.0 1.0
145.00699785 0.0 0.0
145.86413985000002 1.0 0.0
146.72128185 0.0 0.0
147.57842385 1.0 1.0
148.43556585000002 0.0 0.0
149.29270785 1.0 0.0
150.14984985 0.0 0.0
151.00699185000002 1.0 1.0
151.86413385 0.0 0.0
152.72127585 1.0 0.0
153.57841785 0.0 0.0
154.43555985 1.0 1.0
155.29270185000001 0.0 0.0
156.14984385 1.0 0.0
157.00698585 0.0 0.0
157.86412785000002 1.0 1.0
158.72126985 0.0 0.0
159.57841185 1.0 0.0
160.43555385000002 0.0 0.0
161.29269585 1.0 1.0
162.14983785 0.0 0.0
163.00697985000002 1.0 0.0
163.86412185 0.0 0.0
164.72126385 1.0 1.0
165.57840585 0.0 0.0
166.43554785 1.0 0.0
167.29268985000002 0.0 0.0
168.14983185 1.0 1.0
169.00697385 0.0 0.0
169.86411585000002 1.0 0.0
170.72125785 0.0 0.0
171.57839985 1.0 1.0
172.43554185000002 0.0 0.0
173.29268385 1.0 0.0
174.14982585 0.0 0.0
175.00696785 1.0 1.0
175.86410985 0.0 0.0
176.72125185000002 1.0 0.0
177.57839385 0.0 0.0
178.43553585 1.0 1.0
179.29267785000002 0.0 0.0
180.14981985 1.0 0.0
181.00696185 0.0 0.0
181.86410385000002 1.0 1.0
182.72124585 0.0 0.0
183.57838785 1.0 0.0
184.43552985000002 0.0 0.0
185.29267185 1.0 1.0
186.14981385000002 0.0 0.0
187.00695585 1.0 0.0
187.86409785 0.0 0.0
188.72123985000002 1.0 1.0
189.57838185 0.0 0.0
190.43552385 1.0 0.0
191.29266585000002 0.0 0.0
192.14980785 1.0 1.0
193.00694985 0.0 0.0
193.86409185000002 1.0 0.0
194.72123385 0.0 0.0
195.57837585000001 1.0 1.0
196.43551785 0.0 0.0
197.29265985 1.0 0.0
198.14980185000002 0.0 0.0
199.00694385 1.0 1.0
199.86408585 0.0 0.0
200.72122785000002 1.0 0.0
201.57836985 0.0 0.0
202.43551185 1.0 1.0
203.29265385000002 0.0 0.0
204.14979585 1.0 0.0
205.00693785 0.0 0.0
205.86407985000002 1.0 1.0
206.72122185 0.0 0.0
207.57836385000002 1.0 0.0
208.43550585 0.0 0.0
209.29264785 1.0 1.0
210.14978985000002 0.0 0.0
211.00693185 1.0 0.0
211.86407385 0.0 0.0
212.72121585000002 1.0 1.0
213.57835785 0.0 0.0
214.43549985 1.0 0.0
215.29264185000002 0.0 0.0
216.14978385 1.0 1.0
217.00692585000002 0.0 0.0
217.86406785 1.0 0.0
218.72120985 0.0 0.0
219.57835185000002 1.0 1.0
220.43549385 0.0 0.0
221.29263585 1.0 0.0
222.14977785000002 0.0 0.0
223.00691985 1.0 1.0
223.86406185 0.0 0.0
224.72120385000002 1.0 0.0
225.57834585 0.0 0.0
226.43548785000002 1.0 1.0
227.29262985000003 0.0 0.0
228.14977185 1.0 0.0
229.00691385000002 0.0 0.0
229.86405585 1.0 1.0
230.72119785 0.0 0.0
231.57833985000002 1.0 0.0
232.43548185 0.0 0.0
233.29262385 1.0 1.0
234.14976585000002 0.0 0.0
235.00690785 1.0 0.0
235.86404985000001 0.0 0.0
236.72119185000003 1.0 1.0
237.57833385 0.0 0.0
238.43547585000002 1.0 0.0
239.29261785 0.0 0.0
240.14975985 1.0 1.0
241.00690185000002 0.0 0.0
241.86404385 1.0 0.0
242.72118585 0.0 0.0
243.57832785000002 1.0 1.0
244.43546985 0.0 0.0
245.29261185000001 1.0 1.0
246.14975385000002 0.0 0.0
247.00689585 0.0 0.0