0.38029371200000006 1.0 1.0
1.262645712 0.0 0.0
2.1449977120000003 1.0 0.0
3.0273497120000004 0.0 0.0
3.9097017120000004 1.0 1.0
4.792053712 0.0 0.0
5.674405712 1.0 0.0
6.5567577120000005 0.0 0.0
7.439109712000001 1.0 1.0
8.321461712 0.0 0.0
9.203813712 1.0 0.0
10.086165712 0.0 0.0
10.968517712 1.0 1.0
11.850869712 0.0 0.0
12.733221712 1.0 0.0
13.615573712 0.0 0.0
14.497925712 1.0 1.0
15.380277712000002 0.0 0.0
16.262629712000003 1.0 0.0
17.144981712000003 0.0 0.0
18.027333712 1.0 1.0
18.909685712 0.0 0.0
19.792037712000003 1.0 0.0
20.674389712000004 0.0 0.0
21.556741712 1.0 1.0
22.439093712000002 0.0 0.0
23.321445712000003 1.0 0.0
24.203797712000004 0.0 0.0
25.086149712 1.0 1.0
25.968501712000002 0.0 0.0
26.850853712000003 1.0 0.0
27.733205712000004 0.0 0.0
28.615557711999998 1.0 1.0
29.497909712 0.0 0.0
30.380261711999996 1.0 0.0
31.262613711999997 0.0 0.0
32.144965711999994 1.0 1.0
33.027317712 0.0 0.0
33.909669711999996 1.0 0.0
34.79202171199999 0.0 0.0
35.674373712 1.0 1.0
36.556725711999995 0.0 0.0
37.43907771199999 1.0 0.0
38.321429712 0.0 0.0
39.203781711999994 1.0 1.0
40.086133712 0.0 0.0
40.968485711999996 1.0 0.0
41.85083771199999 0.0 0.0
42.733189712 1.0 1.0
43.615541711999995 0.0 0.0
44.49789371199999 1.0 0.0
45.380245712 0.0 0.0
46.262597711999994 1.0 1.0
47.144949712 0.0 0.0
48.027301711999996 1.0 0.0
48.909653711999994 0.0 0.0
49.792005712 1.0 1.0
50.674357711999996 0.0 0.0
51.55670971199999 1.0 0.0
52.439061712 0.0 0.0
53.321413711999995 1.0 1.0
54.203765712 0.0 0.0
55.086117712 1.0 0.0
55.968469711999994 0.0 0.0
56.850821712 1.0 1.0
57.733173711999996 0.0 0.0
58.61552571199999 1.0 0.0
59.497877712 0.0 0.0
60.380229711999995 1.0 1.0
61.26258171199999 0.0 0.0
62.144933712 1.0 0.0
63.027285711999994 0.0 0.0
63.909637712 1.0 1.0
64.79198971199999 0.0 0.0
65.674341712 1.0 0.0
66.556693712 0.0 0.0
67.439045712 1.0 1.0
68.32139771199999 0.0 0.0
69.20374971199999 1.0 0.0
70.086101712 0.0 0.0
70.968453712 1.0 1.0
71.850805712 0.0 0.0
72.733157712 1.0 0.0
73.61550971199999 0.0 0.0
74.497861712 1.0 1.0
75.380213712 0.0 0.0
76.262565712 1.0 0.0
77.144917712 0.0 0.0
78.02726971199999 1.0 1.0
78.90962171199999 0.0 0.0
79.791973712 1.0 0.0
80.674325712 0.0 0.0
81.556677712 1.0 1.0
82.43902971199999 0.0 0.0
83.32138171199999 1.0 0.0
84.203733712 0.0 0.0
85.086085712 1.0 1.0
85.968437712 0.0 0.0
86.850789712 1.0 0.0
87.73314171199999 0.0 0.0
88.615493712 1.0 1.0
89.497845712 0.0 0.0
90.380197712 1.0 0.0
91.262549712 0.0 0.0
92.14490171199999 1.0 1.0
93.02725371199999 0.0 0.0
93.909605712 1.0 0.0
94.791957712 0.0 0.0
95.674309712 1.0 1.0
96.556661712 0.0 0.0
97.43901371199999 1.0 0.0
98.321365712 0.0 0.0
99.203717712 1.0 1.0
100.086069712 0.0 0.0
100.968421712 1.0 0.0
101.85077371199999 0.0 0.0
102.733125712 1.0 1.0
103.615477712 0.0 0.0
104.497829712 1.0 0.0
105.380181712 0.0 0.0
106.26253371199999 1.0 1.0
107.14488571199999 0.0 0.0
108.027237712 1.0 0.0
108.909589712 0.0 0.0
109.791941712 1.0 1.0
110.674293712 0.0 0.0
111.55664571199999 1.0 0.0
112.438997712 0.0 0.0
113.32134971200001 1.0 1.0
114.20370171200001 0.0 0.0
115.08605371200001 1.0 0.0
115.968405712 0.0 0.0
116.850757712 1.0 1.0
117.73310971200002 0.0 0.0
118.61546171200001 1.0 0.0
119.49781371200001 0.0 0.0
120.38016571200001 1.0 1.0
121.262517712 0.0 0.0
122.14486971200002 1.0 0.0
123.02722171200001 0.0 0.0
123.90957371200001 1.0 1.0
124.79192571200001 0.0 0.0
125.674277712 1.0 0.0
126.556629712 0.0 0.0
127.43898171200001 1.0 1.0
128.321333712 0.0 0.0
129.203685712 1.0 0.0
130.086037712 0.0 0.0
130.968389712 1.0 1.0
131.850741712 0.0 0.0
132.733093712 1.0 0.0
133.615445712 0.0 0.0
134.49779771200002 1.0 1.0
135.38014971200002 0.0 0.0
136.26250171200002 1.0 0.0
137.144853712 0.0 0.0
138.027205712 1.0 1.0
138.909557712 0.0 0.0
139.791909712 1.0 0.0
140.674261712 0.0 0.0
141.556613712 1.0 1.0
142.438965712 0.0 0.0
143.32131771200002 1.0 0.0
144.20366971200002 0.0 0.0
145.08602171200002 1.0 1.0
145.96837371200002 0.0 0.0
146.850725712 1.0 0.0
147.733077712 0.0 0.0
148.615429712 1.0 1.0
149.497781712 0.0 0.0
150.380133712 1.0 0.0
151.262485712 0.0 0.0
152.144837712 1.0 1.0
153.02718971200002 0.0 0.0
153.90954171200002 1.0 0.0
154.79189371200002 0.0 0.0
155.67424571200002 1.0 1.0
156.556597712 0.0 0.0
157.438949712 1.0 0.0
158.321301712 0.0 0.0
159.203653712 1.0 1.0
160.086005712 0.0 0.0
160.968357712 1.0 0.0
161.850709712 0.0 0.0
162.73306171200002 1.0 1.0
163.61541371200002 0.0 0.0
164.49776571200002 1.0 0.0
165.38011771200001 0.0 0.0
166.262469712 1.0 1.0
167.144821712 0.0 0.0
168.027173712 1.0 0.0
168.909525712 0.0 0.0
169.791877712 1.0 1.0
170.674229712 0.0 0.0
171.556581712 1.0 0.0
172.43893371200002 0.0 0.0
173.32128571200002 1.0 1.0
174.20363771200002 0.0 0.0
175.085989712 1.0 0.0
175.968341712 0.0 0.0
176.850693712 1.0 1.0
177.733045712 0.0 0.0
178.615397712 1.0 0.0
179.497749712 0.0 0.0
180.380101712 1.0 1.0
181.26245371200002 0.0 0.0
182.14480571200002 1.0 0.0
183.02715771200002 0.0 0.0
183.90950971200002 1.0 1.0
184.791861712 0.0 0.0
185.674213712 1.0 0.0
186.556565712 0.0 0.0
187.438917712 1.0 1.0
188.321269712 0.0 0.0
189.203621712 1.0 0.0
190.085973712 0.0 0.0
190.96832571200002 1.0 1.0
191.85067771200002 0.0 0.0
192.73302971200002 1.0 0.0
193.61538171200002 0.0 0.0
194.497733712 1.0 1.0
195.380085712 0.0 0.0
196.262437712 1.0 0.0
197.144789712 0.0 0.0
198.027141712 1.0 1.0
198.909493712 0.0 0.0
199.791845712 1.0 0.0
200.67419771200002 0.0 0.0
201.55654971200002 1.0 1.0
202.43890171200002 0.0 0.0
203.32125371200001 1.0 0.0
204.203605712 0.0 0.0
205.085957712 1.0 1.0
205.968309712 0.0 0.0
206.850661712 1.0 0.0
207.733013712 0.0 0.0
208.615365712 1.0 1.0
209.497717712 0.0 0.0
210.38006971200002 1.0 0.0
211.26242171200002 0.0 0.0
212.14477371200002 1.0 1.0
213.02712571200001 0.0 0.0
213.909477712 1.0 0.0
214.791829712 0.0 0.0
215.674181712 1.0 1.0
216.556533712 0.0 0.0
217.438885712 1.0 0.0
218.321237712 0.0 0.0
219.20358971200002 1.0 1.0
220.08594171200002 0.0 0.0
220.96829371200002 1.0 0.0
221.85064571200002 0.0 0.0
222.732997712 1.0 1.0
223.615349712 0.0 0.0
224.497701712 1.0 0.0
225.380053712 0.0 0.0
226.26240571199997 1.0 1.0
227.14475771199997 0.0 0.0
228.027109712 1.0 0.0
228.909461712 0.0 0.0
229.791813712 1.0 1.0
230.674165712 0.0 0.0
231.556517712 1.0 0.0
232.43886971199998 0.0 0.0
233.32122171199998 1.0 1.0
234.20357371199998 0.0 0.0
235.08592571199998 1.0 0.0
235.96827771199997 0.0 0.0
236.85062971199997 1.0 1.0
237.732981712 0.0 0.0
238.615333712 1.0 0.0
239.497685712 0.0 0.0
240.380037712 1.0 1.0
241.26238971200002 0.0 0.0
242.144741712 1.0 0.0
243.027093712 0.0 0.0
243.909445712 1.0 1.0
244.791797712 0.0 0.0
245.674149712 1.0 0.0
246.556501712 0.0 0.0
247.438853712 1.0 1.0
248.32120571200002 0.0 0.0
249.20355771200002 1.0 0.0
250.08590971200002 0.0 0.0
250.96826171200001 1.0 1.0
251.850613712 0.0 0.0
252.732965712 1.0 0.0
253.615317712 0.0 0.0
254.497669712 1.0 1.0
255.380021712 0.0 0.0
256.262373712 1.0 0.0
257.144725712 0.0 0.0
258.027077712 1.0 1.0
258.909429712 0.0 0.0
259.791781712 0.0 0.0
260.674133712 1.0 1.0
261.556485712 0.0 0.0
262.438837712 1.0 0.0
263.32118971200003 0.0 0.0
264.203541712 1.0 1.0
265.08589371200003 0.0 0.0
265.968245712 1.0 0.0
266.850597712 0.0 0.0
267.732949712 1.0 1.0
268.615301712 0.0 0.0
269.497653712 1.0 0.0
270.380005712 0.0 0.0
271.26235771200004 1.0 0.0