0.15625492200000002 1.0 0.0
0.6668919219999999 0.0 0.0
1.177528922 1.0 0.0
1.688165922 0.0 0.0
2.198802922 1.0 1.0
2.709439922 0.0 0.0
3.220076922 1.0 0.0
3.730713922 0.0 0.0
4.2413509220000005 1.0 1.0
4.751987922 0.0 0.0
5.262624922 1.0 0.0
5.773261922 0.0 0.0
6.283898922 1.0 1.0
6.794535922 0.0 0.0
7.305172922 1.0 0.0
7.815809922 0.0 0.0
8.326446922 1.0 1.0
8.837083922000001 0.0 0.0
9.347720922 1.0 0.0
9.858357922000001 0.0 0.0
10.368994922 1.0 1.0
10.879631922000002 0.0 0.0
11.390268922 1.0 0.0
11.900905922 0.0 0.0
12.411542922 1.0 1.0
12.922179922 0.0 0.0
13.432816922 1.0 0.0
13.943453922 0.0 0.0
14.454090922 1.0 1.0
14.964727922 0.0 0.0
15.475364922 1.0 0.0
15.986001922 0.0 0.0
16.496638922 1.0 1.0
17.007275921999998 0.0 0.0
17.517912921999997 1.0 0.0
18.028549921999996 0.0 0.0
18.539186921999995 1.0 1.0
19.049823921999998 0.0 0.0
19.560460921999997 1.0 0.0
20.071097921999996 0.0 0.0
20.581734921999995 1.0 1.0
21.092371921999998 0.0 0.0
21.603008921999997 1.0 0.0
22.113645921999996 0.0 0.0
22.624282921999995 1.0 1.0
23.134919921999995 0.0 0.0
23.645556921999997 1.0 0.0
24.156193921999996 0.0 0.0
24.666830921999995 1.0 1.0
25.177467921999995 0.0 0.0
25.688104921999997 1.0 0.0
26.198741921999996 0.0 0.0
26.709378921999996 1.0 1.0
27.220015921999995 0.0 0.0
27.730652921999997 1.0 0.0
28.241289921999996 0.0 0.0
28.751926921999996 1.0 1.0
29.262563921999995 0.0 0.0
29.773200921999997 1.0 0.0
30.283837921999996 0.0 0.0
30.794474921999996 1.0 1.0
31.305111921999995 0.0 0.0
31.815748921999997 1.0 0.0
32.32638592199999 0.0 0.0
32.837022921999996 1.0 1.0
33.347659922 0.0 0.0
33.858296921999994 1.0 0.0
34.368933922 0.0 0.0
34.879570922 1.0 1.0
35.390207921999995 0.0 0.0
35.900844922 1.0 0.0
36.41148192199999 0.0 0.0
36.922118921999996 1.0 1.0
37.432755922 0.0 0.0
37.943392921999994 1.0 0.0
38.454029922 0.0 0.0
38.96466692199999 1.0 1.0
39.475303921999995 0.0 0.0
39.985940922 1.0 0.0
40.49657792199999 0.0 0.0
41.007214921999996 1.0 1.0
41.517851922 0.0 0.0
42.028488921999994 1.0 0.0
42.539125922 0.0 0.0
43.04976292199999 1.0 1.0
43.560399921999995 0.0 0.0
44.071036922 1.0 0.0
44.58167392199999 0.0 0.0
45.092310921999996 1.0 1.0
45.602947922 0.0 0.0
46.113584921999994 1.0 0.0
46.624221922 0.0 0.0
47.13485892199999 1.0 1.0
47.645495921999995 0.0 0.0
48.156132922 1.0 0.0
48.66676992199999 0.0 0.0
49.177406921999996 1.0 1.0
49.688043922 0.0 0.0
50.198680921999994 1.0 0.0
50.709317922 0.0 0.0
51.21995492199999 1.0 1.0
51.730591921999995 0.0 0.0
52.241228922 1.0 0.0
52.75186592199999 0.0 0.0
53.262502921999996 1.0 1.0
53.77313992199999 0.0 0.0
54.283776921999994 1.0 0.0
54.794413922 0.0 0.0
55.30505092199999 1.0 1.0
55.815687921999995 0.0 0.0
56.326324922 1.0 0.0
56.83696192199999 0.0 0.0
57.347598921999996 1.0 1.0
57.85823592199999 0.0 0.0
58.368872921999994 1.0 0.0
58.879509922 0.0 0.0
59.39014692199999 1.0 1.0
59.900783921999995 0.0 0.0
60.411420922 1.0 0.0
60.92205792199999 0.0 0.0
61.432694921999996 1.0 1.0
61.94333192199999 0.0 0.0
62.453968921999994 1.0 0.0
62.964605922 0.0 0.0
63.47524292199999 1.0 1.0
63.985879921999995 0.0 0.0
64.496516922 1.0 0.0
65.007153922 0.0 0.0
65.517790922 1.0 1.0
66.028427922 0.0 0.0
66.53906492200001 1.0 0.0
67.049701922 0.0 0.0
67.560338922 1.0 1.0
68.070975922 0.0 0.0
68.581612922 1.0 0.0
69.09224992200001 0.0 0.0
69.602886922 1.0 1.0
70.113523922 0.0 0.0
70.624160922 1.0 0.0
71.134797922 0.0 0.0
71.645434922 1.0 1.0
72.156071922 0.0 0.0
72.666708922 1.0 0.0
73.177345922 0.0 0.0
73.687982922 1.0 1.0
74.198619922 0.0 0.0
74.70925692200001 1.0 0.0
75.219893922 0.0 0.0
75.730530922 1.0 1.0
76.241167922 0.0 0.0
76.751804922 1.0 0.0
77.26244192200001 0.0 0.0
77.773078922 1.0 1.0
78.283715922 0.0 0.0
78.794352922 1.0 0.0
79.304989922 0.0 0.0
79.815626922 1.0 1.0
80.326263922 0.0 0.0
80.836900922 1.0 0.0
81.347537922 0.0 0.0
81.858174922 1.0 1.0
82.368811922 0.0 0.0
82.879448922 1.0 0.0
83.390085922 0.0 0.0
83.900722922 1.0 1.0
84.411359922 0.0 0.0
84.921996922 1.0 0.0
85.43263392200001 0.0 0.0
85.943270922 1.0 1.0
86.453907922 0.0 0.0
86.964544922 1.0 0.0
87.475181922 0.0 0.0
87.985818922 1.0 1.0
88.496455922 0.0 0.0
89.007092922 1.0 0.0
89.517729922 0.0 0.0
90.028366922 1.0 1.0
90.539003922 0.0 0.0
91.049640922 1.0 0.0
91.560277922 0.0 0.0
92.070914922 1.0 1.0
92.581551922 0.0 0.0
93.092188922 1.0 0.0
93.60282592200001 0.0 0.0
94.113462922 1.0 1.0
94.624099922 0.0 0.0
95.134736922 1.0 0.0
95.645373922 0.0 0.0
96.15601092200001 1.0 1.0
96.666647922 0.0 0.0
97.177284922 1.0 0.0
97.687921922 0.0 0.0
98.198558922 1.0 1.0
98.709195922 0.0 0.0
99.219832922 1.0 0.0
99.730469922 0.0 0.0
100.241106922 1.0 1.0
100.751743922 0.0 0.0
101.262380922 1.0 0.0
101.773017922 0.0 0.0
102.283654922 1.0 1.0
102.794291922 0.0 0.0
103.304928922 1.0 0.0
103.815565922 0.0 0.0
104.32620292200001 1.0 1.0
104.836839922 0.0 0.0
105.347476922 1.0 0.0
105.858113922 0.0 0.0
106.368750922 1.0 1.0
106.879387922 0.0 0.0
107.390024922 1.0 0.0
107.900661922 0.0 0.0
108.411298922 1.0 1.0
108.921935922 0.0 0.0
109.432572922 1.0 0.0
109.943209922 0.0 0.0
110.453846922 1.0 1.0
110.964483922 0.0 0.0
111.475120922 1.0 0.0
111.985757922 0.0 0.0
112.49639492200001 1.0 1.0
113.007031922 0.0 0.0
113.517668922 1.0 0.0
114.028305922 0.0 0.0
114.538942922 1.0 1.0
115.049579922 0.0 0.0
115.560216922 1.0 0.0
116.070853922 0.0 0.0
116.581490922 1.0 1.0
117.092127922 0.0 0.0
117.602764922 1.0 0.0
118.113401922 0.0 0.0
118.624038922 1.0 1.0
119.134675922 0.0 0.0
119.645312922 1.0 0.0
120.155949922 0.0 0.0
120.666586922 1.0 1.0
121.177223922 0.0 0.0
121.687860922 1.0 0.0
122.198497922 0.0 0.0
122.709134922 1.0 1.0
123.219771922 0.0 0.0
123.730408922 1.0 0.0
124.241045922 0.0 0.0
124.751682922 1.0 1.0
125.262319922 0.0 0.0
125.772956922 1.0 0.0
126.283593922 0.0 0.0
126.794230922 1.0 1.0
127.304867922 0.0 0.0
127.815504922 1.0 0.0
128.326141922 0.0 0.0
128.836778922 1.0 1.0
129.347415922 0.0 0.0
129.858052922 1.0 0.0
130.368689922 0.0 0.0
130.879326922 1.0 1.0
131.389963922 0.0 0.0
131.900600922 1.0 0.0
132.411237922 0.0 0.0
132.92187492199997 1.0 1.0
133.43251192199997 0.0 0.0
133.94314892199998 1.0 0.0
134.45378592199998 0.0 0.0
134.96442292199998 1.0 1.0
135.47505992199999 0.0 0.0
135.985696922 1.0 0.0
136.496333922 0.0 0.0
137.006970922 1.0 1.0
137.517607922 0.0 0.0
138.02824492199997 1.0 0.0
138.53888192199997 0.0 0.0
139.04951892199998 1.0 1.0
139.560155922 0.0 0.0
140.070792922 1.0 0.0
140.581429922 0.0 0.0
141.092066922 1.0 1.0
141.602703922 0.0 0.0
142.113340922 1.0 0.0
142.623977922 0.0 0.0
143.134614922 1.0 1.0
143.645251922 0.0 0.0
144.155888922 1.0 0.0
144.666525922 0.0 0.0
145.177162922 1.0 1.0
145.687799922 0.0 0.0
146.19843692199998 1.0 0.0
146.709073922 0.0 0.0
147.219710922 1.0 1.0
147.730347922 0.0 0.0
148.240984922 1.0 0.0
148.751621922 0.0 0.0
149.262258922 1.0 1.0
149.772895922 0.0 0.0
150.283532922 1.0 0.0
150.794169922 0.0 0.0
151.304806922 1.0 1.0
151.815443922 0.0 0.0
152.326080922 1.0 0.0
152.836717922 0.0 0.0
153.347354922 1.0 1.0
153.857991922 0.0 0.0
154.368628922 1.0 0.0
154.879265922 0.0 0.0
155.389902922 1.0 1.0
155.900539922 0.0 0.0
156.411176922 1.0 0.0
156.921813922 0.0 0.0
157.432450922 1.0 1.0
157.943087922 0.0 0.0
158.453724922 1.0 0.0
158.964361922 0.0 0.0
159.474998922 1.0 1.0
159.985635922 0.0 0.0
160.496272922 1.0 0.0
161.006909922 0.0 0.0
161.517546922 1.0 1.0
162.028183922 0.0 0.0
162.53882092199999 1.0 0.0
163.049457922 0.0 0.0
163.560094922 1.0 1.0
164.070731922 0.0 0.0
164.581368922 1.0 0.0
165.092005922 0.0 0.0
165.602642922 1.0 1.0
166.113279922 0.0 0.0
166.623916922 1.0 0.0
167.134553922 0.0 0.0
167.645190922 1.0 1.0
168.155827922 0.0 0.0
168.666464922 1.0 0.0
169.177101922 0.0 0.0
169.687738922 1.0 1.0
170.198375922 0.0 0.0
170.709012922 1.0 0.0
171.219649922 0.0 0.0
171.730286922 1.0 1.0
172.240923922 0.0 0.0
172.751560922 1.0 0.0
173.26219792199998 0.0 0.0
173.772834922 1.0 1.0
174.283471922 0.0 0.0
174.794108922 1.0 0.0
175.304745922 0.0 0.0
175.815382922 1.0 1.0
176.326019922 0.0 0.0
176.836656922 1.0 0.0
177.347293922 0.0 0.0
177.857930922 1.0 1.0
178.368567922 0.0 0.0
178.87920492199999 1.0 0.0
179.389841922 0.0 0.0
179.900478922 1.0 1.0
180.411115922 0.0 0.0
180.921752922 1.0 0.0
181.432389922 0.0 0.0
181.943026922 1.0 1.0
182.453663922 0.0 0.0
182.964300922 1.0 0.0
183.474937922 0.0 0.0
183.98557492199998 1.0 1.0
184.496211922 0.0 0.0
185.006848922 1.0 0.0
185.517485922 0.0 0.0
186.028122922 1.0 1.0
186.538759922 0.0 0.0
187.049396922 1.0 0.0
187.560033922 0.0 0.0
188.070670922 1.0 1.0
188.581307922 0.0 0.0
189.091944922 1.0 0.0
189.60258192199998 0.0 0.0
190.113218922 1.0 1.0
190.623855922 0.0 0.0
191.134492922 1.0 0.0
191.645129922 0.0 0.0
192.155766922 1.0 1.0
192.666403922 0.0 0.0
193.177040922 1.0 0.0
193.687677922 0.0 0.0
194.198314922 1.0 1.0
194.70895192199998 0.0 0.0
195.21958892199999 1.0 0.0
195.730225922 0.0 0.0
196.240862922 1.0 1.0
196.751499922 0.0 0.0
197.262136922 1.0 0.0
197.772773922 0.0 0.0
198.283410922 1.0 1.0
198.794047922 0.0 0.0
199.304684922 0.0 0.0
199.815321922 1.0 0.0
200.32595892199998 0.0 0.0
200.836595922 1.0 1.0
201.347232922 0.0 0.0
201.857869922 1.0 0.0
202.368506922 0.0 0.0
202.879143922 1.0 1.0
203.389780922 0.0 0.0
203.900417922 1.0 0.0
204.411054922 0.0 0.0
204.921691922 1.0 1.0
205.432328922 0.0 0.0
205.94296592199998 1.0 0.0
206.453602922 0.0 0.0
206.964239922 1.0 1.0
207.474876922 0.0 0.0
207.985513922 1.0 0.0
208.496150922 0.0 0.0
209.006787922 1.0 1.0
209.517424922 0.0 0.0
210.028061922 1.0 0.0
210.538698922 0.0 0.0
211.04933592199998 1.0 1.0
211.559972922 0.0 0.0
212.070609922 1.0 0.0
212.581246922 0.0 0.0
213.091883922 1.0 1.0
213.602520922 0.0 0.0
214.113157922 1.0 0.0
214.623794922 0.0 0.0
215.134431922 1.0 1.0
215.645068922 0.0 0.0
216.155705922 1.0 0.0
216.66634292199998 0.0 0.0
217.176979922 1.0 1.0
217.687616922 0.0 0.0
218.198253922 1.0 0.0
218.708890922 0.0 0.0
219.219527922 1.0 1.0
219.730164922 0.0 0.0
220.240801922 1.0 0.0
220.751438922 0.0 0.0
221.262075922 1.0 1.0
221.77271292199998 0.0 0.0
222.28334992199999 1.0 0.0
222.793986922 0.0 0.0
223.304623922 1.0 1.0
223.815260922 0.0 0.0
224.325897922 1.0 0.0
224.836534922 0.0 0.0
225.347171922 1.0 1.0
225.857808922 0.0 0.0
226.368445922 1.0 0.0
226.879082922 0.0 0.0
227.38971992199998 1.0 1.0
227.900356922 0.0 0.0
228.410993922 1.0 0.0
228.921630922 0.0 0.0
229.432267922 1.0 1.0
229.942904922 0.0 0.0
230.453541922 1.0 0.0
230.964178922 0.0 0.0
231.474815922 1.0 1.0
231.985452922 0.0 0.0
232.49608992199998 1.0 0.0
233.00672692199998 0.0 0.0
233.517363922 1.0 1.0
234.028000922 0.0 0.0
234.538637922 1.0 0.0
235.049274922 0.0 0.0
235.559911922 1.0 1.0
236.070548922 0.0 0.0
236.581185922 1.0 0.0
237.091822922 0.0 0.0
237.602459922 1.0 1.0
238.11309692199998 0.0 0.0
238.62373392199999 1.0 0.0
239.134370922 0.0 0.0
239.645007922 1.0 1.0
240.155644922 0.0 0.0
240.666281922 1.0 0.0
241.176918922 0.0 0.0
241.687555922 1.0 1.0
242.198192922 0.0 0.0
242.708829922 1.0 0.0
243.21946692199998 0.0 0.0
243.73010392199998 1.0 1.0
244.240740922 0.0 0.0
244.751377922 1.0 0.0
245.262014922 0.0 0.0
245.772651922 1.0 1.0
246.283288922 0.0 0.0
246.793925922 1.0 0.0
247.304562922 0.0 0.0
247.815199922 1.0 1.0
248.325836922 0.0 0.0
248.83647392199998 1.0 0.0
249.34711092199998 0.0 0.0