0.496415631 1.0 1.0
1.225366631 0.0 0.0
1.954317631 1.0 0.0
2.6832686310000002 0.0 0.0
3.412219631 1.0 1.0
4.1411706310000005 0.0 0.0
4.870121631 1.0 0.0
5.599072631 0.0 0.0
6.328023631000001 1.0 1.0
7.056974631 0.0 0.0
7.7859256310000005 1.0 0.0
8.514876631 0.0 0.0
9.243827631 1.0 1.0
9.972778631 0.0 0.0
10.701729631000001 1.0 0.0
11.430680631 0.0 0.0
12.159631631 1.0 1.0
12.888582631000002 0.0 0.0
13.617533631000002 1.0 0.0
14.346484631000003 0.0 0.0
15.075435631000001 1.0 1.0
15.804386631000002 0.0 0.0
16.533337631000002 1.0 0.0
17.262288631 0.0 0.0
17.991239631000003 1.0 1.0
18.720190631 0.0 0.0
19.449141631000003 1.0 0.0
20.178092631000002 0.0 0.0
20.907043631 1.0 1.0
21.635994631000003 0.0 0.0
22.364945631 1.0 0.0
23.093896631000003 0.0 0.0
23.822847631 1.0 1.0
24.551798631 0.0 0.0
25.280749630999996 1.0 0.0
26.009700630999998 0.0 0.0
26.738651630999996 1.0 1.0
27.467602631 0.0 0.0
28.196553630999997 1.0 0.0
28.925504630999995 0.0 0.0
29.654455630999998 1.0 1.0
30.383406630999996 0.0 0.0
31.112357631 1.0 0.0
31.841308630999997 0.0 0.0
32.570259631 1.0 1.0
33.299210630999994 0.0 0.0
34.028161630999996 1.0 0.0
34.757112631 0.0 0.0
35.48606363099999 1.0 1.0
36.215014630999995 0.0 0.0
36.943965631 1.0 0.0
37.672916631 0.0 0.0
38.401867630999995 1.0 1.0
39.130818631 0.0 0.0
39.859769631 1.0 0.0
40.588720630999994 0.0 0.0
41.317671630999996 1.0 1.0
42.046622631 0.0 0.0
42.775573631 1.0 0.0
43.504524630999995 0.0 0.0
44.233475631 1.0 1.0
44.962426631 0.0 0.0
45.691377630999995 1.0 0.0
46.420328631 0.0 0.0
47.149279631 1.0 1.0
47.878230630999994 0.0 0.0
48.607181630999996 1.0 0.0
49.336132631 0.0 0.0
50.065083631 1.0 1.0
50.794034630999995 0.0 0.0
51.522985631 1.0 0.0
52.251936631 0.0 0.0
52.980887630999995 1.0 1.0
53.709838631 0.0 0.0
54.438789631 1.0 0.0
55.167740630999994 0.0 0.0
55.896691630999996 1.0 1.0
56.625642631 0.0 0.0
57.354593631 1.0 0.0
58.083544630999995 0.0 0.0
58.812495631 1.0 1.0
59.541446631 0.0 0.0
60.270397630999994 1.0 0.0
60.999348631 0.0 0.0
61.728299631 1.0 1.0
62.457250630999994 0.0 0.0
63.186201630999996 1.0 0.0
63.915152631 0.0 0.0
64.644103631 1.0 1.0
65.373054631 0.0 0.0
66.102005631 1.0 0.0
66.83095663099999 0.0 0.0
67.559907631 1.0 1.0
68.288858631 0.0 0.0
69.01780963099999 1.0 0.0
69.746760631 0.0 0.0
70.475711631 1.0 1.0
71.20466263099999 0.0 0.0
71.933613631 1.0 0.0
72.662564631 0.0 0.0
73.391515631 1.0 1.0
74.120466631 0.0 0.0
74.849417631 1.0 0.0
75.578368631 0.0 0.0
76.307319631 1.0 1.0
77.036270631 0.0 0.0
77.765221631 1.0 0.0
78.494172631 0.0 0.0
79.22312363099999 1.0 1.0
79.952074631 0.0 0.0
80.681025631 1.0 0.0
81.40997663099999 0.0 0.0
82.138927631 1.0 1.0
82.867878631 0.0 0.0
83.59682963099999 1.0 0.0
84.325780631 0.0 0.0
85.054731631 1.0 1.0
85.78368263099999 0.0 0.0
86.512633631 1.0 0.0
87.241584631 0.0 0.0
87.970535631 1.0 1.0
88.699486631 0.0 0.0
89.428437631 1.0 0.0
90.157388631 0.0 0.0
90.886339631 1.0 1.0
91.615290631 0.0 0.0
92.344241631 1.0 0.0
93.073192631 0.0 0.0
93.802143631 1.0 1.0
94.531094631 0.0 0.0
95.26004563100001 1.0 0.0
95.988996631 0.0 0.0
96.71794763100002 1.0 1.0
97.44689863100001 0.0 0.0
98.175849631 1.0 0.0
98.90480063100001 0.0 0.0
99.63375163100001 1.0 1.0
100.362702631 0.0 0.0
101.09165363100001 1.0 0.0
101.82060463100001 0.0 0.0
102.549555631 1.0 1.0
103.27850663100001 0.0 0.0
104.00745763100001 1.0 0.0
104.736408631 0.0 0.0
105.46535963100001 1.0 1.0
106.19431063100001 0.0 0.0
106.923261631 1.0 0.0
107.65221263100001 0.0 0.0
108.381163631 1.0 1.0
109.11011463100002 0.0 0.0
109.83906563100001 1.0 0.0
110.568016631 0.0 0.0
111.29696763100002 1.0 1.0
112.02591863100001 0.0 0.0
112.754869631 1.0 0.0
113.48382063100001 0.0 0.0
114.21277163100001 1.0 1.0
114.941722631 0.0 0.0
115.67067363100001 1.0 0.0
116.39962463100001 0.0 0.0
117.128575631 1.0 1.0
117.85752663100001 0.0 0.0
118.58647763100001 1.0 0.0
119.315428631 0.0 0.0
120.04437963100001 1.0 1.0
120.77333063100001 0.0 0.0
121.502281631 1.0 0.0
122.23123263100001 0.0 0.0
122.960183631 1.0 1.0
123.68913463100002 0.0 0.0
124.41808563100001 1.0 0.0
125.147036631 0.0 0.0
125.87598763100002 1.0 1.0
126.60493863100001 0.0 0.0
127.333889631 1.0 0.0
128.062840631 0.0 0.0
128.79179163100002 1.0 1.0
129.52074263100002 0.0 0.0
130.249693631 1.0 0.0
130.978644631 0.0 0.0
131.707595631 1.0 1.0
132.436546631 0.0 0.0
133.16549763100002 1.0 0.0
133.89444863100002 0.0 0.0
134.623399631 1.0 1.0
135.352350631 0.0 0.0
136.081301631 1.0 0.0
136.810252631 0.0 0.0
137.53920363100002 1.0 1.0
138.26815463100002 0.0 0.0
138.997105631 1.0 0.0
139.726056631 0.0 0.0
140.455007631 1.0 1.0
141.183958631 0.0 0.0
141.91290963100002 1.0 0.0
142.64186063100001 0.0 0.0
143.370811631 1.0 1.0
144.099762631 0.0 0.0
144.828713631 1.0 0.0
145.55766463100002 0.0 0.0
146.28661563100002 1.0 1.0
147.015566631 0.0 0.0
147.744517631 1.0 0.0
148.473468631 0.0 0.0
149.202419631 1.0 1.0
149.93137063100002 0.0 0.0
150.66032163100002 1.0 0.0
151.389272631 0.0 0.0
152.118223631 1.0 1.0
152.847174631 0.0 0.0
153.576125631 1.0 0.0
154.30507663100002 0.0 0.0
155.03402763100001 1.0 1.0
155.762978631 0.0 0.0
156.491929631 1.0 0.0
157.220880631 0.0 0.0
157.94983163100002 1.0 1.0
158.67878263100002 0.0 0.0
159.407733631 1.0 0.0
160.136684631 0.0 0.0
160.865635631 1.0 1.0
161.594586631 0.0 0.0
162.32353763100002 1.0 0.0
163.05248863100002 0.0 0.0
163.781439631 1.0 1.0
164.510390631 0.0 0.0
165.239341631 1.0 0.0
165.968292631 0.0 0.0
166.69724363100002 1.0 1.0
167.42619463100002 0.0 0.0
168.155145631 1.0 0.0
168.884096631 0.0 0.0
169.613047631 1.0 1.0
170.34199863100002 0.0 0.0
171.07094963100002 1.0 0.0
171.799900631 0.0 0.0
172.528851631 1.0 1.0
173.257802631 0.0 0.0
173.986753631 1.0 0.0
174.71570463100002 0.0 0.0
175.44465563100002 1.0 1.0
176.173606631 0.0 0.0
176.902557631 1.0 0.0
177.631508631 0.0 0.0
178.360459631 1.0 1.0
179.08941063100002 0.0 0.0
179.81836163100002 1.0 0.0
180.547312631 0.0 0.0
181.276263631 1.0 1.0
182.005214631 0.0 0.0
182.73416563100002 1.0 0.0
183.46311663100002 0.0 0.0
184.19206763100001 1.0 1.0
184.921018631 0.0 0.0
185.649969631 1.0 0.0
186.378920631 0.0 0.0
187.107871631 1.0 1.0
187.836822631 0.0 0.0
188.56577363099998 1.0 0.0
189.29472463099998 0.0 0.0
190.02367563099997 1.0 1.0
190.752626631 0.0 0.0
191.481577631 1.0 0.0
192.210528631 0.0 0.0
192.93947963099998 1.0 1.0
193.66843063099998 0.0 0.0
194.397381631 1.0 0.0
195.126332631 0.0 0.0
195.855283631 1.0 1.0
196.584234631 0.0 0.0
197.31318563099998 1.0 0.0
198.04213663099998 0.0 0.0
198.771087631 1.0 1.0
199.50003863100002 0.0 0.0
200.22898963100002 1.0 0.0
200.957940631 0.0 0.0
201.686891631 1.0 1.0
202.415842631 0.0 0.0
203.144793631 1.0 0.0
203.87374463100002 0.0 0.0
204.60269563100002 1.0 1.0
205.331646631 0.0 0.0
206.060597631 1.0 0.0
206.789548631 0.0 0.0
207.518499631 1.0 1.0
208.24745063100002 0.0 0.0
208.97640163100002 1.0 0.0
209.705352631 0.0 0.0
210.434303631 1.0 1.0
211.163254631 0.0 0.0
211.89220563100002 1.0 0.0
212.62115663100002 0.0 0.0
213.35010763100001 1.0 1.0
214.079058631 0.0 0.0
214.808009631 1.0 0.0
215.536960631 0.0 0.0
216.26591163100002 1.0 1.0
216.99486263100002 0.0 0.0
217.723813631 1.0 0.0
218.452764631 0.0 0.0
219.181715631 1.0 1.0
219.910666631 0.0 0.0
220.63961763100002 1.0 0.0
221.36856863100002 0.0 0.0
222.097519631 1.0 1.0
222.826470631 0.0 0.0
223.555421631 1.0 0.0
224.28437263100002 0.0 0.0
225.01332363100002 1.0 1.0
225.74227463100002 0.0 0.0
226.471225631 1.0 0.0
227.200176631 0.0 0.0
227.929127631 1.0 1.0
228.65807863100002 0.0 0.0
229.38702963100002 1.0 0.0
230.115980631 0.0 0.0
230.844931631 1.0 1.0
231.573882631 0.0 0.0
232.302833631 1.0 0.0
233.03178463100002 0.0 0.0
233.76073563100002 1.0 1.0
234.489686631 0.0 0.0
235.218637631 1.0 0.0
235.947588631 0.0 0.0
236.67653963100003 1.0 1.0
237.40549063100002 0.0 0.0
238.13444163100002 1.0 0.0
238.863392631 0.0 0.0
239.592343631 1.0 1.0
240.321294631 0.0 0.0
241.05024563100002 1.0 0.0
241.77919663100002 0.0 0.0
242.508147631 1.0 1.0
243.237098631 0.0 0.0
243.966049631 1.0 0.0
244.695000631 0.0 0.0
245.42395163100002 1.0 1.0
246.15290263100002 0.0 0.0
246.881853631 1.0 0.0
247.610804631 0.0 0.0
248.339755631 1.0 1.0
249.068706631 0.0 0.0
249.79765763100002 1.0 0.0
250.52660863100002 0.0 0.0
251.255559631 1.0 1.0
251.984510631 0.0 0.0
252.713461631 1.0 0.0
253.44241263100002 0.0 0.0
254.17136363100002 1.0 1.0
254.90031463100001 0.0 0.0
255.629265631 1.0 1.0
256.358216631 0.0 0.0
257.087167631 0.0 0.0
257.816118631 1.0 1.0
258.545069631 0.0 0.0
259.274020631 1.0 1.0