0.39315730500000007 1.0 0.0
0.9194723050000001 0.0 0.0
1.445787305 1.0 1.0
1.9721023050000002 0.0 0.0
2.4984173050000003 1.0 0.0
3.024732305 0.0 0.0
3.5510473050000004 1.0 1.0
4.077362305 0.0 0.0
4.603677305 1.0 0.0
5.129992305 0.0 0.0
5.656307305 1.0 1.0
6.182622305 0.0 0.0
6.708937305 1.0 0.0
7.235252305 0.0 0.0
7.761567305000001 1.0 1.0
8.287882305 0.0 0.0
8.814197305 1.0 0.0
9.340512305 0.0 0.0
9.866827305000001 1.0 1.0
10.393142305000001 0.0 0.0
10.919457305000002 1.0 0.0
11.445772305 0.0 0.0
11.972087305 1.0 1.0
12.498402305 0.0 0.0
13.024717305000001 1.0 0.0
13.551032305000001 0.0 0.0
14.077347305000002 1.0 1.0
14.603662305000002 0.0 0.0
15.129977305 1.0 0.0
15.656292305000001 0.0 0.0
16.182607305 1.0 1.0
16.708922305 0.0 0.0
17.235237305000002 1.0 0.0
17.761552305000002 0.0 0.0
18.287867305000002 1.0 1.0
18.814182305000003 0.0 0.0
19.340497305000003 1.0 0.0
19.866812305000003 0.0 0.0
20.393127305000004 1.0 1.0
20.919442305000004 0.0 0.0
21.445757305000004 1.0 0.0
21.972072305000005 0.0 0.0
22.498387305000005 1.0 1.0
23.024702305000005 0.0 0.0
23.551017305000006 1.0 0.0
24.077332305000006 0.0 0.0
24.603647305000006 1.0 1.0
25.129962305000003 0.0 0.0
25.656277305000003 1.0 0.0
26.182592305000004 0.0 0.0
26.708907305000004 1.0 1.0
27.235222305000004 0.0 0.0
27.761537305000004 1.0 0.0
28.287852305000005 0.0 0.0
28.814167305000005 1.0 1.0
29.340482305000005 0.0 0.0
29.866797305000006 1.0 0.0
30.393112305000006 0.0 0.0
30.919427305000006 1.0 1.0
31.445742305000007 0.0 0.0
31.972057305000007 1.0 0.0
32.498372305000004 0.0 0.0
33.02468730500001 1.0 1.0
33.551002305000004 0.0 0.0
34.07731730500001 1.0 0.0
34.603632305000005 0.0 0.0
35.12802004900001 1.0 1.0
35.65187621466667 0.0 0.0
36.17543521466668 1.0 0.0
36.698089674666676 0.0 0.0
37.21982867466668 1.0 1.0
37.741567674666676 0.0 0.0
38.26330667466668 1.0 0.0
38.78504567466668 0.0 0.0
39.30678467466668 1.0 1.0
39.82852367466668 0.0 0.0
40.353642813333344 1.0 0.0
40.87995781333334 0.0 0.0
41.406272813333345 1.0 1.0
41.93258781333334 0.0 0.0
42.458902813333346 1.0 0.0
42.98521781333334 0.0 0.0
43.511532813333346 1.0 1.0
44.03784781333334 0.0 0.0
44.56416281333334 1.0 0.0
45.090477813333344 0.0 0.0
45.61679281333334 1.0 1.0
46.143107813333344 0.0 0.0
46.66942281333334 1.0 0.0
47.195737813333345 0.0 0.0
47.72205281333334 1.0 1.0
48.248367813333346 0.0 0.0
48.77468281333334 1.0 0.0
49.30099781333334 0.0 0.0
49.82731281333334 1.0 1.0
50.35362781333335 0.0 0.0
50.879942813333344 1.0 0.0
51.40625781333334 0.0 0.0
51.932572813333344 1.0 1.0
52.45888781333335 0.0 0.0
52.985202813333345 1.0 0.0
53.51151781333334 0.0 0.0
54.037832813333345 1.0 1.0
54.56414781333334 0.0 0.0
55.090462813333346 1.0 0.0
55.61677781333334 0.0 0.0
56.14309281333334 1.0 1.0
56.66940781333334 0.0 0.0
57.19572281333335 1.0 0.0
57.722037813333344 0.0 0.0
58.24835281333335 1.0 1.0
58.774667813333345 0.0 0.0
59.30098281333335 1.0 0.0
59.827297813333345 0.0 0.0
60.35361281333334 1.0 1.0
60.879927813333346 0.0 0.0
61.40624281333335 1.0 0.0
61.93255781333335 0.0 0.0
62.45887281333334 1.0 1.0
62.98518781333335 0.0 0.0
63.51150281333335 1.0 0.0
64.03781781333335 0.0 0.0
64.56413281333334 1.0 1.0
65.09044781333336 0.0 0.0
65.61676281333335 1.0 0.0
66.14307781333335 0.0 0.0
66.66939281333335 1.0 1.0
67.19570781333334 0.0 0.0
67.72202281333335 1.0 0.0
68.24833781333335 0.0 0.0
68.77465281333335 1.0 1.0
69.30096781333336 0.0 0.0
69.82728281333335 1.0 0.0
70.35359781333335 0.0 0.0
70.87991281333336 1.0 1.0
71.40622781333336 0.0 0.0
71.93254281333336 1.0 0.0
72.45885781333335 0.0 0.0
72.98517281333335 1.0 1.0
73.51148781333336 0.0 0.0
74.03780281333336 1.0 0.0
74.56411781333335 0.0 0.0
75.09043281333336 1.0 1.0
75.61674781333335 0.0 0.0
76.14306281333336 1.0 0.0
76.66937781333336 0.0 0.0
77.19569281333335 1.0 1.0
77.72200781333336 0.0 0.0
78.24832281333336 1.0 0.0
78.77463781333336 0.0 0.0
79.30095281333337 1.0 1.0
79.82726781333335 0.0 0.0
80.35358281333336 1.0 0.0
80.87989781333336 0.0 0.0
81.40621281333335 1.0 1.0
81.93252781333337 0.0 0.0
82.45884281333335 1.0 0.0
82.98515781333336 0.0 0.0
83.51147281333336 1.0 1.0
84.03778781333335 0.0 0.0
84.56410281333336 1.0 0.0
85.09041781333336 0.0 0.0
85.61673281333336 1.0 1.0
86.14304781333337 0.0 0.0
86.66936281333335 1.0 0.0
87.19567781333336 0.0 0.0
87.72199281333336 1.0 1.0
88.24830781333335 0.0 0.0
88.77462281333337 1.0 0.0
89.30093781333335 0.0 0.0
89.82725281333336 1.0 1.0
90.35356781333336 0.0 0.0
90.87988281333335 1.0 0.0
91.40619781333336 0.0 0.0
91.93251281333336 1.0 1.0
92.45882781333336 0.0 0.0
92.98514281333337 1.0 0.0
93.51145781333335 0.0 0.0
94.03708866383336 1.0 1.0
94.56248266383335 0.0 0.0
95.08787666383336 1.0 0.0
95.61327066383335 0.0 0.0
96.13866466383335 1.0 1.0
96.66405866383336 0.0 0.0
97.18945266383335 1.0 0.0
97.71484666383336 0.0 0.0
98.24024066383335 1.0 1.0
98.76563466383335 0.0 0.0
99.29102866383336 1.0 0.0
99.81642266383335 0.0 0.0
100.34181666383336 1.0 1.0
100.86721066383335 0.0 0.0
101.39260466383335 1.0 0.0
101.91799866383336 0.0 0.0
102.44339266383335 1.0 1.0
102.96878666383336 0.0 0.0
103.49418066383335 1.0 0.0
104.01915533550002 0.0 0.0
104.54408933550002 1.0 1.0
105.06902333550002 0.0 0.0
105.59395733550001 1.0 0.0
106.11889133550001 0.0 0.0
106.64382533550001 1.0 1.0
107.16875933550001 0.0 0.0
107.69369333550001 1.0 0.0
108.21862733550002 0.0 0.0
108.74356133550002 1.0 1.0
109.26849533550002 0.0 0.0
109.79342933550001 1.0 0.0
110.31836333550001 0.0 0.0
110.84329733550001 1.0 1.0
111.36823133550001 0.0 0.0
111.89417392583334 1.0 0.0
112.42048892583335 0.0 0.0
112.94680392583335 1.0 1.0
113.47311892583335 0.0 0.0
113.99943392583334 1.0 0.0
114.52574892583335 0.0 0.0
115.05206392583335 1.0 1.0
115.57837892583335 0.0 0.0
116.10469392583335 1.0 0.0
116.63100892583336 0.0 0.0
117.15732392583335 1.0 1.0
117.68363892583335 0.0 0.0
118.20995392583335 1.0 0.0
118.73626892583334 0.0 0.0
119.26258392583335 1.0 1.0
119.78889892583335 0.0 0.0
120.31521392583335 1.0 0.0
120.84152892583334 0.0 0.0
121.36784392583336 1.0 1.0
121.89415892583335 0.0 0.0
122.42047392583335 1.0 0.0
122.94678892583335 0.0 0.0
123.47310392583336 1.0 1.0
123.99941892583335 0.0 0.0
124.52573392583335 1.0 0.0
125.05204892583335 0.0 0.0
125.57836392583334 1.0 1.0
126.10467892583335 0.0 0.0
126.63099392583335 1.0 0.0
127.15730892583335 0.0 0.0
127.68362392583336 1.0 1.0
128.20993892583334 0.0 0.0
128.73625392583335 1.0 0.0
129.26256892583336 0.0 0.0
129.78888392583335 1.0 1.0
130.31519892583336 0.0 0.0
130.84151392583334 1.0 0.0
131.36782892583335 0.0 0.0
131.89414392583336 1.0 1.0
132.42045892583334 0.0 0.0
132.94677392583336 1.0 0.0
133.47308892583334 0.0 0.0
133.99940392583335 1.0 1.0
134.52571892583336 0.0 0.0
135.05203392583334 1.0 0.0
135.57834892583335 0.0 0.0
136.10466392583336 1.0 1.0
136.63097892583335 0.0 0.0
137.15729392583336 1.0 0.0
137.68360892583334 0.0 0.0
138.20992392583335 1.0 1.0
138.73623892583336 0.0 0.0
139.26255392583334 1.0 0.0
139.78886892583336 0.0 0.0
140.31518392583337 1.0 1.0
140.84149892583335 0.0 0.0
141.36781392583336 1.0 0.0
141.89412892583334 0.0 0.0
142.42044392583335 1.0 1.0
142.94675892583336 0.0 0.0
143.47307392583335 1.0 0.0
143.99938892583336 0.0 0.0
144.52570392583334 1.0 1.0
145.05201892583335 0.0 0.0
145.57833392583336 1.0 0.0
146.10464892583335 0.0 0.0
146.63096392583336 1.0 1.0
147.15727892583334 0.0 0.0
147.68359392583335 1.0 0.0
148.20990892583336 0.0 0.0
148.73622392583334 1.0 1.0
149.26253892583335 0.0 0.0
149.78885392583334 1.0 0.0
150.31516892583335 0.0 0.0
150.84148392583336 1.0 1.0
151.36779892583334 0.0 0.0
151.89411392583335 1.0 0.0
152.42042892583333 0.0 0.0
152.94674392583335 1.0 1.0
153.47305892583336 0.0 0.0
153.99937392583337 1.0 0.0
154.52568892583335 0.0 0.0
155.05200392583336 1.0 1.0
155.57831892583334 0.0 0.0
156.10463392583335 1.0 0.0
156.63094892583337 0.0 0.0
157.15726392583335 1.0 1.0
157.68357892583336 0.0 0.0
158.20989392583334 1.0 0.0
158.73620892583335 0.0 0.0
159.26252392583336 1.0 1.0
159.78883892583335 0.0 0.0
160.31515392583336 1.0 0.0
160.84146892583334 0.0 0.0
161.36778392583335 1.0 1.0
161.89409892583336 0.0 0.0
162.42041392583334 1.0 0.0
162.94672892583336 0.0 0.0
163.47304392583334 1.0 1.0
163.99935892583335 0.0 0.0
164.52567392583336 1.0 0.0
165.05198892583334 0.0 0.0
165.57830392583335 1.0 1.0
166.10461892583334 0.0 0.0
166.63093392583335 1.0 0.0
167.15724892583336 0.0 0.0
167.68356392583337 1.0 1.0
168.20987892583335 0.0 0.0
168.73619392583336 1.0 0.0
169.26250892583334 0.0 0.0
169.78882392583336 1.0 1.0
170.31513892583337 0.0 0.0
170.84145392583335 1.0 0.0
171.36776892583336 0.0 0.0
171.89408392583334 1.0 1.0
172.42039892583335 0.0 0.0
172.94671392583336 1.0 0.0
173.47302892583335 0.0 0.0
173.99934392583336 1.0 1.0
174.52565892583334 0.0 0.0
175.05197392583335 1.0 0.0
175.57828892583336 0.0 0.0
176.10460392583337 1.0 1.0
176.63091892583336 0.0 0.0
177.15723392583334 1.0 0.0
177.68354892583335 0.0 0.0
178.20986392583336 1.0 1.0
178.73617892583337 0.0 0.0
179.26249392583335 1.0 0.0
179.78880892583334 0.0 0.0
180.31512392583335 1.0 1.0
180.84143892583336 0.0 0.0
181.36775392583337 1.0 0.0
181.89406892583335 0.0 0.0
182.42038392583333 1.0 1.0
182.94669892583335 0.0 0.0
183.47301392583336 1.0 0.0
183.99932892583337 0.0 0.0
184.52564392583335 1.0 1.0
185.05195892583336 0.0 0.0
185.57827392583334 1.0 0.0
186.10458892583335 0.0 0.0
186.63090392583337 1.0 1.0
187.15721892583335 0.0 0.0
187.68353392583336 1.0 0.0
188.20984892583334 0.0 0.0
188.73616392583335 1.0 1.0
189.26247892583336 0.0 0.0
189.78879392583337 1.0 0.0
190.31510892583336 0.0 0.0
190.84142392583334 1.0 1.0
191.36773892583335 0.0 0.0
191.89405392583336 1.0 0.0
192.42036892583337 0.0 0.0
192.94668392583336 1.0 1.0
193.47299892583334 0.0 0.0
193.99931392583335 1.0 0.0
194.52562892583336 0.0 0.0
195.05194392583337 1.0 1.0
195.57825892583335 0.0 0.0
196.10457392583334 1.0 0.0
196.63088892583335 0.0 0.0
197.15720392583336 1.0 1.0
197.68351892583337 0.0 0.0
198.20983392583335 1.0 0.0
198.73614892583336 0.0 0.0
199.26246392583334 1.0 1.0
199.78877892583336 0.0 0.0
200.31509392583337 1.0 0.0
200.84140892583338 0.0 0.0
201.36772392583336 1.0 1.0
201.89403892583334 0.0 0.0
202.42035392583335 1.0 0.0
202.94666892583336 0.0 0.0
203.47298392583338 1.0 1.0
203.99929892583336 0.0 0.0
204.52561392583334 1.0 0.0
205.05192892583335 0.0 0.0
205.57824392583336 1.0 1.0
206.10455892583337 0.0 0.0
206.63087392583336 1.0 0.0
207.15718892583334 0.0 0.0
207.68350392583335 1.0 1.0
208.20981892583336 0.0 0.0
208.73613392583337 1.0 0.0
209.26244892583335 0.0 0.0
209.78876392583334 1.0 1.0
210.31507892583335 0.0 0.0
210.84139392583336 1.0 0.0
211.36770892583337 0.0 0.0
211.89402392583335 1.0 1.0
212.42033892583336 0.0 0.0
212.94665392583335 1.0 0.0
213.47296892583336 0.0 0.0
213.99928392583337 1.0 1.0
214.52559892583338 0.0 0.0
215.05191392583336 1.0 0.0
215.57822892583334 0.0 0.0
216.10454392583335 1.0 1.0
216.63085892583337 0.0 0.0
217.15717392583338 1.0 0.0
217.68348892583336 0.0 0.0
218.20980392583334 1.0 1.0
218.73611892583335 0.0 0.0
219.26243392583336 1.0 0.0
219.78874892583337 0.0 0.0
220.31506392583336 1.0 1.0
220.84137892583334 0.0 0.0
221.36769392583335 1.0 0.0
221.89400892583336 0.0 0.0
222.42032392583337 1.0 1.0
222.94663892583335 0.0 0.0
223.47295392583337 0.0 0.0
223.99926892583335 1.0 0.0
224.52558392583336 0.0 0.0
225.05189892583337 1.0 1.0
225.57821392583335 0.0 0.0
226.10452892583336 1.0 0.0
226.63084392583335 0.0 0.0
227.15715892583336 0.0 0.0