0.8012291 1.0 1.0
1.7243041000000001 0.0 0.0
2.6473790999999998 1.0 0.0
3.5704541 0.0 0.0
4.493529100000001 1.0 1.0
5.416604100000001 0.0 0.0
6.3396791000000015 1.0 0.0
7.262754100000001 0.0 0.0
8.185829100000001 1.0 1.0
9.108904100000002 0.0 0.0
10.031979100000001 1.0 0.0
10.955054100000002 0.0 0.0
11.878129100000002 1.0 1.0
12.801204100000001 0.0 0.0
13.724279100000002 1.0 0.0
14.647354100000001 0.0 0.0
15.5704291 1.0 1.0
16.4935041 0.0 0.0
17.4165791 1.0 0.0
18.3396541 0.0 0.0
19.2627291 1.0 1.0
20.185804100000002 0.0 0.0
21.1088791 1.0 0.0
22.0319541 0.0 0.0
22.9550291 1.0 1.0
23.8781041 0.0 0.0
24.801179100000002 1.0 0.0
25.7242541 0.0 0.0
26.6473291 1.0 1.0
27.5704041 0.0 0.0
28.493479100000002 1.0 0.0
29.416554100000003 0.0 0.0
30.339629100000003 1.0 1.0
31.262704100000004 0.0 0.0
32.185779100000005 1.0 0.0
33.1088541 0.0 0.0
34.0319291 1.0 1.0
34.955004100000004 0.0 0.0
35.8780791 1.0 0.0
36.801154100000005 0.0 0.0
37.7242291 1.0 1.0
38.6473041 0.0 0.0
39.570379100000004 1.0 0.0
40.4934541 0.0 0.0
41.416529100000005 1.0 1.0
42.3396041 0.0 0.0
43.2626791 1.0 0.0
44.185754100000004 0.0 0.0
45.1088291 1.0 1.0
46.031904100000006 0.0 0.0
46.9549791 1.0 1.0
47.8780541 0.0 0.0
48.801129100000004 1.0 0.0
49.7242041 0.0 0.0
50.647279100000006 1.0 1.0
51.5703541 0.0 0.0
52.4934291 1.0 0.0
53.416504100000004 0.0 0.0
54.3395791 1.0 1.0
55.262654100000006 0.0 0.0
56.1857291 1.0 0.0
57.1088041 0.0 0.0
58.031879100000005 1.0 1.0
58.9549541 0.0 0.0
59.878029100000006 1.0 0.0
60.8011041 0.0 0.0
61.72417910000001 1.0 1.0
62.647254100000005 0.0 0.0
63.5703291 1.0 0.0
64.4934041 0.0 0.0
65.4164791 1.0 1.0
66.3395541 0.0 0.0
67.2626291 1.0 0.0
68.18570410000001 0.0 0.0
69.1087791 1.0 1.0
70.0318541 0.0 0.0
70.9549291 1.0 0.0
71.8780041 0.0 0.0
72.80107910000001 1.0 1.0
73.7241541 0.0 0.0
74.6472291 1.0 0.0
75.5703041 0.0 0.0
76.4933791 1.0 1.0
77.41645410000001 0.0 0.0
78.33952910000001 1.0 0.0
79.2626041 0.0 0.0
80.1856791 1.0 1.0
81.10875410000001 0.0 0.0
82.03182910000001 1.0 0.0
82.95490410000001 0.0 0.0
83.8779791 1.0 1.0
84.8010541 0.0 0.0
85.72412910000001 1.0 0.0
86.64720410000001 0.0 0.0
87.57027910000001 1.0 1.0
88.4933541 0.0 0.0
89.4164291 1.0 0.0
90.33950410000001 0.0 0.0
91.26257910000001 1.0 1.0
92.18565410000001 0.0 0.0
93.1087291 1.0 0.0
94.0318041 0.0 0.0
94.95487910000001 1.0 1.0
95.87795410000001 0.0 0.0
96.80102910000001 1.0 0.0
97.7241041 0.0 0.0
98.6471791 1.0 1.0
99.57025410000001 0.0 0.0
100.49332910000001 1.0 0.0
101.41640410000001 0.0 0.0
102.3394791 1.0 1.0
103.2625541 0.0 0.0
104.18562910000001 1.0 0.0
105.10870410000001 0.0 0.0
106.03177910000001 1.0 1.0
106.9548541 0.0 0.0
107.8779291 1.0 0.0
108.80100410000001 0.0 0.0
109.72407910000001 1.0 1.0
110.64715410000001 0.0 0.0
111.5702291 1.0 0.0
112.4933041 0.0 0.0
113.41637910000001 1.0 1.0
114.33945410000001 0.0 0.0
115.26252910000001 1.0 0.0
116.1856041 0.0 0.0
117.1086791 1.0 1.0
118.03175410000001 0.0 0.0
118.95482910000001 1.0 0.0
119.87790410000001 0.0 0.0
120.8009791 1.0 1.0
121.7240541 0.0 0.0
122.64712910000002 1.0 0.0
123.57020410000001 0.0 0.0
124.49327910000001 1.0 1.0
125.4163541 0.0 0.0
126.3394291 1.0 0.0
127.26250410000002 0.0 0.0
128.1855791 1.0 1.0
129.10865410000002 0.0 0.0
130.0317291 1.0 0.0
130.95480410000002 0.0 0.0
131.8778791 1.0 1.0
132.8009541 0.0 0.0
133.72402910000002 1.0 0.0
134.6471041 0.0 0.0
135.57017910000002 1.0 1.0
136.4932541 0.0 0.0
137.4163291 1.0 0.0
138.33940410000002 0.0 0.0
139.2624791 1.0 1.0
140.18555410000002 0.0 0.0
141.1086291 1.0 0.0
142.0317041 0.0 0.0
142.95477910000002 1.0 1.0
143.8778541 0.0 0.0
144.80092910000002 1.0 0.0
145.7240041 0.0 0.0
146.6470791 1.0 1.0
147.57015410000002 0.0 0.0
148.4932291 1.0 0.0
149.41630410000002 0.0 0.0
150.3393791 1.0 1.0
151.2624541 0.0 0.0
152.18552910000002 1.0 0.0
153.1086041 0.0 0.0
154.03167910000002 1.0 1.0
154.9547541 0.0 0.0
155.8778291 1.0 0.0
156.80090410000003 0.0 0.0
157.7239791 1.0 1.0
158.64705410000002 0.0 0.0
159.5701291 1.0 0.0
160.4932041 0.0 0.0
161.41627910000003 1.0 1.0
162.3393541 0.0 0.0
163.26242910000002 1.0 0.0
164.1855041 0.0 0.0
165.10857910000001 1.0 1.0
166.03165410000003 0.0 0.0
166.9547291 1.0 0.0
167.87780410000002 0.0 0.0
168.8008791 1.0 1.0
169.72395410000001 0.0 0.0
170.64702910000003 1.0 0.0
171.5701041 0.0 0.0
172.49317910000002 1.0 1.0
173.4162541 0.0 0.0
174.33932910000001 1.0 0.0
175.26240410000003 0.0 0.0
176.1854791 1.0 1.0
177.10855410000002 0.0 0.0
178.0316291 1.0 0.0
178.95470410000001 0.0 0.0
179.87777910000003 1.0 1.0
180.8008541 0.0 0.0
181.72392910000002 1.0 0.0
182.6470041 0.0 0.0
183.57007910000002 1.0 1.0
184.49315410000003 0.0 0.0
185.4162291 1.0 0.0
186.33930410000002 0.0 0.0
187.2623791 1.0 1.0
188.18545410000002 0.0 0.0
189.10852910000003 1.0 0.0
190.0316041 0.0 0.0
190.95467910000002 1.0 1.0
191.8777541 0.0 0.0
192.80082910000002 1.0 0.0
193.72390410000003 0.0 0.0
194.6469791 1.0 1.0
195.57005410000002 0.0 0.0
196.4931291 1.0 0.0
197.41620410000002 0.0 0.0
198.33927910000003 1.0 1.0
199.2623541 0.0 0.0
200.18542910000002 1.0 0.0
201.1085041 0.0 0.0
202.03157910000002 1.0 1.0
202.95465410000003 0.0 0.0
203.8777291 1.0 0.0
204.80080410000002 0.0 0.0
205.7238791 1.0 1.0
206.64695410000002 0.0 0.0
207.57002910000003 1.0 0.0
208.4931041 0.0 0.0
209.41617910000002 1.0 1.0
210.3392541 0.0 0.0
211.26232910000002 1.0 0.0
212.18540410000003 0.0 0.0
213.1084791 1.0 1.0
214.03155410000002 0.0 0.0
214.9546291 1.0 0.0
215.87770410000002 0.0 0.0
216.80077910000003 1.0 1.0
217.7238541 0.0 0.0
218.64692910000002 1.0 0.0
219.5700041 0.0 0.0
220.49307910000002 1.0 1.0
221.41615410000003 0.0 0.0
222.3392291 1.0 0.0
223.26230410000002 0.0 0.0
224.1853791 1.0 1.0
225.10845410000002 0.0 0.0
226.03152910000003 1.0 0.0
226.9546041 0.0 0.0
227.87767910000002 1.0 1.0
228.8007541 0.0 0.0
229.72382910000002 1.0 0.0
230.64690410000003 0.0 0.0
231.5699791 1.0 1.0
232.49305410000002 0.0 0.0
233.4161291 1.0 0.0
234.33920410000002 0.0 0.0
235.26227910000003 1.0 1.0
236.1853541 0.0 0.0
237.10842910000002 1.0 0.0
238.0315041 0.0 0.0
238.95457910000002 1.0 1.0
239.87765410000003 0.0 0.0
240.8007291 0.0 0.0
241.72380410000002 1.0 1.0
242.6468791 0.0 0.0
243.56995410000002 1.0 0.0
244.49302910000003 0.0 0.0
245.4161041 1.0 1.0
246.33917910000002 0.0 0.0
247.2622541 1.0 0.0
248.18532910000002 0.0 0.0
249.10840410000003 1.0 1.0
250.0314791 0.0 0.0
250.95455410000002 1.0 0.0
251.8776291 0.0 0.0
252.8007041 1.0 0.0
253.7237791 0.0 0.0
254.64685409999998 1.0 1.0
255.5699291 0.0 0.0
256.4930041 1.0 0.0
257.4160791 0.0 0.0
258.3391541 1.0 1.0
259.2622291 0.0 0.0
260.1853041 1.0 0.0
261.1083791 0.0 0.0
262.0314541 1.0 1.0
262.9545291 0.0 0.0
263.8776041 1.0 0.0
264.80067909999997 0.0 0.0
265.7237541 1.0 1.0
266.6468291 0.0 0.0
267.5699041 1.0 0.0
268.4929791 0.0 0.0
269.4160541 1.0 1.0
270.3391291 0.0 0.0
271.2622041 0.0 0.0