0.63181755 0.0 0.0
1.5409075499999998 1.0 1.0
2.44999755 0.0 0.0
3.35908755 1.0 0.0
4.268177550000001 0.0 0.0
5.177267550000001 1.0 1.0
6.086357550000001 0.0 0.0
6.995447550000001 1.0 0.0
7.904537550000001 0.0 0.0
8.813627550000001 1.0 1.0
9.72271755 0.0 0.0
10.631807550000001 1.0 0.0
11.54089755 0.0 0.0
12.449987550000001 1.0 1.0
13.35907755 0.0 0.0
14.268167550000001 1.0 0.0
15.17725755 0.0 0.0
16.08634755 1.0 1.0
16.995437550000002 0.0 0.0
17.90452755 1.0 0.0
18.81361755 0.0 0.0
19.722707550000003 1.0 1.0
20.63179755 0.0 0.0
21.54088755 1.0 0.0
22.44997755 0.0 0.0
23.359067550000002 1.0 1.0
24.26815755 0.0 0.0
25.17724755 1.0 0.0
26.08633755 0.0 0.0
26.995427550000002 1.0 1.0
27.90451755 0.0 0.0
28.81360755 1.0 0.0
29.72269755 0.0 0.0
30.631787550000002 1.0 1.0
31.540877549999998 0.0 0.0
32.44996755 1.0 0.0
33.359057549999996 0.0 0.0
34.268147549999995 1.0 1.0
35.17723755 0.0 0.0
36.08632755 1.0 0.0
36.99541755 0.0 0.0
37.90450755 1.0 1.0
38.81359755 0.0 0.0
39.722687549999996 1.0 0.0
40.631777549999995 0.0 0.0
41.540867549999994 1.0 1.0
42.44995755 0.0 0.0
43.35904755 1.0 0.0
44.26813755 0.0 0.0
45.17722755 1.0 1.0
46.1135410825 0.0 0.0
47.0621570825 1.0 0.0
48.0107730825 0.0 0.0
48.9593890825 1.0 1.0
49.88036982083334 0.0 0.0
50.789459820833336 1.0 0.0
51.698549820833335 0.0 0.0
52.60763982083334 1.0 1.0
53.51672982083334 0.0 0.0
54.42581982083334 1.0 0.0
55.33490982083334 0.0 0.0
56.24399982083334 1.0 1.0
57.15308982083334 0.0 0.0
58.062179820833336 1.0 0.0
58.971269820833335 0.0 0.0
59.880359820833334 1.0 1.0
60.78944982083333 0.0 0.0
61.69853982083333 1.0 0.0
62.60762982083333 0.0 0.0
63.51671982083333 1.0 1.0
64.42580982083334 0.0 0.0
65.33489982083333 1.0 0.0
66.24398982083333 0.0 0.0
67.15307982083334 1.0 1.0
68.06216982083333 0.0 0.0
68.97125982083332 1.0 1.0
69.88034982083333 0.0 0.0
70.78943982083334 0.0 0.0
71.69852982083333 1.0 0.0
72.60761982083334 0.0 0.0
73.51670982083334 1.0 1.0
74.42579982083333 0.0 0.0
75.33488982083333 1.0 0.0
76.24397982083333 0.0 0.0
77.15306982083334 1.0 1.0
78.07673214583333 0.0 0.0
79.02286094083334 1.0 0.0
79.96174340416667 0.0 0.0
80.88704521666668 1.0 1.0
81.79613521666668 0.0 0.0
82.70522521666668 1.0 0.0
83.61431521666668 0.0 0.0
84.52340521666667 1.0 1.0
85.43249521666668 0.0 0.0
86.34158521666667 1.0 0.0
87.25067521666668 0.0 0.0
88.15976521666668 1.0 1.0
89.06885521666668 0.0 0.0
89.97794521666668 1.0 0.0
90.88703521666667 0.0 0.0
91.79612521666668 1.0 1.0
92.70521521666667 0.0 0.0
93.61430521666668 1.0 0.0
94.52339521666667 0.0 0.0
95.43248521666668 1.0 1.0
96.34157521666668 0.0 0.0
97.25066521666668 1.0 0.0
98.15975521666668 0.0 0.0
99.07486459375002 1.0 1.0
99.99793959375002 0.0 0.0
100.92101459375002 1.0 0.0
101.84408959375001 0.0 0.0
102.76716459375001 1.0 1.0
103.69023959375002 0.0 0.0
104.61331459375002 1.0 0.0
105.53638959375002 0.0 0.0
106.45946459375001 1.0 1.0
107.37249952916669 0.0 0.0
108.27213150250002 1.0 0.0
109.16765350250002 0.0 0.0
110.06317550250002 1.0 1.0
110.95869750250002 0.0 0.0
111.85421950250002 1.0 0.0
112.74974150250003 0.0 0.0
113.64526350250003 1.0 1.0
114.54078550250003 0.0 0.0
115.43630750250003 1.0 0.0
116.3539103166667 0.0 0.0
117.28055031666669 1.0 1.0
118.18653375833337 0.0 0.0
119.08342272333337 1.0 0.0
119.95908685500002 0.0 0.0
120.84786579833336 1.0 1.0
121.75889373333335 0.0 0.0
122.67843373333336 1.0 0.0
123.59797373333336 0.0 0.0
124.51751373333336 1.0 1.0
125.43705373333336 0.0 0.0
126.35659373333336 1.0 0.0
127.27613373333335 0.0 0.0
128.20193507208336 1.0 1.0
129.14681607208337 0.0 0.0
130.09415452208336 1.0 0.0
131.06189552208338 0.0 0.0
132.02963652208336 1.0 1.0
132.9563706979167 0.0 0.0
133.8654606979167 1.0 0.0
134.77455069791668 0.0 0.0
135.6836406979167 1.0 1.0
136.5927306979167 0.0 0.0
137.50182069791668 1.0 0.0
138.41091069791668 0.0 0.0
139.3200006979167 1.0 1.0
140.2290906979167 0.0 0.0
141.13818069791668 1.0 0.0
142.0472706979167 0.0 0.0
142.9563606979167 1.0 1.0
143.86545069791669 0.0 0.0
144.77454069791668 1.0 0.0
145.6836306979167 0.0 0.0
146.5927206979167 1.0 1.0
147.50181069791668 0.0 0.0
148.40887413958336 1.0 0.0
149.3291589479167 0.0 0.0
150.2557989479167 1.0 1.0
151.1824389479167 0.0 0.0
152.10907894791671 1.0 0.0
153.0357189479167 0.0 0.0
153.9623589479167 1.0 0.0
154.8889989479167 0.0 0.0
155.8156389479167 1.0 1.0
156.7422789479167 0.0 0.0
157.6689189479167 1.0 0.0
158.59555894791671 0.0 0.0
159.5221989479167 1.0 1.0
160.4488389479167 0.0 0.0
161.3754789479167 1.0 0.0
162.3021189479167 0.0 0.0
163.2287589479167 1.0 1.0
164.1553989479167 0.0 0.0
165.08203894791671 1.0 0.0
166.0086789479167 0.0 0.0
166.9612609041667 1.0 1.0
167.9251159041667 0.0 0.0
168.88897090416668 1.0 0.0
169.8528259041667 0.0 0.0
170.8166809041667 1.0 1.0
171.7736604666667 0.0 0.0
172.69758045833336 1.0 0.0
173.61361045833334 0.0 0.0
174.52964045833335 1.0 1.0
175.44567045833335 0.0 0.0
176.36170045833336 1.0 0.0
177.27773045833334 0.0 0.0
178.19376045833334 1.0 1.0
179.10979045833335 0.0 0.0
180.02582045833336 1.0 0.0
180.94185045833336 0.0 0.0
181.85788045833334 1.0 1.0
182.77391045833335 0.0 0.0
183.68994045833335 1.0 0.0
184.60597045833336 0.0 0.0
185.52200045833334 1.0 1.0
186.43803045833334 0.0 0.0
187.35406045833335 1.0 0.0
188.27009045833336 0.0 0.0
189.18612045833336 1.0 1.0
190.10215045833334 0.0 0.0
191.01818045833335 1.0 0.0
191.93421045833335 0.0 0.0
192.85024045833336 1.0 1.0