0.8951613500000001 1.0 0.0
1.8629033500000003 0.0 0.0
2.83064535 1.0 1.0
3.7983873500000005 0.0 0.0
4.766129350000001 1.0 0.0
5.73387135 0.0 0.0
6.701613350000001 1.0 1.0
7.669355350000001 0.0 0.0
8.637097350000001 1.0 0.0
9.60483935 0.0 0.0
10.572581350000002 1.0 1.0
11.540323350000001 0.0 0.0
12.50806535 1.0 0.0
13.475807350000002 0.0 0.0
14.443549350000001 1.0 1.0
15.41129135 0.0 0.0
16.37903335 1.0 0.0
17.34677535 0.0 0.0
18.314517350000003 1.0 1.0
19.28225935 0.0 0.0
20.25000135 1.0 0.0
21.217743350000003 0.0 0.0
22.185485350000004 1.0 1.0
23.15322735 0.0 0.0
24.120969350000003 1.0 0.0
25.088711350000004 0.0 0.0
26.05645335 1.0 1.0
27.024195350000003 0.0 0.0
27.991937350000004 1.0 0.0
28.959679350000002 0.0 0.0
29.927421350000003 1.0 1.0
30.895163350000004 0.0 0.0
31.86290535 1.0 0.0
32.83064735 0.0 0.0
33.79838935 1.0 1.0
34.76613135 0.0 0.0
35.73387335 1.0 0.0
36.701615350000004 0.0 0.0
37.669357350000006 1.0 1.0
38.63709935000001 0.0 0.0
39.60484135 1.0 0.0
40.57258335 0.0 0.0
41.54032535 1.0 1.0
42.508067350000005 0.0 0.0
43.475809350000006 1.0 0.0
44.44355135000001 0.0 0.0
45.41129335000001 1.0 1.0
46.37903535 0.0 0.0
47.34677735 1.0 0.0
48.314519350000005 0.0 0.0
49.282261350000006 1.0 1.0
50.25000335000001 0.0 0.0
51.21774535000001 1.0 0.0
52.18548735 0.0 0.0
53.153229350000004 1.0 1.0
54.120971350000005 0.0 0.0
55.088713350000006 1.0 0.0
56.05645535000001 0.0 0.0
57.02419735000001 1.0 1.0
57.99193935 0.0 0.0
58.959681350000004 1.0 0.0
59.927423350000005 0.0 0.0
60.895165350000006 1.0 1.0
61.86290735000001 0.0 0.0
62.83064935000001 1.0 0.0
63.79839135000001 0.0 0.0
64.76613335 1.0 1.0
65.73387535 0.0 0.0
66.70161735 1.0 0.0
67.66935935000001 0.0 0.0
68.63710135000001 1.0 1.0
69.60484335000001 0.0 0.0
70.57258535000001 1.0 0.0
71.54032735000001 0.0 0.0
72.50806935000001 1.0 1.0
73.47581135 0.0 0.0
74.44355335 1.0 0.0
75.41129535 0.0 0.0
76.37903735 1.0 1.0
77.34677935 0.0 0.0
78.31452135 1.0 0.0
79.28226335000001 0.0 0.0
80.25000535000001 1.0 1.0
81.21774735000001 0.0 0.0
82.18548935000001 1.0 0.0
83.15323135000001 0.0 0.0
84.12097335000001 1.0 1.0
85.08871535000002 0.0 0.0
86.05645735 1.0 0.0
87.02419935 0.0 0.0
87.99194135 1.0 1.0
88.95968335 0.0 0.0
89.92742535000001 1.0 0.0
90.89516735000001 0.0 0.0
91.86290935000001 1.0 1.0
92.83065135000001 0.0 0.0
93.79839335000001 1.0 0.0
94.76613535000001 0.0 0.0
95.73387735000001 1.0 1.0
96.70161935000002 0.0 0.0
97.66936135000002 1.0 0.0
98.63710335 0.0 0.0
99.60484535 1.0 1.0
100.57258735 0.0 0.0
101.54032935000001 1.0 0.0
102.50807135000001 0.0 0.0
103.47581335000001 1.0 1.0
104.44355535000001 0.0 0.0
105.41129735000001 1.0 0.0
106.37903935000001 0.0 0.0
107.34678135000001 1.0 1.0
108.31452335000002 0.0 0.0
109.28226535000002 1.0 0.0
110.25000735000002 0.0 0.0
111.21774935 1.0 1.0
112.18549135 0.0 0.0
113.15323335000001 1.0 0.0
114.12097535000001 0.0 0.0
115.08871735000001 1.0 1.0
116.05645935000001 0.0 0.0
117.02420135000001 1.0 0.0
117.99194335000001 0.0 0.0
118.95968535000002 1.0 1.0
119.92742735000002 0.0 0.0
120.89516935000002 1.0 0.0
121.86291135000002 0.0 0.0
122.83065335000002 1.0 1.0
123.79839535 0.0 0.0
124.76613735000002 1.0 0.0
125.73387935000002 0.0 0.0
126.70162135000002 1.0 1.0
127.66936335000003 0.0 0.0
128.63710535000004 1.0 0.0
129.60484735000003 0.0 0.0
130.57258935000002 1.0 1.0
131.54033135000003 0.0 0.0
132.50807335000002 1.0 0.0
133.47581535 0.0 0.0
134.44355735000002 1.0 1.0
135.41129935 0.0 0.0
136.37904135000002 1.0 0.0
137.34678335 0.0 0.0
138.31452535000003 1.0 1.0
139.28226735 0.0 0.0
140.25000935000003 1.0 0.0
141.21775135000001 0.0 0.0
142.18549335 1.0 1.0
143.15323535000002 0.0 0.0
144.12097735 1.0 0.0
145.08871935000002 0.0 0.0
146.05646135 1.0 1.0
147.02420335000002 0.0 0.0
147.99194535 1.0 0.0
148.95968735000002 0.0 0.0
149.92742935 1.0 1.0
150.89517135000003 0.0 0.0
151.86291335 1.0 0.0
152.83065535000003 0.0 0.0
153.79839735000002 1.0 1.0
154.76613935 0.0 0.0
155.73388135000002 1.0 0.0
156.70162335 0.0 0.0
157.66936535000002 1.0 1.0
158.63710735 0.0 0.0
159.60484935000002 1.0 0.0
160.57259135 0.0 0.0
161.54033335000003 1.0 1.0
162.50807535 0.0 0.0
163.47581735000003 1.0 0.0
164.44355935000002 0.0 0.0
165.41130135000003 1.0 1.0
166.37904335000002 0.0 0.0
167.34678535 1.0 0.0
168.31452735000002 0.0 0.0
169.28226935 1.0 1.0
170.25001135000002 0.0 0.0
171.21775335 1.0 0.0
172.18549535000002 0.0 0.0
173.15323735 1.0 1.0
174.12097935000003 0.0 0.0
175.08872135000001 1.0 0.0
176.05646335000003 0.0 0.0
177.02420535000002 1.0 1.0
177.99194735000003 0.0 0.0
178.95968935000002 1.0 0.0
179.92743135 0.0 0.0
180.89517335000002 1.0 1.0
181.86291535 0.0 0.0
182.83065735000002 1.0 0.0
183.79839935 0.0 0.0
184.76614135000003 1.0 1.0
185.73388335 0.0 0.0
186.70162535000003 1.0 0.0
187.66936735000002 0.0 0.0
188.63710935000003 1.0 1.0
189.60485135000002 0.0 0.0
190.57259335000003 1.0 0.0
191.54033535000002 0.0 0.0
192.50807735 1.0 1.0
193.47581935000002 0.0 0.0
194.44356135 1.0 0.0
195.41130335000003 0.0 0.0
196.37904535 1.0 1.0
197.34678735000003 0.0 0.0
198.31452935000002 1.0 0.0
199.28227135000003 0.0 0.0
200.25001335000002 1.0 1.0
201.21775535000003 0.0 0.0
202.18549735000002 1.0 0.0
203.15323935000004 0.0 0.0
204.12098135000002 1.0 1.0
205.08872335 0.0 0.0
206.05646535000002 1.0 0.0
207.02420735 0.0 0.0
207.99194935000003 1.0 1.0
208.95969135 0.0 0.0
209.92743335000003 1.0 0.0
210.89517535000002 0.0 0.0
211.86291735000003 1.0 1.0
212.83065935000002 0.0 0.0
213.79840135000003 1.0 0.0
214.76614335000002 0.0 0.0
215.73388535 1.0 1.0
216.70162735000002 0.0 0.0
217.66936935 1.0 0.0
218.63711135000003 0.0 0.0
219.60485335 1.0 1.0
220.57259535000003 0.0 0.0
221.54033735000002 1.0 0.0
222.50807935000003 0.0 0.0
223.47582135000002 1.0 1.0
224.44356335000003 0.0 0.0
225.41130535000002 1.0 0.0
226.37904735000004 0.0 0.0
227.34678935000002 1.0 1.0
228.31453135 0.0 0.0
229.28227335000003 1.0 0.0
230.25001535 0.0 0.0
231.21775735000003 1.0 1.0
232.18549935000001 0.0 0.0
233.15324135000003 1.0 0.0
234.12098335000002 0.0 0.0
235.08872535000003 1.0 1.0
236.05646735000002 0.0 0.0
237.02420935000004 1.0 0.0
237.99195135000002 0.0 0.0
238.95969335000004 1.0 1.0
239.92743535000002 0.0 0.0
240.89517735 1.0 0.0
241.86291935000003 0.0 0.0
242.83066135 1.0 1.0
243.79840335000003 0.0 0.0
244.76614535000002 1.0 0.0
245.73388735000003 0.0 0.0
246.70162935000002 1.0 1.0
247.66937135000003 0.0 0.0
248.63711335000002 1.0 0.0
249.60485535000004 0.0 0.0
250.57259735000002 1.0 1.0
251.54033935000004 0.0 0.0
252.50808135000003 1.0 0.0
253.47582335 0.0 0.0
254.44356535000003 1.0 1.0
255.41130735000002 0.0 0.0
256.37904935 1.0 0.0
257.34679135000005 0.0 0.0
258.31453335000003 1.0 1.0
259.28227535 0.0 0.0
260.25001735 1.0 0.0
261.21775935000005 0.0 0.0
262.18550135000004 1.0 1.0
263.15324335 0.0 0.0
264.12098535 1.0 0.0
265.08872735000006 0.0 0.0
266.05646935000004 1.0 1.0
267.02421135000003 0.0 0.0
267.99195335 1.0 0.0
268.95969535 0.0 0.0
269.92743735000005 1.0 1.0
270.89517935000003 0.0 0.0
271.86292135 1.0 0.0
272.83066335 0.0 0.0
273.79840535000005 1.0 1.0
274.76614735000004 0.0 0.0
275.73388935 1.0 0.0
276.70163135 0.0 0.0
277.66937335 1.0 1.0
278.63711535000004 0.0 0.0
279.60485735000003 1.0 0.0
280.57259935 0.0 0.0
281.54034135 1.0 1.0
282.50808335000005 0.0 0.0
283.47582535000004 1.0 0.0
284.44356735 0.0 0.0
285.41130935 1.0 1.0
286.37905135000005 0.0 0.0
287.34679335000004 1.0 0.0
288.31453535 0.0 0.0
289.28227735 1.0 1.0
290.25001935 0.0 0.0
291.21776135000005 1.0 0.0
292.18550335000003 0.0 0.0
293.15324535 1.0 1.0
294.12098735 0.0 0.0
295.08872935000005 1.0 0.0
296.05647135000004 0.0 0.0
297.02421335 1.0 1.0
297.99195535 0.0 0.0
298.95969735000006 1.0 0.0
299.92743935000004 0.0 0.0
300.89518135000003 1.0 1.0
301.86292335 0.0 0.0
302.83066535 1.0 1.0
303.79840735000005 0.0 0.0
304.76614935000003 0.0 0.0
305.73389135 0.0 0.0