0.02268288600000002 1.0 0.0
0.7543888860000001 0.0 0.0
1.4860948860000003 1.0 1.0
2.2178008860000005 0.0 0.0
2.949506886 1.0 0.0
3.6812128859999995 0.0 0.0
4.412918886 1.0 1.0
5.144624886 0.0 0.0
5.876330886000001 1.0 0.0
6.608036886000001 0.0 0.0
7.339742886000001 1.0 1.0
8.071448886 0.0 0.0
8.803154886 1.0 0.0
9.534860886 0.0 0.0
10.266566886000001 1.0 1.0
10.998272886 0.0 0.0
11.729978886 1.0 0.0
12.461684885999999 0.0 0.0
13.193390886 1.0 1.0
13.925096885999999 0.0 0.0
14.656802886 1.0 0.0
15.388508885999999 0.0 0.0
16.120214886 1.0 1.0
16.851920886 0.0 0.0
17.583626886 1.0 0.0
18.315332886 0.0 0.0
19.047038886 1.0 1.0
19.778744886 0.0 0.0
20.510450886 1.0 0.0
21.242156886 0.0 0.0
21.973862886 1.0 1.0
22.705568886 0.0 0.0
23.437274886 1.0 0.0
24.168980886 0.0 0.0
24.900686886 1.0 1.0
25.632392886 0.0 0.0
26.364098886000004 1.0 0.0
27.095804886000003 0.0 0.0
27.827510886000002 1.0 1.0
28.559216886 0.0 0.0
29.290922886000004 1.0 0.0
30.022628886000003 0.0 0.0
30.754334886000002 1.0 1.0
31.486040886 0.0 0.0
32.217746886 1.0 0.0
32.949452886 0.0 0.0
33.681158886000006 1.0 1.0
34.412864886 0.0 0.0
35.144570886000004 1.0 0.0
35.876276886 0.0 0.0
36.607982886 1.0 1.0
37.339688886000005 0.0 0.0
38.071394886 1.0 0.0
38.803100886 0.0 0.0
39.534806886000005 1.0 1.0
40.266512886 0.0 0.0
40.998218886000004 1.0 0.0
41.729924886000006 0.0 0.0
42.461630886 1.0 1.0
43.193336886000004 0.0 0.0
43.925042886 1.0 0.0
44.656748886 0.0 0.0
45.388454886000005 1.0 1.0
46.120160886 0.0 0.0
46.85186688600001 1.0 0.0
47.583572886000006 0.0 0.0
48.31527888600001 1.0 1.0
49.04698488600001 0.0 0.0
49.77869088600001 1.0 0.0
50.51039688600001 0.0 0.0
51.24210288600001 1.0 1.0
51.97380888600001 0.0 0.0
52.70551488600001 1.0 0.0
53.437220886000006 0.0 0.0
54.16892688600001 1.0 1.0
54.90063288600001 0.0 0.0
55.63233888600001 1.0 0.0
56.36404488600001 0.0 0.0
57.09575088600001 1.0 1.0
57.82745688600001 0.0 0.0
58.55916288600001 1.0 0.0
59.29086888600001 0.0 0.0
60.02257488600001 1.0 1.0
60.75428088600001 0.0 0.0
61.485986886000006 1.0 0.0
62.21769288600001 0.0 0.0
62.94939888600001 1.0 1.0
63.68110488600001 0.0 0.0
64.412810886 1.0 0.0
65.144516886 0.0 0.0
65.87622288600001 1.0 1.0
66.60792888600001 0.0 0.0
67.33963488600001 1.0 0.0
68.07134088600002 0.0 0.0
68.803046886 1.0 1.0
69.534752886 0.0 0.0
70.26645888600001 1.0 0.0
70.99816488600001 0.0 0.0
71.72987088600001 1.0 1.0
72.461576886 0.0 0.0
73.193282886 1.0 0.0
73.92498888600001 0.0 0.0
74.65669488600001 1.0 1.0
75.38840088600001 0.0 0.0
76.12010688600002 1.0 0.0
76.851812886 0.0 0.0
77.58351888600001 1.0 1.0
78.31522488600001 0.0 0.0
79.04693088600001 1.0 0.0
79.77863688600002 0.0 0.0
80.510342886 1.0 1.0
81.242048886 0.0 0.0
81.97375488600001 1.0 0.0
82.70546088600001 0.0 0.0
83.43716688600001 1.0 1.0
84.16887288600002 0.0 0.0
84.900578886 1.0 0.0
85.63228488600001 0.0 0.0
86.36399088600001 1.0 1.0
87.09569688600001 0.0 0.0
87.82740288600002 1.0 0.0
88.559108886 0.0 0.0
89.290814886 1.0 1.0
90.02252088600001 0.0 0.0
90.75422688600001 1.0 0.0
91.48593288600001 0.0 0.0
92.21763888600002 1.0 1.0
92.949344886 0.0 0.0
93.68105088600001 1.0 0.0
94.41275688600001 0.0 0.0
95.14446288600001 1.0 1.0
95.87616888600002 0.0 0.0
96.607874886 1.0 0.0
97.33958088600001 0.0 0.0
98.07128688600001 1.0 1.0
98.80299288600001 0.0 0.0
99.53469888600002 1.0 0.0
100.26640488600002 0.0 0.0
100.998110886 1.0 1.0
101.72981688600001 0.0 0.0
102.46152288600001 1.0 0.0
103.19322888600001 0.0 0.0
103.92493488600002 1.0 1.0
104.656640886 0.0 0.0
105.38834688600001 1.0 0.0
106.12005288600001 0.0 0.0
106.85175888600001 1.0 1.0
107.58346488600002 0.0 0.0
108.31517088600002 1.0 0.0
109.046876886 0.0 0.0
109.77858288600001 1.0 1.0
110.51028888600001 0.0 0.0
111.24199488600001 1.0 0.0
111.97370088600002 0.0 0.0
112.705406886 1.0 1.0
113.43711288600001 0.0 0.0
114.16881888600001 1.0 0.0
114.90052488600001 0.0 0.0
115.63223088600002 1.0 1.0
116.363936886 0.0 0.0
117.09564288600001 1.0 0.0
117.82734888600001 0.0 0.0
118.55905488600001 1.0 1.0
119.29076088600002 0.0 0.0
120.02246688600002 1.0 0.0
120.754172886 0.0 0.0
121.48587888600001 1.0 1.0
122.21758488600001 0.0 0.0
122.94929088600001 1.0 0.0
123.68099688600002 0.0 0.0
124.412702886 1.0 1.0
125.14440888600001 0.0 0.0
125.87611488600001 1.0 0.0
126.60782088600001 0.0 0.0
127.33952688600002 1.0 1.0
128.07123288600002 0.0 0.0
128.80293888600002 1.0 0.0
129.53464488600002 0.0 0.0
130.26635088600003 1.0 1.0
130.998056886 0.0 0.0
131.729762886 1.0 0.0
132.461468886 0.0 0.0
133.193174886 1.0 1.0
133.924880886 0.0 0.0
134.656586886 1.0 0.0
135.38829288600002 0.0 0.0
136.11999888600002 1.0 1.0
136.85170488600002 0.0 0.0
137.58341088600002 1.0 0.0
138.315116886 0.0 0.0
139.046822886 1.0 1.0
139.778528886 0.0 0.0
140.510234886 1.0 0.0
141.241940886 0.0 0.0
141.973646886 1.0 1.0
142.70535288600001 0.0 0.0
143.43705888600002 1.0 0.0
144.16876488600002 0.0 0.0
144.90047088600002 1.0 1.0
145.63217688600002 0.0 0.0
146.363882886 1.0 0.0
147.095588886 0.0 0.0
147.827294886 1.0 1.0
148.559000886 0.0 0.0
149.290706886 1.0 0.0
150.022412886 0.0 0.0
150.75411888600001 1.0 1.0
151.48582488600002 0.0 0.0
152.21753088600002 1.0 0.0
152.94923688600002 0.0 0.0
153.68094288600003 1.0 1.0
154.412648886 0.0 0.0
155.144354886 1.0 0.0
155.876060886 0.0 0.0
156.607766886 1.0 1.0
157.339472886 0.0 0.0
158.071178886 1.0 0.0
158.80288488600002 0.0 0.0
159.53459088600002 1.0 1.0
160.26629688600002 0.0 0.0
160.99800288600002 1.0 0.0
161.72970888600003 0.0 0.0
162.461414886 1.0 1.0
163.193120886 0.0 0.0
163.924826886 1.0 0.0
164.656532886 0.0 0.0
165.388238886 1.0 1.0
166.119944886 0.0 0.0
166.85165088600002 1.0 0.0
167.58335688600002 0.0 0.0
168.31506288600002 1.0 1.0
169.04676888600002 0.0 0.0
169.77847488600003 1.0 0.0
170.510180886 0.0 0.0
171.241886886 1.0 1.0
171.973592886 0.0 0.0
172.705298886 1.0 0.0
173.437004886 0.0 0.0
174.168710886 1.0 1.0
174.90041688600002 0.0 0.0
175.63212288600002 1.0 0.0
176.36382888600002 0.0 0.0
177.09553488600002 1.0 1.0
177.82724088600003 0.0 0.0
178.558946886 1.0 0.0
179.290652886 0.0 0.0
180.022358886 1.0 1.0
180.754064886 0.0 0.0
181.485770886 1.0 0.0
182.21747688600001 0.0 0.0
182.94918288600002 1.0 1.0
183.68088888600002 0.0 0.0
184.41259488600002 1.0 0.0
185.14430088600002 0.0 0.0
185.87600688600003 1.0 1.0
186.607712886 0.0 0.0
187.339418886 1.0 0.0
188.071124886 0.0 0.0
188.802830886 1.0 1.0
189.534536886 0.0 0.0
190.26624288600001 1.0 0.0
190.99794888600002 0.0 0.0
191.72965488600002 1.0 1.0
192.46136088600002 0.0 0.0
193.19306688600003 1.0 0.0
193.92477288600003 0.0 0.0
194.656478886 1.0 1.0
195.388184886 0.0 0.0
196.119890886 1.0 0.0
196.851596886 0.0 0.0
197.583302886 1.0 1.0
198.31500888600002 0.0 0.0
199.04671488600002 1.0 0.0
199.77842088600002 0.0 0.0
200.51012688600002 1.0 1.0
201.24183288600003 0.0 0.0
201.97353888600003 1.0 0.0
202.705244886 0.0 0.0
203.436950886 1.0 1.0
204.168656886 0.0 0.0
204.900362886 1.0 0.0
205.632068886 0.0 0.0
206.36377488600002 1.0 1.0
207.09548088600002 0.0 0.0
207.82718688600002 1.0 0.0
208.55889288600002 0.0 0.0
209.29059888600003 1.0 1.0
210.02230488600003 0.0 0.0
210.754010886 1.0 0.0
211.485716886 0.0 0.0
212.217422886 1.0 1.0
212.949128886 0.0 0.0
213.680834886 1.0 0.0
214.41254088600002 0.0 0.0
215.14424688600002 1.0 1.0
215.87595288600002 0.0 0.0
216.60765888600002 1.0 0.0
217.33936488600003 0.0 0.0
218.07107088600003 1.0 1.0
218.802776886 0.0 0.0
219.534482886 1.0 0.0
220.266188886 0.0 0.0
220.997894886 1.0 1.0
221.72960088600001 0.0 0.0
222.46130688600002 1.0 0.0
223.19301288600002 0.0 0.0
223.92471888600002 1.0 1.0
224.65642488600002 0.0 0.0
225.38813088600003 1.0 1.0
226.11983688600003 0.0 0.0
226.851542886 0.0 0.0
227.583248886 1.0 1.0
228.314954886 0.0 0.0