0.546665792 0.0 0.0
1.3799977920000002 1.0 1.0
2.213329792 0.0 0.0
3.046661792 1.0 0.0
3.879993791999999 0.0 0.0
4.713325791999999 1.0 1.0
5.546657791999999 0.0 0.0
6.379989791999999 1.0 0.0
7.2133217919999995 0.0 0.0
8.046653791999999 1.0 1.0
8.879985792 0.0 0.0
9.713317792 1.0 0.0
10.546649792 0.0 0.0
11.379981791999999 1.0 1.0
12.213313792 0.0 0.0
13.046645792 1.0 0.0
13.879977791999998 0.0 0.0
14.713309791999997 1.0 1.0
15.546641791999997 0.0 0.0
16.379973791999998 1.0 0.0
17.213305791999996 0.0 0.0
18.046637792 1.0 1.0
18.879969791999997 0.0 0.0
19.713301791999996 1.0 0.0
20.546633791999998 0.0 0.0
21.379965791999997 1.0 1.0
22.213297792 0.0 0.0
23.046629791999997 1.0 0.0
23.879961791999996 0.0 0.0
24.713293791999998 1.0 1.0
25.546625791999997 0.0 0.0
26.379957791999995 1.0 0.0
27.213289791999998 0.0 0.0
28.046621791999996 1.0 1.0
28.879953792 0.0 0.0
29.713285792 1.0 0.0
30.546617792 0.0 0.0
31.379949791999998 1.0 1.0
32.213281792 0.0 0.0
33.046613792 1.0 0.0
33.879945792 0.0 0.0
34.713277792 1.0 1.0
35.546609792 0.0 0.0
36.379941792 1.0 0.0
37.213273792 0.0 0.0
38.046605792 1.0 1.0
38.879937792 0.0 0.0
39.713269792 1.0 0.0
40.546601792 0.0 0.0
41.379933791999996 1.0 1.0
42.213265792 0.0 0.0
43.046597792 1.0 0.0
43.879929792 0.0 0.0
44.713261792 1.0 1.0
45.546593791999996 0.0 0.0
46.379925792 1.0 0.0
47.213257792 0.0 0.0
48.046589792 1.0 1.0
48.879921792 0.0 0.0
49.713253791999996 1.0 0.0
50.546585791999995 0.0 0.0
51.379917792 1.0 1.0
52.213249792 0.0 0.0
53.046581792 1.0 0.0
53.879913792 0.0 0.0
54.713245792 1.0 1.0
55.546577792 0.0 0.0
56.37990979200001 1.0 0.0
57.213241792000005 0.0 0.0
58.046573792000004 1.0 1.0
58.879905792 0.0 0.0
59.713237792 1.0 0.0
60.54656979200001 0.0 0.0
61.379901792000005 1.0 1.0
62.213233792000004 0.0 0.0
63.046565792 1.0 0.0
63.879897792 0.0 0.0
64.713229792 1.0 1.0
65.546561792 0.0 0.0
66.379893792 1.0 0.0
67.213225792 0.0 0.0
68.046557792 1.0 1.0
68.879889792 0.0 0.0
69.713221792 1.0 0.0
70.546553792 0.0 0.0
71.37988579200001 1.0 1.0
72.21321779200001 0.0 0.0
73.04654979200001 1.0 0.0
73.879881792 0.0 0.0
74.713213792 1.0 1.0
75.546545792 0.0 0.0
76.379877792 1.0 0.0
77.213209792 0.0 0.0
78.046541792 1.0 1.0
78.879873792 0.0 0.0
79.713205792 1.0 0.0
80.54653779200001 0.0 0.0
81.37986979200001 1.0 1.0
82.213201792 0.0 0.0
83.046533792 1.0 1.0
83.879865792 0.0 0.0
84.713197792 1.0 0.0
85.546529792 0.0 0.0
86.379861792 1.0 1.0
87.213193792 0.0 0.0
88.046525792 1.0 0.0
88.879857792 0.0 0.0
89.71318979200001 1.0 1.0
90.54652179200001 0.0 0.0
91.379853792 1.0 0.0
92.213185792 0.0 0.0
93.046517792 1.0 1.0
93.879849792 0.0 0.0
94.713181792 1.0 0.0
95.546513792 0.0 0.0
96.379845792 1.0 1.0
97.213177792 0.0 0.0
98.046509792 1.0 0.0
98.87984179200001 0.0 0.0
99.713173792 1.0 1.0
100.546505792 0.0 0.0
101.379837792 1.0 0.0
102.213169792 0.0 0.0
103.046501792 1.0 1.0
103.879833792 0.0 0.0
104.713165792 1.0 0.0
105.546497792 0.0 0.0
106.379829792 1.0 1.0
107.213161792 0.0 0.0
108.046493792 1.0 0.0
108.879825792 0.0 0.0
109.713157792 1.0 1.0
110.546489792 0.0 0.0
111.379821792 1.0 0.0
112.213153792 0.0 0.0
113.046485792 1.0 1.0
113.879817792 0.0 0.0
114.713149792 1.0 0.0
115.546481792 0.0 0.0
116.379813792 1.0 1.0
117.213145792 0.0 0.0
118.046477792 1.0 0.0
118.879809792 0.0 0.0
119.713141792 1.0 1.0
120.546473792 0.0 0.0
121.379805792 1.0 0.0
122.213137792 0.0 0.0
123.046469792 1.0 1.0
123.879801792 0.0 0.0
124.713133792 1.0 1.0
125.546465792 0.0 0.0
126.379797792 1.0 0.0
127.213129792 0.0 0.0
128.046461792 1.0 1.0
128.879793792 0.0 0.0
129.713125792 1.0 0.0
130.546457792 0.0 0.0
131.379789792 1.0 1.0
132.213121792 0.0 0.0
133.046453792 1.0 0.0
133.879785792 0.0 0.0
134.713117792 1.0 1.0
135.546449792 0.0 0.0
136.379781792 1.0 0.0
137.213113792 0.0 0.0
138.046445792 1.0 1.0
138.879777792 0.0 0.0
139.713109792 1.0 0.0
140.546441792 0.0 0.0
141.379773792 1.0 1.0
142.213105792 0.0 0.0
143.046437792 1.0 0.0
143.879769792 0.0 0.0
144.713101792 1.0 1.0
145.546433792 0.0 0.0
146.379765792 1.0 0.0
147.21309779199999 0.0 0.0
148.046429792 1.0 1.0
148.879761792 0.0 0.0
149.713093792 1.0 0.0
150.546425792 0.0 0.0
151.379757792 1.0 1.0
152.213089792 0.0 0.0
153.046421792 1.0 0.0
153.879753792 0.0 0.0
154.713085792 1.0 1.0
155.546417792 0.0 0.0
156.37974979199998 1.0 0.0
157.213081792 0.0 0.0
158.046413792 1.0 1.0
158.879745792 0.0 0.0
159.713077792 1.0 0.0
160.546409792 0.0 0.0
161.379741792 1.0 1.0
162.213073792 0.0 0.0
163.046405792 1.0 0.0
163.879737792 0.0 0.0
164.713069792 1.0 1.0
165.54640179199998 0.0 0.0
166.379733792 1.0 1.0
167.213065792 0.0 0.0
168.046397792 1.0 0.0
168.879729792 0.0 0.0
169.713061792 1.0 1.0
170.546393792 0.0 0.0
171.379725792 1.0 0.0
172.213057792 0.0 0.0
173.04638979199999 1.0 1.0
173.879721792 0.0 0.0
174.71305379199998 1.0 0.0
175.546385792 0.0 0.0
176.379717792 1.0 1.0
177.213049792 0.0 0.0
178.046381792 1.0 0.0
178.879713792 0.0 0.0
179.713045792 1.0 1.0
180.546377792 0.0 0.0
181.379709792 1.0 0.0
182.21304179199998 0.0 0.0
183.046373792 1.0 1.0
183.87970579199998 0.0 0.0
184.713037792 1.0 0.0
185.546369792 0.0 0.0
186.379701792 1.0 1.0
187.213033792 0.0 0.0
188.046365792 1.0 0.0
188.879697792 0.0 0.0
189.713029792 1.0 1.0
190.546361792 0.0 0.0
191.37969379199998 1.0 0.0
192.213025792 0.0 0.0
193.046357792 1.0 1.0
193.879689792 0.0 0.0
194.713021792 1.0 0.0
195.546353792 0.0 0.0
196.379685792 1.0 1.0
197.213017792 0.0 0.0
198.046349792 1.0 0.0
198.87968179199999 0.0 0.0
199.713013792 1.0 1.0
200.54634579199998 0.0 0.0
201.379677792 1.0 0.0
202.213009792 0.0 0.0
203.046341792 1.0 1.0
203.879673792 0.0 0.0
204.713005792 1.0 0.0
205.546337792 0.0 0.0
206.379669792 1.0 1.0
207.213001792 0.0 0.0
208.04633379199998 1.0 0.0
208.879665792 0.0 0.0
209.71299779199998 1.0 1.0
210.546329792 0.0 0.0
211.379661792 1.0 0.0
212.212993792 0.0 0.0
213.046325792 1.0 1.0
213.879657792 0.0 0.0
214.712989792 1.0 0.0
215.546321792 0.0 0.0
216.379653792 1.0 1.0
217.21298579199998 0.0 0.0
218.046317792 0.0 0.0
218.87964979199998 1.0 0.0
219.712981792 0.0 0.0
220.546313792 1.0 1.0
221.379645792 0.0 0.0
222.212977792 1.0 0.0
223.046309792 0.0 0.0
223.879641792 1.0 1.0
224.71297379199999 0.0 0.0