0.6576332400000001 1.0 1.0
1.6867932400000003 0.0 0.0
2.7159532400000006 1.0 0.0
3.7451132400000007 0.0 0.0
4.774273240000001 1.0 1.0
5.803433240000001 0.0 0.0
6.832593240000001 1.0 0.0
7.861753240000001 0.0 0.0
8.89091324 1.0 1.0
9.92007324 0.0 0.0
10.94923324 1.0 0.0
11.97839324 0.0 0.0
13.00755324 1.0 1.0
14.036713240000001 0.0 0.0
15.06587324 1.0 0.0
16.09503324 0.0 0.0
17.12419324 1.0 1.0
18.15335324 0.0 0.0
19.182513240000002 1.0 0.0
20.21167324 0.0 0.0
21.24083324 1.0 1.0
22.26999324 0.0 0.0
23.299153240000003 1.0 0.0
24.328313240000004 0.0 0.0
25.35747324 1.0 1.0
26.386633240000002 0.0 0.0
27.415793240000003 1.0 0.0
28.444953240000004 0.0 0.0
29.47411324 1.0 1.0
30.503273240000002 0.0 0.0
31.532433240000003 1.0 1.0
32.56159324 0.0 0.0
33.590753240000005 0.0 0.0
34.62002570400001 1.0 0.0
35.64936170400001 0.0 0.0
36.67869770400001 1.0 1.0
37.70803370400001 0.0 0.0
38.73736970400001 1.0 0.0
39.76670570400001 0.0 0.0
40.79604170400001 1.0 1.0
41.82537770400001 0.0 0.0
42.85471370400001 1.0 0.0
43.88404970400001 0.0 0.0
44.91338570400001 1.0 1.0
45.94272170400001 0.0 0.0
46.97205770400001 1.0 0.0
48.00139370400001 0.0 0.0
49.03072970400001 1.0 1.0
50.06006570400001 0.0 0.0
51.08940170400001 1.0 0.0
52.11873770400001 0.0 0.0
53.14807370400001 1.0 1.0
54.17740970400001 0.0 0.0
55.206745704000014 1.0 0.0
56.236081704000014 0.0 0.0
57.265417704000015 1.0 1.0
58.294753704000016 0.0 0.0
59.324089704000016 1.0 0.0
60.35342570400001 0.0 0.0
61.38276170400001 1.0 1.0
62.41209770400001 0.0 0.0
63.44143370400001 1.0 0.0
64.47076970400002 0.0 0.0
65.50010570400002 1.0 1.0
66.529441704 0.0 0.0
67.558777704 1.0 0.0
68.588113704 0.0 0.0
69.617449704 1.0 1.0
70.646785704 0.0 0.0
71.676121704 1.0 0.0
72.705457704 0.0 0.0
73.734793704 1.0 1.0
74.764129704 0.0 0.0
75.793465704 1.0 0.0
76.822801704 0.0 0.0
77.852137704 1.0 1.0
78.881473704 0.0 0.0
79.910809704 1.0 0.0
80.940145704 0.0 0.0
81.969481704 1.0 1.0
82.998817704 0.0 0.0
84.028153704 1.0 0.0
85.057489704 0.0 0.0
86.086825704 1.0 0.0
87.116161704 0.0 0.0
88.14549770400001 1.0 1.0
89.17483370400001 0.0 0.0
90.20416970400001 1.0 0.0
91.23350570400001 0.0 0.0
92.26284170400001 1.0 1.0
93.29217770400001 0.0 0.0
94.32151370400001 1.0 0.0
95.35084970400001 0.0 0.0
96.38018570400001 1.0 0.0
97.40952170400001 0.0 0.0
98.43885770400001 1.0 1.0
99.46819370400002 0.0 0.0
100.49752970400002 1.0 0.0
101.52686570400002 0.0 0.0
102.55620170400002 1.0 1.0
103.58768857800001 0.0 0.0
104.62039057800001 1.0 0.0
105.65309257800001 0.0 0.0
106.68579457800001 1.0 1.0
107.71849657800001 0.0 0.0
108.751198578 1.0 0.0
109.783900578 0.0 0.0
110.816602578 1.0 1.0
111.849304578 0.0 0.0
112.882006578 1.0 0.0
113.914708578 0.0 0.0
114.947410578 1.0 1.0
115.980112578 0.0 0.0
117.012814578 1.0 0.0
118.045516578 0.0 0.0
119.078218578 1.0 1.0
120.110920578 0.0 0.0
121.143622578 1.0 0.0
122.176324578 0.0 0.0
123.209026578 1.0 1.0
124.24172857800001 0.0 0.0
125.273863146 1.0 0.0
126.30567714600001 0.0 0.0
127.33579524 1.0 1.0
128.36495524 0.0 0.0
129.39411524 1.0 0.0
130.42327524 0.0 0.0
131.45243524 1.0 1.0
132.482724353 0.0 0.0
133.51252224 1.0 0.0
134.54168224 0.0 0.0
135.57084224 1.0 1.0
136.60000224 0.0 0.0
137.62916224 1.0 0.0
138.65832224 0.0 0.0
139.68748224 1.0 1.0
140.71664224 0.0 0.0
141.74580224 1.0 0.0
142.77496224 0.0 0.0
143.80412224 1.0 1.0
144.83328224 0.0 0.0
145.86244224 1.0 0.0
146.89160224 0.0 0.0
147.92076224 1.0 1.0
148.94992224 0.0 0.0
149.97908224 1.0 0.0
151.00824224 0.0 0.0
152.03740224 1.0 1.0
153.06656224 0.0 0.0
154.09572224 1.0 0.0
155.12488224 0.0 0.0
156.15404224 1.0 1.0
157.18320224 0.0 0.0
158.21236224 1.0 0.0
159.24152224 0.0 0.0
160.27068223999999 1.0 1.0
161.29984224 0.0 0.0
162.32900224 1.0 0.0
163.35816224 0.0 0.0
164.38732224 1.0 1.0
165.41648224 0.0 0.0
166.44564223999998 1.0 0.0
167.47480224 0.0 0.0
168.50396224 1.0 1.0
169.53312224 0.0 0.0
170.56228224 1.0 0.0
171.59144224 0.0 0.0
172.62060224 1.0 1.0
173.64976224 0.0 0.0
174.679486477 1.0 0.0
175.70952947700002 0.0 0.0
176.739572477 1.0 1.0
177.769615477 0.0 0.0
178.799658477 1.0 0.0
179.82970147700001 0.0 0.0
180.859744477 1.0 1.0
181.889787477 0.0 0.0
182.919830477 1.0 0.0
183.949873477 0.0 0.0
184.97991647700002 1.0 1.0
186.009959477 0.0 0.0
187.040002477 1.0 0.0
188.070045477 0.0 0.0
189.100088477 1.0 1.0
190.13013147700002 0.0 0.0
191.160174477 1.0 0.0
192.190217477 0.0 0.0
193.220260477 1.0 1.0
194.25030347700002 0.0 0.0
195.280346477 1.0 0.0
196.310389477 0.0 0.0
197.340432477 1.0 1.0
198.370475477 0.0 0.0
199.400518477 1.0 0.0
200.430561477 0.0 0.0
201.460604477 1.0 1.0
202.490647477 0.0 0.0
203.52069047700002 1.0 0.0
204.550733477 0.0 0.0
205.580776477 1.0 1.0
206.610819477 0.0 0.0
207.640862477 1.0 0.0
208.67090547700002 0.0 0.0
209.700948477 1.0 1.0
210.730991477 0.0 0.0
211.761034477 1.0 0.0
212.79107747700002 0.0 0.0
213.82112047700002 1.0 1.0
214.851163477 0.0 0.0
215.881206477 1.0 0.0
216.911249477 0.0 0.0
217.941292477 1.0 1.0
218.971335477 0.0 0.0
220.001378477 1.0 0.0
221.031421477 0.0 0.0
222.06146447700002 1.0 1.0
223.091507477 0.0 0.0
224.121550477 1.0 0.0
225.151593477 0.0 0.0
226.181636477 1.0 1.0
227.21167947700002 0.0 0.0
228.241722477 1.0 0.0
229.271765477 0.0 0.0
230.301808477 1.0 1.0
231.33185147700001 0.0 0.0
232.36189447700002 1.0 0.0
233.391937477 0.0 0.0
234.421980477 1.0 1.0
235.452023477 0.0 0.0
236.482066477 1.0 0.0
237.512109477 0.0 0.0
238.542152477 1.0 1.0
239.572195477 0.0 0.0
240.60223847700001 1.0 0.0
241.632281477 0.0 0.0
242.662324477 1.0 1.0
243.692367477 0.0 0.0
244.72241047699998 1.0 0.0
245.75245347700002 0.0 0.0
246.782496477 1.0 1.0
247.812539477 0.0 0.0
248.842582477 1.0 0.0
249.87262547699999 0.0 0.0
250.902668477 1.0 1.0
251.932711477 0.0 0.0
252.962754477 1.0 0.0
253.992797477 0.0 0.0
255.022840477 1.0 0.0
256.052883477 0.0 0.0