0.24315753 0.0 0.0
0.76947253 1.0 1.0
1.29578753 0.0 0.0
1.82210253 1.0 0.0
2.34841753 0.0 0.0
2.87473253 1.0 1.0
3.40104753 0.0 0.0
3.9273625300000004 1.0 0.0
4.45367753 0.0 0.0
4.9799925300000005 1.0 1.0
5.506307530000001 0.0 0.0
6.032622530000001 1.0 0.0
6.5589375300000015 0.0 0.0
7.085252530000001 1.0 1.0
7.611567530000001 0.0 0.0
8.13788253 1.0 0.0
8.664197530000001 0.0 0.0
9.190512530000001 1.0 1.0
9.716827530000002 0.0 0.0
10.243142530000002 1.0 0.0
10.769457530000002 0.0 0.0
11.295772530000002 1.0 1.0
11.822087530000001 0.0 0.0
12.348402530000001 1.0 0.0
12.874717530000002 0.0 0.0
13.401032530000002 1.0 1.0
13.927347530000002 0.0 0.0
14.453662530000003 1.0 0.0
14.979977530000003 0.0 0.0
15.506292530000001 1.0 1.0
16.032607530000003 0.0 0.0
16.558922530000004 1.0 0.0
17.085237530000004 0.0 0.0
17.611552530000004 1.0 1.0
18.137867530000005 0.0 0.0
18.664182530000005 1.0 0.0
19.190497530000005 0.0 0.0
19.716812530000006 1.0 1.0
20.243127530000006 0.0 0.0
20.769442530000006 1.0 0.0
21.295757530000007 0.0 0.0
21.822072530000003 1.0 1.0
22.348387530000004 0.0 0.0
22.874702530000004 1.0 0.0
23.401017530000004 0.0 0.0
23.927332530000005 1.0 1.0
24.453647530000005 0.0 0.0
24.979962530000005 1.0 0.0
25.506277530000006 0.0 0.0
26.032592530000006 1.0 1.0
26.558907530000006 0.0 0.0
27.085222530000006 1.0 0.0
27.611537530000007 0.0 0.0
28.137852530000007 1.0 1.0
28.664167530000007 0.0 0.0
29.190482530000004 1.0 0.0
29.716797530000004 0.0 0.0
30.243112530000005 1.0 1.0
30.769427530000005 0.0 0.0
31.295742530000005 1.0 0.0
31.822057530000006 0.0 0.0
32.348372530000006 1.0 1.0
32.87468753 0.0 0.0
33.40100253000001 1.0 0.0
33.92731753 0.0 0.0
34.45363253000001 1.0 1.0
34.979947530000004 0.0 0.0
35.50626253000001 1.0 0.0
36.032577530000005 0.0 0.0
36.55889253000001 1.0 1.0
37.085207530000005 0.0 0.0
37.61152253000001 1.0 0.0
38.137837530000006 0.0 0.0
38.66415253000001 1.0 1.0
39.19046753000001 0.0 0.0
39.71678253000001 1.0 0.0
40.24309753000001 0.0 0.0
40.769412530000004 1.0 1.0
41.29572753000001 0.0 0.0
41.822042530000004 1.0 0.0
42.34835753000001 0.0 0.0
42.874672530000005 1.0 1.0
43.40098753000001 0.0 0.0
43.927302530000006 1.0 0.0
44.45361753000001 0.0 0.0
44.979932530000006 1.0 1.0
45.50624753000001 0.0 0.0
46.03256253000001 1.0 0.0
46.55887753000001 0.0 0.0
47.08519253000001 1.0 1.0
47.61150753000001 0.0 0.0
48.13782253000001 1.0 0.0
48.664137530000005 0.0 0.0
49.19045253000001 1.0 1.0
49.716767530000006 0.0 0.0
50.24308253000001 1.0 0.0
50.769397530000006 0.0 0.0
51.29571253000001 1.0 1.0
51.82202753000001 0.0 0.0
52.34834253000001 1.0 0.0
52.87465753000001 0.0 0.0
53.40097253000001 1.0 1.0
53.92728753000001 0.0 0.0
54.45360253000001 1.0 0.0
54.97991753000001 0.0 0.0
55.50623253000001 1.0 1.0
56.03254753000001 0.0 0.0
56.558862530000006 1.0 0.0
57.08517753000001 0.0 0.0
57.61149253000001 1.0 1.0
58.13780753000001 0.0 0.0
58.66412253000001 1.0 0.0
59.19043753000001 0.0 0.0
59.71675253000001 1.0 1.0
60.24306753000001 0.0 0.0
60.76938253000001 1.0 0.0
61.29569753000001 0.0 0.0
61.82201253000001 1.0 1.0
62.34832753000001 0.0 0.0
62.87464253000001 1.0 0.0
63.40095753000001 0.0 0.0
63.92727253000001 1.0 1.0
64.45358753000001 0.0 0.0
64.97990253 1.0 0.0
65.50621753000001 0.0 0.0
66.03253253000001 1.0 1.0
66.55884753000001 0.0 0.0
67.08516253 1.0 0.0
67.61147753 0.0 0.0
68.13779253 1.0 1.0
68.66410753000001 0.0 0.0
69.19042253 1.0 0.0
69.71673753 0.0 0.0
70.24305253 1.0 1.0
70.76936753 0.0 0.0
71.29568253000001 1.0 0.0
71.82199753 0.0 0.0
72.34831253 1.0 1.0
72.87462753 0.0 0.0
73.40094253000001 1.0 0.0
73.92725753 0.0 0.0
74.45357253 1.0 1.0
74.97988753 0.0 0.0
75.50620253000001 1.0 0.0
76.03251753 0.0 0.0
76.55883253 1.0 1.0
77.08514753 0.0 0.0
77.61146253 1.0 0.0
78.13777753000001 0.0 0.0
78.66409253 1.0 1.0
79.19040753 0.0 0.0
79.71672253 1.0 0.0
80.24303753000001 0.0 0.0
80.76935253 1.0 1.0
81.29566753 0.0 0.0
81.82198253 1.0 0.0
82.34829753000001 0.0 0.0
82.87461253000001 1.0 1.0
83.40092753 0.0 0.0
83.92724253 1.0 0.0
84.45355753 0.0 0.0
84.97987253000001 1.0 1.0
85.50618753 0.0 0.0
86.03250253 1.0 0.0
86.55881753 0.0 0.0
87.08513253000001 1.0 1.0
87.61144753 0.0 0.0
88.13776253 1.0 0.0
88.66407753 0.0 0.0
89.19039253000001 1.0 1.0
89.71670753000001 0.0 0.0
90.24302253 1.0 0.0
90.76933753 0.0 0.0
91.29565253000001 1.0 1.0
91.82196753000001 0.0 0.0
92.34828253 1.0 0.0
92.87459753 0.0 0.0
93.40091253 1.0 1.0
93.92722753000001 0.0 0.0
94.45354253 1.0 0.0
94.97985753 0.0 0.0
95.50617253 1.0 1.0
96.03248753000001 0.0 0.0
96.55880253000001 1.0 0.0
97.08511753 0.0 0.0
97.61143253 1.0 1.0
98.13774753000001 0.0 0.0
98.66406253000001 1.0 0.0
99.19037753 0.0 0.0
99.71669253 1.0 1.0
100.24300753 0.0 0.0
100.76932253000001 1.0 0.0
101.29563753000001 0.0 0.0
101.82195253 1.0 1.0
102.34826753 0.0 0.0
102.87458253000001 1.0 0.0
103.40089753000001 0.0 0.0
103.92721253 1.0 1.0
104.45352753 0.0 0.0
104.97984253000001 1.0 1.0
105.50615753000001 0.0 0.0
106.03247253 1.0 0.0
106.55878753 0.0 0.0
107.08510253000001 1.0 0.0
107.61141753000001 0.0 0.0
108.13773253000001 1.0 1.0
108.66404753 0.0 0.0
109.19036253 1.0 0.0
109.71667753000001 0.0 0.0
110.24299253000001 1.0 1.0
110.76930753 0.0 0.0
111.29562253 1.0 0.0
111.82193753000001 0.0 0.0
112.34825253000001 1.0 1.0
112.87456753000001 0.0 0.0
113.40088253 1.0 0.0
113.92719753000002 0.0 0.0
114.45351253000001 1.0 1.0
114.97982753000001 0.0 0.0
115.50614253 1.0 0.0
116.03245753 0.0 0.0
116.55877253000001 1.0 1.0
117.08508753000001 0.0 0.0
117.61140253 1.0 0.0
118.13771753 0.0 0.0
118.66403253000001 1.0 1.0
119.19034753000001 0.0 0.0
119.71666253000001 1.0 0.0
120.24297753 0.0 0.0
120.76929253000002 1.0 1.0
121.29560753000001 0.0 0.0
121.82192253000001 1.0 0.0
122.34823753 0.0 0.0
122.87455253 1.0 1.0
123.40086753000001 0.0 0.0
123.92718253000001 1.0 0.0
124.45349753 0.0 0.0
124.97981253 1.0 1.0
125.50612753000001 0.0 0.0
126.03244253000001 1.0 0.0
126.55875753000001 0.0 0.0
127.08507253 1.0 1.0
127.61138753000002 0.0 0.0
128.13770253 1.0 0.0
128.66401753000002 0.0 0.0
129.19033253 1.0 1.0
129.71664753000002 0.0 0.0
130.24296253 1.0 0.0
130.76927753 0.0 0.0
131.29559253000002 1.0 1.0
131.82190753 0.0 0.0
132.34822253000002 1.0 0.0
132.87453753 0.0 0.0
133.40085253 1.0 1.0
133.92716753000002 0.0 0.0
134.45348253 1.0 0.0
134.97979753 0.0 0.0
135.50611253000002 1.0 1.0
136.03242753 0.0 0.0
136.55874253000002 1.0 0.0
137.08505753 0.0 0.0
137.61137253 1.0 1.0
138.13768753000002 0.0 0.0
138.66400253 1.0 0.0
139.19031753000002 0.0 0.0
139.71663253 1.0 1.0
140.24294753 0.0 0.0
140.76926253000002 1.0 0.0
141.29557753 0.0 0.0
141.82189253 1.0 1.0
142.34820753000002 0.0 0.0
142.87452253 1.0 0.0
143.40083753000002 0.0 0.0
143.92715253000003 1.0 1.0
144.45346753000004 0.0 0.0
144.97978253000002 1.0 0.0
145.50609753000003 0.0 0.0
146.03241253000002 1.0 1.0
146.55872753000003 0.0 0.0
147.08504253000004 1.0 0.0
147.61135753000002 0.0 0.0
148.13767253000003 1.0 1.0
148.66398753000004 0.0 0.0
149.19030253000003 1.0 0.0
149.71661753000004 0.0 0.0
150.24293253000002 1.0 1.0
150.76924753000003 0.0 0.0
151.29556253000004 1.0 0.0
151.82187753000002 0.0 0.0
152.34819253000003 1.0 1.0
152.87450753000002 0.0 0.0
153.40082253000003 1.0 0.0
153.92713753000004 0.0 0.0
154.45345253000002 1.0 1.0
154.97976753000003 0.0 0.0
155.50608253000004 1.0 0.0
156.03239753000003 0.0 0.0
156.55871253000004 1.0 1.0
157.08502753000002 0.0 0.0
157.61134253000003 1.0 0.0
158.13765753000004 0.0 0.0
158.66397253000002 1.0 1.0
159.19028753000003 0.0 0.0
159.71660253000002 1.0 0.0
160.24291753000003 0.0 0.0
160.76923253000004 1.0 1.0
161.29554753000002 0.0 0.0
161.82186253000003 1.0 0.0
162.34817753000004 0.0 0.0
162.87449253000003 1.0 1.0
163.40080753000004 0.0 0.0
163.92712253000002 1.0 0.0
164.45343753000003 0.0 0.0
164.97975253000004 1.0 1.0
165.50606753000002 0.0 0.0
166.03238253000004 1.0 0.0
166.55869753000002 0.0 0.0
167.08501253000003 1.0 1.0
167.61132753000004 0.0 0.0
168.13764253000002 1.0 0.0
168.66395753000003 0.0 0.0
169.19027253000004 1.0 1.0
169.71658753000003 0.0 0.0
170.24290253000004 1.0 0.0
170.76921753000002 0.0 0.0
171.29553253000003 1.0 1.0
171.82184753000004 0.0 0.0
172.34816253000002 1.0 0.0
172.87447753000004 0.0 0.0
173.40079253000002 1.0 1.0
173.92710753000003 0.0 0.0
174.45342253000004 1.0 0.0
174.97973753000002 0.0 0.0
175.50605253000003 1.0 1.0
176.03236753000004 0.0 0.0
176.55868253000003 1.0 0.0
177.08499753000004 0.0 0.0
177.61131253000002 1.0 1.0
178.13762753000003 0.0 0.0
178.66394253000004 1.0 0.0
179.19025753000003 0.0 0.0
179.71657253000004 1.0 1.0
180.24288753000002 0.0 0.0
180.76920253000003 1.0 0.0
181.29551753000004 0.0 0.0
181.82183253000002 1.0 1.0
182.34814753000003 0.0 0.0
182.87446253000005 1.0 0.0
183.40077753000003 0.0 0.0
183.92709253000004 1.0 0.0
184.45340753000002 0.0 0.0
184.97972253000003 1.0 0.0
185.50603753000004 0.0 0.0
186.03235253000003 1.0 1.0
186.55866753000004 0.0 0.0
187.08498253000005 1.0 0.0
187.61129753000003 0.0 0.0
188.13761253000004 1.0 1.0
188.66392753000002 0.0 0.0
189.19024253000003 1.0 0.0
189.71655753000005 0.0 0.0
190.24287253000003 1.0 1.0
190.76918753000004 0.0 0.0
191.29550253000002 1.0 0.0
191.82181753000003 0.0 0.0
192.34813253000004 1.0 1.0
192.87444753000003 0.0 0.0
193.40076253000004 1.0 0.0
193.92707753000005 0.0 0.0
194.45339253000003 1.0 1.0
194.97970753000004 0.0 0.0
195.50602253000002 1.0 0.0
196.03233753000004 0.0 0.0
196.55865253000005 1.0 1.0
197.08496753000003 0.0 0.0
197.61128253000004 1.0 0.0
198.13759753000002 0.0 0.0
198.66391253000003 1.0 1.0
199.19022753000004 0.0 0.0
199.71654253000003 1.0 0.0
200.24285753000004 0.0 0.0
200.76917253000005 1.0 1.0
201.29548753000003 0.0 0.0
201.82180253000004 1.0 0.0
202.34811753000002 0.0 0.0
202.87443253000004 1.0 1.0
203.40074753000005 0.0 0.0
203.92706253000003 1.0 0.0
204.45337753000004 0.0 0.0
204.97969253000002 1.0 1.0
205.50600753000003 0.0 0.0
206.03232253000004 1.0 0.0
206.55863753000003 0.0 0.0
207.08495253000004 1.0 1.0
207.61126753000005 0.0 0.0
208.13758253000003 1.0 0.0
208.66389753000004 0.0 0.0
209.19021253000003 1.0 1.0
209.71652753000004 0.0 0.0
210.24284253000005 1.0 0.0
210.76915753000003 0.0 0.0
211.29547253000004 1.0 1.0
211.82178753000002 0.0 0.0
212.34810253000003 1.0 0.0
212.87441753000004 0.0 0.0
213.40073253000003 1.0 1.0
213.92704753000004 0.0 0.0
214.45336253000005 1.0 0.0
214.97967753000003 0.0 0.0
215.50599253000004 1.0 1.0
216.03230753000003 0.0 0.0
216.55862253000004 1.0 0.0
217.08493753000005 0.0 0.0
217.61125253000003 1.0 1.0
218.13756753000004 0.0 0.0
218.66388253000002 1.0 0.0
219.19019753000003 0.0 0.0
219.71651253000005 1.0 1.0
220.24282753000003 0.0 0.0
220.76914253000004 1.0 0.0
221.29545753000005 0.0 0.0
221.82177253000003 1.0 1.0
222.34808753000004 0.0 0.0
222.87440253000003 1.0 0.0
223.40071753000004 0.0 0.0
223.92703253000005 1.0 1.0
224.45334753000003 0.0 0.0
224.97966253000004 1.0 0.0
225.50597753000002 0.0 0.0
226.03229253000003 1.0 1.0
226.55860753000005 0.0 0.0
227.08492253000003 0.0 0.0
227.61123753000004 1.0 0.0
228.13755253000005 0.0 0.0
228.66386753000003 1.0 1.0
229.19018253000004 0.0 0.0
229.71649753000003 1.0 0.0
230.24281253000004 0.0 0.0
230.76912753000005 1.0 1.0
231.29544253000003 0.0 0.0
231.82175753000004 1.0 0.0
232.34807253000005 0.0 0.0
232.87438753000004 1.0 1.0
233.40070253000005 0.0 0.0
233.92701753000003 1.0 0.0
234.45333253000004 0.0 0.0
234.97964753000005 1.0 1.0
235.50596253000003 0.0 0.0
236.03227753000004 1.0 0.0
236.55859253000003 0.0 0.0
237.08490753000004 1.0 1.0
237.61122253000005 0.0 0.0
238.13753753000003 1.0 0.0
238.66385253000004 0.0 0.0
239.19016753000005 1.0 1.0
239.71648253000004 0.0 0.0
240.24279753000005 1.0 0.0
240.76911253000003 0.0 0.0
241.29542753000004 1.0 1.0
241.82174253000005 0.0 0.0
242.34805753000003 1.0 0.0
242.87437253000004 0.0 0.0
243.40068753000003 1.0 1.0
243.92700253000004 0.0 0.0
244.45331753000005 1.0 0.0
244.97963253000003 0.0 0.0
245.50594753000004 1.0 1.0
246.03226253000005 0.0 0.0
246.55857753000004 1.0 0.0
247.08489253000005 0.0 0.0
247.61120753000003 1.0 1.0
248.13752253000004 0.0 0.0
248.66383753000005 1.0 0.0
249.19015253000003 0.0 0.0
249.71646753000005 1.0 1.0
250.24278253000003 0.0 0.0
250.76909753000004 1.0 0.0
251.29541253000005 0.0 0.0
251.82172753000003 1.0 1.0
252.34804253000004 0.0 0.0
252.87435753000005 1.0 0.0
253.40067253000004 0.0 0.0
253.92698753000005 1.0 0.0
254.45330253000003 0.0 0.0