0.08950814599999998 0.0 0.0
1.073114146 1.0 1.0
2.0567201460000004 0.0 0.0
3.0403261460000004 1.0 0.0
4.023932146000001 0.0 0.0
5.007538146000002 1.0 1.0
5.991144146000002 0.0 0.0
6.974750146000002 1.0 0.0
7.958356146000001 0.0 0.0
8.941962146 1.0 1.0
9.925568146 0.0 0.0
10.909174146 1.0 0.0
11.892780146 0.0 0.0
12.876386146 1.0 1.0
13.859992146000002 0.0 0.0
14.843598146000001 1.0 0.0
15.827204146000003 0.0 0.0
16.810810146 1.0 1.0
17.794416146000003 0.0 0.0
18.778022146000005 1.0 0.0
19.761628146000003 0.0 0.0
20.745234146000005 1.0 1.0
21.728840146000003 0.0 0.0
22.712446146000005 1.0 0.0
23.696052146000003 0.0 0.0
24.679658146000005 1.0 1.0
25.663264146000003 0.0 0.0
26.646870146000005 1.0 0.0
27.630476146000003 0.0 0.0
28.614082146000005 1.0 1.0
29.597688146000007 0.0 0.0
30.581294146000005 1.0 0.0
31.564900146000006 0.0 0.0
32.54850614600001 1.0 1.0
33.532112146 0.0 0.0
34.515718146000005 1.0 0.0
35.499324146000006 0.0 0.0
36.48293014600001 1.0 1.0
37.466536146 0.0 0.0
38.450142146000005 1.0 0.0
39.433748146000006 0.0 0.0
40.41735414600001 1.0 1.0
41.40096014600001 0.0 0.0
42.384566146000004 1.0 0.0
43.368172146000006 0.0 0.0
44.35177814600001 1.0 1.0
45.33538414600001 0.0 0.0
46.318990146000004 1.0 0.0
47.302596146000006 0.0 0.0
48.28620214600001 1.0 1.0
49.26980814600001 0.0 0.0
50.253414146000004 1.0 0.0
51.237020146000006 0.0 0.0
52.22062614600001 1.0 1.0
53.20423214600001 0.0 0.0
54.18783814600001 1.0 0.0
55.171444146000006 0.0 0.0
56.15505014600001 1.0 1.0
57.13865614600001 0.0 0.0
58.12226214600001 1.0 0.0
59.105868146000006 0.0 0.0
60.08947414600001 1.0 1.0
61.07308014600001 0.0 0.0
62.05668614600001 1.0 0.0
63.040292146 0.0 0.0
64.02389814600001 1.0 1.0
65.007504146 0.0 0.0
65.991110146 1.0 0.0
66.974716146 0.0 0.0
67.95832214600001 1.0 1.0
68.94192814600001 0.0 0.0
69.925534146 1.0 0.0
70.90914014600001 0.0 0.0
71.89274614600001 1.0 1.0
72.87635214600002 0.0 0.0
73.85995814600001 1.0 0.0
74.843564146 0.0 0.0
75.82717014600001 1.0 1.0
76.81077614600001 0.0 0.0
77.79438214600002 1.0 0.0
78.77798814600001 0.0 0.0
79.76159414600001 1.0 1.0
80.74520014600002 0.0 0.0
81.72880614600001 1.0 0.0
82.712412146 0.0 0.0
83.69601814600001 1.0 1.0
84.67962414600001 0.0 0.0
85.66323014600002 1.0 0.0
86.64683614600001 0.0 0.0
87.63044214600001 1.0 1.0
88.61404814600002 0.0 0.0
89.59765414600001 1.0 0.0
90.58126014600002 0.0 0.0
91.56486614600001 1.0 1.0
92.54847214600001 0.0 0.0
93.53207814600002 1.0 0.0
94.51568414600001 0.0 0.0
95.49929014600002 1.0 1.0
96.48289614600002 0.0 0.0
97.46650214600001 1.0 0.0
98.45010814600002 0.0 0.0
99.43371414600001 1.0 1.0
100.41732014600001 0.0 0.0
101.40092614600002 1.0 0.0
102.38453214600001 0.0 0.0
103.36813814600002 1.0 1.0
104.35174414600002 0.0 0.0
105.33535014600001 1.0 0.0
106.31895614600002 0.0 0.0
107.30256214600001 1.0 1.0
108.28616814600002 0.0 0.0
109.26977414600002 1.0 0.0
110.25338014600001 0.0 0.0
111.23698614600002 1.0 1.0
112.22059214600002 0.0 0.0
113.20419814600001 1.0 0.0
114.18780414600002 0.0 0.0
115.17141014600001 1.0 1.0
116.15501614600002 0.0 0.0
117.13862214600002 1.0 0.0
118.12222814600001 0.0 0.0
119.10583414600002 1.0 1.0
120.08944014600002 0.0 0.0
121.07304614600002 1.0 0.0
122.05665214600002 0.0 0.0
123.04025814600001 1.0 1.0
124.02386414600002 0.0 0.0
125.00747014600002 1.0 0.0
125.99107614600004 0.0 0.0
126.97468214600003 1.0 1.0
127.95828814600003 0.0 0.0
128.94189414600004 1.0 0.0
129.92550014600005 0.0 0.0
130.90910614600003 1.0 1.0
131.89271214600004 0.0 0.0
132.87631814600005 1.0 0.0
133.85992414600003 0.0 0.0
134.84353014600003 1.0 1.0
135.82713614600004 0.0 0.0
136.81074214600002 1.0 0.0
137.79434814600003 0.0 0.0
138.77795414600004 1.0 1.0
139.76156014600002 0.0 0.0
140.74516614600003 1.0 0.0
141.72877214600004 0.0 0.0
142.71237814600005 1.0 1.0
143.69598414600003 0.0 0.0
144.67959014600004 1.0 0.0
145.66319614600005 0.0 0.0
146.64680214600003 1.0 1.0
147.63040814600004 0.0 0.0
148.61401414600005 1.0 0.0
149.59762014600003 0.0 0.0
150.58122614600003 1.0 1.0
151.56483214600004 0.0 0.0
152.54843814600002 1.0 0.0
153.53204414600003 0.0 0.0
154.51565014600004 1.0 1.0
155.49925614600005 0.0 0.0
156.48286214600003 1.0 0.0
157.46646814600004 0.0 0.0
158.45007414600005 1.0 1.0
159.43368014600003 0.0 0.0
160.41728614600004 1.0 0.0
161.40089214600005 0.0 0.0
162.38449814600003 1.0 1.0
163.36810414600004 0.0 0.0
164.35171014600004 1.0 0.0
165.33531614600003 0.0 0.0
166.31892214600003 1.0 1.0
167.30252814600004 0.0 0.0
168.28613414600005 1.0 0.0
169.26974014600003 0.0 0.0
170.25334614600004 1.0 1.0
171.23695214600005 0.0 0.0
172.22055814600003 1.0 0.0
173.20416414600004 0.0 0.0
174.18777014600005 1.0 1.0
175.17137614600003 0.0 0.0
176.15498214600004 1.0 0.0
177.13858814600005 0.0 0.0
178.12219414600003 1.0 1.0
179.10580014600004 0.0 0.0
180.08940614600004 1.0 0.0
181.07301214600005 0.0 0.0
182.05661814600003 1.0 1.0
183.04022414600004 0.0 0.0
184.02383014600005 1.0 0.0
185.00743614600003 0.0 0.0
185.99104214600004 1.0 1.0
186.97464814600005 0.0 0.0
187.95825414600003 1.0 0.0
188.94186014600004 0.0 0.0
189.92546614600005 1.0 1.0
190.90907214600006 0.0 0.0
191.89267814600004 1.0 0.0
192.87628414600005 0.0 0.0
193.85989014600005 1.0 1.0
194.84349614600004 0.0 0.0
195.82710214600004 1.0 0.0
196.81070814600005 0.0 0.0
197.79431414600003 1.0 1.0
198.77792014600004 0.0 0.0
199.76152614600005 1.0 0.0
200.74513214600003 0.0 0.0
201.72873814600004 1.0 1.0
202.71234414600005 0.0 0.0
203.69595014600006 1.0 0.0
204.67955614600004 0.0 0.0
205.66316214600005 1.0 1.0
206.64676814600006 0.0 0.0
207.63037414600004 1.0 0.0
208.61398014600005 0.0 0.0
209.59758614600005 1.0 1.0
210.58119214600003 0.0 0.0
211.56479814600004 1.0 0.0
212.54840414600005 0.0 0.0
213.53201014600003 1.0 1.0
214.51561614600004 0.0 0.0
215.49922214600005 1.0 0.0
216.48282814600006 0.0 0.0
217.46643414600004 1.0 1.0
218.45004014600005 0.0 0.0
219.43364614600006 1.0 0.0
220.41725214600004 0.0 0.0
221.40085814600005 1.0 1.0
222.38446414600006 0.0 0.0
223.36807014600004 1.0 0.0
224.35167614600005 0.0 0.0
225.33528214600005 1.0 1.0
226.31888814600003 0.0 0.0
227.30249414600004 1.0 0.0
228.28610014600005 0.0 0.0
229.26970614600006 1.0 1.0
230.25331214600004 0.0 0.0
231.23691814600005 1.0 0.0
232.22052414600006 0.0 0.0
233.20413014600004 1.0 1.0
234.18773614600005 0.0 0.0
235.17134214600006 1.0 0.0
236.15494814600004 0.0 0.0
237.13855414600005 1.0 1.0
238.12216014600006 0.0 0.0
239.10576614600004 1.0 0.0
240.08937214600004 0.0 0.0
241.07297814600005 1.0 1.0
242.05658414600006 0.0 0.0
243.04019014600004 1.0 0.0
244.02379614600005 0.0 0.0
245.00740214600006 1.0 1.0
245.99100814600004 0.0 0.0
246.97461414600005 1.0 0.0
247.95822014600006 0.0 0.0
248.94182614600004 1.0 1.0
249.92543214600005 0.0 0.0
250.90903814600006 1.0 0.0
251.89264414600004 0.0 0.0
252.87625014600005 1.0 1.0
253.85985614600006 0.0 0.0
254.84346214600006 1.0 0.0
255.82706814600004 0.0 0.0
256.81067414600005 1.0 1.0
257.79428014600006 0.0 0.0
258.77788614600007 1.0 0.0
259.7614921460001 0.0 0.0
260.74509814600003 1.0 1.0
261.72870414600004 0.0 0.0
262.71231014600005 1.0 0.0
263.69591614600006 0.0 0.0