0.267 1.0 0.0
0.867 0.0 0.0
1.467 1.0 1.0
2.067 0.0 0.0
2.6670000000000003 1.0 0.0
3.2670000000000003 0.0 0.0
3.8670000000000004 1.0 1.0
4.4670000000000005 0.0 0.0
5.067 1.0 0.0
5.667000000000001 0.0 0.0
6.267 1.0 1.0
6.867000000000001 0.0 0.0
7.4670000000000005 1.0 0.0
8.067 0.0 0.0
8.667 1.0 1.0
9.267000000000001 0.0 0.0
9.867 1.0 0.0
10.467 0.0 0.0
11.067 1.0 1.0
11.667 0.0 0.0
12.267000000000001 1.0 0.0
12.867 0.0 0.0
13.467 1.0 1.0
14.067 0.0 0.0
14.667 1.0 0.0
15.267000000000001 0.0 0.0
15.867 1.0 1.0
16.467 0.0 0.0
17.067 1.0 0.0
17.667 0.0 0.0
18.267 1.0 1.0
18.867 0.0 0.0
19.467 1.0 0.0
20.067 0.0 0.0
20.666999999999998 1.0 1.0
21.267 0.0 0.0
21.866999999999997 1.0 0.0
22.467 0.0 0.0
23.066999999999997 1.0 1.0
23.666999999999998 0.0 0.0
24.267 1.0 0.0
24.866999999999997 0.0 0.0
25.467 1.0 1.0
26.066999999999997 0.0 0.0
26.666999999999998 1.0 0.0
27.267 0.0 0.0
27.866999999999997 1.0 1.0
28.467 0.0 0.0
29.066999999999997 1.0 0.0
29.666999999999998 0.0 0.0
30.267 1.0 1.0
30.866999999999997 0.0 0.0
31.467 1.0 0.0
32.067 0.0 0.0
32.667 1.0 1.0
33.266999999999996 0.0 0.0
33.867 1.0 0.0
34.467 0.0 0.0
35.067 1.0 1.0
35.667 0.0 0.0
36.266999999999996 1.0 0.0
36.867 0.0 0.0
37.467 1.0 1.0
38.067 0.0 0.0
38.667 1.0 0.0
39.266999999999996 0.0 0.0
39.867 1.0 1.0
40.467 0.0 0.0
41.067 1.0 0.0
41.667 0.0 0.0
42.266999999999996 1.0 1.0
42.867 0.0 0.0
43.467 1.0 0.0
44.067 0.0 0.0
44.667 1.0 1.0
45.266999999999996 0.0 0.0
45.867 1.0 0.0
46.467 0.0 0.0
47.067 1.0 1.0
47.667 0.0 0.0
48.266999999999996 1.0 0.0
48.867 0.0 0.0
49.467 1.0 1.0
50.067 0.0 0.0
50.667 1.0 0.0
51.266999999999996 0.0 0.0
51.867 1.0 1.0
52.467 0.0 0.0
53.067 1.0 0.0
53.667 0.0 0.0
54.266999999999996 1.0 1.0
54.867 0.0 0.0
55.467 1.0 0.0
56.067 0.0 0.0
56.667 1.0 1.0
57.266999999999996 0.0 0.0
57.867 1.0 0.0
58.467 0.0 0.0
59.067 1.0 1.0
59.667 0.0 0.0
60.266999999999996 1.0 0.0
60.867 0.0 0.0
61.467 1.0 1.0
62.067 0.0 0.0
62.667 1.0 0.0
63.266999999999996 0.0 0.0
63.867 1.0 1.0
64.467 0.0 0.0
65.067 1.0 0.0
65.667 0.0 0.0
66.267 1.0 1.0
66.867 0.0 0.0
67.467 1.0 0.0
68.067 0.0 0.0
68.667 1.0 1.0
69.267 0.0 0.0
69.867 1.0 0.0
70.467 0.0 0.0
71.067 1.0 1.0
71.667 0.0 0.0
72.267 1.0 0.0
72.867 0.0 0.0
73.467 1.0 1.0
74.067 0.0 0.0
74.667 1.0 0.0
75.267 0.0 0.0
75.867 1.0 1.0
76.467 0.0 0.0
77.067 1.0 0.0
77.667 0.0 0.0
78.267 1.0 1.0
78.867 0.0 0.0
79.467 1.0 0.0
80.067 0.0 0.0
80.667 1.0 1.0
81.267 0.0 0.0
81.867 1.0 0.0
82.46699999999998 0.0 0.0
83.067 1.0 1.0
83.66699999999999 0.0 0.0
84.267 1.0 0.0
84.86699999999999 0.0 0.0
85.46699999999998 1.0 1.0
86.067 0.0 0.0
86.66699999999999 1.0 0.0
87.267 0.0 0.0
87.86699999999999 1.0 1.0
88.46699999999998 0.0 0.0
89.067 1.0 0.0
89.66699999999999 0.0 0.0
90.267 1.0 1.0
90.86699999999999 0.0 0.0
91.46699999999998 1.0 0.0
92.067 0.0 0.0
92.66699999999999 1.0 1.0
93.267 0.0 0.0
93.86699999999999 1.0 0.0
94.46699999999998 0.0 0.0
95.067 1.0 1.0
95.66699999999999 0.0 0.0
96.267 1.0 0.0
96.86699999999999 0.0 0.0
97.46699999999998 1.0 1.0
98.067 0.0 0.0
98.66699999999999 1.0 0.0
99.267 0.0 0.0
99.86699999999999 1.0 1.0
100.46699999999998 0.0 0.0
101.067 1.0 0.0
101.66699999999999 0.0 0.0
102.267 1.0 1.0
102.86699999999999 0.0 0.0
103.46699999999998 1.0 0.0
104.067 0.0 0.0
104.66699999999999 1.0 1.0
105.267 0.0 0.0
105.86699999999999 1.0 0.0
106.46699999999998 0.0 0.0
107.067 1.0 1.0
107.66699999999999 0.0 0.0
108.267 1.0 0.0
108.86699999999999 0.0 0.0
109.46699999999998 1.0 1.0
110.067 0.0 0.0
110.66699999999999 1.0 0.0
111.267 0.0 0.0
111.86699999999999 1.0 1.0
112.46699999999998 0.0 0.0
113.067 1.0 0.0
113.66699999999999 0.0 0.0
114.267 1.0 1.0
114.86699999999999 0.0 0.0
115.46699999999998 1.0 0.0
116.067 0.0 0.0
116.66699999999999 1.0 1.0
117.267 0.0 0.0
117.86699999999999 1.0 0.0
118.46699999999998 0.0 0.0
119.067 1.0 1.0
119.66699999999999 0.0 0.0
120.267 1.0 0.0
120.86699999999999 0.0 0.0
121.46699999999998 1.0 1.0
122.067 0.0 0.0
122.66699999999999 1.0 0.0
123.267 0.0 0.0
123.86699999999999 1.0 1.0
124.46699999999998 0.0 0.0
125.067 1.0 0.0
125.66699999999999 0.0 0.0
126.267 1.0 1.0
126.86699999999999 0.0 0.0
127.46699999999998 1.0 0.0
128.06699999999998 0.0 0.0
128.667 1.0 1.0
129.267 0.0 0.0
129.867 1.0 0.0
130.46699999999998 0.0 0.0
131.06699999999998 1.0 1.0
131.667 0.0 0.0
132.267 1.0 0.0
132.867 0.0 0.0
133.46699999999998 1.0 1.0
134.06699999999998 0.0 0.0
134.667 1.0 0.0
135.267 0.0 0.0
135.867 1.0 1.0
136.46699999999998 0.0 0.0
137.06699999999998 1.0 0.0
137.667 0.0 0.0
138.267 1.0 1.0
138.867 0.0 0.0
139.46699999999998 1.0 0.0
140.06699999999998 0.0 0.0
140.667 1.0 1.0
141.267 0.0 0.0
141.867 1.0 0.0
142.46699999999998 0.0 0.0
143.06699999999998 1.0 1.0
143.667 0.0 0.0
144.267 1.0 0.0
144.867 0.0 0.0
145.46699999999998 1.0 1.0
146.06699999999998 0.0 0.0
146.667 1.0 0.0
147.267 0.0 0.0
147.867 1.0 1.0
148.46699999999998 0.0 0.0
149.06699999999998 1.0 0.0
149.667 0.0 0.0
150.267 1.0 1.0
150.867 0.0 0.0
151.46699999999998 1.0 0.0
152.06699999999998 0.0 0.0
152.667 1.0 1.0
153.267 0.0 0.0
153.867 1.0 0.0
154.46699999999998 0.0 0.0
155.06699999999998 1.0 1.0
155.667 0.0 0.0
156.267 1.0 0.0
156.867 0.0 0.0
157.46699999999998 1.0 1.0
158.06699999999998 0.0 0.0
158.667 1.0 0.0
159.267 0.0 0.0
159.867 1.0 1.0
160.46699999999998 0.0 0.0
161.06699999999998 1.0 0.0
161.667 0.0 0.0
162.267 1.0 1.0
162.867 0.0 0.0
163.46699999999998 1.0 0.0
164.067 0.0 0.0
164.667 1.0 1.0
165.267 0.0 0.0
165.86700000000002 1.0 0.0
166.467 0.0 0.0
167.067 1.0 1.0
167.667 0.0 0.0
168.267 1.0 0.0
168.86700000000002 0.0 0.0
169.467 1.0 1.0
170.067 0.0 0.0
170.667 1.0 0.0
171.267 0.0 0.0
171.86700000000002 1.0 1.0
172.467 0.0 0.0
173.067 1.0 0.0
173.667 0.0 0.0
174.267 1.0 1.0
174.86700000000002 0.0 0.0
175.467 1.0 0.0
176.067 0.0 0.0
176.667 1.0 1.0
177.267 0.0 0.0
177.86700000000002 1.0 0.0
178.467 0.0 0.0
179.067 1.0 1.0
179.667 0.0 0.0
180.267 1.0 0.0
180.86700000000002 0.0 0.0
181.467 1.0 1.0
182.067 0.0 0.0
182.667 1.0 0.0
183.267 0.0 0.0
183.86700000000002 1.0 1.0
184.467 0.0 0.0
185.067 1.0 0.0
185.667 0.0 0.0
186.267 1.0 1.0
186.86700000000002 0.0 0.0
187.467 1.0 0.0
188.067 0.0 0.0
188.667 1.0 1.0
189.267 0.0 0.0
189.86700000000002 1.0 0.0
190.467 0.0 0.0
191.067 1.0 1.0
191.667 0.0 0.0
192.267 1.0 0.0
192.86700000000002 0.0 0.0
193.467 1.0 1.0
194.067 0.0 0.0
194.667 1.0 0.0
195.267 0.0 0.0
195.86700000000002 1.0 1.0
196.467 0.0 0.0
197.067 1.0 0.0
197.667 0.0 0.0
198.267 1.0 1.0
198.86700000000002 0.0 0.0
199.467 1.0 0.0
200.067 0.0 0.0
200.667 1.0 1.0
201.267 0.0 0.0
201.86700000000002 1.0 0.0
202.467 0.0 0.0
203.067 1.0 1.0
203.667 0.0 0.0
204.267 1.0 0.0
204.86700000000002 0.0 0.0
205.467 1.0 1.0
206.067 0.0 0.0
206.667 1.0 0.0
207.267 0.0 0.0
207.86700000000002 1.0 1.0
208.467 0.0 0.0
209.067 1.0 0.0
209.667 0.0 0.0
210.267 1.0 1.0
210.86700000000002 0.0 0.0
211.467 1.0 0.0
212.067 0.0 0.0
212.667 1.0 1.0
213.267 0.0 0.0
213.86700000000002 1.0 0.0
214.467 0.0 0.0
215.067 1.0 1.0
215.667 0.0 0.0
216.267 1.0 0.0
216.86700000000002 0.0 0.0
217.467 1.0 1.0
218.067 0.0 0.0
218.667 1.0 0.0
219.267 0.0 0.0
219.86700000000002 1.0 1.0
220.467 0.0 0.0
221.067 1.0 0.0
221.667 0.0 0.0
222.267 1.0 1.0
222.86700000000002 0.0 0.0
223.467 1.0 0.0
224.067 0.0 0.0
224.667 1.0 1.0
225.267 0.0 0.0
225.86700000000002 1.0 0.0
226.467 0.0 0.0
227.067 1.0 1.0
227.667 0.0 0.0
228.267 1.0 0.0
228.86700000000002 0.0 0.0
229.467 1.0 1.0
230.067 0.0 0.0
230.667 1.0 0.0
231.267 0.0 0.0
231.86700000000002 1.0 1.0
232.467 0.0 0.0
233.067 1.0 0.0
233.667 0.0 0.0
234.267 1.0 1.0
234.86700000000002 0.0 0.0
235.467 1.0 0.0
236.067 0.0 0.0
236.667 1.0 1.0
237.267 0.0 0.0
237.86700000000002 1.0 0.0
238.467 0.0 0.0
239.067 1.0 1.0
239.667 0.0 0.0
240.267 1.0 0.0
240.86700000000002 0.0 0.0
241.467 1.0 1.0
242.067 0.0 0.0
242.667 1.0 0.0
243.267 0.0 0.0
243.86700000000002 1.0 1.0
244.467 0.0 0.0
245.067 1.0 0.0
245.667 0.0 0.0
246.267 1.0 1.0
246.86700000000002 0.0 0.0
247.467 1.0 0.0
248.067 0.0 0.0
248.667 1.0 1.0
249.267 0.0 0.0
249.86700000000002 1.0 0.0
250.467 0.0 0.0
251.067 1.0 1.0
251.667 0.0 0.0
252.267 1.0 0.0
252.86700000000002 0.0 0.0
253.467 1.0 1.0
254.067 0.0 0.0
254.667 1.0 0.0
255.267 0.0 0.0
255.86700000000002 1.0 1.0
256.467 0.0 0.0
257.067 1.0 0.0
257.66700000000003 0.0 0.0
258.267 1.0 1.0
258.867 0.0 0.0
259.467 1.0 0.0
260.067 0.0 0.0
260.66700000000003 1.0 1.0
261.267 0.0 0.0
261.867 1.0 0.0
262.467 0.0 0.0
263.067 1.0 1.0
263.66700000000003 0.0 0.0
264.267 1.0 0.0
264.867 0.0 0.0
265.467 1.0 1.0
266.067 0.0 0.0
266.66700000000003 1.0 0.0
267.267 0.0 0.0
267.867 1.0 1.0
268.467 0.0 0.0
269.067 1.0 0.0
269.66700000000003 0.0 0.0
270.267 1.0 1.0
270.867 0.0 0.0
271.467 1.0 0.0
272.067 0.0 0.0