0.4817307049999999 0.0 0.0
1.0586537049999998 1.0 1.0
1.6355767049999999 0.0 0.0
2.212499705 1.0 0.0
2.789422705 0.0 0.0
3.366345705 1.0 1.0
3.943268705 0.0 0.0
4.520191705 1.0 0.0
5.097114705 0.0 0.0
5.674037705 1.0 1.0
6.250960705 0.0 0.0
6.827883705 1.0 0.0
7.4048067049999995 0.0 0.0
7.981729704999999 1.0 1.0
8.558652705 0.0 0.0
9.135575704999999 1.0 0.0
9.712498705 0.0 0.0
10.289421705 1.0 1.0
10.866344705 0.0 0.0
11.443267705 1.0 0.0
12.020190705000001 0.0 0.0
12.597113705 1.0 1.0
13.174036705 0.0 0.0
13.750959705 1.0 0.0
14.327882705 0.0 0.0
14.904805705 1.0 1.0
15.481728705 0.0 0.0
16.058651705 1.0 0.0
16.63830285875 0.0 0.0
17.220826858749998 1.0 1.0
17.803350858749997 0.0 0.0
18.38587485875 1.0 0.0
18.96839885875 0.0 0.0
19.55092285875 1.0 1.0
20.13344685875 0.0 0.0
20.715970858749998 1.0 0.0
21.298494858749997 0.0 0.0
21.881018858749997 1.0 1.0
22.46354285875 0.0 0.0
23.04606685875 1.0 0.0
23.628590858749998 0.0 0.0
24.211114858749998 1.0 1.0
24.79363885875 0.0 0.0
25.37616285875 1.0 0.0
25.95868685875 0.0 0.0
26.54121085875 1.0 1.0
27.123734858749998 0.0 0.0
27.706258858749997 1.0 0.0
28.288782858749997 0.0 0.0
28.871306858749996 1.0 1.0
29.45383085875 0.0 0.0
30.03635485875 1.0 0.0
30.618878858749998 0.0 0.0
31.20140285875 1.0 1.0
31.78392685875 0.0 0.0
32.36645085875 1.0 0.0
32.94897485875 0.0 0.0
33.53149885875 1.0 1.0
34.11402285875 0.0 0.0
34.69654685875 1.0 0.0
35.279070858749996 0.0 0.0
35.861594858749996 1.0 1.0
36.44411885875 0.0 0.0
37.026642858749995 1.0 0.0
37.609166858749994 0.0 0.0
38.189379987916666 1.0 1.0
38.764918987916666 0.0 0.0
39.340457987916665 1.0 0.0
39.915996987916664 0.0 0.0
40.49153598791666 1.0 1.0
41.06707498791667 0.0 0.0
41.64261398791667 1.0 0.0
42.21815298791667 0.0 0.0
42.79369198791667 1.0 1.0
43.369230987916666 0.0 0.0
43.944769987916665 1.0 0.0
44.520308987916664 0.0 0.0
45.09584798791667 1.0 1.0
45.67138698791667 0.0 0.0
46.24692598791667 1.0 0.0
46.82246498791667 0.0 0.0
47.39973018041666 1.0 1.0
47.978042180416665 0.0 0.0
48.55635418041666 1.0 0.0
49.13466618041666 0.0 0.0
49.71297818041666 1.0 1.0
50.29129018041666 0.0 0.0
50.86960218041666 1.0 0.0
51.44791418041666 0.0 0.0
52.026226180416664 1.0 1.0
52.60453818041666 0.0 0.0
53.18576092708332 1.0 0.0
53.77399592708333 0.0 0.0
54.362230927083324 1.0 1.0
54.95046592708332 0.0 0.0
55.538700927083326 1.0 0.0
56.12693592708332 0.0 0.0
56.71517092708332 1.0 1.0
57.299200260416654 0.0 0.0
57.87891026041666 1.0 1.0
58.45862026041666 0.0 0.0
59.03833026041666 1.0 0.0
59.618040260416656 0.0 0.0
60.197750260416655 1.0 1.0
60.77746026041666 0.0 0.0
61.35717026041666 1.0 0.0
61.93688026041666 0.0 0.0
62.516590260416656 1.0 1.0
63.096300260416655 0.0 0.0
63.67601026041666 1.0 0.0
64.25572026041665 0.0 0.0
64.83543026041666 1.0 1.0
65.41514026041665 0.0 0.0
65.99485026041665 1.0 0.0
66.57456026041666 0.0 0.0
67.15427026041665 1.0 1.0
67.73398026041666 0.0 0.0
68.31369026041665 1.0 0.0
68.89340026041666 0.0 0.0
69.47461408833333 1.0 1.0
70.05572708833333 0.0 0.0
70.63684008833333 1.0 0.0
71.21795308833333 0.0 0.0
71.79906608833332 1.0 1.0
72.38017908833332 0.0 0.0
72.96129208833332 1.0 0.0
73.54240508833333 0.0 0.0
74.12351808833333 1.0 0.0
74.70503322333333 0.0 0.0
75.28755722333334 1.0 1.0
75.87008122333334 0.0 0.0
76.45260522333334 1.0 0.0
77.03512922333334 0.0 0.0
77.61765322333333 1.0 1.0
78.20017722333334 0.0 0.0
78.78270122333333 1.0 0.0
79.36522522333334 0.0 0.0
79.94774922333333 1.0 1.0
80.53027322333334 0.0 0.0
81.11279722333333 1.0 0.0
81.69532122333334 0.0 0.0
82.27784522333334 1.0 1.0
82.86036922333334 0.0 0.0
83.44289322333334 1.0 0.0
84.02541722333333 0.0 0.0
84.60794122333334 1.0 1.0
85.19046522333333 0.0 0.0
85.77298922333334 1.0 0.0
86.35551322333333 0.0 0.0
86.93803722333334 1.0 1.0
87.52056122333335 0.0 0.0
88.10308522333334 1.0 0.0
88.68560922333333 0.0 0.0
89.26813322333334 1.0 1.0
89.85065722333334 0.0 0.0
90.43318122333334 1.0 0.0
91.01570522333334 0.0 0.0
91.59822922333333 1.0 1.0
92.18075322333334 0.0 0.0
92.76327722333333 1.0 0.0
93.34580122333334 0.0 0.0
93.92765807083333 1.0 1.0
94.50736807083334 0.0 0.0
95.08707807083333 1.0 0.0
95.66678807083333 0.0 0.0
96.24649807083334 1.0 1.0
96.82620807083333 0.0 0.0
97.40591807083334 1.0 0.0
97.98562807083333 0.0 0.0
98.56533807083333 1.0 1.0
99.14504807083334 0.0 0.0
99.72475807083333 1.0 0.0
100.30446807083334 0.0 0.0
100.88417807083333 1.0 1.0
101.46388807083333 0.0 0.0
102.04359807083334 1.0 0.0
102.62330807083333 0.0 0.0
103.20301807083334 1.0 1.0
103.77995965083333 0.0 0.0
104.35688265083334 1.0 0.0
104.93380565083334 0.0 0.0
105.51072865083333 1.0 1.0
106.08765165083334 0.0 0.0
106.66457465083333 1.0 0.0
107.24149765083334 0.0 0.0
107.81842065083333 1.0 1.0
108.39534365083334 0.0 0.0
108.97331642083333 1.0 0.0
109.55302642083333 0.0 0.0
110.13273642083334 1.0 1.0
110.71244642083333 0.0 0.0
111.29215642083334 1.0 0.0
111.87186642083333 0.0 0.0
112.45157642083333 1.0 1.0
113.03128642083334 0.0 0.0
113.61099642083333 1.0 0.0
114.19070642083334 0.0 0.0
114.77041642083333 1.0 1.0
115.35012642083333 0.0 0.0
115.92983642083334 1.0 1.0
116.50954642083333 0.0 0.0
117.08925642083334 1.0 0.0
117.66896642083333 0.0 0.0
118.24867642083333 1.0 1.0
118.82838642083334 0.0 0.0
119.40809642083333 1.0 0.0
119.98780642083334 0.0 0.0
120.56751642083333 1.0 1.0
121.14722642083333 0.0 0.0
121.72693642083334 1.0 0.0
122.30664642083333 0.0 0.0
122.88635642083334 1.0 1.0
123.46606642083333 0.0 0.0
124.04577642083333 1.0 0.0
124.62548642083334 0.0 0.0
125.20519642083333 1.0 1.0
125.78490642083334 0.0 0.0
126.36461642083333 1.0 0.0
126.94432642083333 0.0 0.0
127.52572364833334 1.0 1.0
128.10824764833333 0.0 0.0
128.69077164833334 1.0 0.0
129.27329564833335 0.0 0.0
129.85581964833332 1.0 1.0
130.43834364833333 0.0 0.0
131.02086764833334 1.0 0.0
131.60339164833334 0.0 0.0
132.18591564833335 1.0 1.0
132.76843964833333 0.0 0.0
133.35096364833333 1.0 0.0
133.93348764833334 0.0 0.0
134.51601164833335 1.0 1.0
135.09853564833332 0.0 0.0
135.68105964833333 1.0 0.0
136.26358364833334 0.0 0.0
136.84092905708332 1.0 1.0
137.41785205708334 0.0 0.0
137.99477505708333 1.0 0.0
138.57169805708332 0.0 0.0
139.14862105708332 1.0 1.0
139.72554405708334 0.0 0.0
140.30246705708333 1.0 0.0
140.87939005708333 0.0 0.0
141.45631305708332 1.0 1.0
142.03323605708334 0.0 0.0
142.61015905708334 1.0 0.0
143.18708205708333 0.0 0.0
143.76400505708332 1.0 1.0
144.34092805708332 0.0 0.0
144.92003077958333 1.0 1.0
145.50255477958333 0.0 0.0
146.0850787795833 1.0 0.0
146.66760277958332 0.0 0.0
147.25012677958333 1.0 1.0
147.83265077958333 0.0 0.0
148.4151747795833 1.0 0.0
148.99769877958332 0.0 0.0
149.5802227795833 1.0 1.0
150.1627467795833 0.0 0.0
150.7452707795833 1.0 0.0
151.32779477958331 0.0 0.0
151.9103187795833 1.0 1.0
152.4928427795833 0.0 0.0
153.0753667795833 1.0 0.0
153.6578907795833 0.0 0.0
154.24041477958332 1.0 1.0
154.8229387795833 0.0 0.0
155.4054627795833 1.0 0.0
155.9879867795833 0.0 0.0
156.57051077958332 1.0 1.0
157.1530347795833 0.0 0.0
157.7355587795833 1.0 0.0
158.3180827795833 0.0 0.0
158.9006067795833 1.0 1.0
159.4831307795833 0.0 0.0
160.0656547795833 1.0 0.0
160.6481787795833 0.0 0.0
161.2307027795833 1.0 1.0
161.81322677958332 0.0 0.0
162.3957507795833 1.0 0.0
162.9782747795833 0.0 0.0
163.5607987795833 1.0 1.0
164.14332277958331 0.0 0.0
164.7258467795833 1.0 0.0
165.3083707795833 0.0 0.0
165.8908947795833 1.0 1.0
166.4734187795833 0.0 0.0
167.0559427795833 1.0 0.0
167.6384667795833 0.0 0.0
168.2173070345833 1.0 1.0
168.7956190345833 0.0 0.0
169.3739310345833 1.0 0.0
169.9522430345833 0.0 0.0
170.5305550345833 1.0 1.0
171.1088670345833 0.0 0.0
171.6871790345833 1.0 0.0
172.2654910345833 0.0 0.0
172.8438030345833 1.0 1.0
173.4221150345833 0.0 0.0
174.0004270345833 1.0 1.0
174.5787390345833 0.0 0.0
175.1570510345833 1.0 0.0
175.7353630345833 0.0 0.0
176.3136750345833 1.0 1.0
176.8919870345833 0.0 0.0
177.4702990345833 1.0 0.0
178.0486110345833 0.0 0.0
178.62692303458329 1.0 1.0
179.2052350345833 0.0 0.0
179.7835470345833 1.0 0.0
180.3618590345833 0.0 0.0
180.9401710345833 1.0 1.0
181.5171293383333 0.0 0.0
182.0940523383333 1.0 0.0
182.6709753383333 0.0 0.0
183.2478983383333 1.0 1.0
183.8248213383333 0.0 0.0
184.40174433833332 1.0 0.0
184.9786673383333 0.0 0.0
185.5555903383333 1.0 1.0
186.1338062358333 0.0 0.0
186.7163302358333 1.0 0.0
187.2988542358333 0.0 0.0
187.8813782358333 1.0 1.0
188.4639022358333 0.0 0.0
189.0464262358333 1.0 0.0
189.62895023583332 0.0 0.0
190.2114742358333 1.0 1.0
190.7939982358333 0.0 0.0
191.3765222358333 1.0 0.0
191.9590462358333 0.0 0.0
192.5415702358333 1.0 1.0
193.1240942358333 0.0 0.0
193.7066182358333 1.0 0.0
194.2891422358333 0.0 0.0
194.8716662358333 1.0 1.0
195.4541902358333 0.0 0.0
196.0367142358333 1.0 0.0
196.6192382358333 0.0 0.0
197.2017622358333 1.0 1.0
197.7842862358333 0.0 0.0
198.3668102358333 1.0 0.0
198.9493342358333 0.0 0.0
199.5318582358333 1.0 1.0
200.1143822358333 0.0 0.0
200.6969062358333 1.0 0.0
201.2794302358333 0.0 0.0
201.8619542358333 1.0 1.0
202.4444782358333 0.0 0.0
203.0270022358333 1.0 1.0
203.6095262358333 0.0 0.0
204.1920502358333 1.0 0.0
204.7745742358333 0.0 0.0
205.3570982358333 1.0 1.0
205.9396222358333 0.0 0.0
206.5221462358333 1.0 0.0
207.1046702358333 0.0 0.0
207.68719423583332 1.0 1.0
208.2697182358333 0.0 0.0
208.8522422358333 1.0 0.0
209.4347662358333 0.0 0.0
210.0172902358333 1.0 1.0
210.5998142358333 0.0 0.0
211.1814541708333 1.0 0.0
211.7611641708333 0.0 0.0
212.3408741708333 1.0 1.0
212.92058417083328 0.0 0.0
213.50029417083329 1.0 0.0
214.0800041708333 0.0 0.0
214.6597141708333 1.0 1.0
215.2394241708333 0.0 0.0
215.81913417083328 1.0 0.0
216.39884417083329 0.0 0.0
216.9785541708333 1.0 1.0
217.5582641708333 0.0 0.0
218.1379741708333 1.0 0.0
218.71768417083328 0.0 0.0
219.2973941708333 1.0 1.0
219.8771041708333 0.0 0.0
220.4557109158333 1.0 0.0
221.03402291583328 0.0 0.0
221.6123349158333 1.0 1.0
222.19064691583327 0.0 0.0
222.76895891583328 1.0 0.0
223.3472709158333 0.0 0.0
223.92558291583327 1.0 1.0
224.50389491583329 0.0 0.0
225.08220691583327 1.0 0.0
225.66051891583328 0.0 0.0
226.2388309158333 1.0 1.0
226.81714291583327 0.0 0.0
227.39545491583328 1.0 0.0
227.97376691583327 0.0 0.0
228.55207891583328 1.0 1.0
229.1303909158333 0.0 0.0
229.70870291583327 1.0 0.0
230.28701491583328 0.0 0.0
230.86532691583326 1.0 1.0
231.44363891583328 0.0 0.0
232.0219509158333 1.0 0.0
232.60026291583327 0.0 0.0
233.17857491583328 1.0 1.0
233.75688691583326 0.0 0.0
234.34657612333328 1.0 0.0
234.95562932874995 0.0 0.0
235.57938870291662 1.0 1.0
236.2152337145833 0.0 0.0
236.8603937145833 1.0 1.0
237.50555371458327 0.0 0.0
238.15071371458328 0.0 0.0