0.11	1.0
0.69	2.0
1.25	3.0
1.83	4.0
2.42	1.0
2.98	2.0
3.57	3.0
4.12	4.0
4.71	1.0
5.27	2.0
5.86	3.0
6.41	4.0
7.0	1.0
7.56	2.0
8.14	3.0
8.69	4.0
9.28	1.0
9.84	2.0
10.42	3.0
10.99	4.0
11.56	1.0
12.13	2.0
12.71	3.0
13.26	4.0
13.85	1.0
14.41	2.0
14.99	3.0
15.55	4.0
16.14	1.0
16.7	2.0
17.28	3.0
17.84	4.0
18.42	1.0
18.98	2.0
19.56	3.0
20.12	4.0
20.71	1.0
21.27	2.0
21.85	3.0
22.4	4.0
22.99	1.0
23.56	2.0
24.14	3.0
24.7	4.0
25.28	1.0
25.84	2.0
26.43	3.0
26.98	4.0
27.56	1.0
28.13	2.0
28.71	3.0
29.26	4.0
29.85	1.0
30.41	2.0
30.97	3.0
31.54	4.0
32.12	1.0
32.69	2.0
33.26	3.0
33.83	4.0
34.44	1.0
34.99	2.0
35.53	3.0
36.12	4.0
36.7	1.0
37.27	2.0
37.83	3.0
38.41	4.0
39.0	1.0
39.6	2.0
40.13	3.0
40.69	4.0
41.28	1.0
41.84	2.0
42.37	3.0
42.98	4.0
43.56	1.0
44.13	2.0
44.68	3.0
45.26	4.0
45.84	1.0
46.41	2.0
47.01	3.0
47.55	4.0
48.11	1.0
48.7	2.0
49.26	3.0
49.83	4.0
50.41	1.0
50.98	2.0
51.55	3.0
52.14	4.0
52.72	1.0
53.27	2.0
53.85	3.0
54.4	4.0
54.99	1.0
55.56	2.0
56.16	3.0
56.75	4.0
57.29	1.0
57.84	2.0
58.41	3.0
58.97	4.0
59.55	1.0
60.13	2.0
60.69	3.0
61.26	4.0
61.86	1.0
62.4	2.0
62.98	3.0
63.55	4.0
64.11	1.0
64.69	2.0
65.26	3.0
65.83	4.0
66.42	1.0
66.99	2.0
67.57	3.0
68.12	4.0
68.73	1.0
69.27	2.0
69.83	3.0
70.4	4.0
70.99	1.0
71.56	2.0
72.14	3.0
72.69	4.0
73.25	1.0
73.84	2.0
74.43	3.0
74.98	4.0
75.57	1.0
76.13	2.0
76.71	3.0
77.26	4.0
77.83	1.0
78.41	2.0
78.99	3.0
79.55	4.0
80.13	1.0
80.7	2.0
81.27	3.0
81.83	4.0
82.4	1.0
82.98	2.0
83.56	3.0
84.12	4.0
84.69	1.0
85.26	2.0
85.84	3.0
86.41	4.0
86.98	1.0
87.55	2.0
88.12	3.0
88.69	4.0
89.26	1.0
89.84	2.0
90.42	3.0
90.98	4.0
91.55	1.0
92.12	2.0
92.7	3.0
93.26	4.0
93.83	1.0
94.4	2.0
94.98	3.0
95.55	4.0
96.13	1.0
96.7	2.0
97.27	3.0
97.83	4.0
98.41	1.0
98.96	2.0
99.55	3.0
100.12	4.0
100.69	1.0
101.27	2.0
101.84	3.0
102.41	4.0
102.99	1.0
103.55	2.0
104.12	3.0
104.69	4.0
105.26	1.0
105.84	2.0
106.4	3.0
106.98	4.0
107.55	1.0
108.12	2.0
108.69	3.0
109.26	4.0
109.84	1.0
110.4	2.0
110.98	3.0
111.55	4.0
112.14	1.0
112.69	2.0
113.26	3.0
113.83	4.0
114.42	1.0
114.98	2.0
115.55	3.0
116.12	4.0
116.7	1.0
117.26	2.0
117.84	3.0
118.41	4.0
118.99	1.0
119.55	2.0
120.12	3.0
120.7	4.0
121.26	1.0
121.83	2.0
122.41	3.0
122.98	4.0
123.56	1.0
124.12	2.0
124.69	3.0
125.26	4.0
125.85	1.0
126.4	2.0
126.98	3.0
127.55	4.0
128.13	1.0
128.69	2.0
129.26	3.0
129.83	4.0
130.41	1.0
130.99	2.0
131.55	3.0
132.12	4.0
132.7	1.0
133.27	2.0
133.84	3.0
134.41	4.0
135.0	1.0
135.56	2.0
136.12	3.0
136.69	4.0
137.28	1.0
137.84	2.0
138.41	3.0
138.98	4.0
139.56	1.0
140.13	2.0
140.69	3.0
141.26	4.0
141.83	1.0
142.41	2.0
142.98	3.0
143.55	4.0
144.13	1.0
144.7	2.0
145.27	3.0
145.84	4.0
146.41	1.0
146.98	2.0
147.55	3.0
148.13	4.0
148.69	1.0
149.26	2.0
149.84	3.0
150.41	4.0
150.98	1.0
151.55	2.0
152.12	3.0
152.69	4.0
153.27	1.0
153.85	2.0
154.4	3.0
154.98	4.0
155.56	1.0
156.13	2.0
156.7	3.0
157.27	4.0
157.84	1.0
158.4	2.0
158.98	3.0
159.55	4.0
160.12	1.0
160.69	2.0
161.27	3.0
161.83	4.0
162.42	1.0
162.99	2.0
163.56	3.0
164.1	4.0
164.71	1.0
165.28	2.0
165.84	3.0
166.42	4.0
166.98	1.0
167.56	2.0
168.12	3.0
168.69	4.0
169.27	1.0
169.84	2.0
170.41	3.0
170.97	4.0
171.55	1.0
172.13	2.0
172.7	3.0
173.26	4.0
173.84	1.0
174.41	2.0
174.98	3.0
175.55	4.0
176.12	1.0
176.69	2.0
177.27	3.0
177.84	4.0
178.41	1.0
178.98	2.0
179.55	3.0
180.12	4.0
180.69	1.0
181.27	2.0
181.84	3.0
182.41	4.0
182.98	1.0
183.55	2.0
184.13	3.0
184.69	4.0
185.27	1.0
185.84	2.0
186.42	3.0
186.98	4.0
187.55	1.0
188.12	2.0
188.7	3.0
189.26	4.0
189.83	1.0
190.41	2.0
190.99	3.0
191.55	4.0
192.11	1.0
192.7	2.0
193.27	3.0
193.84	4.0
194.4	1.0
194.97	2.0
195.55	3.0
196.12	4.0
196.7	1.0
197.27	2.0
197.84	3.0
198.4	4.0
198.99	1.0
199.56	2.0
200.14	3.0
200.7	4.0
201.28	1.0
201.85	2.0
202.42	3.0
202.98	4.0
203.56	1.0
204.12	2.0
204.7	3.0
205.26	4.0
205.85	1.0
206.41	2.0
206.98	3.0
207.55	4.0
208.13	1.0
208.69	2.0
209.27	3.0
209.83	4.0
210.42	1.0
210.98	2.0
211.55	3.0
212.12	4.0
212.71	1.0
213.26	2.0
213.84	3.0
214.41	4.0
214.99	1.0
215.55	2.0
216.12	3.0
216.7	4.0
217.28	1.0
217.84	2.0
218.41	3.0
218.98	4.0
219.56	1.0
220.12	2.0
220.69	3.0
221.27	4.0
221.85	1.0
222.4	2.0
222.98	3.0
223.55	4.0
224.13	1.0
224.69	2.0
225.27	3.0
225.84	4.0
226.42	1.0
226.98	2.0
227.55	3.0
228.12	4.0
228.7	1.0
229.26	2.0
229.84	3.0
230.41	4.0
230.99	1.0
231.55	2.0
232.12	3.0
232.7	4.0
233.27	1.0
233.84	2.0
234.41	3.0
234.98	4.0
235.56	1.0
236.12	2.0
236.69	3.0
237.27	4.0
237.84	1.0
238.42	2.0
238.99	3.0
239.54	4.0
240.12	1.0
240.69	2.0
241.27	3.0
241.84	4.0
242.42	1.0
242.98	2.0
243.56	3.0
244.12	4.0
244.71	1.0
245.26	2.0
245.84	3.0
246.41	4.0
246.99	1.0
247.55	2.0
248.12	3.0
248.7	4.0
249.27	1.0
249.84	2.0
250.41	3.0
250.98	4.0
251.56	1.0
252.12	2.0
252.7	3.0
253.27	4.0
253.85	1.0
254.41	2.0
254.99	3.0
255.55	4.0
256.14	1.0
256.69	2.0
257.27	3.0
257.83	4.0
258.42	1.0
258.98	2.0
259.55	3.0
260.12	4.0
260.7	1.0
261.27	2.0
261.84	3.0
262.41	4.0
262.99	1.0
263.55	2.0
264.12	3.0
264.69	4.0
265.27	1.0
265.84	2.0
266.41	3.0
266.97	4.0
267.55	1.0
268.12	2.0
268.69	3.0
269.26	4.0
269.83	1.0
270.41	2.0
270.98	3.0
271.55	4.0
272.13	1.0
272.69	2.0
273.26	3.0
273.83	4.0
274.41	1.0
274.98	2.0
275.55	3.0
276.12	4.0
276.69	1.0
277.29	2.0
277.88	3.0
278.46	4.0
279.04	1.0
279.63	2.0
280.25	3.0
280.88	4.0
281.48	1.0
