0.0 0.0 0.0
0.882352 1.0 1.0
1.764704 0.0 0.0
2.647056 0.0 0.0
3.529408 1.0 1.0
4.41176 0.0 0.0
5.294112 1.0 0.0
6.176464 0.0 0.0
7.058816 1.0 1.0
7.941168 0.0 0.0
8.82352 1.0 0.0
9.705872 0.0 0.0
10.588224 1.0 1.0
11.470576 0.0 0.0
12.352928 1.0 0.0
13.23528 0.0 0.0
14.117632 1.0 1.0
14.999984 0.0 0.0
15.882336 1.0 0.0
16.764688 0.0 0.0
17.64704 1.0 1.0
18.529392 0.0 0.0
19.411744 1.0 0.0
20.294096 0.0 0.0
21.176448 1.0 1.0
22.0588 0.0 0.0
22.941152 1.0 0.0
23.823504 0.0 0.0
24.705856 1.0 1.0
25.588208 0.0 0.0
26.47056 1.0 0.0
27.352912 0.0 0.0
28.235264 1.0 1.0
29.117616 0.0 0.0
29.999968 1.0 0.0
30.88232 0.0 0.0
31.764672 1.0 1.0
32.647024 0.0 0.0
33.529376 1.0 0.0
34.411728000000004 0.0 0.0
35.29408 1.0 1.0
36.176432 0.0 0.0
37.058784 1.0 0.0
37.941136 0.0 0.0
38.823488 1.0 1.0
39.70584 0.0 0.0
40.588192 1.0 0.0
41.470544000000004 0.0 0.0
42.352896 1.0 1.0
43.235248 0.0 0.0
44.1176 1.0 0.0
44.999952 0.0 0.0
45.882304 1.0 1.0
46.764656 0.0 0.0
47.647008 1.0 1.0
48.52936 0.0 0.0
49.411712 1.0 0.0
50.294064 0.0 0.0
51.176416 1.0 1.0
52.058768 0.0 0.0
52.94112 1.0 0.0
53.823472 0.0 0.0
54.705824 1.0 1.0
55.588176 0.0 0.0
56.470528 1.0 0.0
57.35288 0.0 0.0
58.235232 1.0 1.0
59.117584 0.0 0.0
59.999936 1.0 0.0
60.882288 0.0 0.0
61.76464 1.0 1.0
62.646992 0.0 0.0
63.529344 1.0 0.0
64.411696 0.0 0.0
65.294048 1.0 1.0
66.1764 0.0 0.0
67.058752 1.0 0.0
67.941104 0.0 0.0
68.82345600000001 1.0 1.0
69.705808 0.0 0.0
70.58816 1.0 0.0
71.470512 0.0 0.0
72.352864 1.0 1.0
73.235216 0.0 0.0
74.117568 1.0 0.0
74.99992 0.0 0.0
75.882272 1.0 1.0
76.764624 0.0 0.0
77.646976 1.0 0.0
78.529328 0.0 0.0
79.41168 1.0 1.0
80.294032 0.0 0.0
81.176384 1.0 0.0
82.058736 0.0 0.0
82.94108800000001 1.0 1.0
83.82344 0.0 0.0
84.705792 1.0 0.0
85.588144 0.0 0.0
86.470496 1.0 1.0
87.352848 0.0 0.0
88.2352 1.0 0.0
89.117552 0.0 0.0
89.999904 1.0 1.0
90.882256 0.0 0.0
91.764608 1.0 1.0
92.64696 0.0 0.0
93.529312 1.0 0.0
94.411664 0.0 0.0
95.294016 1.0 1.0
96.176368 0.0 0.0
97.061323 1.0 0.0
97.94627799999999 0.0 0.0
98.831233 1.0 1.0
99.716188 0.0 0.0
100.601143 1.0 0.0
101.486098 0.0 0.0
102.371053 1.0 1.0
103.256008 0.0 0.0
104.140963 1.0 0.0
105.02591799999999 0.0 0.0
105.910873 1.0 1.0
106.79322499999999 0.0 0.0
107.67557699999999 1.0 0.0
108.557929 0.0 0.0
109.440281 1.0 1.0
110.322633 0.0 0.0
111.204985 1.0 0.0
112.08733699999999 0.0 0.0
112.969689 1.0 1.0
113.852041 0.0 0.0
114.734393 1.0 0.0
115.616745 0.0 0.0
116.49909699999999 1.0 1.0
117.381449 0.0 0.0
118.263801 1.0 0.0
119.146153 0.0 0.0
120.028505 1.0 1.0
120.910857 0.0 0.0
121.79320899999999 1.0 0.0
122.67556099999999 0.0 0.0
123.557913 1.0 1.0
124.440265 0.0 0.0
125.322617 1.0 0.0
126.20496899999999 0.0 0.0
127.087321 1.0 1.0
127.969673 0.0 0.0
128.852025 1.0 0.0
129.734377 0.0 0.0
130.616729 1.0 1.0
131.499081 0.0 0.0
132.381433 1.0 0.0
133.26378499999998 0.0 0.0
134.146137 1.0 1.0
135.028489 0.0 0.0
135.910841 1.0 1.0
136.793193 0.0 0.0
137.675545 1.0 0.0
138.557897 0.0 0.0
139.440249 1.0 1.0
140.322601 0.0 0.0
141.204953 1.0 0.0
142.087305 0.0 0.0
142.96965699999998 1.0 1.0
143.852009 0.0 0.0
144.734361 1.0 0.0
145.616713 0.0 0.0
146.499065 1.0 1.0
147.381417 0.0 0.0
148.263769 1.0 0.0
149.146121 0.0 0.0
150.028473 1.0 1.0
150.910825 0.0 0.0
151.793177 1.0 0.0
152.67552899999998 0.0 0.0
153.557881 1.0 1.0
154.440233 0.0 0.0
155.322585 1.0 0.0
156.204937 0.0 0.0
157.087289 1.0 1.0
157.972244 0.0 0.0
158.857199 1.0 0.0
159.742154 0.0 0.0
160.627109 1.0 1.0
161.512064 0.0 0.0
162.394416 1.0 0.0
163.276768 0.0 0.0
164.15912 1.0 1.0
165.041472 0.0 0.0
165.923824 1.0 0.0
166.80617600000002 0.0 0.0
167.68852800000002 1.0 1.0
168.57088000000002 0.0 0.0
169.453232 1.0 0.0
170.335584 0.0 0.0
171.217936 1.0 1.0
172.100288 0.0 0.0
172.98264 1.0 0.0
173.864992 0.0 0.0
174.747344 1.0 1.0
175.62969600000002 0.0 0.0
176.51204800000002 1.0 0.0
177.39440000000002 0.0 0.0
178.27675200000002 1.0 1.0
179.159104 0.0 0.0
180.041456 1.0 1.0
180.92510800000002 0.0 0.0
181.80876 1.0 0.0
182.69241200000002 0.0 0.0
183.576064 1.0 1.0
184.45971600000001 0.0 0.0
185.343368 1.0 0.0
186.22702 0.0 0.0
187.11067200000002 1.0 1.0
187.994324 0.0 0.0
188.87797600000002 1.0 0.0
189.761628 0.0 0.0
190.64528 1.0 1.0
191.528932 0.0 0.0
192.412584 1.0 0.0
193.29623600000002 0.0 0.0
194.179888 1.0 1.0
195.06354000000002 0.0 0.0
195.947192 1.0 0.0
196.830844 0.0 0.0
197.714496 1.0 1.0
198.598148 0.0 0.0
199.48180000000002 1.0 0.0
200.365452 0.0 0.0
201.24910400000002 1.0 1.0
202.132756 0.0 0.0
203.016408 1.0 0.0
203.90006000000002 0.0 0.0
204.783712 1.0 1.0
205.66736400000002 0.0 0.0
206.551016 1.0 0.0
207.43466800000002 0.0 0.0
208.31832000000003 1.0 1.0
209.201972 0.0 0.0
210.08562400000002 1.0 0.0
210.969276 0.0 0.0
211.85292800000002 1.0 1.0
212.73658 0.0 0.0
213.62023200000002 1.0 0.0
214.50388400000003 0.0 0.0
215.387536 1.0 1.0
216.27118800000002 0.0 0.0
217.15484 1.0 0.0
218.03849200000002 0.0 0.0
218.922144 1.0 1.0
219.80579600000002 0.0 0.0
220.68944800000003 1.0 0.0
221.5731 0.0 0.0
222.45675200000002 1.0 1.0
223.340404 0.0 0.0
224.22405600000002 1.0 0.0
225.107708 0.0 0.0
225.99136000000001 1.0 1.0
226.87501200000003 0.0 0.0
227.758664 1.0 0.0
228.64231600000002 0.0 0.0
229.525968 1.0 1.0
230.40962000000002 0.0 0.0
231.293272 1.0 0.0
232.176924 0.0 0.0
233.06057600000003 1.0 1.0
233.944228 0.0 0.0
234.82788000000002 1.0 0.0
235.711532 0.0 0.0
236.59518400000002 1.0 1.0
237.478836 0.0 0.0
238.362488 1.0 0.0
239.24614000000003 0.0 0.0
240.129792 1.0 1.0
241.01344400000002 0.0 0.0
241.897096 1.0 0.0
242.78074800000002 0.0 0.0
243.6644 1.0 1.0
244.548052 0.0 0.0
245.43170400000002 1.0 0.0
246.315356 0.0 0.0
247.19900800000002 1.0 1.0
248.08266000000003 0.0 0.0
248.96631200000002 1.0 0.0
249.849964 0.0 0.0
250.733616 1.0 1.0
251.61726800000002 0.0 0.0
252.50092 1.0 0.0
253.38457200000002 0.0 0.0
254.26822400000003 1.0 1.0
255.15187600000002 0.0 0.0
256.035528 1.0 0.0
256.91918 0.0 0.0
257.802832 1.0 1.0
258.686484 0.0 0.0
259.57013600000005 1.0 0.0
260.45378800000003 0.0 0.0
261.33744 1.0 1.0
262.221092 0.0 0.0
263.104744 1.0 0.0
263.988396 0.0 0.0
264.872048 1.0 1.0
265.75570000000005 0.0 0.0
266.63935200000003 1.0 0.0
267.523004 0.0 0.0
268.406656 1.0 1.0
269.29030800000004 0.0 0.0
270.17396 1.0 0.0
271.057612 0.0 0.0
271.94126400000005 1.0 0.0
272.82491600000003 0.0 0.0
273.708568 0.0 0.0