0.13759999999999994 1.0 1.0
0.9375999999999999 0.0 0.0
1.7375999999999998 1.0 0.0
2.5376 0.0 0.0
3.3376 1.0 1.0
4.1376 0.0 0.0
4.9376 1.0 0.0
5.7376 0.0 0.0
6.5376 1.0 1.0
7.337600000000001 0.0 0.0
8.1376 1.0 0.0
8.937600000000002 0.0 0.0
9.7376 1.0 1.0
10.537600000000001 0.0 0.0
11.3376 1.0 0.0
12.1376 0.0 0.0
12.937600000000002 1.0 1.0
13.737599999999999 0.0 0.0
14.5376 1.0 0.0
15.337599999999998 0.0 0.0
16.1376 1.0 1.0
16.9376 0.0 0.0
17.7376 1.0 0.0
18.537599999999998 0.0 0.0
19.3376 1.0 0.0
20.1376 0.0 0.0
20.9376 1.0 1.0
21.7376 0.0 0.0
22.537599999999998 1.0 0.0
23.3376 0.0 0.0
24.1376 1.0 1.0
24.9376 0.0 0.0
25.737599999999997 1.0 0.0
26.537599999999998 0.0 0.0
27.337599999999995 1.0 1.0
28.137599999999996 0.0 0.0
28.937599999999996 1.0 0.0
29.737599999999997 0.0 0.0
30.537599999999998 1.0 1.0
31.337599999999995 0.0 0.0
32.1376 1.0 0.0
32.937599999999996 0.0 0.0
33.73759999999999 1.0 1.0
34.5376 0.0 0.0
35.337599999999995 1.0 0.0
36.1376 0.0 0.0
36.937599999999996 1.0 1.0
37.73759999999999 0.0 0.0
38.5376 1.0 0.0
39.337599999999995 0.0 0.0
40.1376 1.0 1.0
40.937599999999996 0.0 0.0
41.73759999999999 1.0 0.0
42.5376 0.0 0.0
43.337599999999995 1.0 1.0
44.1376 0.0 0.0
44.937599999999996 1.0 0.0
45.73759999999999 0.0 0.0
46.5376 1.0 1.0
47.337599999999995 0.0 0.0
48.1376 1.0 0.0
48.937599999999996 0.0 0.0
49.73759999999999 1.0 1.0
50.5376 0.0 0.0
51.337599999999995 1.0 0.0
52.1376 0.0 0.0
52.937599999999996 1.0 1.0
53.73759999999999 0.0 0.0
54.5376 1.0 0.0
55.337599999999995 0.0 0.0
56.1376 1.0 1.0
56.937599999999996 0.0 0.0
57.73759999999999 1.0 0.0
58.5376 0.0 0.0
59.337599999999995 1.0 1.0
60.1376 0.0 0.0
60.937599999999996 1.0 0.0
61.73759999999999 0.0 0.0
62.5376 1.0 1.0
63.337599999999995 0.0 0.0
64.13759999999999 1.0 0.0
64.93759999999999 0.0 0.0
65.7376 1.0 1.0
66.5376 0.0 0.0
67.3376 1.0 0.0
68.13759999999999 0.0 0.0
68.93759999999999 1.0 1.0
69.7376 0.0 0.0
70.5376 1.0 0.0
71.3376 0.0 0.0
72.13759999999999 1.0 1.0
72.93759999999999 0.0 0.0
73.7376 1.0 0.0
74.5376 0.0 0.0
75.3376 1.0 1.0
76.13759999999999 0.0 0.0
76.93759999999999 1.0 0.0
77.7376 0.0 0.0
78.5376 1.0 1.0
79.3376 0.0 0.0
80.13759999999999 1.0 0.0
80.93759999999999 0.0 0.0
81.7376 1.0 1.0
82.5376 0.0 0.0
83.3376 1.0 0.0
84.13759999999999 0.0 0.0
84.93759999999999 1.0 1.0
85.7376 0.0 0.0
86.5376 1.0 0.0
87.3376 0.0 0.0
88.13759999999999 1.0 1.0
88.93759999999999 0.0 0.0
89.7376 1.0 0.0
90.5376 0.0 0.0
91.3376 1.0 1.0
92.13759999999999 0.0 0.0
92.93759999999999 1.0 0.0
93.7376 0.0 0.0
94.5376 1.0 1.0
95.3376 0.0 0.0
96.13759999999999 1.0 0.0
96.93759999999999 0.0 0.0
97.7376 1.0 1.0
98.5376 0.0 0.0
99.3376 1.0 0.0
100.13759999999999 0.0 0.0
100.93759999999999 1.0 1.0
101.7376 0.0 0.0
102.5376 1.0 0.0
103.3376 0.0 0.0
104.13759999999999 1.0 1.0
104.93759999999999 0.0 0.0
105.7376 1.0 0.0
106.5376 0.0 0.0
107.3376 1.0 1.0
108.13759999999999 0.0 0.0
108.93759999999999 1.0 0.0
109.7376 0.0 0.0
110.5376 1.0 1.0
111.3376 0.0 0.0
112.13759999999999 1.0 0.0
112.93759999999999 0.0 0.0
113.7376 1.0 1.0
114.5376 0.0 0.0
115.3376 1.0 0.0
116.13759999999999 0.0 0.0
116.93759999999999 1.0 1.0
117.7376 0.0 0.0
118.5376 1.0 0.0
119.3376 0.0 0.0
120.13759999999999 1.0 1.0
120.93759999999999 0.0 0.0
121.7376 1.0 0.0
122.5376 0.0 0.0
123.3376 1.0 1.0
124.13759999999999 0.0 0.0
124.93759999999999 1.0 0.0
125.7376 0.0 0.0
126.5376 1.0 1.0
127.3376 0.0 0.0
128.1376 1.0 0.0
128.9376 0.0 0.0
129.7376 1.0 1.0
130.5376 0.0 0.0
131.3376 1.0 0.0
132.1376 0.0 0.0
132.9376 1.0 1.0
133.7376 0.0 0.0
134.5376 1.0 0.0
135.3376 0.0 0.0
136.1376 1.0 1.0
136.9376 0.0 0.0
137.7376 1.0 0.0
138.5376 0.0 0.0
139.3376 1.0 1.0
140.1376 0.0 0.0
140.9376 1.0 0.0
141.7376 0.0 0.0
142.5376 1.0 1.0
143.3376 0.0 0.0
144.1376 1.0 0.0
144.9376 0.0 0.0
145.7376 1.0 1.0
146.5376 0.0 0.0
147.3376 1.0 0.0
148.1376 0.0 0.0
148.9376 1.0 1.0
149.7376 0.0 0.0
150.5376 1.0 0.0
151.3376 0.0 0.0
152.1376 1.0 1.0
152.9376 0.0 0.0
153.7376 1.0 0.0
154.5376 0.0 0.0
155.3376 1.0 1.0
156.1376 0.0 0.0
156.9376 1.0 0.0
157.7376 0.0 0.0
158.5376 1.0 1.0
159.3376 0.0 0.0
160.1376 1.0 0.0
160.9376 0.0 0.0
161.7376 1.0 1.0
162.5376 0.0 0.0
163.3376 1.0 0.0
164.1376 0.0 0.0
164.9376 1.0 1.0
165.7376 0.0 0.0
166.5376 1.0 0.0
167.3376 0.0 0.0
168.1376 1.0 1.0
168.9376 0.0 0.0
169.7376 1.0 0.0
170.5376 0.0 0.0
171.3376 1.0 1.0
172.1376 0.0 0.0
172.9376 1.0 0.0
173.7376 0.0 0.0
174.5376 1.0 1.0
175.3376 0.0 0.0
176.1376 1.0 0.0
176.9376 0.0 0.0
177.7376 1.0 1.0
178.5376 0.0 0.0
179.3376 1.0 0.0
180.1376 0.0 0.0
180.9376 1.0 1.0
181.7376 0.0 0.0
182.5376 1.0 0.0
183.3376 0.0 0.0
184.1376 1.0 1.0
184.9376 0.0 0.0
185.7376 1.0 0.0
186.5376 0.0 0.0
187.3376 1.0 1.0
188.1376 0.0 0.0
188.9376 1.0 0.0
189.7376 0.0 0.0
190.5376 1.0 1.0
191.3376 0.0 0.0
192.1376 1.0 0.0
192.9376 0.0 0.0
193.7376 1.0 1.0
194.5376 0.0 0.0
195.3376 1.0 0.0
196.1376 0.0 0.0
196.9376 1.0 1.0
197.7376 0.0 0.0
198.5376 1.0 0.0
199.3376 0.0 0.0
200.1376 1.0 1.0
200.9376 0.0 0.0
201.7376 1.0 0.0
202.5376 0.0 0.0
203.3376 1.0 1.0
204.1376 0.0 0.0
204.93760000000003 1.0 0.0
205.73760000000001 0.0 0.0
206.53760000000003 1.0 1.0
207.3376 0.0 0.0
208.13760000000002 1.0 0.0
208.93760000000003 0.0 0.0
209.73760000000001 1.0 1.0
210.53760000000003 0.0 0.0
211.3376 1.0 0.0
212.13760000000002 0.0 0.0
212.93760000000003 1.0 1.0
213.73760000000001 0.0 0.0
214.53760000000003 1.0 0.0
215.3376 0.0 0.0
216.13760000000002 1.0 1.0
216.93760000000003 0.0 0.0
217.73760000000001 1.0 0.0
218.5376 0.0 0.0
219.3376 1.0 1.0
220.1376 0.0 0.0
220.9376 1.0 0.0
221.7376 0.0 0.0
222.5376 1.0 1.0
223.3376 0.0 0.0
224.1376 1.0 0.0
224.9376 0.0 0.0
225.7376 1.0 1.0
226.5376 0.0 0.0
227.3376 1.0 0.0
228.1376 0.0 0.0
228.9376 1.0 1.0
229.7376 0.0 0.0
230.5376 1.0 0.0
231.3376 0.0 0.0
232.1376 1.0 1.0
232.9376 0.0 0.0
233.7376 1.0 0.0
234.5376 0.0 0.0
235.3376 1.0 1.0
236.1376 0.0 0.0
236.9376 1.0 0.0
237.7376 0.0 0.0
238.5376 1.0 1.0
239.3376 0.0 0.0
240.1376 1.0 0.0
240.9376 0.0 0.0
241.7376 1.0 1.0
242.5376 0.0 0.0
243.3376 1.0 0.0
244.1376 0.0 0.0
244.9376 1.0 1.0
245.7376 0.0 0.0
246.5376 1.0 0.0
247.3376 0.0 0.0
248.1376 1.0 1.0
248.9376 0.0 0.0
249.7376 0.0 0.0