0.5142852 1.0 1.0
1.3714272 0.0 0.0
2.2285692 1.0 0.0
3.0857112 0.0 0.0
3.9428532 1.0 1.0
4.799995200000001 0.0 0.0
5.6571372 1.0 0.0
6.514279200000001 0.0 0.0
7.3714212 1.0 1.0
8.2285632 0.0 0.0
9.0857052 1.0 0.0
9.942847200000001 0.0 0.0
10.7999892 1.0 1.0
11.6571312 0.0 0.0
12.5142732 1.0 0.0
13.371415200000001 0.0 0.0
14.228557200000003 1.0 1.0
15.0856992 0.0 0.0
15.9428412 1.0 0.0
16.7999832 0.0 0.0
17.6571252 1.0 1.0
18.514267200000003 0.0 0.0
19.371409200000002 1.0 0.0
20.228551200000002 0.0 0.0
21.0856932 1.0 1.0
21.9428352 0.0 0.0
22.7999772 1.0 0.0
23.6571192 0.0 0.0
24.5142612 1.0 1.0
25.3714032 0.0 0.0
26.228545200000003 1.0 0.0
27.085687200000002 0.0 0.0
27.942829200000002 1.0 1.0
28.7999712 0.0 0.0
29.6571132 1.0 0.0
30.5142552 0.0 0.0
31.3713972 1.0 1.0
32.2285392 0.0 0.0
33.0856812 1.0 0.0
33.9428232 0.0 0.0
34.7999652 1.0 1.0
35.6571072 0.0 0.0
36.5142492 1.0 0.0
37.371391200000005 0.0 0.0
38.2285332 1.0 1.0
39.085675200000004 0.0 0.0
39.9428172 1.0 0.0
40.7999592 0.0 0.0
41.6571012 1.0 1.0
42.5142432 0.0 0.0
43.3713852 1.0 0.0
44.2285272 0.0 0.0
45.085669200000005 1.0 1.0
45.9428112 0.0 0.0
46.799953200000004 1.0 0.0
47.6570952 0.0 0.0
48.514237200000004 1.0 1.0
49.3713792 0.0 0.0
50.2285212 1.0 0.0
51.085663200000006 0.0 0.0
51.9428052 1.0 1.0
52.799947200000005 0.0 0.0
53.6570892 1.0 0.0
54.514231200000005 0.0 0.0
55.371373199999994 1.0 1.0
56.2285152 0.0 0.0
57.0856572 1.0 0.0
57.942799199999996 0.0 0.0
58.799941200000006 1.0 1.0
59.6570832 0.0 0.0
60.514225200000006 1.0 0.0
61.3713672 0.0 0.0
62.228509200000005 1.0 1.0
63.0856512 0.0 0.0
63.942793200000004 1.0 0.0
64.79993520000001 0.0 0.0
65.6570772 1.0 1.0
66.5142192 0.0 0.0
67.37136120000001 1.0 0.0
68.2285032 0.0 0.0
69.0856452 1.0 1.0
69.9427872 0.0 0.0
70.79992920000001 1.0 0.0
71.6570712 0.0 0.0
72.5142132 1.0 1.0
73.37135520000001 0.0 0.0
74.2284972 1.0 0.0
75.0856392 0.0 0.0
75.9427812 1.0 1.0
76.79992320000001 0.0 0.0
77.6570652 1.0 0.0
78.5142072 0.0 0.0
79.3713492 1.0 1.0
80.22849120000001 0.0 0.0
81.0856332 1.0 0.0
81.9427752 0.0 0.0
82.79991720000001 1.0 1.0
83.6570592 0.0 0.0
84.5142012 1.0 0.0
85.3713432 0.0 0.0
86.22848520000001 1.0 1.0
87.0856272 0.0 0.0
87.9427692 1.0 0.0
88.79991120000001 0.0 0.0
89.65705320000001 1.0 1.0
90.5141952 0.0 0.0
91.3713372 1.0 0.0
92.22847920000001 0.0 0.0
93.0856212 1.0 1.0
93.9427632 0.0 0.0
94.79990520000001 1.0 0.0
95.65704720000001 0.0 0.0
96.5141892 1.0 1.0
97.3713312 0.0 0.0
98.22847320000001 1.0 0.0
99.0856152 0.0 0.0
99.9427572 1.0 1.0
100.7998992 0.0 0.0
101.65704120000001 1.0 0.0
102.5141832 0.0 0.0
103.3713252 1.0 1.0
104.22846720000001 0.0 0.0
105.08560920000001 1.0 0.0
105.9427512 0.0 0.0
106.7998932 1.0 1.0
107.65703520000001 0.0 0.0
108.5141772 1.0 0.0
109.3713192 0.0 0.0
110.22846120000001 1.0 1.0
111.08560320000001 0.0 0.0
111.9427452 1.0 0.0
112.7998872 0.0 0.0
113.65702920000001 1.0 1.0
114.5141712 0.0 0.0
115.3713132 1.0 0.0
116.2284552 0.0 0.0
117.08559720000001 1.0 1.0
117.9427392 0.0 0.0
118.7998812 1.0 0.0
119.65702320000001 0.0 0.0
120.51416520000001 1.0 1.0
121.3713072 0.0 0.0
122.2284492 1.0 0.0
123.08559120000001 0.0 0.0
123.9427332 1.0 1.0
124.7998752 0.0 0.0
125.65701720000001 1.0 0.0
126.51415920000001 0.0 0.0
127.3713012 1.0 1.0
128.22844320000002 0.0 0.0
129.0855852 1.0 0.0
129.9427272 0.0 0.0
130.79986920000002 1.0 1.0
131.6570112 0.0 0.0
132.5141532 1.0 0.0
133.37129520000002 0.0 0.0
134.2284372 1.0 1.0
135.0855792 0.0 0.0
135.9427212 1.0 0.0
136.7998632 0.0 0.0
137.65700520000001 1.0 1.0
138.5141472 0.0 0.0
139.3712892 1.0 0.0
140.22843120000002 0.0 0.0
141.0855732 1.0 1.0
141.9427152 0.0 0.0
142.79985720000002 1.0 0.0
143.6569992 0.0 0.0
144.5141412 1.0 1.0
145.3712832 0.0 0.0
146.2284252 1.0 0.0
147.0855672 0.0 0.0
147.9427092 1.0 1.0
148.7998512 0.0 0.0
149.65699320000002 1.0 0.0
150.5141352 0.0 0.0
151.3712772 1.0 1.0
152.22841920000002 0.0 0.0
153.0855612 1.0 0.0
153.9427032 0.0 0.0
154.79984520000002 1.0 1.0
155.6569872 0.0 0.0
156.5141292 1.0 0.0
157.3712712 0.0 0.0
158.2284132 1.0 1.0
159.08555520000002 0.0 0.0
159.9426972 1.0 0.0
160.7998392 0.0 0.0
161.65698120000002 1.0 1.0
162.5141232 0.0 0.0
163.3712652 1.0 0.0
164.22840720000002 0.0 0.0
165.0855492 1.0 1.0
165.9426912 0.0 0.0
166.7998332 1.0 0.0
167.6569752 0.0 0.0
168.51411720000002 1.0 1.0
169.3712592 0.0 0.0
170.2284012 1.0 0.0
171.08554320000002 0.0 0.0
171.9426852 1.0 1.0
172.7998272 0.0 0.0
173.65696920000002 1.0 0.0
174.5141112 0.0 0.0
175.3712532 1.0 1.0
176.22839520000002 0.0 0.0
177.0855372 1.0 0.0
177.94267920000001 0.0 0.0
178.79945241666667 1.0 1.0
179.65354241666668 0.0 0.0
180.50763241666667 1.0 0.0
181.36172241666668 0.0 0.0
182.2158124166667 1.0 1.0
183.06990241666668 0.0 0.0
183.9239924166667 1.0 0.0
184.77808241666668 0.0 0.0
185.6321724166667 1.0 1.0
186.48626241666668 0.0 0.0
187.3403524166667 1.0 0.0
188.19444241666667 0.0 0.0
189.0485324166667 1.0 1.0
189.90262241666667 0.0 0.0
190.7567124166667 1.0 0.0
191.61080241666667 0.0 0.0
192.46733401666668 1.0 1.0
193.3244760166667 0.0 0.0
194.18161801666668 1.0 0.0
195.03950881666668 0.0 0.0
195.90234627083333 1.0 1.0
196.76565427083332 0.0 0.0
197.62450915833335 1.0 0.0
198.47625953958334 0.0 0.0
199.33295700416667 1.0 1.0
200.21992576666668 0.0 0.0
201.11577657291667 1.0 0.0
202.02948204166668 0.0 0.0
202.9455120416667 1.0 1.0
203.812122625 0.0 0.0
204.669264625 1.0 0.0
205.52640662500002 0.0 0.0
206.383548625 1.0 1.0
207.240690625 0.0 0.0
208.09783262500002 1.0 0.0
208.954974625 0.0 0.0
209.81211662500002 1.0 1.0
210.669258625 0.0 0.0
211.526400625 1.0 0.0
212.38354262500002 0.0 0.0
213.240684625 1.0 1.0
214.097826625 0.0 0.0
214.95496862500002 1.0 0.0
215.812110625 0.0 0.0
216.669252625 1.0 1.0
217.52639462500002 0.0 0.0
218.383536625 1.0 0.0
219.24067862500002 0.0 0.0
220.09782062500003 1.0 1.0
220.95496262500004 0.0 0.0
221.81210462500002 1.0 0.0
222.66924662500003 0.0 0.0
223.52638862500004 1.0 1.0
224.38353062500005 0.0 0.0
225.24067262500003 1.0 0.0
226.09781462500004 0.0 0.0
226.95495662500002 1.0 1.0
227.81209862500003 0.0 0.0
228.66924062500004 1.0 0.0
229.52638262500002 0.0 0.0
230.38352462500004 1.0 1.0
231.24066662500005 0.0 0.0
232.09780862500003 1.0 0.0
232.95495062500004 0.0 0.0
233.81209262500005 1.0 1.0
234.66923462500003 0.0 0.0
235.52637662500004 1.0 0.0
236.38351862500002 0.0 0.0
237.24066062500003 1.0 1.0
238.09780262500004 0.0 0.0
238.95494462500002 1.0 0.0
239.81208662500003 0.0 0.0
240.66922862500002 1.0 1.0
241.52637062500003 0.0 0.0
242.38351262500004 1.0 0.0
243.24065462500005 0.0 0.0
244.09779662500003 1.0 0.0
244.95493862500004 0.0 0.0
245.81208062500002 1.0 1.0
246.66922262500003 0.0 0.0
247.52636462500004 1.0 0.0
248.38350662500005 0.0 0.0
249.24064862500003 1.0 1.0
250.09779062500004 0.0 0.0
250.95493262500003 1.0 0.0
251.81207462500004 0.0 0.0
252.66921662500005 1.0 1.0
253.52635862500003 0.0 0.0
254.38350062500004 1.0 0.0
255.24064262500002 0.0 0.0
256.09778462500003 1.0 1.0
256.95492662500004 0.0 0.0
257.81206862500005 1.0 0.0
258.669210625 0.0 0.0
259.526352625 1.0 1.0
260.383494625 0.0 0.0
261.24063662500004 1.0 0.0
262.09777862500005 0.0 0.0
262.95492062500006 1.0 1.0
263.81206262500007 0.0 0.0
264.669204625 1.0 0.0
265.52634662500003 0.0 0.0
266.38348862500004 1.0 1.0
267.24063062500005 0.0 0.0
268.09777262500006 1.0 1.0
268.954914625 0.0 0.0
269.812056625 0.0 0.0
270.66919862500004 1.0 0.0
271.52634062500005 0.0 0.0
272.38348262500006 1.0 1.0
273.240624625 0.0 0.0
274.097766625 1.0 0.0
274.95490862500003 0.0 0.0
275.81205062500004 1.0 1.0
276.66919262500005 0.0 0.0
277.526334625 0.0 0.0