0.14	1.0
0.46	2.0
0.8	3.0
1.15	4.0
1.52	1.0
1.86	2.0
2.21	3.0
2.57	4.0
2.92	1.0
3.28	2.0
3.63	3.0
3.98	4.0
4.34	1.0
4.69	2.0
5.05	3.0
5.4	4.0
5.76	1.0
6.11	2.0
6.47	3.0
6.81	4.0
7.17	1.0
7.54	2.0
7.88	3.0
8.24	4.0
8.59	1.0
8.95	2.0
9.3	3.0
9.66	4.0
10.02	1.0
10.37	2.0
10.71	3.0
11.07	4.0
11.43	1.0
11.78	2.0
12.13	3.0
12.49	4.0
12.85	1.0
13.2	2.0
13.55	3.0
13.9	4.0
14.26	1.0
14.61	2.0
14.96	3.0
15.32	4.0
15.68	1.0
16.04	2.0
16.38	3.0
16.74	4.0
17.09	1.0
17.45	2.0
17.8	3.0
18.16	4.0
18.51	1.0
18.86	2.0
19.22	3.0
19.56	4.0
19.92	1.0
20.28	2.0
20.63	3.0
20.98	4.0
21.34	1.0
21.7	2.0
22.04	3.0
22.4	4.0
22.75	1.0
23.1	2.0
23.46	3.0
23.81	4.0
24.17	1.0
24.53	2.0
24.87	3.0
25.23	4.0
25.59	1.0
25.94	2.0
26.3	3.0
26.64	4.0
27.01	1.0
27.36	2.0
27.71	3.0
28.07	4.0
28.43	1.0
28.77	2.0
29.14	3.0
29.48	4.0
29.84	1.0
30.2	2.0
30.54	3.0
30.9	4.0
31.25	1.0
31.61	2.0
31.96	3.0
32.31	4.0
32.68	1.0
33.03	2.0
33.37	3.0
33.73	4.0
34.08	1.0
34.44	2.0
34.79	3.0
35.14	4.0
35.5	1.0
35.86	2.0
36.21	3.0
36.56	4.0
36.92	1.0
37.27	2.0
37.62	3.0
37.98	4.0
38.34	1.0
38.69	2.0
39.04	3.0
39.39	4.0
39.75	1.0
40.11	2.0
40.46	3.0
40.81	4.0
41.18	1.0
41.52	2.0
41.87	3.0
42.23	4.0
42.59	1.0
42.94	2.0
43.29	3.0
43.64	4.0
44.0	1.0
44.36	2.0
44.71	3.0
45.06	4.0
45.41	1.0
45.77	2.0
46.13	3.0
46.48	4.0
46.84	1.0
47.19	2.0
47.54	3.0
47.89	4.0
48.25	1.0
48.6	2.0
48.96	3.0
49.31	4.0
49.67	1.0
50.02	2.0
50.36	3.0
50.72	4.0
51.09	1.0
51.43	2.0
51.8	3.0
52.15	4.0
52.5	1.0
52.85	2.0
53.2	3.0
53.55	4.0
53.91	1.0
54.27	2.0
54.63	3.0
54.97	4.0
55.34	1.0
55.69	2.0
56.03	3.0
56.39	4.0
56.75	1.0
57.1	2.0
57.46	3.0
57.8	4.0
58.16	1.0
58.53	2.0
58.87	3.0
59.22	4.0
59.58	1.0
59.94	2.0
60.28	3.0
60.64	4.0
61.0	1.0
61.36	2.0
61.7	3.0
62.06	4.0
62.42	1.0
62.78	2.0
63.13	3.0
63.48	4.0
63.83	1.0
64.19	2.0
64.52	3.0
64.88	4.0
65.25	1.0
65.6	2.0
65.96	3.0
66.31	4.0
66.67	1.0
67.02	2.0
67.37	3.0
67.72	4.0
68.09	1.0
68.44	2.0
68.78	3.0
69.14	4.0
69.5	1.0
69.85	2.0
70.19	3.0
70.56	4.0
70.91	1.0
71.25	2.0
71.62	3.0
71.97	4.0
72.33	1.0
72.68	2.0
73.03	3.0
73.39	4.0
73.75	1.0
74.1	2.0
74.45	3.0
74.81	4.0
75.17	1.0
75.51	2.0
75.87	3.0
76.22	4.0
76.58	1.0
76.93	2.0
77.29	3.0
77.63	4.0
78.0	1.0
78.34	2.0
78.7	3.0
79.06	4.0
79.42	1.0
79.76	2.0
80.11	3.0
80.47	4.0
80.83	1.0
81.19	2.0
81.53	3.0
81.89	4.0
82.25	1.0
82.61	2.0
82.95	3.0
83.31	4.0
83.67	1.0
84.01	2.0
84.37	3.0
84.72	4.0
85.08	1.0
85.43	2.0
85.78	3.0
86.14	4.0
86.5	1.0
86.85	2.0
87.19	3.0
87.54	4.0
87.92	1.0
88.27	2.0
88.61	3.0
88.97	4.0
89.33	1.0
89.69	2.0
90.03	3.0
90.38	4.0
90.74	1.0
91.09	2.0
91.44	3.0
91.81	4.0
92.16	1.0
92.51	2.0
92.85	3.0
93.22	4.0
93.57	1.0
93.93	2.0
94.28	3.0
94.64	4.0
94.99	1.0
95.34	2.0
95.69	3.0
96.05	4.0
96.41	1.0
96.77	2.0
97.11	3.0
97.47	4.0
97.83	1.0
98.18	2.0
98.53	3.0
98.89	4.0
99.24	1.0
99.6	2.0
99.94	3.0
100.31	4.0
100.67	1.0
101.02	2.0
101.36	3.0
101.72	4.0
102.08	1.0
102.43	2.0
102.78	3.0
103.15	4.0
103.5	1.0
103.85	2.0
104.2	3.0
104.55	4.0
104.91	1.0
105.26	2.0
105.61	3.0
105.97	4.0
106.32	1.0
106.68	2.0
107.03	3.0
107.39	4.0
107.74	1.0
108.09	2.0
108.45	3.0
108.8	4.0
109.16	1.0
109.51	2.0
109.85	3.0
110.22	4.0
110.58	1.0
110.93	2.0
111.27	3.0
111.63	4.0
111.98	1.0
112.34	2.0
112.69	3.0
113.05	4.0
113.4	1.0
113.75	2.0
114.11	3.0
114.46	4.0
114.82	1.0
115.17	2.0
115.53	3.0
115.88	4.0
116.24	1.0
116.59	2.0
116.94	3.0
117.29	4.0
117.65	1.0
118.0	2.0
118.36	3.0
118.72	4.0
119.07	1.0
119.41	2.0
119.77	3.0
120.13	4.0
120.49	1.0
120.84	2.0
121.19	3.0
121.55	4.0
121.91	1.0
122.25	2.0
122.6	3.0
122.96	4.0
123.33	1.0
123.67	2.0
124.02	3.0
124.38	4.0
124.74	1.0
125.08	2.0
125.43	3.0
125.79	4.0
126.16	1.0
126.5	2.0
126.86	3.0
127.22	4.0
127.57	1.0
127.92	2.0
128.26	3.0
128.63	4.0
128.99	1.0
129.33	2.0
129.68	3.0
130.05	4.0
130.41	1.0
130.74	2.0
131.1	3.0
131.46	4.0
131.82	1.0
132.16	2.0
132.52	3.0
132.88	4.0
133.23	1.0
133.59	2.0
133.94	3.0
134.3	4.0
134.66	1.0
134.99	2.0
135.35	3.0
135.71	4.0
136.07	1.0
136.43	2.0
136.76	3.0
137.12	4.0
137.48	1.0
137.82	2.0
138.19	3.0
138.54	4.0
138.91	1.0
139.25	2.0
139.6	3.0
139.96	4.0
140.32	1.0
140.67	2.0
141.02	3.0
141.37	4.0
141.73	1.0
142.08	2.0
142.43	3.0
142.79	4.0
143.15	1.0
143.5	2.0
143.85	3.0
144.22	4.0
144.57	1.0
144.92	2.0
145.28	3.0
145.63	4.0
145.98	1.0
146.33	2.0
146.68	3.0
147.05	4.0
147.4	1.0
147.74	2.0
148.09	3.0
148.45	4.0
148.81	1.0
149.16	2.0
149.51	3.0
149.88	4.0
150.24	1.0
150.59	2.0
150.94	3.0
151.28	4.0
151.65	1.0
152.0	2.0
152.35	3.0
152.71	4.0
153.07	1.0
153.41	2.0
153.76	3.0
154.12	4.0
154.48	1.0
154.84	2.0
155.18	3.0
155.53	4.0
155.9	1.0
156.24	2.0
156.6	3.0
156.94	4.0
157.31	1.0
157.66	2.0
158.01	3.0
158.36	4.0
158.73	1.0
159.08	2.0
159.43	3.0
159.79	4.0
160.14	1.0
160.49	2.0
160.85	3.0
161.21	4.0
161.56	1.0
161.92	2.0
162.27	3.0
162.63	4.0
162.98	1.0
163.34	2.0
163.67	3.0
164.04	4.0
164.4	1.0
164.75	2.0
165.1	3.0
165.46	4.0
165.81	1.0
166.16	2.0
166.51	3.0
166.87	4.0
167.23	1.0
167.58	2.0
167.94	3.0
168.29	4.0
168.65	1.0
169.02	2.0
169.35	3.0
169.71	4.0
170.06	1.0
170.42	2.0
170.77	3.0
171.13	4.0
171.48	1.0
171.83	2.0
172.18	3.0
172.53	4.0
172.89	1.0
173.24	2.0
173.6	3.0
173.96	4.0
174.31	1.0
174.67	2.0
175.01	3.0
175.38	4.0
175.73	1.0
176.08	2.0
176.43	3.0
176.79	4.0
177.14	1.0
177.49	2.0
177.84	3.0
178.2	4.0
178.56	1.0
178.91	2.0
179.26	3.0
179.62	4.0
179.98	1.0
180.32	2.0
180.67	3.0
181.04	4.0
181.39	1.0
181.74	2.0
182.09	3.0
182.44	4.0
182.81	1.0
183.16	2.0
183.51	3.0
183.88	4.0
184.22	1.0
184.57	2.0
184.93	3.0
185.28	4.0
185.63	1.0
185.98	2.0
186.35	3.0
186.7	4.0
187.06	1.0
187.46	2.0
187.86	3.0
188.35	4.0
188.82	1.0
189.31	2.0
189.79	3.0
190.27	4.0
190.73	1.0
191.23	2.0
191.69	3.0
