0.74281653 1.0 0.0
1.58788653 0.0 0.0
2.4329565300000002 1.0 1.0
3.2780265300000004 0.0 0.0
4.12309653 1.0 0.0
4.9681665299999995 0.0 0.0
5.81323653 1.0 1.0
6.65830653 0.0 0.0
7.503376530000001 1.0 0.0
8.34844653 0.0 0.0
9.19351653 1.0 1.0
10.038586530000002 0.0 0.0
10.883656530000001 1.0 0.0
11.728726530000001 0.0 0.0
12.573796530000001 1.0 1.0
13.41886653 0.0 0.0
14.263936530000002 1.0 0.0
15.109006530000002 0.0 0.0
15.954076530000002 1.0 1.0
16.79914653 0.0 0.0
17.64421653 1.0 0.0
18.48928653 0.0 0.0
19.329037701000004 1.0 1.0
20.168056701 0.0 0.0
21.007075701 1.0 0.0
21.846094701000002 0.0 0.0
22.685113701000002 1.0 1.0
23.524132701000003 0.0 0.0
24.363151701000003 1.0 0.0
25.202170701000004 0.0 0.0
26.041189701 1.0 1.0
26.880208701 0.0 0.0
27.719227701 1.0 0.0
28.558246701 0.0 0.0
29.397265701000002 1.0 1.0
30.236284701000002 0.0 0.0
31.075303701000003 1.0 0.0
31.914322701000003 0.0 0.0
32.753341701 1.0 1.0
33.592360701 0.0 0.0
34.431379701 1.0 0.0
35.270398701 0.0 0.0
36.109417701 1.0 1.0
36.948436701 0.0 0.0
37.787455701 1.0 0.0
38.626474701 0.0 0.0
39.465493701 1.0 1.0
40.304512701 0.0 0.0
41.143531701 1.0 0.0
41.982550701 0.0 0.0
42.821569701 1.0 1.0
43.660588700999995 0.0 0.0
44.499607701 1.0 0.0
45.338626700999995 0.0 0.0
46.177645701 1.0 1.0
47.016664701 0.0 0.0
47.855683701000004 1.0 0.0
48.694702701000004 0.0 0.0
49.533721701000005 1.0 1.0
50.372740701000005 0.0 0.0
51.211759701000005 1.0 0.0
52.050778701 0.0 0.0
52.889797701000006 1.0 1.0
53.728816701 0.0 0.0
54.56783570100001 1.0 0.0
55.406854701 0.0 0.0
56.24587370100001 1.0 1.0
57.084892701 0.0 0.0
57.92391170100001 1.0 0.0
58.762930701 0.0 0.0
59.60194970100001 1.0 1.0
60.440968701 0.0 0.0
61.27998770100001 1.0 0.0
62.119006701 0.0 0.0
62.958025701 1.0 1.0
63.797044701000004 0.0 0.0
64.636063701 1.0 0.0
65.475082701 0.0 0.0
66.314101701 1.0 1.0
67.153120701 0.0 0.0
67.992139701 1.0 0.0
68.831158701 0.0 0.0
69.670177701 1.0 1.0
70.50919670100001 0.0 0.0
71.348215701 1.0 0.0
72.18723470100001 0.0 0.0
73.026253701 1.0 1.0
73.86527270100001 0.0 0.0
74.704291701 1.0 0.0
75.54331070100001 0.0 0.0
76.38232970100002 1.0 1.0
77.22134870100001 0.0 0.0
78.060367701 1.0 0.0
78.89938670100001 0.0 0.0
79.738405701 1.0 1.0
80.57742470100001 0.0 0.0
81.416443701 1.0 0.0
82.25546270100001 0.0 0.0
83.094481701 1.0 1.0
83.93350070100001 0.0 0.0
84.77251970100001 1.0 0.0
85.61153870100001 0.0 0.0
86.45055770100001 1.0 1.0
87.289576701 0.0 0.0
88.12859570100001 1.0 0.0
88.967614701 0.0 0.0
89.80663370100001 1.0 1.0
90.645652701 0.0 0.0
91.48467170100001 1.0 0.0
92.323690701 0.0 0.0
93.16270970100001 1.0 1.0
94.001728701 0.0 0.0
94.84074770100001 1.0 0.0
95.679766701 0.0 0.0
96.51878570100001 1.0 1.0
97.357804701 0.0 0.0
98.19682370100001 1.0 0.0
99.035842701 0.0 0.0
99.87486170100001 1.0 1.0
100.71388070100001 0.0 0.0
101.55289970100002 1.0 0.0
102.39191870100001 0.0 0.0
103.230937701 1.0 1.0
104.06995670100001 0.0 0.0
104.908975701 1.0 0.0
105.74799470100001 0.0 0.0
106.587013701 1.0 1.0
107.42603270100001 0.0 0.0
108.26505170099999 1.0 0.0
109.104070701 0.0 0.0
109.94308970099999 1.0 1.0
110.782108701 0.0 0.0
111.62112770099999 1.0 0.0
112.460146701 0.0 0.0
113.29916570099999 1.0 1.0
114.138184701 0.0 0.0
114.977203701 1.0 0.0
115.816222701 0.0 0.0
116.655241701 1.0 1.0
117.494260701 0.0 0.0
118.333279701 1.0 0.0
119.172298701 0.0 0.0
120.011317701 1.0 1.0
120.850336701 0.0 0.0
121.689355701 1.0 0.0
122.52837470099999 0.0 0.0
123.367393701 1.0 1.0
124.20641270099999 0.0 0.0
125.045431701 1.0 0.0
125.88445070099999 0.0 0.0
126.723469701 1.0 1.0
127.56248870099999 0.0 0.0
128.401507701 1.0 0.0
129.240526701 0.0 0.0
130.079545701 1.0 1.0
130.918564701 0.0 0.0
131.75758370100002 1.0 0.0
132.596602701 0.0 0.0
133.435621701 1.0 1.0
134.274640701 0.0 0.0
135.11365970100002 1.0 0.0
135.952678701 0.0 0.0
136.791697701 1.0 1.0
137.630716701 0.0 0.0
138.46973570100002 1.0 0.0
139.308754701 0.0 0.0
140.147773701 1.0 1.0
140.986792701 0.0 0.0
141.825811701 1.0 0.0
142.664830701 0.0 0.0
143.503849701 1.0 1.0
144.34286870100001 0.0 0.0
145.181887701 1.0 0.0
146.020906701 0.0 0.0
146.854927707 1.0 1.0
147.688260707 0.0 0.0
148.521593707 1.0 0.0
149.354926707 0.0 0.0
150.18825970700001 1.0 1.0
151.021592707 0.0 0.0
151.85502155916666 1.0 0.0
152.70009155916668 0.0 0.0
153.54516155916667 1.0 1.0
154.39023155916666 0.0 0.0
155.23530155916666 1.0 0.0
156.08037155916668 0.0 0.0
156.92544155916667 1.0 1.0
157.76017028408333 0.0 0.0
158.59350328408334 1.0 0.0
159.42683628408335 0.0 0.0
160.26016928408333 1.0 1.0
161.09423389041666 0.0 0.0
161.93930389041668 1.0 0.0
162.78437389041667 0.0 0.0
163.61942049241665 1.0 1.0
164.45275349241666 0.0 0.0
165.28608649241667 1.0 0.0
166.11941949241665 0.0 0.0
166.95275249241666 1.0 1.0
167.78608549241667 0.0 0.0
168.61941849241666 1.0 0.0
169.45275149241667 0.0 0.0
170.28608449241665 1.0 1.0
171.11941749241666 0.0 0.0
171.95275049241667 1.0 0.0
172.78608349241665 0.0 0.0
173.61941649241666 1.0 1.0
174.46279734249998 0.0 0.0
175.3078673425 1.0 0.0
176.1529373425 0.0 0.0
176.9980073425 1.0 1.0
177.8430773425 0.0 0.0
178.68379682783333 1.0 0.0
179.51712982783334 0.0 0.0
180.35046282783333 1.0 1.0
181.18379582783334 0.0 0.0
182.00709504283333 1.0 0.0
182.8290130428333 0.0 0.0
183.65093104283332 1.0 1.0
184.47284904283333 0.0 0.0
185.28463375649997 1.0 0.0
186.024922649 0.0 0.0
186.756628649 1.0 1.0
187.48833464899997 0.0 0.0
188.22004064899997 1.0 0.0
188.95174664899997 0.0 0.0
189.68345264899997 1.0 1.0
190.41515864899998 0.0 0.0
191.13180564625 1.0 0.0
191.83142036475 0.0 0.0
192.50783499674998 1.0 1.0
193.18199199674999 0.0 0.0
193.85614899675 1.0 0.0
194.5500465585 0.0 0.0
195.2477205585 1.0 1.0
195.95964956499998 0.0 0.0
196.673934565 1.0 0.0
197.38821956499999 0.0 0.0
198.102504565 1.0 1.0
198.9105020303333 0.0 0.0
199.73242003033332 0.0 0.0
200.5543380303333 1.0 0.0
201.3762560303333 0.0 0.0
202.19817403033332 1.0 1.0
203.03462503016664 0.0 0.0
203.87364403016664 1.0 0.0
204.71266303016665 0.0 0.0
205.55168203016663 1.0 1.0
206.39070103016664 0.0 0.0
207.22972003016665 1.0 0.0
208.06873903016665 0.0 0.0
208.90775803016663 1.0 1.0
209.74677703016664 0.0 0.0
210.58579603016665 1.0 0.0
211.42481503016666 0.0 0.0
212.26383403016663 1.0 1.0
213.10285303016667 0.0 0.0
213.94187203016668 1.0 0.0
214.78089103016666 0.0 0.0
215.61991003016666 1.0 1.0
216.45892903016667 0.0 0.0
217.29794803016665 1.0 0.0
218.13696703016666 0.0 0.0
218.97598603016667 1.0 1.0
219.81500503016667 0.0 0.0
220.65402403016665 1.0 0.0
221.49304303016666 0.0 0.0
222.33206203016667 1.0 1.0
223.17108103016668 0.0 0.0
224.01010003016665 1.0 0.0
224.84911903016666 0.0 0.0
225.68813803016667 1.0 1.0
226.53013691783335 0.0 0.0
227.40707528508335 1.0 0.0
228.28942728508335 0.0 0.0
229.1362173364167 1.0 1.0
229.9752363364167 0.0 0.0
230.8142553364167 1.0 0.0
231.6532743364167 0.0 0.0
232.4922933364167 1.0 1.0
233.33131233641672 0.0 0.0
234.1703313364167 1.0 0.0
235.0093503364167 0.0 0.0
235.8483693364167 1.0 1.0
236.68738833641672 0.0 0.0
237.5264073364167 1.0 0.0
238.3654263364167 0.0 0.0
239.2044453364167 1.0 1.0
240.04346433641672 0.0 0.0
240.8824833364167 1.0 0.0
241.7215023364167 0.0 0.0
242.5605213364167 1.0 1.0
243.3995403364167 0.0 0.0
244.2385593364167 1.0 0.0
245.0775783364167 0.0 0.0
245.91659733641671 1.0 1.0
246.75561633641672 0.0 0.0
247.5946353364167 1.0 0.0
248.4336543364167 0.0 0.0
249.27267333641672 1.0 1.0
250.1116923364167 0.0 0.0
250.9507113364167 1.0 0.0
251.7897303364167 0.0 0.0
252.62874933641672 1.0 1.0
253.4677683364167 0.0 0.0
254.3067873364167 1.0 0.0
255.1458063364167 0.0 0.0
255.9848253364167 1.0 1.0
256.8238443364167 0.0 0.0
257.6628633364167 1.0 0.0
258.5018823364167 0.0 0.0
259.3409013364167 1.0 1.0
260.1799203364167 0.0 0.0
261.0189393364167 1.0 0.0
261.8579583364167 0.0 0.0
262.6969773364167 1.0 1.0
263.5359963364167 0.0 0.0
264.3750153364167 1.0 0.0
265.2140343364167 0.0 0.0
266.0530533364167 1.0 1.0
266.89207233641673 0.0 0.0
267.7310913364167 1.0 0.0
268.5701103364167 0.0 0.0
269.4091293364167 1.0 1.0
270.2481483364167 0.0 0.0
271.0871673364167 1.0 0.0
271.9261863364167 0.0 0.0
272.7652053364167 1.0 1.0
273.6042243364167 0.0 0.0
274.4432433364167 1.0 0.0
275.2822623364167 0.0 0.0
276.1212813364167 1.0 1.0
276.9603003364167 0.0 0.0
277.7993193364167 1.0 0.0
278.6383383364167 0.0 0.0
279.47735733641673 1.0 0.0
280.31637633641674 0.0 0.0