0.406848915 1.0 0.0
1.2287659149999999 0.0 0.0
2.050682915 1.0 1.0
2.872599915 0.0 0.0
3.6945169149999995 1.0 0.0
4.5164339149999995 0.0 0.0
5.3383509149999995 1.0 0.0
6.1602679149999995 0.0 0.0
6.982184914999999 1.0 1.0
7.804101914999999 0.0 0.0
8.626018914999998 1.0 0.0
9.447935914999999 0.0 0.0
10.269852914999998 1.0 1.0
11.091769914999999 0.0 0.0
11.913686914999998 1.0 0.0
12.735603914999999 0.0 0.0
13.557520915 1.0 1.0
14.379437915 0.0 0.0
15.201354915 1.0 1.0
16.023271915 0.0 0.0
16.845188914999998 0.0 0.0
17.667105915 1.0 1.0
18.489022915 0.0 0.0
19.310939915 1.0 0.0
20.132856914999998 0.0 0.0
20.954773915 1.0 1.0
21.776690915 0.0 0.0
22.598607915 1.0 0.0
23.420524914999998 0.0 0.0
24.242441915 1.0 1.0
25.064358915 0.0 0.0
25.886275915 1.0 0.0
26.708192914999994 0.0 0.0
27.530109914999997 1.0 1.0
28.352026914999996 0.0 0.0
29.173943914999995 1.0 0.0
29.995860914999994 0.0 0.0
30.817777914999997 1.0 1.0
31.639694914999996 0.0 0.0
32.461611915 1.0 0.0
33.283528915 0.0 0.0
34.105445915 1.0 1.0
34.927362914999996 0.0 0.0
35.749279914999995 1.0 0.0
36.571196914999994 0.0 0.0
37.393113914999994 1.0 1.0
38.21503091499999 0.0 0.0
39.03694791499999 1.0 0.0
39.858864915 0.0 0.0
40.680781915 1.0 1.0
41.502698914999996 0.0 0.0
42.324615914999995 1.0 0.0
43.146532914999995 0.0 0.0
43.968449914999994 1.0 1.0
44.79036691499999 0.0 0.0
45.61228391499999 1.0 0.0
46.43420091499999 0.0 0.0
47.256117915 1.0 1.0
48.078034914999996 0.0 0.0
48.899951914999995 1.0 0.0
49.721868914999995 0.0 0.0
50.543785914999994 1.0 1.0
51.36570291499999 0.0 0.0
52.18761991499999 1.0 0.0
53.009536915 0.0 0.0
53.831453915 1.0 1.0
54.653370915 0.0 0.0
55.475287915 1.0 0.0
56.29720491500001 0.0 0.0
57.11912191500001 1.0 1.0
57.94103891500001 0.0 0.0
58.762955915000006 1.0 1.0
59.584872915000005 0.0 0.0
60.406789915000004 1.0 0.0
61.228706915000004 0.0 0.0
62.050623915 1.0 1.0
62.87254091500001 0.0 0.0
63.69445791500001 1.0 0.0
64.516374915 0.0 0.0
65.338291915 1.0 1.0
66.16020891500001 0.0 0.0
66.98212591500001 1.0 0.0
67.80404291500001 0.0 0.0
68.62595991500001 1.0 1.0
69.44787691500001 0.0 0.0
70.26979391500001 1.0 0.0
71.09171091500001 0.0 0.0
71.913627915 1.0 1.0
72.735544915 0.0 0.0
73.557461915 1.0 0.0
74.379378915 0.0 0.0
75.201295915 1.0 1.0
76.023212915 0.0 0.0
76.845129915 1.0 0.0
77.667046915 0.0 0.0
78.488963915 1.0 1.0
79.310880915 0.0 0.0
80.13279791500001 1.0 0.0
80.95471491500001 0.0 0.0
81.77663191500001 1.0 1.0
82.59854891500001 0.0 0.0
83.42046591500001 1.0 0.0
84.24238291500001 0.0 0.0
85.064299915 1.0 1.0
85.886216915 0.0 0.0
86.708133915 1.0 0.0
87.530050915 0.0 0.0
88.351967915 1.0 1.0
89.173884915 0.0 0.0
89.995801915 1.0 0.0
90.817718915 0.0 0.0
91.639635915 1.0 1.0
92.461552915 0.0 0.0
93.283469915 1.0 0.0
94.10538691500001 0.0 0.0
94.92730391500001 1.0 1.0
95.74922091500001 0.0 0.0
96.57113791500001 1.0 0.0
97.39305491500001 0.0 0.0
98.214971915 1.0 1.0
99.036888915 0.0 0.0
99.858805915 1.0 0.0
100.680722915 0.0 0.0
101.502639915 1.0 1.0
102.324556915 0.0 0.0
103.146473915 1.0 0.0
103.968390915 0.0 0.0
104.790307915 1.0 1.0
105.612224915 0.0 0.0
106.434141915 1.0 0.0
107.256058915 0.0 0.0
108.077975915 1.0 1.0
108.89989291500001 0.0 0.0
109.72180991500001 1.0 0.0
110.54372691500001 0.0 0.0
111.365643915 1.0 1.0
112.187560915 0.0 0.0
113.009477915 1.0 0.0
113.831394915 0.0 0.0
114.653311915 1.0 1.0
115.475228915 0.0 0.0
116.297145915 1.0 0.0
117.119062915 0.0 0.0
117.940979915 1.0 1.0
118.762896915 0.0 0.0
119.584813915 1.0 0.0
120.406730915 0.0 0.0
121.228647915 1.0 1.0
122.050564915 0.0 0.0
122.87248191500001 1.0 0.0
123.69439891500001 0.0 0.0
124.516315915 1.0 1.0
125.338232915 0.0 0.0
126.160149915 1.0 0.0
126.982066915 0.0 0.0
127.803983915 1.0 1.0
128.625900915 0.0 0.0
129.447817915 1.0 0.0
130.26973491500002 0.0 0.0
131.091651915 1.0 1.0
131.913568915 0.0 0.0
132.735485915 1.0 0.0
133.557402915 0.0 0.0
134.379319915 1.0 1.0
135.201236915 0.0 0.0
136.023153915 1.0 0.0
136.845070915 0.0 0.0
137.666987915 1.0 1.0
138.488904915 0.0 0.0
139.310821915 1.0 0.0
140.132738915 0.0 0.0
140.954655915 1.0 1.0
141.776572915 0.0 0.0
142.598489915 1.0 0.0
143.420406915 0.0 0.0
144.24232391500001 1.0 1.0
145.064240915 0.0 0.0
145.886157915 1.0 0.0
146.708074915 0.0 0.0
147.529991915 1.0 1.0
148.351908915 0.0 0.0
149.173825915 1.0 0.0
149.995742915 0.0 0.0
150.817659915 1.0 1.0
151.639576915 0.0 0.0
152.461493915 1.0 0.0
153.283410915 0.0 0.0
154.105327915 1.0 1.0
154.927244915 0.0 0.0
155.749161915 1.0 0.0
156.571078915 0.0 0.0
157.392995915 1.0 1.0
158.214912915 0.0 0.0
159.036829915 1.0 0.0
159.858746915 0.0 0.0
160.680663915 1.0 1.0
161.502580915 0.0 0.0
162.324497915 1.0 0.0
163.146414915 0.0 0.0
163.968331915 1.0 1.0
164.790248915 0.0 0.0
165.612165915 1.0 0.0
166.434082915 0.0 0.0
167.255999915 1.0 1.0
168.077916915 0.0 0.0
168.899833915 1.0 0.0
169.721750915 0.0 0.0
170.543667915 1.0 1.0
171.365584915 0.0 0.0
172.187501915 1.0 0.0
173.009418915 0.0 0.0
173.831335915 1.0 1.0
174.653252915 0.0 0.0
175.475169915 1.0 0.0
176.297086915 0.0 0.0
177.119003915 1.0 1.0
177.940920915 0.0 0.0
178.762837915 1.0 0.0
179.584754915 0.0 0.0
180.406671915 1.0 1.0
181.228588915 0.0 0.0
182.050505915 1.0 1.0
182.872422915 0.0 0.0
183.694339915 1.0 0.0
184.51625691499999 0.0 0.0
185.338173915 1.0 1.0
186.160090915 0.0 0.0
186.982007915 1.0 0.0
187.803924915 0.0 0.0
188.625841915 1.0 1.0
189.447758915 0.0 0.0
190.269675915 1.0 0.0
191.091592915 0.0 0.0
191.913509915 1.0 1.0
192.735426915 0.0 0.0
193.557343915 1.0 0.0
194.379260915 0.0 0.0
195.201177915 1.0 1.0
196.023094915 0.0 0.0
196.845011915 1.0 0.0
197.666928915 0.0 0.0
198.48884591499998 1.0 1.0
199.310762915 0.0 0.0
200.132679915 1.0 0.0
200.954596915 0.0 0.0
201.776513915 1.0 1.0
202.598430915 0.0 0.0
203.420347915 1.0 0.0
204.242264915 0.0 0.0
205.064181915 1.0 1.0
205.886098915 0.0 0.0
206.708015915 1.0 0.0
207.529932915 0.0 0.0
208.351849915 1.0 1.0
209.173766915 0.0 0.0
209.995683915 1.0 0.0
210.81760091499999 0.0 0.0
211.639517915 1.0 1.0
212.46143491499998 0.0 0.0
213.283351915 1.0 0.0
214.10526891499998 0.0 0.0
214.927185915 1.0 1.0
215.749102915 0.0 0.0
216.571019915 1.0 0.0
217.392936915 0.0 0.0
218.214853915 1.0 1.0
219.036770915 0.0 0.0
219.858687915 1.0 0.0
220.680604915 0.0 0.0
221.502521915 1.0 1.0
222.324438915 0.0 0.0
223.146355915 1.0 1.0
223.968272915 0.0 0.0
224.79018991499998 1.0 0.0
225.612106915 0.0 0.0
226.43402391499998 1.0 1.0
227.255940915 0.0 0.0
228.07785791499998 1.0 0.0
228.899774915 0.0 0.0
229.721691915 1.0 1.0
230.543608915 0.0 0.0
231.365525915 1.0 0.0
232.187442915 0.0 0.0
233.009359915 1.0 1.0
233.831276915 0.0 0.0
234.653193915 1.0 0.0
235.475110915 0.0 0.0
236.297027915 1.0 1.0
237.118944915 0.0 0.0
237.940861915 1.0 0.0
238.76277891499998 0.0 0.0
239.584695915 1.0 1.0
240.40661291499998 0.0 0.0
241.228529915 1.0 0.0
242.05044691499998 0.0 0.0
242.872363915 1.0 1.0
243.694280915 0.0 0.0
244.516197915 1.0 0.0
245.338114915 0.0 0.0
246.160031915 1.0 1.0
246.981948915 0.0 0.0
247.803865915 1.0 0.0
248.625782915 0.0 0.0
249.447699915 1.0 1.0
250.269616915 0.0 0.0
251.09153391499999 1.0 0.0
251.913450915 0.0 0.0
252.73536791499998 1.0 1.0
253.557284915 0.0 0.0
254.37920191499998 1.0 0.0
255.201118915 0.0 0.0
256.023035915 1.0 1.0
256.844952915 0.0 0.0
257.666869915 1.0 0.0
258.488786915 0.0 0.0
259.310703915 1.0 1.0
260.132620915 0.0 0.0
260.954537915 1.0 0.0
261.776454915 0.0 0.0
262.598371915 1.0 1.0
263.420288915 0.0 0.0
264.242205915 1.0 0.0
265.064122915 0.0 0.0
265.88603991499997 1.0 1.0
266.707956915 0.0 0.0
267.529873915 1.0 0.0
268.351790915 0.0 0.0
269.17370791499997 1.0 1.0
269.995624915 0.0 0.0
270.817541915 1.0 0.0
271.639458915 0.0 0.0
272.461375915 1.0 1.0
273.283292915 0.0 0.0
274.105209915 1.0 0.0
274.927126915 0.0 0.0
275.749043915 1.0 1.0
276.570960915 0.0 0.0
277.392877915 1.0 0.0
278.21479491499997 0.0 0.0
279.036711915 1.0 0.0