0.05208793899999997 0.0 0.0
0.7114289389999999 1.0 1.0
1.3707699389999997 0.0 0.0
2.0301109389999996 1.0 0.0
2.6894519389999996 0.0 0.0
3.348792939 1.0 1.0
4.0081339389999995 0.0 0.0
4.667474939 1.0 0.0
5.326815938999999 0.0 0.0
5.986156939 1.0 1.0
6.645497938999999 0.0 0.0
7.304838939 1.0 0.0
7.964179938999999 0.0 0.0
8.623520939 1.0 1.0
9.282861939 0.0 0.0
9.942202939 1.0 0.0
10.601543938999999 0.0 0.0
11.260884939 1.0 1.0
11.920225939 0.0 0.0
12.579566939 1.0 0.0
13.238907938999999 0.0 0.0
13.898248939 1.0 1.0
14.557589939 0.0 0.0
15.216930939 1.0 0.0
15.876271938999999 0.0 0.0
16.535612939 1.0 1.0
17.194953938999998 0.0 0.0
17.854294939 1.0 0.0
18.513635939 0.0 0.0
19.172976938999998 1.0 1.0
19.832317939 0.0 0.0
20.491658939 1.0 0.0
21.150999939 0.0 0.0
21.810340939 1.0 1.0
22.469681938999997 0.0 0.0
23.129022939000002 1.0 0.0
23.788363939 0.0 0.0
24.447704939 1.0 1.0
25.107045939000002 0.0 0.0
25.766386939 1.0 0.0
26.425727939 0.0 0.0
27.085068939000003 1.0 1.0
27.744409939 0.0 0.0
28.403750939000002 1.0 0.0
29.063091939 0.0 0.0
29.722432939 1.0 1.0
30.381773939000002 0.0 0.0
31.041114939 1.0 0.0
31.700455939 0.0 0.0
32.359796939 1.0 1.0
33.019137939000004 0.0 0.0
33.678478939 1.0 0.0
34.337819939 0.0 0.0
34.997160939000004 1.0 1.0
35.656501939 0.0 0.0
36.315842939 1.0 0.0
36.975183939 0.0 0.0
37.634524939 1.0 1.0
38.293865939 0.0 0.0
38.953206939 1.0 0.0
39.612547939 0.0 0.0
40.271888939 1.0 1.0
40.931229939 0.0 0.0
41.590570939 1.0 0.0
42.24991193899999 0.0 0.0
42.909252939 1.0 1.0
43.568593938999996 0.0 0.0
44.227934938999994 1.0 0.0
44.887275939 0.0 0.0
45.546616938999996 1.0 1.0
46.205957938999994 0.0 0.0
46.86529893899999 1.0 0.0
47.524639939 0.0 0.0
48.183980938999994 1.0 1.0
48.84332193899999 0.0 0.0
49.502662939 1.0 0.0
50.162003938999995 0.0 0.0
50.82134493899999 1.0 1.0
51.480685939 0.0 0.0
52.140026938999995 1.0 0.0
52.79936793899999 0.0 0.0
53.458708939 1.0 1.0
54.118049938999995 0.0 0.0
54.77739093899999 1.0 0.0
55.436731939 0.0 0.0
56.096072938999995 1.0 1.0
56.75541393899999 0.0 0.0
57.41475493899999 1.0 0.0
58.074095938999996 0.0 0.0
58.73343693899999 1.0 1.0
59.39277793899999 0.0 0.0
60.052118938999996 1.0 0.0
60.711459938999994 0.0 0.0
61.37080093899999 1.0 1.0
62.030141938999996 0.0 0.0
62.689482938999994 1.0 0.0
63.34882393899999 0.0 0.0
64.008164939 1.0 1.0
64.667505939 0.0 0.0
65.32684693899999 1.0 0.0
65.98618793899999 0.0 0.0
66.64552893899999 1.0 1.0
67.304869939 0.0 0.0
67.964210939 1.0 0.0
68.623551939 0.0 0.0
69.28289293899999 1.0 1.0
69.94223393899999 0.0 0.0
70.60157493899999 1.0 0.0
71.260915939 0.0 0.0
71.920256939 1.0 1.0
72.579597939 0.0 0.0
73.238938939 1.0 0.0
73.89827993899999 0.0 0.0
74.55762093899999 1.0 1.0
75.21696193899999 0.0 0.0
75.876302939 1.0 0.0
76.535643939 0.0 0.0
77.194984939 1.0 1.0
77.85432593899999 0.0 0.0
78.51366693899999 1.0 0.0
79.17300793899999 0.0 0.0
79.832348939 1.0 1.0
80.491689939 0.0 0.0
81.151030939 1.0 0.0
81.81037193899999 0.0 0.0
82.46971293899999 1.0 1.0
83.12905393899999 0.0 0.0
83.788394939 1.0 0.0
84.447735939 0.0 0.0
85.10707693900001 1.0 1.0
85.76641793900001 0.0 0.0
86.425758939 1.0 0.0
87.085099939 0.0 0.0
87.744440939 1.0 1.0
88.403781939 0.0 0.0
89.063122939 1.0 0.0
89.72246393900001 0.0 0.0
90.38180493899999 1.0 1.0
91.04114593899999 0.0 0.0
91.70048693899999 1.0 0.0
92.359827939 0.0 0.0
93.019168939 1.0 1.0
93.678509939 0.0 0.0
94.33785093899999 1.0 0.0
94.99719193899999 0.0 0.0
95.65653293899999 1.0 1.0
96.31587393899999 0.0 0.0
96.975214939 1.0 0.0
97.634555939 0.0 0.0
98.29389693899999 1.0 1.0
98.95323793899999 0.0 0.0
99.61257893899999 1.0 0.0
100.27191993899999 0.0 0.0
100.931260939 1.0 1.0
101.590601939 0.0 0.0
102.249942939 1.0 0.0
102.90928393899999 0.0 0.0
103.56862493899999 1.0 1.0
104.22796593899999 0.0 0.0
104.887306939 1.0 0.0
105.546647939 0.0 0.0
106.205988939 1.0 1.0
106.86532993899999 0.0 0.0
107.52467093899999 1.0 0.0
108.18401193899999 0.0 0.0
108.84335293899998 1.0 1.0
109.502693939 0.0 0.0
110.162034939 1.0 0.0
110.82137593899999 0.0 0.0
111.48071693899999 1.0 1.0
112.14005793899999 0.0 0.0
112.79939893899999 1.0 0.0
113.458739939 0.0 0.0
114.118080939 1.0 1.0
114.77742193899999 0.0 0.0
115.43676293899999 1.0 0.0
116.09610393899999 0.0 0.0
116.75544493899999 1.0 1.0
117.414785939 0.0 0.0
118.074126939 1.0 0.0
118.733467939 0.0 0.0
119.39280893899999 1.0 1.0
120.05214993899999 0.0 0.0
120.71149093899999 1.0 0.0
121.37083193899998 0.0 0.0
122.030172939 1.0 1.0
122.689513939 0.0 0.0
123.34885493899999 1.0 0.0
124.00819593899999 0.0 0.0
124.66753693899999 1.0 1.0
125.32687793899998 0.0 0.0
125.986218939 1.0 0.0
126.645559939 0.0 0.0
127.30490093899999 1.0 1.0
127.96424193899999 0.0 0.0
128.623582939 1.0 0.0
129.282923939 0.0 0.0
129.94226493899998 1.0 1.0
130.601605939 0.0 0.0
131.26094693899998 1.0 0.0
131.920287939 0.0 0.0
132.579628939 1.0 1.0
133.238969939 0.0 0.0
133.898310939 1.0 0.0
134.55765193899998 0.0 0.0
135.216992939 1.0 1.0
135.87633393899998 0.0 0.0
136.535674939 1.0 0.0
137.195015939 0.0 0.0
137.85435693899998 1.0 1.0
138.513697939 0.0 0.0
139.17303893899998 1.0 0.0
139.832379939 0.0 0.0
140.49172093899998 1.0 1.0
141.151061939 0.0 0.0
141.810402939 1.0 0.0
142.46974393899998 0.0 0.0
143.129084939 1.0 1.0
143.78842593899998 0.0 0.0
144.447766939 1.0 0.0
145.107107939 0.0 0.0
145.76644893899999 1.0 1.0
146.425789939 0.0 0.0
147.08513093899998 1.0 0.0
147.744471939 0.0 0.0
148.40381293899998 1.0 1.0
149.063153939 0.0 0.0
149.722494939 1.0 0.0
150.38183593899998 0.0 0.0
151.041176939 1.0 1.0
151.70051793899998 0.0 0.0
152.359858939 1.0 0.0
153.01919993899998 0.0 0.0
153.678540939 1.0 1.0
154.337881939 0.0 0.0
154.99722293899998 1.0 0.0
155.656563939 0.0 0.0
156.31590493899998 1.0 1.0
156.975245939 0.0 0.0
157.634586939 1.0 0.0
158.29392793899999 0.0 0.0
158.953268939 1.0 1.0
159.61260993899998 0.0 0.0
160.271950939 1.0 0.0
160.93129193899998 0.0 0.0
161.590632939 1.0 1.0
162.249973939 0.0 0.0
162.90931493899998 1.0 0.0
163.568655939 0.0 0.0
164.22799693899998 1.0 1.0
164.887337939 0.0 0.0
165.54667893899997 1.0 0.0
166.206019939 0.0 0.0
166.865360939 1.0 1.0
167.52470193899998 0.0 0.0
168.184042939 1.0 0.0
168.84338393899998 0.0 0.0
169.502724939 1.0 1.0
170.162065939 0.0 0.0
170.82140693899998 1.0 0.0
171.480747939 0.0 0.0
172.14008893899998 1.0 1.0
172.799429939 0.0 0.0
173.45877093899998 1.0 0.0
174.118111939 0.0 0.0
174.777452939 1.0 1.0
175.43679393899998 0.0 0.0
176.096134939 1.0 0.0
176.75547593899998 0.0 0.0
177.414816939 1.0 1.0
178.07415793899997 0.0 0.0
178.733498939 1.0 0.0
179.392839939 0.0 0.0
180.052180939 1.0 1.0
180.711521939 0.0 0.0
181.370862939 1.0 0.0
182.03020393900002 0.0 0.0
182.689544939 1.0 1.0
183.348885939 0.0 0.0
184.008226939 1.0 0.0
184.667567939 0.0 0.0
185.32690893900002 1.0 1.0
185.986249939 0.0 0.0
186.64559093900002 1.0 0.0
187.304931939 0.0 0.0
187.964272939 1.0 1.0
188.623613939 0.0 0.0
189.282954939 1.0 0.0
189.94229593900002 0.0 0.0
190.601636939 1.0 1.0
191.260977939 0.0 0.0
191.920318939 1.0 0.0
192.579659939 0.0 0.0
193.239000939 1.0 1.0
193.898341939 0.0 0.0
194.55768293900002 1.0 0.0
195.217023939 0.0 0.0
195.876364939 1.0 1.0
196.535705939 0.0 0.0
197.195046939 1.0 0.0
197.85438793900002 0.0 0.0
198.513728939 1.0 1.0
199.17306993900002 0.0 0.0
199.832410939 1.0 0.0
200.491751939 0.0 0.0
201.151092939 1.0 1.0
201.810433939 0.0 0.0
202.46977493900002 1.0 0.0
203.129115939 0.0 0.0
203.788456939 1.0 1.0
204.447797939 0.0 0.0
205.107138939 1.0 0.0
205.766479939 0.0 0.0
206.425820939 1.0 1.0
207.08516193900002 0.0 0.0
207.744502939 1.0 0.0
208.403843939 0.0 0.0
209.063184939 1.0 1.0
209.722525939 0.0 0.0
210.38186693900002 1.0 0.0
211.041207939 0.0 0.0
211.70054893900002 1.0 1.0
212.359889939 0.0 0.0
213.019230939 1.0 0.0
213.678571939 0.0 0.0
214.337912939 1.0 1.0
214.99725393900002 0.0 0.0
215.656594939 1.0 0.0
216.315935939 0.0 0.0
216.97585569299997 1.0 1.0
217.642522693 0.0 0.0
218.309781403 1.0 0.0
218.985796246 0.0 0.0
219.683470246 1.0 1.0
220.381144246 0.0 0.0
221.07636869299998 1.0 0.0
221.743035693 0.0 0.0
222.40970269299999 1.0 1.0
223.076369693 0.0 0.0
223.743036693 1.0 0.0
224.40970369299998 0.0 0.0
225.076370693 1.0 1.0
225.743037693 0.0 0.0
226.40970469299998 1.0 0.0
227.076371693 0.0 0.0
227.743038693 1.0 1.0
228.40970569299998 0.0 0.0
229.075793939 1.0 0.0
229.73513493899998 0.0 0.0
230.394475939 1.0 1.0
231.05381693899997 0.0 0.0
231.71315793899998 1.0 0.0
232.37249893899997 0.0 0.0
233.03183993899998 1.0 1.0
233.691180939 0.0 0.0
234.35052193899998 1.0 0.0
235.009862939 0.0 0.0
235.66920393899997 1.0 1.0
236.32854493899998 0.0 0.0
236.98788593899997 1.0 0.0
237.64722693899998 0.0 0.0
238.31372999999996 1.0 1.0
239.07629818899997 0.0 0.0
240.00837099999998 1.0 0.0
241.23207099999996 0.0 0.0
242.73207099999996 1.0 1.0
244.23207099999996 0.0 0.0
245.73207099999996 1.0 1.0
247.23207099999996 0.0 0.0
248.73207099999996 0.0 0.0