0.162471837 1.0 1.0
0.8366288370000001 0.0 0.0
1.5107858370000002 1.0 0.0
2.1849428370000004 0.0 0.0
2.859099837 1.0 1.0
3.533256837 0.0 0.0
4.207413837 1.0 0.0
4.881570837 0.0 0.0
5.555727837 1.0 1.0
6.229884837000001 0.0 0.0
6.904041837000001 1.0 0.0
7.578198837000001 0.0 0.0
8.252355837000001 1.0 1.0
8.926512837 0.0 0.0
9.600669837000002 1.0 0.0
10.274826837 0.0 0.0
10.948983837000002 1.0 1.0
11.623140837000001 0.0 0.0
12.297297837000002 1.0 0.0
12.971454837000001 0.0 0.0
13.645611837000002 1.0 1.0
14.319768837000002 0.0 0.0
14.993925837 1.0 0.0
15.668082837000002 0.0 0.0
16.342239837 1.0 1.0
17.016396837000002 0.0 0.0
17.690553837000003 1.0 0.0
18.364710837 0.0 0.0
19.038867837 1.0 1.0
19.713024837000003 0.0 0.0
20.387181837000004 1.0 0.0
21.061338837 0.0 0.0
21.735495837000002 1.0 1.0
22.409652837000003 0.0 0.0
23.083809837000004 1.0 0.0
23.757966837 0.0 0.0
24.432123837000002 1.0 1.0
25.106280837000003 0.0 0.0
25.780437837 1.0 0.0
26.454594837000002 0.0 0.0
27.128751837000003 1.0 1.0
27.802908837000004 0.0 0.0
28.477065837 1.0 0.0
29.151222837000002 0.0 0.0
29.825379837000003 1.0 1.0
30.499536837000004 0.0 0.0
31.173693837000002 1.0 0.0
31.847850837000003 0.0 0.0
32.522007837000004 1.0 1.0
33.196164837000005 0.0 0.0
33.870321837000006 1.0 0.0
34.54447883700001 0.0 0.0
35.218635837 1.0 1.0
35.892792837 0.0 0.0
36.566949837 1.0 0.0
37.241106837000004 0.0 0.0
37.915263837000005 1.0 1.0
38.589420837000006 0.0 0.0
39.26357783700001 1.0 0.0
39.937734837 0.0 0.0
40.611891837 1.0 1.0
41.286048837 0.0 0.0
41.960205837000004 1.0 0.0
42.634362837000005 0.0 0.0
43.308519837000006 1.0 1.0
43.98267683700001 0.0 0.0
44.65683383700001 1.0 0.0
45.330990837 0.0 0.0
46.005147837 1.0 1.0
46.679304837000004 0.0 0.0
47.353461837000005 1.0 0.0
48.027618837000006 0.0 0.0
48.70177583700001 1.0 1.0
49.37593283700001 0.0 0.0
50.050089837 1.0 0.0
50.724246837 0.0 0.0
51.398403837000004 1.0 1.0
52.072560837000005 0.0 0.0
52.746717837000006 1.0 0.0
53.42087483700001 0.0 0.0
54.09503183700001 1.0 1.0
54.76918883700001 0.0 0.0
55.443345837 1.0 0.0
56.117502837 0.0 0.0
56.791659837000005 1.0 1.0
57.465816837000006 0.0 0.0
58.13997383700001 1.0 0.0
58.81413083700001 0.0 0.0
59.48828783700001 1.0 1.0
60.162444837 0.0 0.0
60.836601837 1.0 0.0
61.510758837000004 0.0 0.0
62.184915837000005 1.0 1.0
62.85907283700001 0.0 0.0
63.53322983700001 1.0 0.0
64.207386837 0.0 0.0
64.88154383700001 1.0 1.0
65.555700837 0.0 0.0
66.22985783700001 1.0 0.0
66.904014837 0.0 0.0
67.578171837 1.0 1.0
68.25232883700001 0.0 0.0
68.926485837 1.0 0.0
69.60064283700001 0.0 0.0
70.274799837 1.0 1.0
70.94895683700001 0.0 0.0
71.623113837 1.0 0.0
72.29727083700001 0.0 0.0
72.97142783700001 1.0 1.0
73.645584837 0.0 0.0
74.31974183700001 1.0 0.0
74.993898837 0.0 0.0
75.66805583700001 1.0 1.0
76.342212837 0.0 0.0
77.01636983700001 1.0 0.0
77.69052683700001 0.0 0.0
78.364683837 1.0 1.0
79.03884083700001 0.0 0.0
79.712997837 1.0 0.0
80.38715483700001 0.0 0.0
81.061311837 1.0 1.0
81.73546883700001 0.0 0.0
82.40962583700001 1.0 0.0
83.083782837 0.0 0.0
83.75793983700001 1.0 1.0
84.432096837 0.0 0.0
85.10625383700001 1.0 0.0
85.780410837 0.0 0.0
86.45456783700001 1.0 1.0
87.12872483700002 0.0 0.0
87.80288183700002 1.0 0.0
88.47703883700002 0.0 0.0
89.15119583700002 1.0 1.0
89.82535283700003 0.0 0.0
90.49950983700002 1.0 0.0
91.17366683700001 0.0 0.0
91.84782383700002 1.0 1.0
92.52198083700002 0.0 0.0
93.19613783700002 1.0 0.0
93.87029483700002 0.0 0.0
94.54445183700003 1.0 1.0
95.21860883700002 0.0 0.0
95.89276583700001 1.0 0.0
96.56692283700002 0.0 0.0
97.24107983700002 1.0 1.0
97.91523683700002 0.0 0.0
98.58939383700002 1.0 0.0
99.26355083700003 0.0 0.0
99.93770783700002 1.0 1.0
100.61186483700001 0.0 0.0
101.28602183700002 1.0 0.0
101.96017883700002 0.0 0.0
102.63433583700002 1.0 1.0
103.30849283700002 0.0 0.0
103.98264983700003 1.0 0.0
104.65680683700002 0.0 0.0
105.33096383700001 1.0 1.0
106.00512083700002 0.0 0.0
106.67927783700001 1.0 0.0
107.35343483700002 0.0 0.0
108.02759183700002 1.0 1.0
108.70174883700003 0.0 0.0
109.37590583700002 1.0 0.0
110.05006283700003 0.0 0.0
110.72421983700002 1.0 1.0
111.39837683700001 0.0 0.0
112.07253383700002 1.0 0.0
112.74669083700002 0.0 0.0
113.42084783700003 1.0 1.0
114.09500483700002 0.0 0.0
114.76916183700003 1.0 0.0
115.44331883700002 0.0 0.0
116.11747583700001 1.0 1.0
116.79163283700002 0.0 0.0
117.46578983700002 1.0 0.0
118.13994683700002 0.0 0.0
118.81410383700002 1.0 1.0
119.48826083700003 0.0 0.0
120.16241783700002 1.0 0.0
120.83657483700001 0.0 0.0
121.51073183700002 1.0 1.0
122.18488883700002 0.0 0.0
122.85904583700002 1.0 0.0
123.53320283700002 0.0 0.0
124.20735983700003 1.0 1.0
124.88151683700002 0.0 0.0
125.55567383700001 1.0 0.0
126.22983083700002 0.0 0.0
126.90398783700002 1.0 1.0
127.57814483700002 0.0 0.0
128.25230183700003 1.0 0.0
128.926458837 0.0 0.0
129.60061583700002 1.0 1.0
130.27477283700003 0.0 0.0
130.948929837 1.0 0.0
131.62308683700002 0.0 0.0
132.29724383700002 1.0 1.0
132.97140083700003 0.0 0.0
133.645557837 1.0 0.0
134.31971483700002 0.0 0.0
134.99387183700003 1.0 1.0
135.668028837 0.0 0.0
136.34218583700002 1.0 0.0
137.01634283700002 0.0 0.0
137.69049983700003 1.0 1.0
138.364656837 0.0 0.0
139.03881383700002 1.0 0.0
139.71297083700003 0.0 0.0
140.38712783700004 1.0 1.0
141.06128483700002 0.0 0.0
141.73544183700002 1.0 0.0
142.40959883700003 0.0 0.0
143.083755837 1.0 1.0
143.75791283700002 0.0 0.0
144.43206983700003 1.0 0.0
145.10622683700004 0.0 0.0
145.78038383700002 1.0 1.0
146.45454083700002 0.0 0.0
147.12869783700003 1.0 0.0
147.802854837 0.0 0.0
148.47701183700002 1.0 1.0
149.15116883700003 0.0 0.0
149.82532583700004 1.0 0.0
150.49948283700002 0.0 0.0
151.17363983700002 1.0 1.0
151.84779683700003 0.0 0.0
152.521953837 1.0 0.0
153.19611083700002 0.0 0.0
153.87026783700003 1.0 1.0
154.54442483700004 0.0 0.0
155.21858183700002 1.0 0.0
155.89273883700002 0.0 0.0
156.56689583700003 1.0 1.0
157.241052837 0.0 0.0
157.91520983700002 1.0 0.0
158.58936683700003 0.0 0.0
159.26352383700004 1.0 1.0
159.93768083700002 0.0 0.0
160.61183783700002 1.0 0.0
161.28599483700003 0.0 0.0
161.960151837 1.0 1.0
162.63430883700002 0.0 0.0
163.30846583700003 1.0 0.0
163.98262283700004 0.0 0.0
164.65677983700002 1.0 1.0
165.33093683700002 0.0 0.0
166.00509383700003 1.0 0.0
166.679250837 0.0 0.0
167.35340783700002 1.0 1.0
168.02756483700003 0.0 0.0
168.70172183700004 1.0 0.0
169.37587883700002 0.0 0.0
170.05003583700002 1.0 1.0
170.72419283700003 0.0 0.0
171.398349837 1.0 0.0
172.07250683700002 0.0 0.0
172.746663837 1.0 1.0
173.420820837 0.0 0.0
174.09497783700002 1.0 0.0
174.769134837 0.0 0.0
175.443291837 1.0 1.0
176.117448837 0.0 0.0
176.791605837 1.0 0.0
177.465762837 0.0 0.0
178.139919837 1.0 1.0
178.81407683700002 0.0 0.0
179.488233837 1.0 0.0
180.162390837 0.0 0.0
180.836547837 1.0 1.0
181.510704837 0.0 0.0
182.184861837 1.0 0.0
182.859018837 0.0 0.0
183.53317583700002 1.0 1.0
184.207332837 0.0 0.0
184.881489837 1.0 0.0
185.555646837 0.0 0.0
186.22980383700002 1.0 1.0
186.903960837 0.0 0.0
187.578117837 1.0 0.0
188.25227483700002 0.0 0.0
188.926431837 1.0 1.0
189.600588837 0.0 0.0
190.274745837 1.0 0.0
190.94890283700002 0.0 0.0
191.623059837 1.0 1.0
192.297216837 0.0 0.0
192.97137383700002 1.0 0.0
193.645530837 0.0 0.0
194.319687837 1.0 1.0
194.993844837 0.0 0.0
195.66800183700002 1.0 0.0
196.342158837 0.0 0.0
197.016315837 1.0 1.0
197.69047283700002 0.0 0.0
198.364629837 1.0 0.0
199.038786837 0.0 0.0
199.712943837 1.0 1.0
200.38710083700002 0.0 0.0
201.061257837 1.0 0.0
201.735414837 0.0 0.0
202.40957183700002 1.0 1.0
203.083728837 0.0 0.0
203.757885837 1.0 0.0
204.432042837 0.0 0.0
205.10619983700002 1.0 1.0
205.780356837 0.0 0.0
206.454513837 1.0 0.0
207.12867083700002 0.0 0.0
207.802827837 1.0 1.0
208.476984837 0.0 0.0
209.151141837 1.0 0.0
209.82529883700002 0.0 0.0
210.499455837 1.0 1.0
211.173612837 0.0 0.0
211.84776983700002 1.0 0.0
212.521926837 0.0 0.0
213.196083837 1.0 1.0
213.870240837 0.0 0.0
214.54439783700002 1.0 0.0
215.218554837 0.0 0.0
215.892711837 1.0 1.0
216.56686883700002 0.0 0.0
217.241025837 1.0 0.0
217.915182837 0.0 0.0
218.589339837 1.0 1.0
219.26349683700002 0.0 0.0
219.937653837 1.0 0.0
220.611810837 0.0 0.0
221.28596783700002 1.0 1.0
221.960124837 0.0 0.0
222.634281837 1.0 0.0
223.308438837 0.0 0.0
223.98259583700002 1.0 1.0
224.656752837 0.0 0.0
225.330909837 1.0 0.0
226.00506683700002 0.0 0.0
226.67922383700002 1.0 1.0
227.353380837 0.0 0.0
228.027537837 1.0 0.0
228.70169483700002 0.0 0.0
229.375851837 1.0 1.0
230.050008837 0.0 0.0
230.72416583700002 1.0 0.0
231.39832283700002 0.0 0.0
232.072479837 1.0 1.0
232.746636837 0.0 0.0
233.42079383700002 1.0 0.0
234.094950837 0.0 0.0
234.769107837 1.0 1.0
235.44326483700002 0.0 0.0
236.11742183700002 1.0 0.0
236.791578837 0.0 0.0
237.465735837 1.0 1.0
238.13989283700002 0.0 0.0
238.814049837 1.0 0.0
239.488206837 0.0 0.0
240.16236383700002 1.0 1.0
240.83652083700002 0.0 0.0
241.510677837 1.0 0.0
242.184834837 0.0 0.0
242.85899183700002 1.0 1.0
243.533148837 0.0 0.0
244.207305837 1.0 0.0
244.88146283700002 0.0 0.0
245.55561983700002 1.0 1.0
246.229776837 0.0 0.0
246.903933837 1.0 0.0
247.57809083700002 0.0 0.0
248.252247837 1.0 1.0
248.926404837 0.0 0.0
249.60056183700001 1.0 0.0
250.27471883700002 0.0 0.0
250.948875837 1.0 1.0
251.623032837 0.0 0.0
252.29718983700002 1.0 0.0
252.971346837 0.0 0.0
253.645503837 1.0 1.0
254.31966083700001 0.0 0.0
254.99381783700002 1.0 0.0
255.667974837 0.0 0.0
256.342131837 1.0 1.0
257.016288837 0.0 0.0
257.690445837 1.0 0.0
258.364602837 0.0 0.0
259.038759837 1.0 1.0
259.712916837 0.0 0.0
260.387073837 1.0 0.0
261.06123083700004 0.0 0.0
261.735387837 1.0 1.0
262.409544837 0.0 0.0
263.08370183700004 1.0 0.0
263.757858837 0.0 0.0
264.432015837 1.0 1.0
265.10617283700003 0.0 0.0
265.780329837 1.0 0.0
266.454486837 0.0 0.0
267.128643837 1.0 1.0
267.802800837 0.0 0.0
268.476957837 1.0 0.0
269.151114837 0.0 0.0
269.825271837 1.0 0.0
270.49942883700004 0.0 0.0
271.173585837 1.0 1.0
271.847742837 0.0 0.0
272.52189983700003 1.0 0.0
273.196056837 0.0 0.0
273.870213837 1.0 1.0
274.54437083700003 0.0 0.0
275.218527837 0.0 0.0