0.5125417920000002 1.0 0.0
1.5294897920000003 0.0 0.0
2.5464377920000008 1.0 1.0
3.563385792000001 0.0 0.0
4.580333792 1.0 0.0
5.597281792 0.0 0.0
6.614229792000001 1.0 1.0
7.631177792000001 0.0 0.0
8.648125792000002 1.0 0.0
9.665073792000003 0.0 0.0
10.682021792000002 1.0 1.0
11.698969792000003 0.0 0.0
12.715917792000003 1.0 0.0
13.732865792000004 0.0 0.0
14.749813792000003 1.0 1.0
15.766761792000004 0.0 0.0
16.783709792000007 1.0 0.0
17.800657792000003 0.0 0.0
18.817605792000005 1.0 1.0
19.834553792000005 0.0 0.0
20.851501792000004 1.0 0.0
21.868449792000003 0.0 0.0
22.885397792000006 1.0 1.0
23.902345792000006 0.0 0.0
24.919293792000005 1.0 0.0
25.936241792000004 0.0 0.0
26.953189792000007 1.0 1.0
27.970137792000006 0.0 0.0
28.987085792000006 1.0 0.0
30.004033792000005 0.0 0.0
31.020981792000008 1.0 1.0
32.03792979200001 0.0 0.0
33.054877792000006 1.0 0.0
34.071825792000006 0.0 0.0
35.088773792000005 1.0 1.0
36.105721792000004 0.0 0.0
37.122669792 1.0 0.0
38.139617792 0.0 0.0
39.156565792 1.0 1.0
40.173513792 0.0 0.0
41.19046179200001 1.0 0.0
42.20740979200001 0.0 0.0
43.224357792000006 1.0 1.0
44.241305792000006 0.0 0.0
45.258253792000005 1.0 0.0
46.275201792000004 0.0 0.0
47.292149792000004 1.0 1.0
48.30909779200001 0.0 0.0
49.32604579200001 1.0 0.0
50.34299379200001 0.0 0.0
51.35994179200001 1.0 1.0
52.37688979200001 0.0 0.0
53.39383779200001 1.0 0.0
54.410785792000006 0.0 0.0
55.427733792000005 1.0 1.0
56.44468179200001 0.0 0.0
57.46162979200001 1.0 0.0
58.47857779200001 0.0 0.0
59.49552579200001 1.0 1.0
60.51247379200001 0.0 0.0
61.52942179200001 1.0 0.0
62.54636979200001 0.0 0.0
63.56331779200001 1.0 1.0
64.580265792 0.0 0.0
65.59721379200002 1.0 0.0
66.61416179200002 0.0 0.0
67.63110979200002 1.0 1.0
68.64805779200002 0.0 0.0
69.66500579200003 1.0 0.0
70.68195379200003 0.0 0.0
71.69890179200003 1.0 1.0
72.71584979200003 0.0 0.0
73.73279779200003 1.0 0.0
74.74974579200003 0.0 0.0
75.76669379200003 1.0 1.0
76.78364179200003 0.0 0.0
77.80058979200003 1.0 0.0
78.81753779200002 0.0 0.0
79.83448579200002 1.0 1.0
80.85143379200002 0.0 0.0
81.86838179200002 1.0 0.0
82.88532979200004 0.0 0.0
83.90227779200004 1.0 1.0
84.91922579200003 0.0 0.0
85.93617379200003 1.0 0.0
86.95312179200003 0.0 0.0
87.97006979200003 1.0 1.0
88.98701779200003 0.0 0.0
90.00396579200003 1.0 0.0
91.02091379200003 0.0 0.0
92.03786179200003 1.0 1.0
93.05480979200003 0.0 0.0
94.07175779200003 1.0 0.0
95.08870579200003 0.0 0.0
96.10565379200003 1.0 1.0
97.12260179200003 0.0 0.0
98.13954979200004 1.0 0.0
99.15649779200004 0.0 0.0
100.17344579200004 1.0 1.0
101.19039379200004 0.0 0.0
102.20734179200004 1.0 0.0
103.22428979200004 0.0 0.0
104.24123779200004 1.0 1.0
105.25818579200003 0.0 0.0
106.27513379200003 1.0 0.0
107.29208179200003 0.0 0.0
108.30902979200003 1.0 1.0
109.32597779200003 0.0 0.0
110.34292579200003 1.0 0.0
111.35987379200003 0.0 0.0
112.37682179200003 1.0 1.0
113.39376979200003 0.0 0.0
114.41071779200004 1.0 0.0
115.42766579200004 0.0 0.0
116.44461379200004 1.0 1.0
117.46156179200004 0.0 0.0
118.47850979200004 1.0 0.0
119.49545779200004 0.0 0.0
120.51240579200004 1.0 1.0
121.52935379200004 0.0 0.0
122.54630179200004 1.0 0.0
123.56324979200004 0.0 0.0
124.58019779200004 1.0 1.0
125.59714579200003 0.0 0.0
126.61409379200003 1.0 0.0
127.63104179200003 0.0 0.0
128.64798979200003 1.0 1.0
129.66493779200005 0.0 0.0
130.68188579200003 1.0 0.0
131.69883379200002 0.0 0.0
132.71578179200003 1.0 1.0
133.73272979200001 0.0 0.0
134.74967779200003 1.0 0.0
135.766625792 0.0 0.0
136.78357379200003 1.0 1.0
137.800521792 0.0 0.0
138.81746979200003 1.0 0.0
139.83441779200004 0.0 0.0
140.85136579200002 1.0 1.0
141.86831379200004 0.0 0.0
142.88526179200002 1.0 0.0
143.90220979200004 0.0 0.0
144.91915779200002 1.0 1.0
145.93610579200003 0.0 0.0
146.95305379200002 1.0 0.0
147.97000179200003 0.0 0.0
148.98694979200002 1.0 1.0
150.00389779200003 0.0 0.0
151.02084579200002 1.0 0.0
152.03779379200003 0.0 0.0
153.05474179200002 1.0 1.0
154.07168979200003 0.0 0.0
155.08863779200004 1.0 0.0
156.10558579200003 0.0 0.0
157.12253379200004 1.0 1.0
158.13948179200003 0.0 0.0
159.15642979200004 1.0 0.0
160.17337779200003 0.0 0.0
161.19032579200004 1.0 1.0
162.20727379200002 0.0 0.0
163.22422179200004 1.0 0.0
164.24116979200002 0.0 0.0
165.25811779200004 1.0 1.0
166.27506579200002 0.0 0.0
167.29201379200003 1.0 0.0
168.30896179200002 0.0 0.0
169.32590979200003 1.0 1.0
170.34285779200005 0.0 0.0
171.35980579200003 1.0 0.0
172.37675379200004 0.0 0.0
173.39370179200003 1.0 1.0
174.41064979200004 0.0 0.0
175.42759779200003 1.0 0.0
176.44454579200004 0.0 0.0
177.46149379200003 1.0 1.0
178.47844179200004 0.0 0.0
179.49538979200003 1.0 0.0
180.51233779200004 0.0 0.0
181.52928579200002 1.0 1.0
182.54623379200004 0.0 0.0
183.56318179200002 1.0 0.0
184.58012979200004 0.0 0.0
185.59707779200005 1.0 1.0
186.61402579200004 0.0 0.0
187.63097379200005 1.0 0.0
188.64792179200003 0.0 0.0
189.66486979200005 1.0 1.0
190.68181779200003 0.0 0.0
191.69876579200005 1.0 0.0
192.71571379200003 0.0 0.0
193.73266179200004 1.0 1.0
194.74960979200003 0.0 0.0
195.76655779200004 1.0 0.0
196.78350579200003 0.0 0.0
197.80045379200004 1.0 1.0
198.81740179200003 0.0 0.0
199.83434979200004 1.0 0.0
200.85129779200003 0.0 0.0
201.86824579200004 1.0 1.0
202.88519379200005 0.0 0.0
203.90214179200004 1.0 0.0
204.91908979200005 0.0 0.0
205.93603779200004 1.0 1.0
206.95298579200005 0.0 0.0
207.96993379200003 1.0 0.0
208.98688179200005 0.0 0.0
210.00382979200003 1.0 1.0
211.02077779200005 0.0 0.0
212.03772579200003 1.0 0.0
213.05467379200005 0.0 0.0
214.07162179200003 1.0 1.0
215.08856979200004 0.0 0.0
216.10551779200003 1.0 0.0
217.12246579200004 0.0 0.0
218.13941379200006 1.0 1.0
219.15636179200004 0.0 0.0
220.17330979200005 1.0 0.0
221.19025779200004 0.0 0.0
222.20720579200005 1.0 1.0
223.22415379200004 0.0 0.0
224.24110179200005 1.0 0.0
225.25804979200004 0.0 0.0
226.27499779200005 1.0 1.0
227.29194579200004 0.0 0.0
228.30889379200005 1.0 0.0
229.32584179200003 0.0 0.0
230.34278979200005 1.0 1.0
231.35973779200003 0.0 0.0
232.37668579200005 1.0 0.0
233.39363379200006 0.0 0.0
234.41058179200004 1.0 1.0
235.42752979200006 0.0 0.0
236.44447779200004 1.0 0.0
237.46142579200006 0.0 0.0
238.47837379200004 1.0 1.0
239.49532179200006 0.0 0.0
240.51226979200004 1.0 0.0
241.52921779200005 0.0 0.0
242.54616579200004 1.0 1.0
243.56311379200005 0.0 0.0
244.58006179200004 1.0 0.0
245.59700979200005 0.0 0.0
246.61395779200004 1.0 1.0
247.63090579200005 0.0 0.0
248.64785379200006 1.0 0.0
249.66480179200005 0.0 0.0
250.68174979200006 1.0 1.0
251.69869779200005 0.0 0.0
252.71564579200006 1.0 0.0
253.73259379200005 0.0 0.0
254.74954179200006 1.0 0.0
255.76648979200004 0.0 0.0
256.78343779200003 1.0 1.0
257.80038579200004 0.0 0.0
258.81733379200006 1.0 0.0
259.83428179200007 0.0 0.0
260.8512297920001 0.0 0.0