0.7780363959999999 1.0 1.0
1.7165603959999998 0.0 0.0
2.6550843959999995 1.0 0.0
3.593608395999999 0.0 0.0
4.532132396 1.0 1.0
5.470656396 0.0 0.0
6.409180395999999 1.0 0.0
7.347704395999999 0.0 0.0
8.286228395999998 1.0 1.0
9.224752396 0.0 0.0
10.163276395999999 1.0 0.0
11.101800395999998 0.0 0.0
12.040324395999999 1.0 1.0
12.978848395999998 0.0 0.0
13.917372396 1.0 0.0
14.855896395999999 0.0 0.0
15.794420395999998 1.0 1.0
16.732944395999997 0.0 0.0
17.671468395999998 1.0 0.0
18.609992396 0.0 0.0
19.548516395999997 1.0 1.0
20.487040395999998 0.0 0.0
21.425564396 1.0 0.0
22.364088395999996 0.0 0.0
23.302612395999997 1.0 1.0
24.241136395999998 0.0 0.0
25.179660395999996 1.0 0.0
26.118184395999997 0.0 0.0
27.056708395999998 1.0 1.0
27.995232396 0.0 0.0
28.933756395999996 1.0 0.0
29.872280395999997 0.0 0.0
30.810804395999998 1.0 1.0
31.749328395999996 0.0 0.0
32.687852396 1.0 0.0
33.626376396 0.0 0.0
34.564900396 1.0 1.0
35.503424396 0.0 0.0
36.441948396 1.0 0.0
37.380472396 0.0 0.0
38.318996396 1.0 1.0
39.257520396 0.0 0.0
40.196044396 1.0 0.0
41.134568396 0.0 0.0
42.073092396 1.0 1.0
43.011616396 0.0 0.0
43.950140396 1.0 0.0
44.888664395999996 0.0 0.0
45.827188396 1.0 1.0
46.765712396 0.0 0.0
47.704236396 1.0 0.0
48.642760396 0.0 0.0
49.581284396 1.0 1.0
50.519808395999995 0.0 0.0
51.458332395999996 1.0 0.0
52.396856396 0.0 0.0
53.335380396 1.0 1.0
54.273904396 0.0 0.0
55.212428396 1.0 0.0
56.150952395999994 0.0 0.0
57.089476395999995 1.0 1.0
58.028000395999996 0.0 0.0
58.966524396 1.0 0.0
59.905048396 0.0 0.0
60.84357239599999 1.0 1.0
61.78209639599999 0.0 0.0
62.72062039599999 1.0 0.0
63.65914439599999 0.0 0.0
64.59766839599999 1.0 1.0
65.53619239599999 0.0 0.0
66.47471639599999 1.0 0.0
67.41324039599999 0.0 0.0
68.351764396 1.0 1.0
69.290288396 0.0 0.0
70.228812396 1.0 0.0
71.16733639599998 0.0 0.0
72.10586039599998 1.0 1.0
73.04438439599998 0.0 0.0
73.98290839599998 1.0 0.0
74.92143239599999 0.0 0.0
75.85995639599999 1.0 1.0
76.79848039599999 0.0 0.0
77.73700439599999 1.0 0.0
78.67552839599999 0.0 0.0
79.61405239599999 1.0 1.0
80.55257639599999 0.0 0.0
81.491100396 1.0 0.0
82.429624396 0.0 0.0
83.36814839599998 1.0 1.0
84.30667239599998 0.0 0.0
85.24519639599998 1.0 0.0
86.18372039599998 0.0 0.0
87.12224439599999 1.0 1.0
88.06076839599999 0.0 0.0
88.99929239599999 1.0 0.0
89.93781639599999 0.0 0.0
90.87634039599999 1.0 1.0
91.81486439599999 0.0 0.0
92.75338839599999 1.0 0.0
93.69191239599999 0.0 0.0
94.63043639599998 1.0 1.0
95.56896039599998 0.0 0.0
96.50748439599998 1.0 0.0
97.44600839599998 0.0 0.0
98.38453239599998 1.0 1.0
99.32305639599998 0.0 0.0
100.26158039599999 1.0 0.0
101.20010439599999 0.0 0.0
102.13862839599999 1.0 1.0
103.07715239599999 0.0 0.0
104.01567639599999 1.0 0.0
104.95420039599999 0.0 0.0
105.89272439599999 1.0 1.0
106.83124839599998 0.0 0.0
107.76977239599998 1.0 0.0
108.70829639599998 0.0 0.0
109.64682039599998 1.0 1.0
110.58534439599998 0.0 0.0
111.52386839599998 1.0 0.0
112.46239239599998 0.0 0.0
113.40091639599999 1.0 1.0
114.33944039599999 0.0 0.0
115.27796439599999 1.0 0.0
116.21648839599999 0.0 0.0
117.15501239599999 1.0 1.0
118.09353639599998 0.0 0.0
119.03206039599998 1.0 0.0
119.97058439599998 0.0 0.0
120.909108396 1.0 1.0
121.847632396 0.0 0.0
122.786156396 1.0 0.0
123.724680396 0.0 0.0
124.663204396 1.0 1.0
125.601728396 0.0 0.0
126.540252396 1.0 0.0
127.478776396 0.0 0.0
128.41730039599997 1.0 1.0
129.35582439599997 0.0 0.0
130.29434839599998 1.0 0.0
131.23287239599998 0.0 0.0
132.17139639599998 1.0 1.0
133.10992039599998 0.0 0.0
134.04844439599998 1.0 0.0
134.98696839599998 0.0 0.0
135.92549239599998 1.0 1.0
136.86401639599998 0.0 0.0
137.80254039599998 1.0 0.0
138.74106439599998 0.0 0.0
139.67958839599999 1.0 1.0
140.618112396 0.0 0.0
141.556636396 1.0 0.0
142.495160396 0.0 0.0
143.433684396 1.0 1.0
144.372208396 0.0 0.0
145.310732396 1.0 0.0
146.249256396 0.0 0.0
147.187780396 1.0 1.0
148.12630439599997 0.0 0.0
149.06482839599997 1.0 0.0
150.00335239599997 0.0 0.0
150.94187639599997 1.0 1.0
151.88040039599997 0.0 0.0
152.81892439599997 1.0 0.0
153.75744839599997 0.0 0.0
154.69597239599997 1.0 1.0
155.63449639599997 0.0 0.0
156.57302039599998 1.0 0.0
157.51154439599998 0.0 0.0
158.45006839599998 1.0 1.0
159.38859239599998 0.0 0.0
160.32711639599998 1.0 0.0
161.26564039599998 0.0 0.0
162.20416439599998 1.0 1.0
163.14268839599998 0.0 0.0
164.08121239599998 1.0 0.0
165.01973639599998 0.0 0.0
165.958260396 1.0 1.0
166.896784396 0.0 0.0
167.835308396 1.0 0.0
168.773832396 0.0 0.0
169.712356396 1.0 1.0
170.650880396 0.0 0.0
171.58940439599996 1.0 0.0
172.52792839599996 0.0 0.0
173.46645239599997 1.0 1.0
174.40497639599997 0.0 0.0
175.34350039599997 1.0 0.0
176.28202439599997 0.0 0.0
177.22054839599997 1.0 1.0
178.15907239599997 0.0 0.0
179.09759639599997 1.0 0.0
180.03612039599997 0.0 0.0
180.97464439599997 1.0 1.0
181.91316839599997 0.0 0.0
182.85169239599998 1.0 0.0
183.79021639599998 0.0 0.0
184.72874039599998 1.0 1.0
185.66726439599998 0.0 0.0
186.60578839599998 1.0 0.0
187.54431239599998 0.0 0.0
188.48283639599998 1.0 1.0
189.42136039599998 0.0 0.0
190.35988439599998 1.0 0.0
191.29840839599999 0.0 0.0
192.236932396 1.0 1.0
193.175456396 0.0 0.0
194.113980396 1.0 0.0
195.05250439599996 0.0 0.0
195.99102839599996 1.0 1.0
196.92955239599996 0.0 0.0
197.86807639599996 1.0 0.0
198.80660039599996 0.0 0.0
199.74512439599997 1.0 1.0
200.68364839599997 0.0 0.0
201.62217239599997 1.0 0.0
202.56069639599997 0.0 0.0
203.49922039599997 1.0 1.0
204.43774439599997 0.0 0.0
205.37626839599997 1.0 0.0
206.31479239599997 0.0 0.0
207.25331639599997 1.0 1.0
208.19184039599998 0.0 0.0
209.13036439599998 1.0 0.0
210.06888839599998 0.0 0.0
211.00741239599998 1.0 1.0
211.94593639599998 0.0 0.0
212.88446039599998 1.0 0.0
213.82298439599998 0.0 0.0
214.76150839599998 1.0 1.0
215.70003239599998 0.0 0.0
216.63855639599998 1.0 0.0
217.57708039599999 0.0 0.0
218.51560439599996 1.0 1.0
219.45412839599996 0.0 0.0
220.39265239599996 1.0 0.0
221.33117639599996 0.0 0.0
222.26970039599996 1.0 1.0
223.20822439599996 0.0 0.0
224.14674839599996 1.0 0.0
225.08527239599997 0.0 0.0
226.02379639599997 1.0 1.0
226.96232039599997 0.0 0.0
227.90084439599997 1.0 0.0
228.83936839599997 0.0 0.0
229.77789239599997 1.0 1.0
230.71641639599997 0.0 0.0
231.65494039599997 1.0 0.0
232.59346439599997 0.0 0.0
233.53198839599997 1.0 1.0
234.47051239599998 0.0 0.0
235.40903639599998 1.0 0.0
236.34756039599998 0.0 0.0
237.28608439599998 1.0 1.0
238.22460839599998 0.0 0.0
239.16313239599998 1.0 0.0
240.10165639599998 0.0 0.0
241.04018039599998 1.0 1.0
241.97870439599996 0.0 0.0
242.91722839599996 1.0 0.0
243.85575239599996 0.0 0.0
244.79427639599996 1.0 1.0
245.73280039599996 0.0 0.0
246.67132439599996 1.0 0.0
247.60984839599996 0.0 0.0
248.54837239599996 1.0 1.0
249.48689639599996 0.0 0.0
250.42542039599996 1.0 0.0
251.36394439599997 0.0 0.0
252.30246839599997 1.0 1.0
253.24099239599997 0.0 0.0
254.17951639599997 1.0 0.0
255.11804039599997 0.0 0.0
256.05656439599994 1.0 0.0
256.99508839599997 0.0 0.0
257.933612396 1.0 1.0
258.872136396 0.0 0.0
259.810660396 1.0 1.0
260.749184396 0.0 0.0
261.687708396 0.0 0.0