0.6976 1.0 0.0
1.4975999999999998 0.0 0.0
2.2976 1.0 1.0
3.0976 0.0 0.0
3.8975999999999997 1.0 0.0
4.6975999999999996 0.0 0.0
5.4976 1.0 1.0
6.2976 0.0 0.0
7.097599999999999 1.0 0.0
7.897599999999999 0.0 0.0
8.6976 1.0 1.0
9.497599999999998 0.0 0.0
10.2976 1.0 0.0
11.0976 0.0 0.0
11.897599999999999 1.0 1.0
12.6976 0.0 0.0
13.497599999999998 1.0 0.0
14.2976 0.0 0.0
15.0976 1.0 1.0
15.897599999999999 0.0 0.0
16.697599999999998 1.0 0.0
17.4976 0.0 0.0
18.2976 1.0 1.0
19.0976 0.0 0.0
19.8976 1.0 0.0
20.697599999999998 0.0 0.0
21.4976 1.0 1.0
22.2976 0.0 0.0
23.0976 1.0 0.0
23.8976 0.0 0.0
24.697599999999998 1.0 1.0
25.4976 0.0 0.0
26.2976 1.0 0.0
27.0976 0.0 0.0
27.8976 1.0 1.0
28.6976 0.0 0.0
29.497600000000002 1.0 0.0
30.297600000000003 0.0 0.0
31.097600000000003 1.0 1.0
31.8976 0.0 0.0
32.6976 1.0 0.0
33.497600000000006 0.0 0.0
34.2976 1.0 1.0
35.0976 0.0 0.0
35.897600000000004 1.0 0.0
36.6976 0.0 0.0
37.497600000000006 1.0 1.0
38.2976 0.0 0.0
39.0976 1.0 0.0
39.897600000000004 0.0 0.0
40.6976 1.0 1.0
41.497600000000006 0.0 0.0
42.2976 1.0 0.0
43.0976 0.0 0.0
43.897600000000004 1.0 1.0
44.6976 0.0 0.0
45.497600000000006 1.0 0.0
46.2976 0.0 0.0
47.0976 1.0 1.0
47.897600000000004 0.0 0.0
48.6976 1.0 0.0
49.497600000000006 0.0 0.0
50.2976 1.0 1.0
51.0976 0.0 0.0
51.897600000000004 1.0 0.0
52.6976 0.0 0.0
53.497600000000006 1.0 1.0
54.2976 0.0 0.0
55.09759999999999 1.0 0.0
55.8976 0.0 0.0
56.697599999999994 1.0 1.0
57.4976 0.0 0.0
58.297599999999996 1.0 0.0
59.09759999999999 0.0 0.0
59.8976 1.0 1.0
60.697599999999994 0.0 0.0
61.4976 1.0 0.0
62.297599999999996 0.0 0.0
63.09759999999999 1.0 1.0
63.8976 0.0 0.0
64.6976 1.0 0.0
65.49759999999999 0.0 0.0
66.2976 1.0 1.0
67.0976 0.0 0.0
67.8976 1.0 0.0
68.6976 0.0 0.0
69.49759999999999 1.0 1.0
70.2976 0.0 0.0
71.0976 1.0 0.0
71.8976 0.0 0.0
72.6976 1.0 1.0
73.49759999999999 0.0 0.0
74.2976 1.0 0.0
75.0976 0.0 0.0
75.8976 1.0 1.0
76.6976 0.0 0.0
77.49759999999999 1.0 0.0
78.2976 0.0 0.0
79.0976 1.0 1.0
79.8976 0.0 0.0
80.6976 1.0 1.0
81.49759999999999 0.0 0.0
82.2976 1.0 0.0
83.0976 0.0 0.0
83.8976 1.0 1.0
84.6976 0.0 0.0
85.49759999999999 1.0 0.0
86.2976 0.0 0.0
87.0976 1.0 1.0
87.8976 0.0 0.0
88.6976 1.0 0.0
89.49759999999999 0.0 0.0
90.2976 1.0 1.0
91.0976 0.0 0.0
91.8976 1.0 0.0
92.6976 0.0 0.0
93.49759999999999 1.0 1.0
94.2976 0.0 0.0
95.0976 1.0 0.0
95.8976 0.0 0.0
96.6976 1.0 1.0
97.49759999999999 0.0 0.0
98.2976 1.0 0.0
99.0976 0.0 0.0
99.8976 1.0 1.0
100.6976 0.0 0.0
101.49759999999999 1.0 0.0
102.2976 0.0 0.0
103.09760000000001 1.0 1.0
103.89760000000001 0.0 0.0
104.69760000000001 1.0 0.0
105.4976 0.0 0.0
106.2976 1.0 1.0
107.09760000000001 0.0 0.0
107.89760000000001 1.0 0.0
108.69760000000001 0.0 0.0
109.49760000000002 1.0 1.0
110.29760000000002 0.0 0.0
111.09760000000001 1.0 0.0
111.89760000000003 0.0 0.0
112.69760000000002 1.0 1.0
113.49760000000002 0.0 0.0
114.29760000000002 1.0 0.0
115.09760000000001 0.0 0.0
115.89760000000003 1.0 1.0
116.69760000000002 0.0 0.0
117.49760000000002 1.0 0.0
118.29760000000002 0.0 0.0
119.09760000000001 1.0 1.0
119.89760000000003 0.0 0.0
120.69760000000002 1.0 1.0
121.49760000000002 0.0 0.0
122.29760000000002 1.0 0.0
123.09760000000001 0.0 0.0
123.89760000000003 1.0 1.0
124.69760000000002 0.0 0.0
125.49760000000002 1.0 0.0
126.29760000000002 0.0 0.0
127.09760000000001 1.0 1.0
127.89760000000003 0.0 0.0
128.69760000000002 1.0 0.0
129.49760000000003 0.0 0.0
130.29760000000002 1.0 1.0
131.09760000000003 0.0 0.0
131.8976 1.0 0.0
132.69760000000002 0.0 0.0
133.49760000000003 1.0 1.0
134.29760000000002 0.0 0.0
135.09760000000003 1.0 0.0
135.8976 0.0 0.0
136.69760000000002 1.0 1.0
137.49760000000003 0.0 0.0
138.29760000000002 1.0 0.0
139.09760000000003 0.0 0.0
139.8976 1.0 1.0
140.69760000000002 0.0 0.0
141.49760000000003 1.0 0.0
142.29760000000002 0.0 0.0
143.09760000000003 1.0 1.0
143.8976 0.0 0.0
144.69760000000002 1.0 0.0
145.49760000000003 0.0 0.0
146.29760000000002 1.0 1.0
147.09760000000003 0.0 0.0
147.8976 1.0 0.0
148.69760000000002 0.0 0.0
149.49760000000003 1.0 1.0
150.29760000000002 0.0 0.0
151.09760000000003 1.0 0.0
151.8976 0.0 0.0
152.69760000000002 1.0 1.0
153.49760000000003 0.0 0.0
154.29760000000002 1.0 0.0
155.09760000000003 0.0 0.0
155.8976 1.0 1.0
156.69760000000002 0.0 0.0
157.49760000000003 1.0 0.0
158.29760000000002 0.0 0.0
159.09760000000003 1.0 1.0
159.8976 0.0 0.0
160.69760000000002 1.0 0.0
161.49760000000003 0.0 0.0
162.29760000000002 1.0 1.0
163.09760000000003 0.0 0.0
163.8976 1.0 0.0
164.69760000000002 0.0 0.0
165.49760000000003 1.0 1.0
166.29760000000002 0.0 0.0
167.09760000000003 1.0 0.0
167.8976 0.0 0.0
168.69760000000002 1.0 1.0
169.49760000000003 0.0 0.0
170.29760000000002 1.0 0.0
171.09760000000003 0.0 0.0
171.8976 1.0 1.0
172.69760000000002 0.0 0.0
173.49760000000003 1.0 0.0
174.29760000000002 0.0 0.0
175.09760000000003 1.0 1.0
175.8976 0.0 0.0
176.69760000000002 1.0 0.0
177.49760000000003 0.0 0.0
178.29760000000002 1.0 1.0
179.09760000000003 0.0 0.0
179.8976 1.0 0.0
180.69760000000002 0.0 0.0
181.49760000000003 1.0 1.0
182.29760000000002 0.0 0.0
183.09760000000003 1.0 0.0
183.8976 0.0 0.0
184.69760000000002 1.0 1.0
185.49760000000003 0.0 0.0
186.29760000000002 1.0 0.0
187.09760000000003 0.0 0.0
187.8976 1.0 1.0
188.69760000000002 0.0 0.0
189.49760000000003 1.0 0.0
190.29760000000002 0.0 0.0
191.09760000000003 1.0 1.0
191.8976 0.0 0.0
192.69760000000002 1.0 0.0
193.49760000000003 0.0 0.0
194.29760000000002 1.0 1.0
195.09760000000003 0.0 0.0
195.8976 1.0 0.0
196.69760000000002 0.0 0.0
197.49760000000003 1.0 1.0
198.29760000000002 0.0 0.0
199.09760000000003 1.0 0.0
199.8976 0.0 0.0
200.69760000000002 1.0 0.0
201.49760000000003 0.0 0.0
202.29760000000002 1.0 1.0
203.09760000000003 0.0 0.0
203.8976 1.0 0.0
204.69760000000002 0.0 0.0
205.49760000000003 1.0 1.0
206.29760000000002 0.0 0.0
207.09760000000003 1.0 0.0
207.8976 0.0 0.0
208.69760000000002 1.0 1.0
209.49760000000003 0.0 0.0
210.29760000000002 1.0 0.0
211.09760000000003 0.0 0.0
211.8976 1.0 1.0
212.69760000000002 0.0 0.0
213.49760000000003 1.0 0.0
214.29760000000002 0.0 0.0
215.09760000000003 1.0 1.0
215.8976 0.0 0.0
216.69760000000002 1.0 0.0
217.49760000000003 0.0 0.0
218.29760000000002 1.0 1.0
219.0976 0.0 0.0
219.89759999999998 1.0 0.0
220.6976 0.0 0.0
221.4976 1.0 1.0
222.2976 0.0 0.0
223.0976 1.0 0.0
223.89759999999998 0.0 0.0
224.6976 1.0 1.0
225.4976 0.0 0.0
226.2976 1.0 0.0
227.0976 0.0 0.0
227.89759999999998 1.0 1.0
228.6976 0.0 0.0
229.4976 1.0 0.0
230.2976 0.0 0.0
231.0976 1.0 1.0
231.89759999999998 0.0 0.0
232.6976 1.0 0.0
233.4976 0.0 0.0
234.2976 1.0 1.0
235.0976 0.0 0.0
235.89759999999998 1.0 0.0
236.6976 0.0 0.0
237.4976 1.0 1.0
238.2976 0.0 0.0
239.0976 1.0 0.0
239.89759999999998 0.0 0.0
240.6976 1.0 1.0
241.4976 0.0 0.0
242.2976 1.0 0.0
243.0976 0.0 0.0
243.89759999999998 1.0 1.0
244.6976 0.0 0.0
245.4976 1.0 0.0
246.2976 0.0 0.0
247.0976 1.0 1.0
247.89759999999998 0.0 0.0
248.6976 1.0 0.0
249.4976 0.0 0.0
250.2976 1.0 1.0
251.0976 0.0 0.0
251.89759999999998 1.0 0.0
252.6976 0.0 0.0
253.4976 1.0 1.0
254.2976 0.0 0.0
255.0976 1.0 0.0
255.89759999999998 0.0 0.0
256.6976 1.0 0.0
257.4976 0.0 0.0