0.5399999999999999 1.0 0.0
1.29 0.0 0.0
2.04 1.0 1.0
2.79 0.0 0.0
3.54 1.0 0.0
4.29 0.0 0.0
5.04 1.0 1.0
5.79 0.0 0.0
6.540000000000001 1.0 0.0
7.290000000000001 0.0 0.0
8.040000000000001 1.0 1.0
8.790000000000001 0.0 0.0
9.540000000000001 1.0 0.0
10.290000000000001 0.0 0.0
11.040000000000001 1.0 1.0
11.790000000000001 0.0 0.0
12.54 1.0 0.0
13.289999999999997 0.0 0.0
14.039999999999997 1.0 1.0
14.789999999999997 0.0 0.0
15.539999999999997 1.0 0.0
16.29 0.0 0.0
17.04 1.0 1.0
17.79 0.0 0.0
18.54 1.0 0.0
19.29 0.0 0.0
20.04 1.0 1.0
20.79 0.0 0.0
21.54 1.0 0.0
22.29 0.0 0.0
23.04 1.0 1.0
23.79 0.0 0.0
24.54 1.0 0.0
25.29 0.0 0.0
26.04 1.0 1.0
26.79 0.0 0.0
27.54 1.0 0.0
28.29 0.0 0.0
29.04 1.0 1.0
29.79 0.0 0.0
30.54 1.0 0.0
31.29 0.0 0.0
32.04 1.0 1.0
32.79 0.0 0.0
33.54 1.0 0.0
34.29 0.0 0.0
35.04 1.0 1.0
35.79 0.0 0.0
36.54 1.0 0.0
37.29 0.0 0.0
38.04 1.0 1.0
38.79 0.0 0.0
39.54 1.0 0.0
40.29 0.0 0.0
41.04 1.0 1.0
41.79 0.0 0.0
42.54 1.0 0.0
43.29 0.0 0.0
44.04 1.0 1.0
44.79 0.0 0.0
45.54 1.0 0.0
46.29 0.0 0.0
47.04 1.0 1.0
47.79 0.0 0.0
48.54 1.0 0.0
49.29 0.0 0.0
50.04 1.0 1.0
50.79 0.0 0.0
51.54 1.0 0.0
52.29 0.0 0.0
53.04 1.0 1.0
53.79 0.0 0.0
54.54 1.0 0.0
55.29 0.0 0.0
56.04 1.0 1.0
56.79 0.0 0.0
57.54 1.0 0.0
58.29 0.0 0.0
59.04 1.0 1.0
59.79 0.0 0.0
60.54 1.0 0.0
61.29 0.0 0.0
62.04 1.0 1.0
62.79 0.0 0.0
63.54 1.0 0.0
64.28999999999999 0.0 0.0
65.03999999999999 1.0 1.0
65.78999999999999 0.0 0.0
66.53999999999999 1.0 0.0
67.28999999999999 0.0 0.0
68.03999999999999 1.0 1.0
68.78999999999999 0.0 0.0
69.53999999999999 1.0 0.0
70.28999999999999 0.0 0.0
71.03999999999999 1.0 1.0
71.78999999999999 0.0 0.0
72.53999999999999 1.0 0.0
73.28999999999999 0.0 0.0
74.03999999999999 1.0 1.0
74.78999999999999 0.0 0.0
75.53999999999999 1.0 0.0
76.28999999999999 0.0 0.0
77.03999999999999 1.0 1.0
77.78999999999999 0.0 0.0
78.53999999999999 1.0 0.0
79.28999999999999 0.0 0.0
80.03999999999999 1.0 1.0
80.78999999999999 0.0 0.0
81.53999999999999 1.0 0.0
82.28999999999999 0.0 0.0
83.03999999999999 1.0 1.0
83.78999999999999 0.0 0.0
84.53999999999999 1.0 0.0
85.28999999999999 0.0 0.0
86.03999999999999 1.0 1.0
86.78999999999999 0.0 0.0
87.53999999999999 1.0 0.0
88.28999999999999 0.0 0.0
89.03999999999999 1.0 1.0
89.78999999999999 0.0 0.0
90.53999999999999 1.0 0.0
91.28999999999999 0.0 0.0
92.03999999999999 1.0 1.0
92.78999999999999 0.0 0.0
93.53999999999999 1.0 0.0
94.28999999999999 0.0 0.0
95.03999999999999 1.0 1.0
95.78999999999999 0.0 0.0
96.53999999999999 1.0 0.0
97.28999999999999 0.0 0.0
98.03999999999999 1.0 1.0
98.78999999999999 0.0 0.0
99.53999999999999 1.0 0.0
100.28999999999999 0.0 0.0
101.03999999999999 1.0 1.0
101.78999999999999 0.0 0.0
102.54 1.0 0.0
103.29 0.0 0.0
104.04 1.0 1.0
104.79 0.0 0.0
105.54 1.0 0.0
106.29 0.0 0.0
107.04 1.0 1.0
107.79 0.0 0.0
108.54 1.0 0.0
109.29 0.0 0.0
110.04 1.0 1.0
110.79 0.0 0.0
111.54 1.0 0.0
112.29 0.0 0.0
113.04 1.0 1.0
113.79 0.0 0.0
114.54 1.0 0.0
115.29 0.0 0.0
116.04 1.0 1.0
116.79 0.0 0.0
117.54 1.0 0.0
118.29 0.0 0.0
119.04 1.0 1.0
119.79 0.0 0.0
120.54 1.0 0.0
121.29 0.0 0.0
122.04 1.0 1.0
122.79 0.0 0.0
123.54 1.0 0.0
124.29 0.0 0.0
125.04 1.0 1.0
125.79 0.0 0.0
126.54 1.0 0.0
127.29 0.0 0.0
128.04000000000002 1.0 1.0
128.79000000000002 0.0 0.0
129.54000000000002 1.0 0.0
130.29000000000002 0.0 0.0
131.04000000000002 1.0 1.0
131.79000000000002 0.0 0.0
132.54000000000002 1.0 0.0
133.29000000000002 0.0 0.0
134.04000000000002 1.0 1.0
134.79000000000002 0.0 0.0
135.54000000000002 1.0 0.0
136.29000000000002 0.0 0.0
137.04000000000002 1.0 1.0
137.79000000000002 0.0 0.0
138.54000000000002 1.0 0.0
139.29000000000002 0.0 0.0
140.04000000000002 1.0 1.0
140.79000000000002 0.0 0.0
141.54000000000002 1.0 0.0
142.29000000000002 0.0 0.0
143.04000000000002 1.0 1.0
143.79000000000002 0.0 0.0
144.54000000000002 1.0 0.0
145.29000000000002 0.0 0.0
146.04000000000002 1.0 1.0
146.79000000000002 0.0 0.0
147.54000000000002 1.0 0.0
148.29000000000002 0.0 0.0
149.04000000000002 1.0 1.0
149.79000000000002 0.0 0.0
150.54000000000002 1.0 0.0
151.29000000000002 0.0 0.0
152.04000000000002 1.0 1.0
152.79000000000002 0.0 0.0
153.54000000000002 1.0 0.0
154.29000000000002 0.0 0.0
155.04000000000002 1.0 1.0
155.79000000000002 0.0 0.0
156.54000000000002 1.0 0.0
157.29000000000002 0.0 0.0
158.04000000000002 1.0 1.0
158.79000000000002 0.0 0.0
159.54000000000002 1.0 0.0
160.29000000000002 0.0 0.0
161.04000000000002 1.0 1.0
161.79000000000002 0.0 0.0
162.54000000000002 1.0 0.0
163.29000000000002 0.0 0.0
164.04000000000002 1.0 1.0
164.79000000000002 0.0 0.0
165.54000000000002 1.0 0.0
166.29000000000002 0.0 0.0
167.04000000000002 1.0 1.0
167.79000000000002 0.0 0.0
168.54000000000002 1.0 0.0
169.29000000000002 0.0 0.0
170.04000000000002 1.0 1.0
170.79000000000002 0.0 0.0
171.54000000000002 1.0 0.0
172.29000000000002 0.0 0.0
173.04000000000002 1.0 1.0
173.79000000000002 0.0 0.0
174.54000000000002 1.0 0.0
175.29000000000002 0.0 0.0
176.04000000000002 1.0 1.0
176.79000000000002 0.0 0.0
177.54000000000002 0.0 0.0
178.29000000000002 1.0 0.0
179.04000000000002 0.0 0.0
179.79000000000002 1.0 1.0
180.54000000000002 0.0 0.0
181.29000000000002 1.0 0.0
182.04000000000002 0.0 0.0
182.79000000000002 1.0 1.0
183.54000000000002 0.0 0.0
184.29000000000002 1.0 0.0
185.04000000000002 0.0 0.0
185.79000000000002 1.0 1.0
186.54000000000002 0.0 0.0
187.29000000000002 1.0 0.0
188.04000000000002 0.0 0.0
188.79000000000002 1.0 1.0
189.54000000000002 0.0 0.0
190.29000000000002 1.0 0.0
191.04000000000002 0.0 0.0
191.79000000000002 1.0 1.0
192.54000000000002 0.0 0.0
193.29000000000002 1.0 0.0
194.04000000000002 0.0 0.0
194.79000000000002 1.0 1.0
195.54000000000002 0.0 0.0
196.29000000000002 1.0 0.0
197.04000000000002 0.0 0.0
197.79000000000002 1.0 1.0
198.54000000000002 0.0 0.0
199.29000000000002 1.0 0.0
200.04000000000002 0.0 0.0
200.79000000000002 1.0 1.0
201.54000000000002 0.0 0.0
202.29000000000002 1.0 0.0
203.04000000000002 0.0 0.0
203.79000000000002 1.0 1.0
204.54000000000002 0.0 0.0
205.29000000000002 1.0 0.0
206.04000000000002 0.0 0.0
206.79000000000002 1.0 1.0
207.54000000000002 0.0 0.0
208.29000000000002 1.0 0.0
209.04000000000002 0.0 0.0
209.79000000000002 1.0 1.0
210.54000000000002 0.0 0.0
211.29000000000002 1.0 0.0
212.04000000000002 0.0 0.0
212.79000000000002 1.0 1.0
213.54000000000002 0.0 0.0
214.29000000000002 1.0 0.0
215.04000000000002 0.0 0.0
215.79000000000002 1.0 1.0
216.54000000000002 0.0 0.0
217.29000000000002 1.0 0.0
218.04000000000002 0.0 0.0
218.79000000000002 1.0 1.0
219.54000000000002 0.0 0.0
220.29000000000002 1.0 0.0
221.04000000000002 0.0 0.0
221.79000000000002 1.0 1.0
222.54000000000002 0.0 0.0
223.29000000000002 1.0 0.0
224.04000000000002 0.0 0.0
224.79000000000002 1.0 1.0
225.54000000000002 0.0 0.0
226.29000000000002 1.0 0.0
227.04000000000002 0.0 0.0
227.79000000000002 1.0 1.0
228.54000000000002 0.0 0.0
229.29000000000002 1.0 0.0
230.04000000000002 0.0 0.0
230.79000000000002 1.0 1.0
231.54000000000002 0.0 0.0
232.29000000000002 1.0 0.0
233.04000000000002 0.0 0.0
233.79000000000002 1.0 1.0
234.54000000000002 0.0 0.0
235.29000000000002 1.0 0.0
236.04000000000002 0.0 0.0
236.79000000000002 1.0 1.0
237.54000000000002 0.0 0.0
238.29000000000002 1.0 0.0
239.04000000000002 0.0 0.0
239.79000000000002 1.0 1.0
240.54000000000002 0.0 0.0
241.29000000000002 1.0 0.0
242.04000000000002 0.0 0.0
242.79000000000002 1.0 1.0
243.54000000000002 0.0 0.0
244.29000000000002 1.0 0.0
245.04000000000002 0.0 0.0
245.79000000000002 1.0 1.0
246.54000000000002 0.0 0.0
247.29000000000002 1.0 0.0
248.04000000000002 0.0 0.0
248.79000000000002 1.0 1.0
249.54000000000002 0.0 0.0
250.29000000000002 1.0 0.0
251.04000000000002 0.0 0.0
251.79000000000002 1.0 1.0
252.54000000000002 0.0 0.0
253.29000000000002 1.0 0.0
254.04000000000002 0.0 0.0
254.79000000000002 1.0 1.0
255.54000000000002 0.0 0.0
256.29 1.0 0.0
257.04 0.0 0.0
257.79 1.0 1.0
258.54 0.0 0.0
259.29 1.0 0.0
260.04 0.0 0.0
260.79 1.0 1.0
261.54 0.0 0.0
262.29 1.0 0.0
263.04 0.0 0.0
263.79 1.0 1.0
264.54 0.0 0.0
265.29 1.0 0.0
266.04 0.0 0.0
266.79 1.0 1.0
267.54 0.0 0.0
268.29 1.0 0.0
269.04 0.0 0.0
269.79 1.0 1.0
270.54 0.0 0.0
271.29 1.0 0.0
272.04 0.0 0.0
272.79 1.0 1.0
273.54 0.0 0.0
274.29 1.0 0.0
275.04 0.0 0.0
275.79 1.0 1.0
276.54 0.0 0.0
277.29 1.0 0.0
278.04 0.0 0.0
278.79 1.0 1.0
279.54 0.0 0.0
280.29 1.0 0.0
281.04 0.0 0.0
281.79 1.0 1.0
282.54 0.0 0.0
283.29 1.0 0.0
284.04 0.0 0.0
284.79 1.0 1.0
285.54 0.0 0.0
286.29 1.0 0.0
287.04 0.0 0.0
287.79 1.0 1.0
288.54 0.0 0.0
289.29 1.0 0.0
290.04 0.0 0.0
290.79 1.0 1.0
291.54 0.0 0.0
292.29 1.0 0.0
293.04 0.0 0.0
293.79 1.0 1.0
294.54 0.0 0.0
295.29 1.0 0.0
296.04 0.0 0.0
296.79 1.0 1.0
297.54 0.0 0.0
298.29 1.0 0.0
299.04 0.0 0.0