1.15	1.0
1.61	2.0
2.07	3.0
2.53	4.0
3.0	1.0
3.45	2.0
3.92	3.0
4.37	4.0
4.84	1.0
5.3	2.0
5.76	3.0
6.23	4.0
6.69	1.0
7.15	2.0
7.61	3.0
8.07	4.0
8.53	1.0
8.99	2.0
9.46	3.0
9.92	4.0
10.38	1.0
10.84	2.0
11.3	3.0
11.76	4.0
12.22	1.0
12.69	2.0
13.15	3.0
13.61	4.0
14.07	1.0
14.53	2.0
14.99	3.0
15.45	4.0
15.91	1.0
16.38	2.0
16.84	3.0
17.3	4.0
17.75	1.0
18.22	2.0
18.69	3.0
19.14	4.0
19.6	1.0
20.06	2.0
20.53	3.0
20.99	4.0
21.45	1.0
21.91	2.0
22.37	3.0
22.84	4.0
23.3	1.0
23.76	2.0
24.22	3.0
24.68	4.0
25.14	1.0
25.6	2.0
26.07	3.0
26.53	4.0
26.99	1.0
27.45	2.0
27.91	3.0
28.37	4.0
28.84	1.0
29.3	2.0
29.76	3.0
30.22	4.0
30.68	1.0
31.14	2.0
31.61	3.0
32.07	4.0
32.53	1.0
32.99	2.0
33.45	3.0
33.91	4.0
34.38	1.0
34.84	2.0
35.3	3.0
35.76	4.0
36.22	1.0
36.68	2.0
37.14	3.0
37.6	4.0
38.07	1.0
38.53	2.0
38.99	3.0
39.45	4.0
39.91	1.0
40.37	2.0
40.84	3.0
41.3	4.0
41.76	1.0
42.22	2.0
42.68	3.0
43.14	4.0
43.6	1.0
44.06	2.0
44.53	3.0
44.99	4.0
45.45	1.0
45.91	2.0
46.37	3.0
46.84	4.0
47.3	1.0
47.76	2.0
48.24	3.0
48.69	4.0
49.15	1.0
49.61	2.0
50.07	3.0
50.53	4.0
50.99	1.0
51.46	2.0
51.91	3.0
52.38	4.0
52.84	1.0
53.3	2.0
53.76	3.0
54.23	4.0
54.69	1.0
55.15	2.0
55.6	3.0
56.07	4.0
56.53	1.0
56.99	2.0
57.45	3.0
57.92	4.0
58.38	1.0
58.84	2.0
59.3	3.0
59.76	4.0
60.22	1.0
60.69	2.0
61.15	3.0
61.61	4.0
62.07	1.0
62.53	2.0
62.99	3.0
63.46	4.0
63.92	1.0
64.38	2.0
64.84	3.0
65.3	4.0
65.76	1.0
66.23	2.0
66.69	3.0
67.15	4.0
67.61	1.0
68.07	2.0
68.53	3.0
68.99	4.0
69.45	1.0
69.92	2.0
70.38	3.0
70.84	4.0
71.3	1.0
71.76	2.0
72.22	3.0
72.69	4.0
73.15	1.0
73.61	2.0
74.07	3.0
74.53	4.0
74.99	1.0
75.46	2.0
75.91	3.0
76.38	4.0
76.84	1.0
77.3	2.0
77.76	3.0
78.23	4.0
78.69	1.0
79.15	2.0
79.61	3.0
80.08	4.0
80.53	1.0
80.99	2.0
81.45	3.0
81.92	4.0
82.38	1.0
82.84	2.0
83.3	3.0
83.76	4.0
84.22	1.0
84.68	2.0
85.14	3.0
85.61	4.0
86.07	1.0
86.53	2.0
86.99	3.0
87.45	4.0
87.91	1.0
88.38	2.0
88.84	3.0
89.3	4.0
89.76	1.0
90.23	2.0
90.69	3.0
91.15	4.0
91.6	1.0
92.07	2.0
92.53	3.0
92.99	4.0
93.44	1.0
93.92	2.0
94.38	3.0
94.83	4.0
95.3	1.0
95.76	2.0
96.22	3.0
96.68	4.0
97.14	1.0
97.61	2.0
98.07	3.0
98.53	4.0
98.99	1.0
99.45	2.0
99.91	3.0
100.37	4.0
100.83	1.0
101.3	2.0
101.76	3.0
102.22	4.0
102.69	1.0
103.14	2.0
103.6	3.0
104.07	4.0
104.53	1.0
104.99	2.0
105.45	3.0
105.91	4.0
106.38	1.0
106.83	2.0
107.3	3.0
107.76	4.0
108.22	1.0
108.69	2.0
109.17	3.0
109.62	4.0
110.07	1.0
110.53	2.0
110.99	3.0
111.45	4.0
111.91	1.0
112.37	2.0
112.83	3.0
113.3	4.0
113.76	1.0
114.22	2.0
114.68	3.0
115.14	4.0
115.61	1.0
116.07	2.0
116.52	3.0
116.99	4.0
117.46	1.0
117.91	2.0
118.37	3.0
118.84	4.0
119.3	1.0
119.76	2.0
120.22	3.0
120.68	4.0
121.14	1.0
121.6	2.0
122.06	3.0
122.53	4.0
122.99	1.0
123.45	2.0
123.93	3.0
124.38	4.0
124.85	1.0
125.31	2.0
125.77	3.0
126.23	4.0
126.69	1.0
127.15	2.0
127.61	3.0
128.07	4.0
128.53	1.0
128.99	2.0
129.45	3.0
129.92	4.0
130.38	1.0
130.84	2.0
131.3	3.0
131.76	4.0
132.22	1.0
132.69	2.0
133.15	3.0
133.61	4.0
134.07	1.0
134.53	2.0
134.99	3.0
135.45	4.0
135.92	1.0
136.38	2.0
136.84	3.0
137.3	4.0
137.76	1.0
138.23	2.0
138.68	3.0
139.15	4.0
139.61	1.0
140.07	2.0
140.53	3.0
140.99	4.0
141.46	1.0
141.92	2.0
142.38	3.0
142.84	4.0
143.3	1.0
143.76	2.0
144.22	3.0
144.69	4.0
145.15	1.0
145.61	2.0
146.07	3.0
146.53	4.0
146.99	1.0
147.46	2.0
147.92	3.0
148.38	4.0
148.84	1.0
149.3	2.0
149.76	3.0
150.22	4.0
150.69	1.0
151.15	2.0
151.61	3.0
152.07	4.0
152.53	1.0
152.99	2.0
153.45	3.0
153.92	4.0
154.38	1.0
154.84	2.0
155.3	3.0
155.77	4.0
156.22	1.0
156.69	2.0
157.14	3.0
157.6	4.0
158.07	1.0
158.53	2.0
158.99	3.0
159.45	4.0
159.92	1.0
160.38	2.0
160.84	3.0
161.29	4.0
161.75	1.0
162.22	2.0
162.68	3.0
163.15	4.0
163.61	1.0
164.07	2.0
164.53	3.0
164.99	4.0
165.45	1.0
165.91	2.0
166.37	3.0
166.84	4.0
167.3	1.0
167.76	2.0
168.22	3.0
168.68	4.0
169.14	1.0
169.61	2.0
170.07	3.0
170.53	4.0
170.99	1.0
171.45	2.0
171.92	3.0
172.37	4.0
172.85	1.0
173.31	2.0
173.77	3.0
174.23	4.0
174.69	1.0
175.15	2.0
175.61	3.0
176.07	4.0
176.54	1.0
177.0	2.0
177.46	3.0
177.92	4.0
178.38	1.0
178.84	2.0
179.3	3.0
179.77	4.0
180.23	1.0
180.69	2.0
181.15	3.0
181.61	4.0
182.08	1.0
182.53	2.0
183.0	3.0
183.46	4.0
183.92	1.0
184.38	2.0
184.84	3.0
185.31	4.0
185.76	1.0
186.23	2.0
186.69	3.0
187.15	4.0
187.61	1.0
188.07	2.0
188.53	3.0
189.0	4.0
189.45	1.0
189.92	2.0
190.38	3.0
190.84	4.0
191.3	1.0
191.76	2.0
192.22	3.0
192.69	4.0
193.15	1.0
193.61	2.0
194.07	3.0
194.53	4.0
194.99	1.0
195.45	2.0
195.91	3.0
196.38	4.0
196.84	1.0
197.3	2.0
197.76	3.0
198.23	4.0
198.69	1.0
199.15	2.0
199.61	3.0
200.07	4.0
200.53	1.0
200.99	2.0
201.46	3.0
201.92	4.0
202.38	1.0
202.84	2.0
203.3	3.0
203.75	4.0
204.22	1.0
204.69	2.0
205.15	3.0
205.59	4.0
206.05	1.0
206.49	2.0
206.94	3.0
207.39	4.0
207.85	1.0
