0.38584535 1.0 0.0
1.3089203500000002 0.0 0.0
2.2319953500000005 1.0 1.0
3.1550703500000004 0.0 0.0
4.07814535 1.0 0.0
5.0012203500000005 0.0 0.0
5.92429535 1.0 1.0
6.84737035 0.0 0.0
7.770445349999999 1.0 0.0
8.69352035 0.0 0.0
9.616595349999999 1.0 1.0
10.53967035 0.0 0.0
11.46274535 1.0 0.0
12.38582035 0.0 0.0
13.30889535 1.0 0.0
14.231970350000001 0.0 0.0
15.15504535 1.0 1.0
16.07812035 0.0 0.0
17.00119535 1.0 0.0
17.92427035 0.0 0.0
18.84734535 1.0 1.0
19.770420350000002 0.0 0.0
20.69349535 1.0 0.0
21.61657035 0.0 0.0
22.53964535 1.0 1.0
23.46272035 0.0 0.0
24.385795350000002 1.0 0.0
25.30887035 0.0 0.0
26.23194535 1.0 1.0
27.15502035 0.0 0.0
28.07809535 1.0 0.0
29.001170350000002 0.0 0.0
29.924245350000003 1.0 1.0
30.84732035 0.0 0.0
31.77039535 1.0 0.0
32.69347035 0.0 0.0
33.61654535 1.0 1.0
34.53962035 0.0 0.0
35.462695350000004 1.0 0.0
36.38577035 0.0 0.0
37.30884535 1.0 1.0
38.23192035 0.0 0.0
39.15499535 1.0 0.0
40.078070350000004 0.0 0.0
41.00114535 1.0 1.0
41.924220350000006 0.0 0.0
42.84729535 1.0 0.0
43.77037035 0.0 0.0
44.693445350000005 1.0 1.0
45.61652035 0.0 0.0
46.539595350000006 1.0 1.0
47.46267035 0.0 0.0
48.38574535 1.0 0.0
49.308820350000005 0.0 0.0
50.23189535 1.0 1.0
51.154970350000006 0.0 0.0
52.078045350000004 1.0 0.0
53.00112035 0.0 0.0
53.924195350000005 1.0 1.0
54.84727035 0.0 0.0
55.77034535000001 1.0 0.0
56.693420350000004 0.0 0.0
57.61649535 1.0 1.0
58.539570350000005 0.0 0.0
59.46264535000001 1.0 0.0
60.385720350000014 0.0 0.0
61.30879535000001 1.0 1.0
62.23187035000001 0.0 0.0
63.154945350000006 1.0 0.0
64.07802035 0.0 0.0
65.00109535 1.0 1.0
65.92417035000001 0.0 0.0
66.84724535000001 1.0 0.0
67.77032035 0.0 0.0
68.69339535 1.0 1.0
69.61647035 0.0 0.0
70.53954535000001 1.0 0.0
71.46262035000001 0.0 0.0
72.38569535 1.0 1.0
73.30877035 0.0 0.0
74.23184535 1.0 0.0
75.15492035000001 0.0 0.0
76.07799535000001 1.0 1.0
77.00107035 0.0 0.0
77.92414535 1.0 0.0
78.84722035 0.0 0.0
79.77029535000001 1.0 1.0
80.69337035000001 0.0 0.0
81.61644535 1.0 0.0
82.53952035 0.0 0.0
83.46259535 1.0 1.0
84.38567035000001 0.0 0.0
85.30874535000001 1.0 0.0
86.23182035 0.0 0.0
87.15489535 1.0 1.0
88.07797035 0.0 0.0
89.00104535000001 1.0 0.0
89.92412035000001 0.0 0.0
90.84719535 1.0 1.0
91.77027035 0.0 0.0
92.69334535 1.0 1.0
93.61642035000001 0.0 0.0
94.53949535000001 1.0 0.0
95.46257035000001 0.0 0.0
96.38564535 1.0 1.0
97.30872035 0.0 0.0
98.23179535000001 1.0 0.0
99.15487035000001 0.0 0.0
100.07794535000001 1.0 1.0
101.00102035 0.0 0.0
101.92409535 1.0 0.0
102.84717035000001 0.0 0.0
103.77024535000001 1.0 1.0
104.69332035000001 0.0 0.0
105.61639535 1.0 0.0
106.53947035 0.0 0.0
107.46254535000001 1.0 0.0
108.38562035000001 0.0 0.0
109.30869535000001 1.0 1.0
110.23177035 0.0 0.0
111.15484535 1.0 0.0
112.07792035000001 0.0 0.0
113.00099535000001 1.0 1.0
113.92407035000001 0.0 0.0
114.84714535 1.0 0.0
115.77022035 0.0 0.0
116.69329535000001 1.0 1.0
117.61637035000001 0.0 0.0
118.53944535000001 1.0 0.0
119.46252035 0.0 0.0
120.38559535 1.0 1.0
121.30867035000001 0.0 0.0
122.23174535000001 1.0 0.0
123.15482035000001 0.0 0.0
124.07789535 1.0 1.0
125.00097035 0.0 0.0
125.92404535000001 1.0 0.0
126.84712035000001 0.0 0.0
127.77019535000001 1.0 1.0
128.69327035 0.0 0.0
129.61634535000002 1.0 0.0
130.53942035 0.0 0.0
131.46249535 1.0 1.0
132.38557035000002 0.0 0.0
133.30864535 1.0 0.0
134.23172035000002 0.0 0.0
135.15479535 1.0 1.0
136.07787035 0.0 0.0
137.00094535000002 1.0 0.0
137.92402035 0.0 0.0
138.84709535000002 1.0 1.0
139.77017035 0.0 0.0
140.69324535 1.0 0.0
141.61632035000002 0.0 0.0
142.53939535 1.0 1.0
143.46247035000002 0.0 0.0
144.38554535 1.0 0.0
145.30862035 0.0 0.0
146.23169535000002 1.0 1.0
147.15477035 0.0 0.0
148.07784535000002 1.0 0.0
149.00092035 0.0 0.0
149.92399535 1.0 1.0
150.84707035000002 0.0 0.0
151.77014535 1.0 0.0
152.69322035000002 0.0 0.0
153.61629535 1.0 1.0
154.53937035 0.0 0.0
155.46244535000002 1.0 0.0
156.38552035 0.0 0.0
157.30859535000002 1.0 1.0
158.23167035 0.0 0.0
159.15474535 1.0 0.0
160.07782035000002 0.0 0.0
161.00089535 1.0 1.0
161.92397035000002 0.0 0.0
162.84704535 1.0 0.0
163.77012035 0.0 0.0
164.69319535000002 1.0 1.0
165.61627035 0.0 0.0
166.53934535000002 1.0 0.0
167.46242035 0.0 0.0
168.38549535 1.0 1.0
169.30857035000002 0.0 0.0
170.23164535 1.0 0.0
171.15472035000002 0.0 0.0
172.07779535 1.0 1.0
173.00087035 0.0 0.0
173.92394535000003 1.0 0.0
174.84702035 0.0 0.0
175.77009535000002 1.0 1.0
176.69317035 0.0 0.0
177.61624535 1.0 0.0
178.53932035000003 0.0 0.0
179.46239535 1.0 1.0
180.38547035000002 0.0 0.0
181.30854535 1.0 0.0
182.23162035000001 0.0 0.0
183.15469535000003 1.0 1.0
184.07777035 0.0 0.0
185.00084535000002 1.0 0.0
185.92392035 0.0 0.0
186.84699535000001 1.0 1.0
187.77007035000003 0.0 0.0
188.69314535 1.0 0.0
189.61622035000002 0.0 0.0
190.53929535 1.0 1.0
191.46237035000001 0.0 0.0
192.38544535000003 1.0 0.0
193.30852035 0.0 0.0
194.23159535000002 1.0 1.0
195.15467035 0.0 0.0
196.07774535000001 1.0 0.0
197.00082035000003 0.0 0.0
197.92389535 1.0 1.0
198.84697035000002 0.0 0.0
199.77004535 1.0 0.0
200.69312035000002 0.0 0.0
201.61619535000003 1.0 1.0
202.53927035 0.0 0.0
203.46234535000002 1.0 0.0
204.38542035 0.0 0.0
205.30849535000002 1.0 1.0
206.23157035000003 0.0 0.0
207.15464535 1.0 0.0
208.07772035000002 0.0 0.0
209.00079535 1.0 1.0
209.92387035000002 0.0 0.0
210.84694535000003 1.0 0.0
211.77002035 0.0 0.0
212.69309535000002 1.0 1.0
213.61617035 0.0 0.0
214.53924535000002 1.0 0.0
215.46232035000003 0.0 0.0
216.38539535 1.0 1.0
217.30847035000002 0.0 0.0
218.23154535 1.0 0.0
219.15462035000002 0.0 0.0
220.07769535000003 1.0 1.0
221.00077035 0.0 0.0
221.92384535000002 1.0 0.0
222.84692035 0.0 0.0
223.76999535000002 1.0 0.0
224.69307035000003 0.0 0.0
225.61614535 1.0 1.0
226.53922035000002 0.0 0.0
227.46229535 1.0 0.0
228.38537035000002 0.0 0.0
229.30844535000003 0.0 0.0