0.935 0.0 0.0
1.935 1.0 1.0
2.935 0.0 0.0
3.935 1.0 0.0
4.9350000000000005 0.0 0.0
5.9350000000000005 1.0 1.0
6.9350000000000005 0.0 0.0
7.9350000000000005 1.0 0.0
8.935 0.0 0.0
9.935 1.0 1.0
10.935 0.0 0.0
11.935 1.0 0.0
12.935 0.0 0.0
13.935 1.0 1.0
14.935 0.0 0.0
15.935 1.0 0.0
16.935 0.0 0.0
17.935 1.0 1.0
18.935 0.0 0.0
19.935 1.0 0.0
20.935 0.0 0.0
21.935 1.0 1.0
22.935 0.0 0.0
23.935 1.0 0.0
24.935 0.0 0.0
25.935 1.0 1.0
26.935 0.0 0.0
27.935 1.0 0.0
28.935 0.0 0.0
29.935 1.0 1.0
30.935 0.0 0.0
31.935 1.0 0.0
32.935 0.0 0.0
33.935 1.0 1.0
34.93500000000001 0.0 0.0
35.93500000000001 1.0 0.0
36.93500000000001 0.0 0.0
37.93500000000001 1.0 1.0
38.93500000000001 0.0 0.0
39.93500000000001 1.0 0.0
40.93500000000001 0.0 0.0
41.93500000000001 1.0 1.0
42.93500000000001 0.0 0.0
43.93500000000001 1.0 0.0
44.93500000000001 0.0 0.0
45.93500000000001 1.0 1.0
46.93500000000001 0.0 0.0
47.93500000000001 1.0 0.0
48.93500000000001 0.0 0.0
49.93500000000001 1.0 1.0
50.93500000000001 0.0 0.0
51.93500000000001 1.0 0.0
52.93500000000001 0.0 0.0
53.93500000000001 1.0 1.0
54.93500000000001 0.0 0.0
55.93500000000001 1.0 0.0
56.93500000000001 0.0 0.0
57.93500000000001 1.0 1.0
58.93500000000001 0.0 0.0
59.93500000000001 1.0 0.0
60.93500000000001 0.0 0.0
61.93500000000001 1.0 1.0
62.93500000000001 0.0 0.0
63.93500000000001 1.0 0.0
64.935 0.0 0.0
65.935 1.0 1.0
66.935 0.0 0.0
67.935 1.0 0.0
68.935 0.0 0.0
69.935 1.0 1.0
70.935 0.0 0.0
71.935 1.0 0.0
72.935 0.0 0.0
73.935 1.0 1.0
74.935 0.0 0.0
75.935 1.0 0.0
76.935 0.0 0.0
77.935 1.0 1.0
78.935 0.0 0.0
79.935 1.0 0.0
80.935 0.0 0.0
81.935 1.0 1.0
82.935 0.0 0.0
83.935 1.0 0.0
84.935 0.0 0.0
85.935 1.0 1.0
86.935 0.0 0.0
87.935 1.0 0.0
88.935 0.0 0.0
89.935 1.0 1.0
90.935 0.0 0.0
91.935 1.0 0.0
92.935 0.0 0.0
93.935 1.0 1.0
94.935 0.0 0.0
95.935 1.0 0.0
96.935 0.0 0.0
97.935 1.0 1.0
98.935 0.0 0.0
99.935 1.0 0.0
100.935 0.0 0.0
101.935 1.0 1.0
102.935 0.0 0.0
103.935 1.0 0.0
104.935 0.0 0.0
105.935 1.0 1.0
106.935 0.0 0.0
107.935 1.0 0.0
108.935 0.0 0.0
109.935 1.0 1.0
110.935 0.0 0.0
111.935 1.0 0.0
112.935 0.0 0.0
113.935 1.0 1.0
114.935 0.0 0.0
115.935 1.0 0.0
116.935 0.0 0.0
117.935 1.0 1.0
118.935 0.0 0.0
119.935 1.0 0.0
120.935 0.0 0.0
121.935 1.0 1.0
122.935 0.0 0.0
123.935 1.0 0.0
124.935 0.0 0.0
125.935 1.0 1.0
126.935 0.0 0.0
127.935 1.0 0.0
128.935 0.0 0.0
129.935 1.0 1.0
130.935 0.0 0.0
131.935 1.0 0.0
132.935 0.0 0.0
133.935 1.0 1.0
134.935 0.0 0.0
135.935 1.0 0.0
136.935 0.0 0.0
137.935 1.0 1.0
138.935 0.0 0.0
139.935 1.0 0.0
140.935 0.0 0.0
141.935 1.0 1.0
142.935 0.0 0.0
143.935 1.0 0.0
144.935 0.0 0.0
145.935 1.0 1.0
146.935 0.0 0.0
147.935 1.0 0.0
148.935 0.0 0.0
149.935 1.0 1.0
150.935 0.0 0.0
151.935 1.0 0.0
152.935 0.0 0.0
153.935 1.0 1.0
154.935 0.0 0.0
155.935 1.0 0.0
156.935 0.0 0.0
157.935 1.0 1.0
158.935 0.0 0.0
159.935 1.0 0.0
160.935 0.0 0.0
161.935 1.0 1.0
162.935 0.0 0.0
163.935 1.0 0.0
164.935 0.0 0.0
165.935 1.0 1.0
166.935 0.0 0.0
167.935 1.0 0.0
168.935 0.0 0.0
169.935 1.0 1.0
170.935 0.0 0.0
171.935 1.0 0.0
172.935 0.0 0.0
173.935 1.0 1.0
174.935 0.0 0.0
175.935 1.0 0.0
176.935 0.0 0.0
177.935 1.0 1.0
178.935 0.0 0.0
179.935 1.0 0.0
180.935 0.0 0.0
181.935 1.0 1.0
182.935 0.0 0.0
183.935 1.0 0.0
184.935 0.0 0.0
185.935 1.0 1.0
186.935 0.0 0.0
187.935 1.0 0.0
188.935 0.0 0.0
189.935 1.0 1.0
190.935 0.0 0.0
191.935 1.0 0.0
192.935 0.0 0.0
193.935 1.0 1.0
194.935 0.0 0.0
195.935 1.0 0.0
196.935 0.0 0.0
197.935 1.0 1.0
198.935 0.0 0.0
199.935 1.0 0.0
200.935 0.0 0.0
201.935 1.0 1.0
202.935 0.0 0.0
203.935 1.0 0.0
204.935 0.0 0.0
205.935 1.0 1.0
206.935 0.0 0.0
207.935 1.0 0.0
208.935 0.0 0.0
209.935 1.0 1.0
210.935 0.0 0.0
211.935 1.0 0.0
212.935 0.0 0.0
213.935 1.0 1.0
214.935 0.0 0.0
215.935 1.0 0.0
216.935 0.0 0.0
217.935 1.0 1.0
218.935 0.0 0.0
219.935 1.0 0.0
220.935 0.0 0.0
221.935 1.0 1.0
222.935 0.0 0.0
223.935 1.0 0.0
224.935 0.0 0.0
225.935 1.0 1.0
226.935 0.0 0.0
227.935 1.0 0.0
228.935 0.0 0.0
229.935 1.0 1.0
230.935 0.0 0.0
231.935 1.0 0.0
232.935 0.0 0.0