0.05076918000000003 1.0 0.0
0.8199991799999998 0.0 0.0
1.5892291799999996 1.0 1.0
2.3498176679999996 0.0 0.0
2.998788 1.0 0.0
3.7987879999999996 0.0 0.0
4.595488 1.0 1.0
5.346757179999999 0.0 0.0
6.118731526 1.0 0.0
6.925529000000001 0.0 0.0
7.6767981800000005 1.0 1.0
8.44602818 0.0 0.0
9.21525818 1.0 0.0
9.98448818 0.0 0.0
10.752448999999999 1.0 1.0
11.502448999999999 0.0 0.0
12.25437752 1.0 0.0
13.033597519999999 0.0 0.0
13.81281752 1.0 1.0
14.59203752 0.0 0.0
15.37125752 1.0 0.0
16.15047752 0.0 0.0
16.929697519999998 1.0 1.0
17.707615604 0.0 0.0
18.467109604 1.0 0.0
19.22790552 0.0 0.0
20.005823604 1.0 1.0
20.765317604 0.0 0.0
21.524811604 1.0 0.0
22.284305604 0.0 0.0
23.04510152 1.0 1.0
23.824321519999998 0.0 0.0
24.603541520000004 1.0 0.0
25.382761520000003 0.0 0.0
26.164066526000003 1.0 1.0
26.974877526000004 0.0 0.0
27.78294418 1.0 0.0
28.55217418 0.0 0.0
29.322740284 1.0 1.0
30.112214284000004 0.0 0.0
30.900352180000002 1.0 0.0
31.669582180000003 0.0 0.0
32.43881218 1.0 1.0
33.21078652600001 0.0 0.0
34.020189284000004 1.0 0.0
34.809663284 0.0 0.0
35.59913728400001 1.0 1.0
36.38727518000001 0.0 0.0
37.15650518000001 1.0 0.0
37.925735180000004 0.0 0.0
38.694965180000004 1.0 1.0
39.464195180000004 0.0 0.0
40.233425180000005 1.0 0.0
41.002655180000005 0.0 0.0
41.771885180000005 1.0 1.0
42.541115180000006 0.0 0.0
43.310345180000006 1.0 0.0
44.079575180000006 0.0 0.0
44.84880518000001 1.0 1.0
45.61803518000001 0.0 0.0
46.38726518000001 1.0 0.0
47.15649518000001 0.0 0.0
47.92572518 1.0 1.0
48.69495518000001 0.0 0.0
49.463542604 1.0 0.0
50.223036604 0.0 0.0
50.984509284 1.0 1.0
51.773983284 0.0 0.0
52.56212118 1.0 0.0
53.33135118 0.0 0.0
54.09695481 1.0 1.0
54.81422360399999 0.0 0.0
55.573717603999995 1.0 0.0
56.33321160399999 0.0 0.0
57.09146790599999 1.0 1.0
57.83220890599999 0.0 0.0
58.57294990599999 1.0 0.0
59.31369090599999 0.0 0.0
60.05504299999999 1.0 1.0
60.80566960399999 0.0 0.0
61.565806179999996 1.0 0.0
62.335036179999996 0.0 0.0
63.104266179999996 1.0 1.0
63.871019596 0.0 0.0
64.602725596 1.0 0.0
65.334431596 0.0 0.0
66.06734499999999 1.0 1.0
66.81734499999999 0.0 0.0
67.56734499999999 1.0 0.0
68.31734499999999 0.0 0.0
69.06734499999999 1.0 1.0
69.81734499999999 0.0 0.0
70.56734499999999 1.0 0.0
71.31734499999999 0.0 0.0
72.06734499999999 1.0 1.0
72.81734499999999 0.0 0.0
73.566733906 1.0 0.0
74.307474906 0.0 0.0
75.052127 1.0 1.0
75.852127 0.0 0.0
76.64945360399999 1.0 0.0
77.41024952 0.0 0.0
78.18946951999999 1.0 1.0
78.96868952 0.0 0.0
79.74790952 1.0 0.0
80.52712951999999 0.0 0.0
81.30569018 1.0 1.0
82.07129381 0.0 0.0
82.787936 1.0 0.0
83.54194952600001 0.0 0.0
84.35276052600001 1.0 1.0
85.16357152600001 0.0 0.0
85.97163818000001 1.0 0.0
86.74086818 0.0 0.0
87.51009818000001 1.0 1.0
88.27932818000001 0.0 0.0
89.04855818000001 1.0 0.0
89.81778818000001 0.0 0.0
90.58701818 1.0 1.0
91.35624818000001 0.0 0.0
92.12547818 1.0 0.0
92.89470818000001 0.0 0.0
93.66393818 1.0 1.0
94.436645522 0.0 0.0
95.25508518000001 1.0 0.0
96.025651284 0.0 0.0
96.815125284 1.0 1.0
97.60392252000001 0.0 0.0
98.38248318 1.0 0.0
99.15171318 0.0 0.0
99.92094318 1.0 1.0
100.69017318 0.0 0.0
101.45940318 1.0 0.0
102.231377526 0.0 0.0
103.038175 1.0 1.0
103.78944417999999 0.0 0.0
104.55867418 1.0 0.0
105.32790417999999 0.0 0.0
106.09713418 1.0 1.0
106.86636417999999 0.0 0.0
107.63559418 1.0 0.0
108.40482417999999 0.0 0.0
109.17405418 1.0 1.0
109.94328417999999 0.0 0.0
110.71385028399999 1.0 0.0
111.50332428399999 0.0 0.0
112.29146217999998 1.0 1.0
113.06069217999999 0.0 0.0
113.82913374999998 1.0 0.0
114.57913374999998 0.0 0.0
115.33040292999999 1.0 1.0
116.09963293 0.0 0.0
116.86886292999999 1.0 0.0
117.63809293 0.0 0.0
118.40732292999999 1.0 1.0
119.17655293 0.0 0.0
119.94451375 1.0 0.0
120.69644227 0.0 0.0
121.47566227 1.0 1.0
122.25488227 0.0 0.0
123.03410227 1.0 0.0
123.81266292999999 0.0 0.0
124.58189293 1.0 1.0
125.35112292999999 0.0 0.0
126.12035293 1.0 0.0
126.88958292999999 0.0 0.0
127.65881293 1.0 1.0
128.42804293 0.0 0.0
129.19793227 1.0 0.0
129.97715226999998 0.0 0.0
130.75637226999999 1.0 1.0
131.536269034 0.0 0.0
132.32440692999998 1.0 0.0
133.09299435399998 0.0 0.0
133.85248835399997 1.0 1.0
134.61396103399997 0.0 0.0
135.40343503399998 1.0 0.0
136.19290903399997 0.0 0.0
136.98104693 1.0 1.0
137.75027692999998 0.0 0.0
138.51950692999998 1.0 0.0
139.28873693 0.0 0.0
140.05796693 1.0 1.0
140.82719692999999 0.0 0.0
141.59642692999998 1.0 0.0
142.36565693 0.0 0.0
143.13488693 1.0 1.0
143.90411693 0.0 0.0
144.67334692999998 1.0 0.0
145.44257692999997 0.0 0.0
146.21180693 1.0 1.0
146.98103693 0.0 0.0
147.75026692999998 1.0 0.0
148.51949692999997 0.0 0.0
149.28872693 1.0 1.0
150.05795693 0.0 0.0
150.82718692999998 1.0 0.0
151.59641692999998 0.0 0.0
152.36437775 1.0 1.0
153.11437775 0.0 0.0
153.86437775 1.0 0.0
154.61437775 0.0 0.0
155.363170346 1.0 1.0
156.094876346 0.0 0.0
156.82905893 1.0 0.0
157.59828893 0.0 0.0
158.36751893 1.0 1.0
159.13674893 0.0 0.0
159.904098656 1.0 0.0
160.644839656 0.0 0.0
161.385580656 1.0 1.0
162.12632165600002 0.0 0.0
162.867062656 1.0 0.0
163.60780365600002 0.0 0.0
164.348544656 1.0 1.0
165.08928565600002 0.0 0.0
165.831264354 1.0 0.0
166.590758354 0.0 0.0
167.350252354 1.0 1.0
168.10911975 0.0 0.0
168.85911975 1.0 0.0
169.60911975 0.0 0.0
170.35911975 1.0 1.0
171.11104827 0.0 0.0
171.89026827 1.0 0.0
172.66948827 0.0 0.0
173.44870827 1.0 1.0
174.22792827 0.0 0.0
175.00714827 1.0 0.0
175.78636827 0.0 0.0
176.56558827 1.0 1.0
177.34480827 0.0 0.0
178.12402827 1.0 0.0
178.90324827 0.0 0.0
179.68246827 1.0 1.0
180.459148656 0.0 0.0
181.20176992999998 1.0 0.0
181.97099992999998 0.0 0.0
182.74022993 1.0 1.0
183.50945993 0.0 0.0
184.27868992999998 1.0 0.0
185.04791992999998 0.0 0.0
185.81714993 1.0 1.0
186.58637993 0.0 0.0
187.35560992999999 1.0 0.0
188.12357075 0.0 0.0
188.87483992999998 1.0 1.0
189.64406992999997 0.0 0.0
190.41329993 1.0 0.0
191.18252993 0.0 0.0
191.95175992999998 1.0 1.0
192.72164926999997 0.0 0.0
193.50086926999998 1.0 0.0
194.28008927 0.0 0.0
195.05930926999997 1.0 1.0
195.83852926999998 0.0 0.0
196.61774926999996 1.0 0.0
197.39696926999994 0.0 0.0
198.17618926999995 1.0 1.0
198.95540926999996 0.0 0.0
199.73897530399998 1.0 0.0
200.58407228 0.0 0.0
201.42942430399998 1.0 1.0
202.27569872799998 0.0 0.0
203.12438267599998 1.0 1.0
203.97844419199998 0.0 0.0
204.843211722 0.0 0.0