0.44999955 0.0 0.0
0.99545355 1.0 1.0
1.54090755 0.0 0.0
2.08636155 1.0 0.0
2.6318155500000002 0.0 0.0
3.17726955 1.0 1.0
3.72272355 0.0 0.0
4.26817755 1.0 0.0
4.81363155 0.0 0.0
5.35908555 1.0 1.0
5.90453955 0.0 0.0
6.44999355 1.0 0.0
6.99544755 0.0 0.0
7.54090155 1.0 1.0
8.08635555 0.0 0.0
8.63180955 1.0 0.0
9.17726355 0.0 0.0
9.72271755 1.0 1.0
10.26817155 0.0 0.0
10.81362555 1.0 0.0
11.35907955 0.0 0.0
11.90453355 1.0 1.0
12.44998755 0.0 0.0
12.99544155 1.0 0.0
13.54089555 0.0 0.0
14.08634955 1.0 1.0
14.63180355 0.0 0.0
15.17725755 1.0 0.0
15.72271155 0.0 0.0
16.26816555 1.0 1.0
16.81361955 0.0 0.0
17.35907355 1.0 0.0
17.90452755 0.0 0.0
18.449981550000004 1.0 1.0
18.99543555 0.0 0.0
19.54088955 1.0 0.0
20.08634355 0.0 0.0
20.63179755 1.0 1.0
21.17725155 0.0 0.0
21.72270555 1.0 0.0
22.26815955 0.0 0.0
22.81361355 1.0 1.0
23.35906755 0.0 0.0
23.904521550000002 1.0 0.0
24.44997555 0.0 0.0
24.99542955 1.0 1.0
25.54088355 0.0 0.0
26.08633755 1.0 0.0
26.63179155 0.0 0.0
27.177245550000002 1.0 1.0
27.72269955 0.0 0.0
28.26815355 1.0 0.0
28.81360755 0.0 0.0
29.35906155 1.0 1.0
29.90451555 0.0 0.0
30.44996955 1.0 0.0
30.99542355 0.0 0.0
31.54087755 1.0 1.0
32.08633155 0.0 0.0
32.631785550000004 1.0 0.0
33.17723955 0.0 0.0
33.72269355 1.0 1.0
34.26814755 0.0 0.0
34.81360155 1.0 0.0
35.35905555 0.0 0.0
35.90450955 1.0 1.0
36.44996355 0.0 0.0
36.99541755 1.0 0.0
37.54087155 0.0 0.0
38.08632555 1.0 1.0
38.63177955 0.0 0.0
39.177233550000004 1.0 0.0
39.72268755 0.0 0.0
40.26814155 1.0 1.0
40.81359555 0.0 0.0
41.35904955 1.0 0.0
41.90450355 0.0 0.0
42.44995755 1.0 1.0
42.99541155 0.0 0.0
43.54086555 1.0 0.0
44.08631955 0.0 0.0
44.63177355 1.0 1.0
45.17722755 0.0 0.0
45.72268155 1.0 0.0
46.268135550000004 0.0 0.0
46.81358955 1.0 1.0
47.35904355 0.0 0.0
47.90449755 1.0 0.0
48.44995155 0.0 0.0
48.99540555 1.0 1.0
49.54085955 0.0 0.0
50.08631355 1.0 0.0
50.63176755 0.0 0.0
51.17722155 1.0 1.0
51.72267555 0.0 0.0
52.26812955 1.0 0.0
52.813583550000004 0.0 0.0
53.359037550000004 1.0 1.0
53.90449155 0.0 0.0
54.44994555 1.0 0.0
54.99539955 0.0 0.0
55.54085355 1.0 1.0
56.08630755 0.0 0.0
56.63176155 1.0 0.0
57.17721555 0.0 0.0
57.72266955 1.0 1.0
58.26812355 0.0 0.0
58.81357755 1.0 0.0
59.35903155 0.0 0.0
59.904485550000004 1.0 1.0
60.44993955 0.0 0.0
60.99539355 1.0 0.0
61.54084755 0.0 0.0
62.08630155 1.0 1.0
62.63175555 0.0 0.0
63.17720955 1.0 0.0
63.72266355 0.0 0.0
64.26811755 1.0 1.0
64.81357155 0.0 0.0
65.35902555 1.0 0.0
65.90447955 0.0 0.0
66.44993355 1.0 1.0
66.99538755 0.0 0.0
67.54084155 1.0 0.0
68.08629555 0.0 0.0
68.63174955 1.0 1.0
69.17720355 0.0 0.0
69.72265755000001 1.0 0.0
70.26811154999999 0.0 0.0
70.81356554999999 1.0 1.0
71.35901955 0.0 0.0
71.90447354999999 1.0 0.0
72.44992755 0.0 0.0
72.99538154999999 1.0 1.0
73.54083555 0.0 0.0
74.08628954999999 1.0 0.0
74.63174355 0.0 0.0
75.17719755 1.0 1.0
75.72265155 0.0 0.0
76.26810555 1.0 0.0
76.81355955000001 0.0 0.0
77.35901355 1.0 1.0
77.90446755 0.0 0.0
78.44992155 1.0 0.0
78.99537555 0.0 0.0
79.54082955 1.0 1.0
80.08628355 0.0 0.0
80.63173755 1.0 0.0
81.17719155 0.0 0.0
81.72264555 1.0 1.0
82.26809955 0.0 0.0
82.81355355 1.0 0.0
83.35900755 0.0 0.0
83.90446155000001 1.0 1.0
84.44991555 0.0 0.0
84.99536955 1.0 0.0
85.54082355 0.0 0.0
86.08627755 1.0 1.0
86.63173155 0.0 0.0
87.17718555 1.0 0.0
87.72263955 0.0 0.0
88.26809355 1.0 1.0
88.81354755 0.0 0.0
89.35900155 1.0 0.0
89.90445555 0.0 0.0
90.44990955 1.0 1.0
90.99536355000001 0.0 0.0
91.54081755 1.0 0.0
92.08627155 0.0 0.0
92.63172555 1.0 1.0
93.17717955 0.0 0.0
93.72263355 1.0 0.0
94.26808755 0.0 0.0
94.81354155 1.0 1.0
95.35899555 0.0 0.0
95.90444955 1.0 0.0
96.44990355 0.0 0.0
96.99535755000001 1.0 1.0
97.54081155 0.0 0.0
98.08626555000001 1.0 0.0
98.63171955 0.0 0.0
99.17717355 1.0 1.0
99.72262755 0.0 0.0
100.26808155 1.0 0.0
100.81353555 0.0 0.0
101.35898955 1.0 1.0
101.90444355 0.0 0.0
102.44989755 1.0 0.0
102.99535155 0.0 0.0
103.54080555 1.0 1.0
104.08625955000001 0.0 0.0
104.63171355 1.0 0.0
105.17716755000001 0.0 0.0
105.72262155 1.0 1.0
106.26807555 0.0 0.0
106.81352955 1.0 0.0
107.35898355 0.0 0.0
107.90443755 1.0 1.0
108.44989155 0.0 0.0
108.99534555 1.0 0.0
109.54079955 0.0 0.0
110.08625355 1.0 1.0
110.63170755 0.0 0.0
111.17716155000001 1.0 0.0
111.72261555 0.0 0.0
112.26806955 1.0 1.0
112.81352355 0.0 0.0
113.35897755 1.0 0.0
113.90443155 0.0 0.0
114.44988555 1.0 1.0
114.99533955 0.0 0.0
115.54079355 1.0 0.0
116.08624755 0.0 0.0
116.63170155 1.0 1.0
117.17715555 0.0 0.0
117.72260955 1.0 0.0
118.26806355000001 0.0 0.0
118.81351755 1.0 1.0
119.35897155 0.0 0.0
119.90442555 1.0 0.0
120.44987955 0.0 0.0
120.99533355 1.0 1.0
121.54078755 0.0 0.0
122.08624155 1.0 0.0
122.63169555 0.0 0.0
123.17714955 1.0 1.0
123.72260355 0.0 0.0
124.26805755000001 1.0 0.0
124.81351155 0.0 0.0
125.35896555000001 1.0 1.0
125.90441955 0.0 0.0
126.44987355 1.0 0.0
126.99532755 0.0 0.0
127.54078155 1.0 1.0
128.08623555 0.0 0.0
128.63168955 1.0 0.0
129.17714355 0.0 0.0
129.72259755 1.0 1.0
130.26805155 0.0 0.0
130.81350555 1.0 0.0
131.35895955 0.0 0.0
131.90441355000002 1.0 1.0
132.44986755 0.0 0.0
132.99532155 1.0 0.0
133.54077555 0.0 0.0
134.08622955 1.0 1.0
134.63168355 0.0 0.0
135.17713755 1.0 0.0
135.72259155 0.0 0.0
136.26804555 1.0 1.0
136.81349955 0.0 0.0
137.35895355 1.0 0.0
137.90440755 0.0 0.0
138.44986155 1.0 1.0
138.99531555000002 0.0 0.0
139.54076955 1.0 0.0
140.08622355 0.0 0.0
140.63167755 1.0 1.0
141.17713155 0.0 0.0
141.72258555 1.0 0.0
142.26803955 0.0 0.0
142.81349355 1.0 1.0
143.35894755 0.0 0.0
143.90440155 1.0 0.0
144.44985555 0.0 0.0
144.99530955 1.0 1.0
145.54076355 0.0 0.0
146.08621755000001 1.0 0.0
146.63167155 0.0 0.0
147.17712555 1.0 1.0
147.72257955 0.0 0.0
148.26803355 1.0 0.0
148.81348755 0.0 0.0
149.35894155 1.0 1.0
149.90439555 0.0 0.0
150.44984955 1.0 0.0
150.99530355 0.0 0.0
151.54075755 1.0 1.0
152.08621155 0.0 0.0
152.63166555 1.0 0.0
153.17711955000001 0.0 0.0
153.72257355 1.0 1.0
154.26802755 0.0 0.0
154.81348155 1.0 0.0
155.35893555 0.0 0.0
155.90438955 1.0 1.0
156.44984355 0.0 0.0
156.99529755 1.0 0.0
157.54075155 0.0 0.0
158.08620555 1.0 1.0
158.63165955 0.0 0.0
159.17711355 1.0 0.0
159.72256755 0.0 0.0
160.26802155000001 1.0 1.0
160.81347555 0.0 0.0
161.35892955 1.0 0.0
161.90438355 0.0 0.0
162.44983755 1.0 1.0
162.99529155 0.0 0.0
163.54074555 1.0 0.0
164.08619955 0.0 0.0
164.63165355 1.0 1.0
165.17710755000002 0.0 0.0
165.72256155 1.0 0.0
166.26801555 0.0 0.0
166.81346955 1.0 1.0
167.35892355000001 0.0 0.0
167.90437755 1.0 0.0
168.44983155 0.0 0.0
168.99528555 1.0 1.0
169.54073955 0.0 0.0
170.08619355 1.0 0.0
170.63164755 0.0 0.0
171.17710155 1.0 1.0
171.72255555 0.0 0.0
172.26800955000002 1.0 0.0
172.81346355 0.0 0.0
173.35891755 1.0 1.0
173.90437155 0.0 0.0
174.44982555 1.0 0.0
174.99527955 0.0 0.0
175.54073355 1.0 1.0
176.08618755 0.0 0.0
176.63164155 1.0 0.0
177.17709555 0.0 0.0
177.72254955 1.0 1.0
178.26800355 0.0 0.0
178.81345755 1.0 0.0
179.35891155000002 0.0 0.0
179.90436555 1.0 1.0
180.44981955 0.0 0.0
180.99527355 1.0 0.0
181.54072755 0.0 0.0
182.08618155 1.0 1.0
182.63163555 0.0 0.0
183.17708955 1.0 0.0
183.72254355 0.0 0.0
184.26799755 1.0 1.0
184.81345155 0.0 0.0
185.35890555 1.0 0.0
185.90435955 0.0 0.0
186.44981355000002 1.0 1.0
186.99526755 0.0 0.0
187.54072155 1.0 0.0
188.08617555 0.0 0.0
188.63162955 1.0 1.0
189.17708355 0.0 0.0
189.72253755 1.0 0.0
190.26799155 0.0 0.0
190.81344555 1.0 1.0
191.35889955 0.0 0.0
191.90435355 1.0 0.0
192.44980755 0.0 0.0
192.99526155 1.0 1.0
193.54071555000002 0.0 0.0
194.08616955 1.0 0.0
194.63162355 0.0 0.0
195.17707755 1.0 1.0
195.72253155 0.0 0.0
196.26798555 1.0 0.0
196.81343955 0.0 0.0
197.35889355 1.0 1.0
197.90434755 0.0 0.0
198.44980155 1.0 0.0
198.99525555 0.0 0.0
199.54070955 1.0 1.0
200.08616355 0.0 0.0
200.63161755000002 1.0 0.0
201.17707155 0.0 0.0
201.72252555 1.0 1.0
202.26797955 0.0 0.0
202.81343355 1.0 0.0
203.35888755 0.0 0.0
203.90434155 1.0 1.0
204.44979555 0.0 0.0
204.99524955 1.0 0.0
205.54070355 0.0 0.0
206.08615755 1.0 1.0
206.63161155 0.0 0.0
207.17706555 1.0 0.0
207.72251955000002 0.0 0.0
208.26797355 1.0 1.0
208.81342755 0.0 0.0
209.35888155 1.0 0.0
209.90433555 0.0 0.0
210.44978955 1.0 1.0
210.99524355 0.0 0.0
211.54069755 1.0 0.0
212.08615155 0.0 0.0
212.63160555 1.0 1.0
213.17705955 0.0 0.0
213.72251355 1.0 0.0
214.26796755 0.0 0.0
214.81342155000002 1.0 1.0
215.35887555 0.0 0.0
215.90432955 1.0 0.0
216.44978355 0.0 0.0
216.99523755 1.0 1.0
217.54069155 0.0 0.0
218.08614555 1.0 0.0
218.63159955 0.0 0.0
219.17705355 1.0 1.0
219.72250755000002 0.0 0.0
220.26796155 1.0 0.0
220.81341555 0.0 0.0
221.35886955 1.0 1.0
221.90432355000002 0.0 0.0
222.44977755 1.0 0.0
222.99523155 0.0 0.0
223.54068555 1.0 1.0
224.08613955 0.0 0.0
224.63159355 1.0 0.0
225.17704755 0.0 0.0
225.72250155 1.0 1.0
226.26795555 0.0 0.0
226.81340955000002 1.0 0.0
227.35886355 0.0 0.0
227.90431755 1.0 1.0
228.44977155 0.0 0.0
228.99522555000001 1.0 0.0
229.54067955 0.0 0.0
230.08613355 1.0 1.0
230.63158755 0.0 0.0
231.17704155 1.0 0.0
231.72249555 0.0 0.0
232.26794955 1.0 1.0
232.81340355 0.0 0.0
233.35885755 1.0 0.0
233.90431155000002 0.0 0.0
234.44976555 1.0 1.0
234.99521955 0.0 0.0
235.54067355 1.0 0.0
236.08612755000001 0.0 0.0
236.63158155 0.0 0.0