0.0 1.0 1.0
0.545454 0.0 0.0
1.090908 1.0 0.0
1.636362 0.0 0.0
2.181816 1.0 1.0
2.72727 0.0 0.0
3.272724 1.0 0.0
3.818178 0.0 0.0
4.363632 1.0 1.0
4.909086 0.0 0.0
5.45454 1.0 0.0
5.999994 0.0 0.0
6.545448 1.0 1.0
7.090902 0.0 0.0
7.636356 1.0 0.0
8.18181 0.0 0.0
8.727264 1.0 1.0
9.272718 0.0 0.0
9.818172 1.0 0.0
10.363626 0.0 0.0
10.90908 1.0 1.0
11.454534 0.0 0.0
11.999988 1.0 0.0
12.545442 0.0 0.0
13.090896 1.0 1.0
13.63635 0.0 0.0
14.181804 1.0 0.0
14.727258 0.0 0.0
15.272712 1.0 1.0
15.818166 0.0 0.0
16.36362 1.0 0.0
16.909074 0.0 0.0
17.454528 1.0 1.0
17.999982 0.0 0.0
18.545436 1.0 0.0
19.09089 0.0 0.0
19.636344 1.0 1.0
20.181798 0.0 0.0
20.727252 1.0 0.0
21.272706 0.0 0.0
21.81816 1.0 1.0
22.363614000000002 0.0 0.0
22.909068 1.0 0.0
23.454522 0.0 0.0
23.999976 1.0 1.0
24.54543 0.0 0.0
25.090884 1.0 0.0
25.636338000000002 0.0 0.0
26.181792 1.0 1.0
26.727246 0.0 0.0
27.2727 1.0 1.0
27.818154 0.0 0.0
28.363608 1.0 0.0
28.909062 0.0 0.0
29.454516 1.0 1.0
29.99997 0.0 0.0
30.545424 1.0 0.0
31.090878 0.0 0.0
31.636332 1.0 1.0
32.181786 0.0 0.0
32.72724 1.0 0.0
33.272694 0.0 0.0
33.818148 1.0 1.0
34.363602 0.0 0.0
34.909056 1.0 0.0
35.45451 0.0 0.0
35.999964 1.0 1.0
36.545418 0.0 0.0
37.090872 1.0 0.0
37.636326000000004 0.0 0.0
38.18178 1.0 1.0
38.727234 0.0 0.0
39.272688 1.0 0.0
39.818142 0.0 0.0
40.363596 1.0 1.0
40.90905 0.0 0.0
41.454504 1.0 0.0
41.999958 0.0 0.0
42.545412 1.0 1.0
43.090866 0.0 0.0
43.63632 1.0 0.0
44.181774 0.0 0.0
44.727228000000004 1.0 1.0
45.272682 0.0 0.0
45.818136 1.0 0.0
46.36359 0.0 0.0
46.909044 1.0 1.0
47.454498 0.0 0.0
47.999952 1.0 0.0
48.545406 0.0 0.0
49.09086 1.0 1.0
49.636314 0.0 0.0
50.181768 1.0 0.0
50.727222 0.0 0.0
51.272676000000004 1.0 1.0
51.818130000000004 0.0 0.0
52.363584 1.0 0.0
52.909038 0.0 0.0
53.454492 1.0 1.0
53.999946 0.0 0.0
54.5454 1.0 0.0
55.090854 0.0 0.0
55.636308 1.0 1.0
56.181762 0.0 0.0
56.727216 1.0 0.0
57.27267 0.0 0.0
57.818124 1.0 1.0
58.363578000000004 0.0 0.0
58.909032 1.0 0.0
59.454486 0.0 0.0
59.99994 1.0 1.0
60.545394 0.0 0.0
61.090848 1.0 0.0
61.636302 0.0 0.0
62.181756 1.0 1.0
62.72721 0.0 0.0
63.272664 1.0 0.0
63.818118 0.0 0.0
64.363572 1.0 1.0
64.909026 0.0 0.0
65.45448 1.0 0.0
65.999934 0.0 0.0
66.545388 1.0 1.0
67.090842 0.0 0.0
67.636296 1.0 0.0
68.18175000000001 0.0 0.0
68.727204 1.0 1.0
69.272658 0.0 0.0
69.818112 1.0 0.0
70.363566 0.0 0.0
70.90902 1.0 1.0
71.454474 0.0 0.0
71.999928 1.0 0.0
72.545382 0.0 0.0
73.090836 1.0 1.0
73.63629 0.0 0.0
74.181744 1.0 0.0
74.727198 0.0 0.0
75.27265200000001 1.0 1.0
75.818106 0.0 0.0
76.36356 1.0 0.0
76.909014 0.0 0.0
77.454468 1.0 1.0
77.999922 0.0 0.0
78.545376 1.0 0.0
79.09083 0.0 0.0
79.636284 1.0 1.0
80.181738 0.0 0.0
80.727192 1.0 0.0
81.272646 0.0 0.0
81.8181 1.0 0.0
82.36355400000001 0.0 0.0
82.909008 1.0 0.0
83.454462 0.0 0.0
83.999916 1.0 1.0
84.54537 0.0 0.0
85.090824 1.0 0.0
85.636278 0.0 0.0
86.181732 1.0 1.0
86.727186 0.0 0.0
87.27264 1.0 0.0
87.818094 0.0 0.0
88.363548 1.0 1.0
88.909002 0.0 0.0
89.45445600000001 1.0 0.0
89.99991 0.0 0.0
90.545364 1.0 1.0
91.090818 0.0 0.0
91.636272 1.0 0.0
92.181726 0.0 0.0
92.72718 1.0 1.0
93.272634 0.0 0.0
93.818088 1.0 0.0
94.363542 0.0 0.0
94.908996 1.0 1.0
95.45445000000001 0.0 0.0
95.999904 1.0 0.0
96.54535800000001 0.0 0.0
97.090812 1.0 1.0
97.636266 0.0 0.0
98.18172 1.0 0.0
98.727174 0.0 0.0
99.272628 1.0 1.0
99.818082 0.0 0.0
100.363536 1.0 0.0
100.90899 0.0 0.0
101.454444 1.0 1.0
101.999898 0.0 0.0
102.54535200000001 1.0 0.0
103.090806 0.0 0.0
103.63626000000001 1.0 1.0
104.181714 0.0 0.0
104.727168 1.0 0.0
105.272622 0.0 0.0
105.818076 1.0 1.0
106.36353 0.0 0.0
106.908984 1.0 0.0
107.454438 0.0 0.0
107.999892 1.0 1.0
108.545346 0.0 0.0
109.0908 1.0 0.0
109.63625400000001 0.0 0.0
110.181708 1.0 1.0
110.727162 0.0 0.0
111.272616 1.0 0.0
111.81807 0.0 0.0
112.363524 1.0 1.0
112.908978 0.0 0.0
113.454432 1.0 0.0
113.999886 0.0 0.0
114.54534 1.0 1.0
115.090794 0.0 0.0
115.636248 1.0 0.0
116.181702 0.0 0.0
116.72715600000001 1.0 1.0
117.27261 0.0 0.0
117.818064 1.0 0.0
118.363518 0.0 0.0
118.908972 1.0 1.0
119.454426 0.0 0.0
119.99988 1.0 0.0
120.545334 0.0 0.0
121.090788 1.0 1.0
121.636242 0.0 0.0
122.181696 1.0 0.0
122.72715000000001 0.0 0.0
123.272604 1.0 1.0
123.81805800000001 0.0 0.0
124.363512 1.0 0.0
124.908966 0.0 0.0
125.45442 1.0 1.0
125.999874 0.0 0.0
126.545328 1.0 0.0
127.090782 0.0 0.0
127.636236 1.0 1.0
128.18169 0.0 0.0
128.727144 1.0 0.0
129.272598 0.0 0.0
129.818052 1.0 1.0
130.363506 0.0 0.0
130.90896 1.0 0.0
131.454414 0.0 0.0
131.999868 1.0 1.0
132.545322 0.0 0.0
133.090776 1.0 0.0
133.63623 0.0 0.0
134.181684 1.0 1.0
134.727138 0.0 0.0
135.272592 1.0 0.0
135.818046 0.0 0.0
136.36350000000002 1.0 1.0
136.908954 0.0 0.0
137.454408 1.0 0.0
137.999862 0.0 0.0
138.545316 1.0 1.0
139.09077 0.0 0.0
139.636224 1.0 0.0
140.181678 0.0 0.0
140.727132 1.0 1.0
141.272586 0.0 0.0
141.81804 1.0 0.0
142.363494 0.0 0.0
142.908948 1.0 1.0
143.45440200000002 0.0 0.0
143.999856 1.0 0.0
144.54531 0.0 0.0
145.090764 1.0 1.0
145.636218 0.0 0.0
146.181672 1.0 0.0
146.727126 0.0 0.0
147.27258 1.0 1.0
147.818034 0.0 0.0
148.363488 1.0 0.0
148.908942 0.0 0.0
149.454396 1.0 1.0
149.99985 0.0 0.0
150.54530400000002 1.0 0.0
151.090758 0.0 0.0
151.636212 1.0 1.0
152.181666 0.0 0.0
152.72712 1.0 0.0
153.272574 0.0 0.0
153.818028 1.0 1.0
154.363482 0.0 0.0
154.908936 0.0 0.0
155.45439 1.0 0.0
155.999844 0.0 0.0
156.545298 1.0 1.0
157.090752 0.0 0.0
157.63620600000002 1.0 0.0
158.18166 0.0 0.0
158.727114 1.0 1.0
159.272568 0.0 0.0
159.818022 1.0 0.0
160.363476 0.0 0.0
160.90893 1.0 1.0
161.454384 0.0 0.0
161.999838 1.0 0.0
162.545292 0.0 0.0
163.090746 1.0 1.0
163.6362 0.0 0.0
164.181654 1.0 0.0
164.72710800000002 0.0 0.0
165.272562 1.0 1.0
165.818016 0.0 0.0
166.36347 1.0 0.0
166.908924 0.0 0.0
167.454378 1.0 1.0
167.999832 0.0 0.0
168.545286 1.0 0.0
169.09074 0.0 0.0
169.636194 1.0 1.0
170.181648 0.0 0.0
170.727102 1.0 0.0
171.272556 0.0 0.0
171.81801000000002 1.0 1.0
172.363464 0.0 0.0
172.908918 1.0 0.0
173.454372 0.0 0.0
173.999826 1.0 1.0
174.54528 0.0 0.0
175.090734 1.0 0.0
175.636188 0.0 0.0
176.181642 1.0 1.0
176.727096 0.0 0.0
177.27255 1.0 0.0
177.818004 0.0 0.0
178.363458 1.0 1.0
178.90891200000002 0.0 0.0
179.454366 1.0 0.0
179.99982 0.0 0.0
180.545274 1.0 1.0
181.090728 0.0 0.0
181.636182 1.0 0.0
182.181636 0.0 0.0
182.72709 1.0 1.0
183.272544 0.0 0.0
183.817998 1.0 0.0
184.363452 0.0 0.0
184.908906 1.0 1.0
185.45436 0.0 0.0
185.99981400000001 1.0 0.0
186.545268 0.0 0.0
187.090722 1.0 1.0
187.636176 0.0 0.0
188.18163 1.0 0.0
188.727084 0.0 0.0
189.272538 1.0 1.0
189.817992 0.0 0.0
190.363446 1.0 0.0
190.90890000000002 0.0 0.0
191.454354 1.0 1.0
191.999808 0.0 0.0
192.545262 1.0 0.0
193.09071600000001 0.0 0.0
193.63617 1.0 1.0
194.181624 0.0 0.0
194.727078 1.0 0.0
195.272532 0.0 0.0
195.817986 1.0 1.0
196.36344 0.0 0.0
196.908894 1.0 0.0
197.454348 0.0 0.0
197.99980200000002 1.0 1.0
198.545256 0.0 0.0
199.09071 1.0 0.0
199.636164 0.0 0.0
200.18161800000001 1.0 1.0
200.727072 0.0 0.0
201.272526 1.0 0.0
201.81798 0.0 0.0
202.363434 1.0 1.0
202.908888 0.0 0.0
203.454342 1.0 0.0
203.999796 0.0 0.0
204.54525 1.0 1.0
205.09070400000002 0.0 0.0
205.636158 1.0 0.0
206.181612 0.0 0.0
206.727066 1.0 1.0
207.27252000000001 0.0 0.0
207.817974 1.0 0.0
208.363428 0.0 0.0
208.908882 1.0 1.0
209.454336 0.0 0.0
209.99979 1.0 0.0
210.545244 0.0 0.0
211.090698 1.0 1.0
211.636152 0.0 0.0
212.18160600000002 1.0 0.0
212.72706 0.0 0.0
213.272514 1.0 1.0
213.817968 0.0 0.0
214.363422 1.0 0.0
214.908876 0.0 0.0
215.45433 1.0 1.0
215.999784 0.0 0.0
216.545238 1.0 0.0
217.090692 0.0 0.0
217.636146 1.0 1.0
218.1816 0.0 0.0
218.727054 1.0 0.0
219.27250800000002 0.0 0.0
219.817962 1.0 1.0
220.363416 0.0 0.0
220.90887 1.0 0.0
221.454324 0.0 0.0
221.999778 1.0 1.0
222.545232 0.0 0.0
223.090686 1.0 0.0
223.63614 0.0 0.0
224.181594 1.0 1.0
224.727048 0.0 0.0
225.272502 1.0 0.0
225.817956 0.0 0.0
226.36341000000002 1.0 1.0
226.908864 0.0 0.0
227.454318 1.0 0.0
227.999772 0.0 0.0
228.545226 1.0 1.0
229.09068 0.0 0.0
229.636134 1.0 0.0
230.181588 0.0 0.0
230.727042 1.0 1.0
231.272496 0.0 0.0
231.81795 1.0 0.0
232.363404 0.0 0.0
232.908858 1.0 1.0
233.45431200000002 0.0 0.0
233.999766 1.0 0.0
234.54522 0.0 0.0
235.090674 1.0 1.0
235.636128 0.0 0.0
236.181582 1.0 0.0
236.727036 0.0 0.0
237.27249 1.0 1.0
237.817944 0.0 0.0
238.363398 1.0 0.0
238.908852 0.0 0.0
239.454306 1.0 1.0
239.99976 0.0 0.0
240.54521400000002 1.0 0.0
241.090668 0.0 0.0
241.636122 1.0 1.0
242.181576 0.0 0.0
242.72703 1.0 0.0
243.272484 0.0 0.0
243.817938 1.0 0.0
244.363392 0.0 0.0
244.908846 1.0 1.0
245.45430000000002 0.0 0.0
245.999754 1.0 0.0
246.545208 0.0 0.0
247.090662 1.0 1.0
247.63611600000002 0.0 0.0