0.681290368 1.0 1.0
1.649032368 0.0 0.0
2.616774368 1.0 0.0
3.584516368 0.0 0.0
4.552258368 1.0 1.0
5.520000368000001 0.0 0.0
6.487742368000001 1.0 0.0
7.455484368000001 0.0 0.0
8.423226368000002 1.0 1.0
9.390968368000001 0.0 0.0
10.358710368 1.0 0.0
11.326452368000002 0.0 0.0
12.294194368000001 1.0 1.0
13.261936368000002 0.0 0.0
14.229678368000002 1.0 0.0
15.197420368000001 0.0 0.0
16.165162368 1.0 1.0
17.132904368000002 0.0 0.0
18.100646368000003 1.0 0.0
19.068388368 0.0 0.0
20.036130368000002 1.0 1.0
21.003872368000003 0.0 0.0
21.971614368 1.0 0.0
22.939356368000002 0.0 0.0
23.907098368000003 1.0 1.0
24.874840368 0.0 0.0
25.842582368000002 1.0 0.0
26.810324368000003 0.0 0.0
27.778066368000005 1.0 1.0
28.745808368000002 0.0 0.0
29.713550368000003 1.0 0.0
30.681292368000005 0.0 0.0
31.649034368000002 1.0 1.0
32.616776368000004 0.0 0.0
33.584518368000005 1.0 0.0
34.552260368000006 0.0 0.0
35.52000236800001 1.0 1.0
36.48774436800001 0.0 0.0
37.45548636800001 1.0 0.0
38.42322836800001 0.0 0.0
39.390970368000005 1.0 1.0
40.358712368000006 0.0 0.0
41.32645436800001 1.0 0.0
42.29419636800001 0.0 0.0
43.26193836800001 1.0 1.0
44.22968036800001 0.0 0.0
45.197422368000005 1.0 0.0
46.165164368000006 0.0 0.0
47.13290636800001 1.0 1.0
48.10064836800001 0.0 0.0
49.06839036800001 1.0 1.0
50.03613236800001 0.0 0.0
51.00387436800001 1.0 0.0
51.97161636800001 0.0 0.0
52.93935836800001 1.0 1.0
53.90710036800001 0.0 0.0
54.87484236800001 1.0 0.0
55.84258436800001 0.0 0.0
56.81032636800001 1.0 1.0
57.77806836800001 0.0 0.0
58.74581036800001 1.0 0.0
59.71355236800001 0.0 0.0
60.68129436800001 1.0 1.0
61.64903636800001 0.0 0.0
62.616778368000006 1.0 0.0
63.584520368 0.0 0.0
64.552262368 1.0 1.0
65.520004368 0.0 0.0
66.487746368 1.0 0.0
67.455488368 0.0 0.0
68.423230368 1.0 1.0
69.390972368 0.0 0.0
70.35871436800001 1.0 0.0
71.32645636800001 0.0 0.0
72.29419836800001 1.0 1.0
73.261940368 0.0 0.0
74.229682368 1.0 0.0
75.197424368 0.0 0.0
76.165166368 1.0 1.0
77.132908368 0.0 0.0
78.100650368 1.0 0.0
79.068392368 0.0 0.0
80.036134368 1.0 1.0
81.00387636800001 0.0 0.0
81.97161836800001 1.0 0.0
82.93936036800001 0.0 0.0
83.90710236800001 1.0 1.0
84.87484436800001 0.0 0.0
85.842586368 1.0 0.0
86.810328368 0.0 0.0
87.778070368 1.0 1.0
88.745812368 0.0 0.0
89.713554368 1.0 0.0
90.681296368 0.0 0.0
91.649038368 1.0 1.0
92.61678036800001 0.0 0.0
93.58452236800001 1.0 0.0
94.55226436800001 0.0 0.0
95.52000636800001 1.0 1.0
96.48774836800001 0.0 0.0
97.45549036800001 1.0 1.0
98.423232368 0.0 0.0
99.390974368 1.0 0.0
100.358716368 0.0 0.0
101.326458368 1.0 1.0
102.294200368 0.0 0.0
103.261942368 1.0 0.0
104.22968436800001 0.0 0.0
105.19742636800001 1.0 1.0
106.16516836800001 0.0 0.0
107.13291036800001 1.0 0.0
108.10065236800001 0.0 0.0
109.06839436800001 1.0 1.0
110.036136368 0.0 0.0
111.003878368 1.0 0.0
111.971620368 0.0 0.0
112.939362368 1.0 1.0
113.907104368 0.0 0.0
114.87484636800001 1.0 0.0
115.84258836800001 0.0 0.0
116.81033036800001 1.0 1.0
117.77807236800001 0.0 0.0
118.74581436800001 1.0 0.0
119.71355636800001 0.0 0.0
120.68129836800001 1.0 1.0
121.64904036800002 0.0 0.0
122.616782368 1.0 0.0
123.584524368 0.0 0.0
124.55226636800002 1.0 1.0
125.52000836800002 0.0 0.0
126.48775036800002 1.0 0.0
127.45549236800002 0.0 0.0
128.42323436800004 1.0 1.0
129.39097636800003 0.0 0.0
130.358718368 1.0 0.0
131.32646036800003 0.0 0.0
132.29420236800001 1.0 1.0
133.261944368 0.0 0.0
134.22968636800002 1.0 0.0
135.197428368 0.0 0.0
136.16517036800002 1.0 1.0
137.132912368 0.0 0.0
138.10065436800002 1.0 0.0
139.068396368 0.0 0.0
140.03613836800002 1.0 1.0
141.003880368 0.0 0.0
141.971622368 1.0 0.0
142.939364368 0.0 0.0
143.907106368 1.0 1.0
144.87484836800002 0.0 0.0
145.842590368 1.0 0.0
146.81033236800002 0.0 0.0
147.778074368 1.0 1.0
148.74581636800002 0.0 0.0
149.713558368 1.0 0.0
150.68130036800002 0.0 0.0
151.649042368 1.0 1.0
152.61678436800003 0.0 0.0
153.584526368 1.0 0.0
154.552268368 0.0 0.0
155.52001036800002 1.0 1.0
156.487752368 0.0 0.0
157.45549436800002 1.0 0.0
158.423236368 0.0 0.0
159.39097836800002 1.0 1.0
160.358720368 0.0 0.0
161.32646236800002 1.0 0.0
162.294204368 0.0 0.0
163.26194636800003 1.0 1.0
164.229688368 0.0 0.0
165.19743036800003 1.0 0.0
166.16517236800001 0.0 0.0
167.132914368 1.0 0.0
168.10065636800002 0.0 0.0
169.068398368 0.0 0.0