0.10288257000000003 0.0 0.0
0.6590045700000001 1.0 0.0
1.21512657 0.0 0.0
1.77124857 1.0 1.0
2.3273705700000002 0.0 0.0
2.8834925700000005 1.0 0.0
3.4396145700000003 0.0 0.0
3.9957365700000005 1.0 1.0
4.55185857 0.0 0.0
5.1079805700000005 1.0 0.0
5.664102570000001 0.0 0.0
6.22022457 1.0 1.0
6.77634657 0.0 0.0
7.3324685700000005 1.0 0.0
7.888590570000001 0.0 0.0
8.44471257 1.0 1.0
9.000834569999999 0.0 0.0
9.556956569999999 1.0 0.0
10.113078569999999 0.0 0.0
10.66920057 1.0 1.0
11.22532257 0.0 0.0
11.78144457 1.0 0.0
12.33756657 0.0 0.0
12.89368857 1.0 1.0
13.44981057 0.0 0.0
14.005932569999999 1.0 0.0
14.562054569999999 0.0 0.0
15.11817657 1.0 1.0
15.67429857 0.0 0.0
16.23042057 1.0 0.0
16.786542569999998 0.0 0.0
17.34266457 1.0 1.0
17.898786570000002 0.0 0.0
18.45490857 1.0 0.0
19.011030570000003 0.0 0.0
19.567152570000005 1.0 1.0
20.123274570000003 0.0 0.0
20.679396570000005 1.0 0.0
21.235518570000004 0.0 0.0
21.791640570000006 1.0 1.0
22.347762570000004 0.0 0.0
22.903884570000002 1.0 0.0
23.460006570000004 0.0 0.0
24.016128570000003 1.0 1.0
24.572250570000005 0.0 0.0
25.128372570000003 1.0 0.0
25.684494570000005 0.0 0.0
26.240616570000004 1.0 1.0
26.796738570000006 0.0 0.0
27.352860570000004 1.0 0.0
27.908982570000003 0.0 0.0
28.465104570000005 1.0 1.0
29.021226570000003 0.0 0.0
29.577348570000005 1.0 0.0
30.133470570000004 0.0 0.0
30.689592570000006 1.0 1.0
31.245714570000004 0.0 0.0
31.801836570000003 1.0 0.0
32.35795857 0.0 0.0
32.91408057 1.0 1.0
33.470202570000005 0.0 0.0
34.02632457000001 1.0 0.0
34.58244657 0.0 0.0
35.138568570000004 1.0 1.0
35.694690570000006 0.0 0.0
36.25081257 1.0 0.0
36.80693457 0.0 0.0
37.363056570000005 1.0 1.0
37.91917857000001 0.0 0.0
38.47530057 1.0 0.0
39.031422570000004 0.0 0.0
39.587544570000006 1.0 1.0
40.14366657000001 0.0 0.0
40.69978857 1.0 0.0
41.255910570000005 0.0 0.0
41.81203257000001 1.0 1.0
42.36815457 0.0 0.0
42.92427657 1.0 0.0
43.480398570000006 0.0 0.0
44.03652057000001 1.0 1.0
44.59264257 0.0 0.0
45.148764570000004 1.0 0.0
45.704886570000006 0.0 0.0
46.26100857 1.0 1.0
46.81713057 0.0 0.0
47.373252570000005 1.0 0.0
47.92937457000001 0.0 0.0
48.48549657 1.0 1.0
49.041618570000004 0.0 0.0
49.597740570000006 1.0 0.0
50.15386257 0.0 0.0
50.70998457 1.0 1.0
51.266106570000005 0.0 0.0
51.82222857000001 1.0 0.0
52.37835057 0.0 0.0
52.934472570000004 1.0 1.0
53.490594570000006 0.0 0.0
54.04671657000001 1.0 0.0
54.60283857 0.0 0.0
55.158960570000005 1.0 1.0
55.71508257000001 0.0 0.0
56.27120457 1.0 0.0
56.827326570000004 0.0 0.0
57.383448570000006 1.0 1.0
57.93957057000001 0.0 0.0
58.49569257 1.0 0.0
59.051814570000005 0.0 0.0
59.60793657000001 1.0 1.0
60.16405857 0.0 0.0
60.720180570000004 1.0 0.0
61.276302570000006 0.0 0.0
61.83242457000001 1.0 1.0
62.38854657 0.0 0.0
62.944668570000005 1.0 0.0
63.50079057000001 0.0 0.0
64.05691257000001 1.0 1.0
64.61303457000001 0.0 0.0
65.16915657 1.0 0.0
65.72527857 0.0 0.0
66.28140057 1.0 1.0
66.83752257 0.0 0.0
67.39364457 1.0 0.0
67.94976657000001 0.0 0.0
68.50588857000001 1.0 1.0
69.06201057 0.0 0.0
69.61813257 1.0 0.0
70.17425457 0.0 0.0
70.73037657 1.0 1.0
71.28649857 0.0 0.0
71.84262057000001 1.0 0.0
72.39874257000001 0.0 0.0
72.95486457000001 1.0 1.0
73.51098657 0.0 0.0
74.06710857 1.0 0.0
74.62323057 0.0 0.0
75.17935257 1.0 1.0
75.73547457000001 0.0 0.0
76.29159657000001 1.0 0.0
76.84771857000001 0.0 0.0
77.40384057 1.0 1.0
77.95996257 0.0 0.0
78.51608457 1.0 0.0
79.07220657 0.0 0.0
79.62832857000001 1.0 1.0
80.18445057000001 0.0 0.0
80.74057257000001 1.0 0.0
81.29669457 0.0 0.0
81.85281657 1.0 1.0
82.40893857 0.0 0.0
82.96506057 1.0 0.0
83.52118257000001 0.0 0.0
84.07730457000001 1.0 1.0
84.63342657000001 0.0 0.0
85.18954857 1.0 0.0
85.74567057 0.0 0.0
86.30179257 1.0 1.0
86.85791457 0.0 0.0
87.41403657000001 1.0 0.0
87.97015857000001 0.0 0.0
88.52628057000001 1.0 1.0
89.08240257 0.0 0.0
89.63852457 1.0 0.0
90.19464657 0.0 0.0
90.75076857 1.0 1.0
91.30689057000001 0.0 0.0
91.86301257000001 1.0 0.0
92.41913457000001 0.0 0.0
92.97525657 1.0 1.0
93.53137857 0.0 0.0
94.08750057 1.0 0.0
94.64362257 0.0 0.0
95.19974457000001 1.0 1.0
95.75586657000001 0.0 0.0
96.31198857000001 1.0 0.0
96.86811057 0.0 0.0
97.42423257 1.0 1.0
97.98035457 0.0 0.0
98.53647657 1.0 0.0
99.09259857 0.0 0.0
99.64872057000001 1.0 1.0
100.20484257000001 0.0 0.0
100.76096457000001 1.0 0.0
101.31708657 0.0 0.0
101.87320857 1.0 1.0
102.42933057 0.0 0.0
102.98545257 1.0 0.0
103.54157457000001 0.0 0.0
104.09769657000001 1.0 1.0
104.65381857000001 0.0 0.0
105.20994057 1.0 0.0
105.76606257 0.0 0.0
106.32218457 1.0 1.0
106.87830657 0.0 0.0
107.43442857000001 1.0 0.0
107.99055057000001 0.0 0.0
108.54667257000001 1.0 1.0
109.10279457 0.0 0.0
109.65891657 1.0 0.0
110.21503857 0.0 0.0
110.77116057 1.0 1.0
111.32728257000001 0.0 0.0
111.88340457000001 1.0 0.0
112.43952657000001 0.0 0.0
112.99564857 1.0 1.0
113.55177057 0.0 0.0
114.10789257 1.0 0.0
114.66401457 0.0 0.0
115.22013657000001 1.0 1.0
115.77625857000001 0.0 0.0
116.33238057000001 1.0 0.0
116.88850257 0.0 0.0
117.44462457 1.0 1.0
118.00074657 0.0 0.0
118.55686857 1.0 0.0
119.11299057000001 0.0 0.0
119.66911257000001 1.0 1.0
120.22523457000001 0.0 0.0
120.78135657 1.0 0.0
121.33747857 0.0 0.0
121.89360057 1.0 1.0
122.44972257 0.0 0.0
123.00584457000001 1.0 0.0
123.56196657000001 0.0 0.0
124.11808857000001 1.0 1.0
124.67421057 0.0 0.0
125.23033257 1.0 0.0
125.78645457 0.0 0.0
126.34257657 1.0 1.0
126.89869857000001 0.0 0.0
127.45482057000001 1.0 0.0
128.01094257 0.0 0.0
128.56706457 1.0 1.0
129.12318657 0.0 0.0
129.67930857000002 1.0 0.0
130.23543057 0.0 0.0
130.79155257 1.0 1.0
131.34767457 0.0 0.0
131.90379657 1.0 0.0
132.45991857 0.0 0.0
133.01604057 1.0 1.0
133.57216257000002 0.0 0.0
134.12828457 1.0 0.0
134.68440657 0.0 0.0
135.24052857 1.0 1.0
135.79665057 0.0 0.0
136.35277257 1.0 0.0
136.90889457 0.0 0.0
137.46501657000002 1.0 1.0
138.02113857 0.0 0.0
138.57726057 1.0 0.0
139.13338257 0.0 0.0
139.68950457 1.0 1.0
140.24562657 0.0 0.0
140.80174857 1.0 0.0
141.35787057000002 0.0 0.0
141.91399257 1.0 1.0
142.47011457000002 0.0 0.0
143.02623657 1.0 0.0
143.58235857 0.0 0.0
144.13848057 1.0 1.0
144.69460257 0.0 0.0
145.25072457000002 1.0 0.0
145.80684657 0.0 0.0
146.36296857000002 1.0 1.0
146.91909057 0.0 0.0
147.47521257 1.0 0.0
148.03133457 0.0 0.0
148.58745657 1.0 1.0
149.14357857000002 0.0 0.0
149.69970057 1.0 0.0
150.25582257000002 0.0 0.0
150.81194457 1.0 1.0
151.36806657 0.0 0.0
151.92418856999998 1.0 0.0
152.48031057 0.0 0.0
153.03643257 1.0 1.0
153.59255457 0.0 0.0
154.14867657 1.0 0.0
154.70479856999998 0.0 0.0
155.26092057 1.0 1.0
155.81704256999998 0.0 0.0
156.37316457 1.0 0.0
156.92928657 0.0 0.0
157.48540857 1.0 1.0
158.04153057 0.0 0.0
158.59765256999998 1.0 0.0
159.15377457 0.0 0.0
159.70989656999998 1.0 1.0
160.26601857 0.0 0.0
160.82214057 1.0 0.0
161.37826257 0.0 0.0
161.93438457 1.0 1.0
162.49050656999998 0.0 0.0
163.04662857 1.0 0.0
163.60275056999998 0.0 0.0
164.15887257 1.0 1.0
164.71499457 0.0 0.0
165.27111657 1.0 0.0
165.82723857 0.0 0.0
166.38336056999998 1.0 1.0
166.93948257 0.0 0.0
167.49560456999998 1.0 0.0
168.05172657 0.0 0.0
168.60784857 1.0 1.0
169.16397057 0.0 0.0
169.72009257 1.0 0.0
170.27621456999998 0.0 0.0
170.83233657 1.0 1.0
171.38845856999998 0.0 0.0
171.94458057 1.0 0.0
172.50070257 0.0 0.0
173.05682457 1.0 1.0
173.61294657 0.0 0.0
174.16906856999998 1.0 0.0
174.72519057 0.0 0.0
175.28131256999998 1.0 1.0
175.83743457 0.0 0.0
176.39355657 1.0 0.0
176.94967857 0.0 0.0
177.50580057 1.0 1.0
178.06192256999998 0.0 0.0
178.61804457 1.0 0.0
179.17416656999998 0.0 0.0
179.73028857 1.0 1.0
180.28641057 0.0 0.0
180.84253257 1.0 0.0
181.39865457 0.0 0.0
181.95477656999998 1.0 1.0
182.51089857 0.0 0.0
183.06702056999998 1.0 0.0
183.62314257 0.0 0.0
184.17926457 1.0 1.0
184.73538657 0.0 0.0
185.29150857 1.0 0.0
185.84763056999998 0.0 0.0
186.40375257 1.0 1.0
186.95987456999998 0.0 0.0
187.51599657 1.0 0.0
188.07211857 0.0 0.0
188.62824057 1.0 1.0
189.18436257 0.0 0.0
189.74048456999998 1.0 0.0
190.29660657 0.0 0.0
190.85272856999998 1.0 1.0
191.40885057 0.0 0.0
191.96497257 1.0 0.0
192.52109457 0.0 0.0
193.07721657 1.0 1.0
193.63333856999998 0.0 0.0
194.18946057 1.0 0.0
194.74558256999998 0.0 0.0
195.30170457 1.0 1.0
195.85782657 0.0 0.0
196.41394857 1.0 0.0
196.97007057 0.0 0.0
197.52619256999998 1.0 1.0
198.08231457 0.0 0.0
198.63843656999998 1.0 0.0
199.19455857 0.0 0.0
199.75068057 1.0 1.0
200.30680257 0.0 0.0
200.86292457 1.0 0.0
201.41904656999998 0.0 0.0
201.97516857 1.0 1.0
202.53129056999998 0.0 0.0
203.08741257 1.0 0.0
203.64353456999999 0.0 0.0
204.19965657 1.0 1.0
204.75577857 0.0 0.0
205.31190057 1.0 0.0
205.86802257 0.0 0.0
206.42414456999998 1.0 1.0
206.98026657 0.0 0.0
207.53638856999999 1.0 0.0
208.09251057 0.0 0.0
208.64863257 1.0 1.0
209.20475457 0.0 0.0
209.76087657 1.0 0.0
210.31699856999998 0.0 0.0
210.87312057 1.0 1.0
211.42924256999999 0.0 0.0
211.98536457 1.0 0.0
212.54148657 0.0 0.0
213.09760857 1.0 1.0
213.65373057 0.0 0.0
214.20985256999998 1.0 0.0
214.76597457 0.0 0.0
215.32209656999999 1.0 1.0
215.87821857 0.0 0.0
216.43434057 1.0 0.0
216.99046257 0.0 0.0
217.54658457 1.0 1.0
218.10270656999998 0.0 0.0
218.65882857 1.0 0.0
219.21495056999998 0.0 0.0
219.77107257 1.0 1.0
220.32719457 0.0 0.0
220.88331657 1.0 0.0
221.43943857 0.0 0.0
221.99556056999998 1.0 1.0
222.55168257 0.0 0.0
223.10780456999998 1.0 0.0
223.66392657 0.0 0.0
224.22004857 1.0 1.0
224.77617057 0.0 0.0
225.33229257 1.0 0.0
225.88841456999998 0.0 0.0
226.44453657 1.0 1.0
227.00065856999998 0.0 0.0
227.55678057 1.0 0.0
228.11290257 0.0 0.0
228.66902457 1.0 1.0
229.22514657 0.0 0.0
229.78126856999998 1.0 0.0
230.33739057 0.0 0.0
230.89351256999998 1.0 1.0
231.44963457 0.0 0.0
232.00575657 1.0 0.0
232.56187857 0.0 0.0
233.11800057 1.0 1.0
233.67412256999998 0.0 0.0
234.23024457 1.0 0.0
234.78636656999998 0.0 0.0
235.34248857 1.0 1.0
235.89861057 0.0 0.0
236.45473257 1.0 0.0
237.01085457 0.0 0.0
237.56697656999998 1.0 1.0
238.12309857 0.0 0.0
238.67922056999998 1.0 0.0
239.23534257 0.0 0.0
239.79146457 1.0 1.0
240.34758657 0.0 0.0
240.90370857 1.0 0.0
241.45983056999998 0.0 0.0
242.01595257 1.0 1.0
242.57207456999998 0.0 0.0
243.12819657 1.0 0.0
243.68431857 0.0 0.0
244.24044057 1.0 1.0
244.79656257 0.0 0.0
245.35268456999998 1.0 0.0
245.90880657 0.0 0.0
246.46492856999998 1.0 1.0
247.02105057 0.0 0.0
247.57717257 1.0 0.0
248.13329457 0.0 0.0
248.68941657 1.0 1.0
249.24553856999998 0.0 0.0
249.80166057 1.0 0.0
250.35778256999998 0.0 0.0
250.91390457 1.0 1.0
251.47002657 0.0 0.0
252.02614857 1.0 0.0
252.58227057 0.0 0.0
253.13839256999998 1.0 1.0
253.69451457 0.0 0.0
254.25063656999998 1.0 0.0
254.80675857 0.0 0.0
255.36288057 1.0 1.0
255.91900257 0.0 0.0
256.47512457 1.0 0.0
257.03124657 0.0 0.0
257.58736856999997 1.0 1.0
258.14349057 0.0 0.0
258.69961257 1.0 0.0
259.25573457 0.0 0.0
259.81185657 1.0 1.0
260.36797857 0.0 0.0
260.92410057 1.0 0.0
261.48022256999997 0.0 0.0
262.03634457 1.0 1.0
262.59246657 0.0 0.0
263.14858857 1.0 0.0
263.70471057 0.0 0.0
264.26083257 1.0 1.0
264.81695457 0.0 0.0
265.37307656999997 1.0 0.0
265.92919857 0.0 0.0
266.48532057 1.0 1.0
267.04144257 0.0 0.0
267.59756457 1.0 0.0
268.15368657 0.0 0.0
268.70980857 1.0 1.0
269.26593056999997 0.0 0.0
269.82205257 1.0 0.0
270.37817457 0.0 0.0
270.93429657 1.0 1.0
271.49041857 0.0 0.0
272.04654057 1.0 0.0
272.60266257 0.0 0.0
273.15878456999997 1.0 1.0
273.71490657 0.0 0.0
274.27102857 1.0 0.0
274.82715057 0.0 0.0
275.38327257 1.0 1.0
275.93939457 0.0 0.0
276.49551657 1.0 0.0
277.05163856999997 0.0 0.0
277.60776057 1.0 1.0
278.16388257 0.0 0.0
278.72000457 1.0 0.0
279.27612657 0.0 0.0
279.83224857 1.0 1.0
280.38837057 0.0 0.0
280.94449256999997 1.0 0.0
281.50061457 0.0 0.0
282.05673657 1.0 1.0
282.61285857 0.0 0.0
283.16898057 1.0 0.0
283.72510257 0.0 0.0
284.28122457 1.0 1.0
284.83734656999997 0.0 0.0
285.39346857 1.0 0.0
285.94959057 0.0 0.0
286.50571257 1.0 1.0
287.06183457 0.0 0.0
287.61795657 1.0 0.0
288.17407857 0.0 0.0
288.73020057 1.0 1.0
289.28632257 0.0 0.0
289.84244457 1.0 0.0
290.39856657 0.0 0.0
290.95468857 1.0 1.0
291.51081057 0.0 0.0
292.06693257 1.0 0.0
292.62305457 0.0 0.0
293.17917657 1.0 1.0
293.73529857 0.0 0.0
294.29142057 1.0 0.0
294.84754257 0.0 0.0
295.40366457 1.0 1.0
295.95978657 0.0 0.0
296.51590857 1.0 0.0
297.07203057 0.0 0.0
297.62815257 1.0 1.0
298.18427457 0.0 0.0
298.74039657 1.0 0.0
299.29651857 0.0 0.0
299.85264057 1.0 1.0
300.40876257 0.0 0.0
300.96488457 1.0 0.0
301.52100657 0.0 0.0
302.07712857 1.0 1.0
302.63325057 0.0 0.0
303.18937257 1.0 0.0
303.74549457 0.0 0.0
304.30161657 1.0 1.0
304.85773857 0.0 0.0
305.41386057 1.0 0.0
305.96998257 0.0 0.0
306.52610457 1.0 1.0
307.08222657 0.0 0.0
307.63834857 1.0 0.0
308.19447057 0.0 0.0
308.75059257 1.0 1.0
309.30671457 0.0 0.0
309.86283657 1.0 0.0
310.41895857 0.0 0.0
310.97508057 1.0 1.0
311.53120257 0.0 0.0
312.08732457 1.0 0.0
312.64344657 0.0 0.0
313.19956857 1.0 1.0
313.75569057 0.0 0.0
314.31181257 1.0 0.0
314.86793457 0.0 0.0
315.42405657 1.0 1.0
315.98017857 0.0 0.0
316.53630057 1.0 0.0
317.09242257 0.0 0.0
317.64854457 1.0 1.0
318.20466657 0.0 0.0
318.76078857 1.0 0.0
319.31691057 0.0 0.0
319.87303257 1.0 1.0
320.42915457 0.0 0.0
320.98527657 1.0 0.0
321.54139857 0.0 0.0
322.09752057 1.0 1.0
322.65364257 0.0 0.0
323.20976457 0.0 0.0
323.76588657 1.0 1.0
324.32200857 0.0 0.0
324.87813057 1.0 0.0
325.43425257 0.0 0.0
325.99037457 1.0 1.0
326.54649657 0.0 0.0
327.10261857 1.0 0.0
327.65874057 0.0 0.0
328.21486257 1.0 1.0
328.77098457 0.0 0.0
329.32710657 1.0 0.0
329.88322856999997 0.0 0.0
330.43935057 1.0 1.0
330.99547257 0.0 0.0
331.55159457 1.0 0.0
332.10771657 0.0 0.0
332.66383857 1.0 1.0
333.21996057 0.0 0.0
333.77608256999997 1.0 0.0
334.33220457 0.0 0.0
334.88832657 1.0 1.0
335.44444857 0.0 0.0
336.00057057 1.0 0.0
336.55669257 0.0 0.0
337.11281457 1.0 0.0