0.581394375 1.0 1.0
1.5116253750000002 0.0 0.0
2.441856375 1.0 0.0
3.372087375 0.0 0.0
4.3023183750000005 1.0 1.0
5.2325493750000005 0.0 0.0
6.1627803750000005 1.0 0.0
7.093011375000001 0.0 0.0
8.023242375 1.0 1.0
8.953473375 0.0 0.0
9.883704375 1.0 0.0
10.813935375 0.0 0.0
11.744166375 1.0 1.0
12.674397375 0.0 0.0
13.604628375 1.0 0.0
14.534859375 0.0 0.0
15.465090375 1.0 1.0
16.395321375 0.0 0.0
17.325552375 1.0 0.0
18.255783375 0.0 0.0
19.186014375000003 1.0 1.0
20.116245375000002 0.0 0.0
21.046476375 1.0 0.0
21.976707375 0.0 0.0
22.906938375000003 1.0 1.0
23.837169375000002 0.0 0.0
24.767400375 1.0 0.0
25.697631375 0.0 0.0
26.627862375000003 1.0 1.0
27.558093375000002 0.0 0.0
28.488324375 1.0 0.0
29.418555375 0.0 0.0
30.348786375000003 1.0 1.0
31.279017375000002 0.0 0.0
32.209248375 1.0 0.0
33.139479375 0.0 0.0
34.069710375 1.0 1.0
34.999941375 0.0 0.0
35.930172375000005 1.0 0.0
36.860403375000004 0.0 0.0
37.790634375 1.0 1.0
38.720865375 0.0 0.0
39.651096375 1.0 0.0
40.581327375 0.0 0.0
41.511558375 1.0 1.0
42.441789375 0.0 0.0
43.372020375000005 1.0 0.0
44.302251375000004 0.0 0.0
45.232482375000004 1.0 1.0
46.162713375 0.0 0.0
47.092944375 1.0 1.0
48.023175375 0.0 0.0
48.953406375 1.0 0.0
49.883637375 0.0 0.0
50.813868375000006 1.0 1.0
51.744099375000005 0.0 0.0
52.674330375000004 1.0 0.0
53.604561375 0.0 0.0
54.534792375 1.0 1.0
55.465023375 0.0 0.0
56.395254375 1.0 0.0
57.325485375 0.0 0.0
58.255716375000006 1.0 1.0
59.185947375000005 0.0 0.0
60.116178375000004 1.0 0.0
61.046409375 0.0 0.0
61.976640375 1.0 1.0
62.906871375 0.0 0.0
63.837102375 1.0 0.0
64.767333375 0.0 0.0
65.697564375 1.0 1.0
66.627795375 0.0 0.0
67.558026375 1.0 0.0
68.488257375 0.0 0.0
69.41848837500001 1.0 1.0
70.348719375 0.0 0.0
71.27895037500001 1.0 0.0
72.209181375 0.0 0.0
73.139412375 1.0 1.0
74.069643375 0.0 0.0
74.999874375 1.0 0.0
75.93010537500001 0.0 0.0
76.860336375 1.0 1.0
77.79056737500001 0.0 0.0
78.720798375 1.0 0.0
79.65102937500001 0.0 0.0
80.581260375 1.0 1.0
81.511491375 0.0 0.0
82.441722375 1.0 0.0
83.371953375 0.0 0.0
84.30218437500001 1.0 1.0
85.232415375 0.0 0.0
86.16264637500001 1.0 0.0
87.092877375 0.0 0.0
88.023108375 1.0 1.0
88.953339375 0.0 0.0
89.883570375 1.0 0.0
90.81380137500001 0.0 0.0
91.744032375 1.0 1.0
92.67426337500001 0.0 0.0
93.604494375 1.0 0.0
94.53472537500001 0.0 0.0
95.464956375 1.0 1.0
96.395187375 0.0 0.0
97.325418375 1.0 0.0
98.255649375 0.0 0.0
99.18588037500001 1.0 1.0
100.116111375 0.0 0.0
101.04634237500001 1.0 0.0
101.976573375 0.0 0.0
102.90680437500001 1.0 1.0
103.837035375 0.0 0.0
104.767266375 1.0 0.0
105.69749737500001 0.0 0.0
106.627728375 1.0 1.0
107.55795937500001 0.0 0.0
108.488190375 1.0 0.0
109.41842137500001 0.0 0.0
110.348652375 1.0 1.0
111.278883375 0.0 0.0
112.20911437500001 1.0 0.0
113.139345375 0.0 0.0
114.06957637500001 1.0 1.0
114.999807375 0.0 0.0
115.93003837500001 1.0 0.0
116.860269375 0.0 0.0
117.79050037500001 1.0 1.0
118.720731375 0.0 0.0
119.650962375 1.0 0.0
120.58119337500001 0.0 0.0
121.511424375 1.0 1.0
122.44165537500001 0.0 0.0
123.371886375 1.0 0.0
124.30211737500001 0.0 0.0
125.232348375 1.0 1.0
126.162579375 0.0 0.0
127.09281037500001 1.0 0.0
128.02304137500002 0.0 0.0
128.953272375 1.0 1.0
129.883503375 0.0 0.0
130.813734375 1.0 0.0
131.74396537500002 0.0 0.0
132.674196375 1.0 1.0
133.604427375 0.0 0.0
134.53465837500002 1.0 0.0
135.464889375 0.0 0.0
136.395120375 1.0 1.0
137.325351375 0.0 0.0
138.25558237500002 1.0 0.0
139.185813375 0.0 0.0
140.116044375 1.0 1.0
141.046275375 0.0 0.0
141.976506375 1.0 0.0
142.906737375 0.0 0.0
143.836968375 1.0 1.0
144.76719937500002 0.0 0.0
145.697430375 1.0 0.0
146.627661375 0.0 0.0
147.557892375 1.0 1.0
148.48812337500001 0.0 0.0
149.418354375 1.0 0.0
150.348585375 0.0 0.0
151.27881637500002 1.0 1.0
152.209047375 0.0 0.0
153.139278375 1.0 0.0
154.069509375 0.0 0.0
154.99974037500002 1.0 1.0
155.929971375 0.0 0.0
156.860202375 1.0 0.0
157.79043337500002 0.0 0.0
158.720664375 1.0 1.0
159.650895375 0.0 0.0
160.581126375 1.0 0.0
161.51135737500002 0.0 0.0
162.441588375 1.0 1.0
163.371819375 0.0 0.0
164.30205037500002 1.0 0.0
165.232281375 0.0 0.0
166.162512375 1.0 1.0
167.092743375 0.0 0.0
168.02297437500002 1.0 0.0
168.953205375 0.0 0.0
169.883436375 1.0 1.0
170.81366737500002 0.0 0.0
171.74389837500001 1.0 0.0
172.674129375 0.0 0.0
173.604360375 1.0 1.0
174.53459137500002 0.0 0.0
175.464822375 1.0 0.0
176.395053375 0.0 0.0
177.325284375 1.0 1.0
178.25551537500002 0.0 0.0
179.185746375 1.0 0.0
180.115977375 0.0 0.0
181.04620837500002 1.0 1.0
181.976439375 0.0 0.0
182.906670375 1.0 0.0
183.836901375 0.0 0.0
184.76713237500002 1.0 1.0
185.697363375 0.0 0.0
186.627594375 1.0 0.0
187.55782537500002 0.0 0.0
188.488056375 1.0 1.0
189.418287375 0.0 0.0
190.348518375 1.0 0.0
191.27874937500002 0.0 0.0
192.208980375 1.0 1.0
193.139211375 0.0 0.0
194.06944237500002 1.0 0.0
194.99967337500001 0.0 0.0
195.929904375 1.0 1.0
196.860135375 0.0 0.0
197.79036637500002 1.0 0.0
198.720597375 0.0 0.0
199.650828375 1.0 1.0
200.58105937500002 0.0 0.0
201.51129037500002 1.0 0.0
202.441521375 0.0 0.0
203.371752375 1.0 1.0
204.30198337500002 0.0 0.0
205.232214375 1.0 0.0
206.162445375 0.0 0.0
207.09267637500002 1.0 1.0
208.02290737500002 0.0 0.0
208.953138375 1.0 0.0
209.883369375 0.0 0.0
210.81360037500002 1.0 1.0
211.743831375 0.0 0.0
212.674062375 1.0 0.0
213.604293375 0.0 0.0
214.53452437500002 1.0 1.0
215.464755375 0.0 0.0
216.394986375 1.0 0.0
217.32521737500002 0.0 0.0
218.25544837500001 1.0 0.0
219.185679375 0.0 0.0
220.115910375 1.0 1.0
221.04614137500002 0.0 0.0
221.976372375 1.0 0.0
222.906603375 0.0 0.0
223.83683437500002 1.0 1.0
224.76706537500002 0.0 0.0
225.697296375 1.0 0.0
226.627527375 0.0 0.0
227.55775837500002 1.0 1.0
228.487989375 0.0 0.0
229.418220375 1.0 0.0
230.34845137500002 0.0 0.0
231.27868237500002 1.0 1.0
232.208913375 0.0 0.0
233.139144375 1.0 0.0
234.06937537500002 0.0 0.0
234.999606375 1.0 1.0
235.929837375 0.0 0.0
236.86006837500003 1.0 0.0
237.79029937500002 0.0 0.0
238.720530375 1.0 1.0
239.650761375 0.0 0.0
240.58099237500002 1.0 0.0
241.51122337500001 0.0 0.0
242.441454375 1.0 1.0
243.37168537500003 0.0 0.0
244.30191637500002 1.0 0.0
245.232147375 0.0 0.0
246.162378375 1.0 1.0
247.09260937500002 0.0 0.0
248.02284037500002 1.0 0.0
248.953071375 0.0 0.0
249.883302375 1.0 1.0
250.81353337500002 0.0 0.0
251.743764375 0.0 0.0
252.673995375 1.0 0.0
253.60422637500002 0.0 0.0
254.53445737500002 1.0 1.0
255.464688375 0.0 0.0
256.39491937500003 1.0 0.0
257.325150375 0.0 0.0
258.255381375 1.0 1.0
259.185612375 0.0 0.0
260.115843375 1.0 0.0
261.046074375 0.0 0.0
261.97630537500004 1.0 1.0
262.90653637500003 0.0 0.0
263.836767375 1.0 0.0
264.766998375 0.0 0.0
265.697229375 1.0 1.0
266.627460375 0.0 0.0
267.557691375 1.0 0.0
268.48792237500004 0.0 0.0
269.41815337500003 1.0 1.0
270.348384375 0.0 0.0
271.278615375 1.0 0.0