0.227461572 1.0 0.0
0.6752205720000001 0.0 0.0
1.122979572 1.0 1.0
1.570738572 0.0 0.0
2.0184975720000002 1.0 0.0
2.4662565720000003 0.0 0.0
2.9140155720000003 1.0 0.0
3.3617745720000003 0.0 0.0
3.809533572 1.0 1.0
4.257292571999999 0.0 0.0
4.7050515719999995 1.0 0.0
5.152810571999999 0.0 0.0
5.6005695719999995 1.0 1.0
6.048328571999999 0.0 0.0
6.4960875719999995 1.0 0.0
6.943846571999999 0.0 0.0
7.391605572 1.0 1.0
7.839364572 0.0 0.0
8.287123572 1.0 0.0
8.734882572 0.0 0.0
9.182641572 1.0 1.0
9.630400572000001 0.0 0.0
10.078159572 1.0 0.0
10.525918572 0.0 0.0
10.973677572 1.0 1.0
11.421436572000001 0.0 0.0
11.869195572 1.0 0.0
12.316954572 0.0 0.0
12.764713572 1.0 1.0
13.212472572000001 0.0 0.0
13.660231572 1.0 0.0
14.107990572 0.0 0.0
14.555749572000002 1.0 1.0
15.003508572000003 0.0 0.0
15.451267572 1.0 0.0
15.899026572 0.0 0.0
16.346785572 1.0 1.0
16.794544572 0.0 0.0
17.242303572 1.0 0.0
17.690062572000002 0.0 0.0
18.137821572 1.0 1.0
18.585580572 0.0 0.0
19.033339572 1.0 0.0
19.481098572 0.0 0.0
19.928857572000002 1.0 1.0
20.376616572 0.0 0.0
20.824375572 1.0 0.0
21.272134572000002 0.0 0.0
21.719893572 1.0 1.0
22.167652572 0.0 0.0
22.615411572 1.0 0.0
23.063170572 0.0 0.0
23.510929572000002 1.0 1.0
23.958688572 0.0 0.0
24.406447572 1.0 0.0
24.854206572000002 0.0 0.0
25.301965572 1.0 1.0
25.749724572 0.0 0.0
26.197483572 1.0 0.0
26.645242572 0.0 0.0
27.093001572000002 1.0 1.0
27.540760572 0.0 0.0
27.988519572 1.0 0.0
28.436278572000003 0.0 0.0
28.884037571999997 1.0 1.0
29.331796572 0.0 0.0
29.779555572 1.0 0.0
30.227314571999997 0.0 0.0
30.675073572 1.0 1.0
31.122832571999997 0.0 0.0
31.570591571999998 1.0 0.0
32.018350571999996 0.0 0.0
32.466109572 1.0 1.0
32.913868572 0.0 0.0
33.361627571999996 1.0 0.0
33.809386572 0.0 0.0
34.257145572 1.0 1.0
34.704904572 0.0 0.0
35.152663571999994 1.0 0.0
35.600422572 0.0 0.0
36.048181572 1.0 1.0
36.495940571999995 0.0 0.0
36.943699572 1.0 0.0
37.391458572 0.0 0.0
37.839217571999995 1.0 1.0
38.286976572 0.0 0.0
38.734735572 1.0 0.0
39.182494571999996 0.0 0.0
39.630253572 1.0 1.0
40.078012572 0.0 0.0
40.525771572 1.0 0.0
40.973530572 0.0 0.0
41.421289572 1.0 1.0
41.869048572 0.0 0.0
42.316807571999995 1.0 0.0
42.764566572 0.0 0.0
43.212325572 1.0 0.0
43.660084571999995 0.0 0.0
44.107843572 1.0 1.0
44.555602572 0.0 0.0
45.003361571999996 1.0 1.0
45.451120572 0.0 0.0
45.898879572 1.0 0.0
46.346638571999996 0.0 0.0
46.794397572 1.0 1.0
47.242156572 0.0 0.0
47.689915572 1.0 0.0
48.137674572 0.0 0.0
48.585433572 1.0 1.0
49.033192572 0.0 0.0
49.480951571999995 1.0 0.0
49.928710572 0.0 0.0
50.376469572 1.0 1.0
50.824228571999996 0.0 0.0
51.271987572 1.0 0.0
51.719746572 0.0 0.0
52.167505571999996 1.0 1.0
52.615264572 0.0 0.0
53.063023572 1.0 0.0
53.510782572 0.0 0.0
53.958541572 1.0 1.0
54.406300572 0.0 0.0
54.854059572 1.0 0.0
55.301818572 0.0 0.0
55.749577572 1.0 1.0
56.197336572 0.0 0.0
56.645095571999995 1.0 0.0
57.092854572 0.0 0.0
57.540613572000005 1.0 1.0
57.988372572 0.0 0.0
58.43613157200001 1.0 0.0
58.883890572000006 0.0 0.0
59.331649572 1.0 1.0
59.77940857200001 0.0 0.0
60.227167572000006 1.0 0.0
60.674926572000004 0.0 0.0
61.12268557200001 1.0 1.0
61.570444572000014 0.0 0.0
62.01820357200001 1.0 0.0
62.46596257200001 0.0 0.0
62.913721572000014 1.0 1.0
63.36148057200001 0.0 0.0
63.80923957200001 1.0 0.0
64.25699857200001 0.0 0.0
64.70475757200002 1.0 1.0
65.15251657200001 0.0 0.0
65.60027557200002 1.0 0.0
66.048034572 0.0 0.0
66.49579357200001 1.0 1.0
66.94355257200002 0.0 0.0
67.391311572 1.0 0.0
67.83907057200001 0.0 0.0
68.28682957200002 1.0 1.0
68.734588572 0.0 0.0
69.18234757200001 1.0 0.0
69.63010657200002 0.0 0.0
70.07786557200001 1.0 1.0
70.52562457200001 0.0 0.0
70.97338357200002 1.0 0.0
71.42114257200001 0.0 0.0
71.86890157200001 1.0 1.0
72.31666057200002 0.0 0.0
72.76441957200001 1.0 0.0
73.21217857200001 0.0 0.0
73.65993757200002 1.0 1.0
74.10769657200001 0.0 0.0
74.55545557200001 1.0 0.0
75.00321457200002 0.0 0.0
75.45097357200001 1.0 1.0
75.89873257200001 0.0 0.0
76.34649157200002 1.0 0.0
76.79425057200001 0.0 0.0
77.24200957200001 1.0 1.0
77.68976857200002 0.0 0.0
78.13752757200001 1.0 0.0
78.58528657200002 0.0 0.0
79.03304557200002 1.0 1.0
79.48080457200001 0.0 0.0
79.92856357200002 1.0 0.0
80.376322572 0.0 0.0
80.82408157200001 1.0 1.0
81.27184057200002 0.0 0.0
81.719599572 1.0 0.0
82.16735857200001 0.0 0.0
82.61511757200002 1.0 1.0
83.06287657200001 0.0 0.0
83.51063557200001 1.0 0.0
83.95839457200002 0.0 0.0
84.40615357200001 1.0 1.0
84.85391257200001 0.0 0.0
85.30167157200002 1.0 0.0
85.74943057200001 0.0 0.0
86.19718957200001 1.0 1.0
86.64494857200002 0.0 0.0
87.09270757200001 1.0 0.0
87.54046657200001 0.0 0.0
87.98822557200002 1.0 1.0
88.43598457200001 0.0 0.0
88.88374357200001 1.0 0.0
89.33150257200002 0.0 0.0
89.77926157200001 1.0 1.0
90.22702057200001 0.0 0.0
90.67477957200002 1.0 0.0
91.12253857200001 0.0 0.0
91.57029757200002 1.0 1.0
92.01805657200002 0.0 0.0
92.46581557200001 1.0 0.0
92.91357457200002 0.0 0.0
93.361333572 1.0 1.0
93.80909257200001 0.0 0.0
94.25685157200002 1.0 0.0
94.704610572 0.0 0.0
95.15236957200001 1.0 1.0
95.60012857200002 0.0 0.0
96.04788757200001 1.0 0.0
96.49564657200001 0.0 0.0
96.94340557200002 1.0 1.0
97.39116457200001 0.0 0.0
97.83892357200001 1.0 0.0
98.28668257200002 0.0 0.0
98.73444157200001 1.0 1.0
99.18220057200001 0.0 0.0
99.62995957200002 1.0 0.0
100.07771857200001 0.0 0.0
100.52547757200001 1.0 1.0
100.97323657200002 0.0 0.0
101.42099557200001 1.0 0.0
101.86875457200001 0.0 0.0
102.31651357200002 1.0 1.0
102.76427257200001 0.0 0.0
103.21203157200001 1.0 1.0
103.65979057200002 0.0 0.0
104.10754957200001 0.0 0.0
104.55530857200002 1.0 0.0
105.00306757200002 0.0 0.0
105.45082657200001 1.0 1.0
105.89858557200002 0.0 0.0
106.34634457200002 1.0 0.0
106.79410357200001 0.0 0.0
107.24186257200002 1.0 1.0
107.68962157200001 0.0 0.0
108.13738057200001 1.0 0.0
108.58513957200002 0.0 0.0
109.03289857200001 1.0 1.0
109.48065757200001 0.0 0.0
109.92841657200002 1.0 0.0
110.37617557200001 0.0 0.0
110.82393457200001 1.0 1.0
111.27169357200002 0.0 0.0
111.71945257200001 0.0 0.0
112.16721157200001 1.0 0.0
112.61497057200002 0.0 0.0
113.06272957200001 1.0 1.0
113.51048857200001 0.0 0.0
113.95824757200002 1.0 0.0
114.40600657200001 0.0 0.0
114.853765572 1.0 1.0
115.301524572 0.0 0.0
115.749283572 1.0 0.0
116.197042572 0.0 0.0
116.644801572 1.0 1.0
117.092560572 0.0 0.0
117.540319572 1.0 0.0
117.988078572 0.0 0.0
118.435837572 1.0 1.0
118.883596572 0.0 0.0
119.331355572 1.0 0.0
119.779114572 0.0 0.0
120.226873572 1.0 1.0
120.67463257200001 0.0 0.0
121.122391572 1.0 0.0
121.570150572 0.0 0.0
122.01790957200001 1.0 1.0
122.465668572 0.0 0.0
122.913427572 1.0 0.0
123.36118657200001 0.0 0.0
123.808945572 1.0 1.0
124.256704572 0.0 0.0
124.704463572 1.0 0.0
125.152222572 0.0 0.0
125.599981572 1.0 1.0
126.047740572 0.0 0.0
126.495499572 1.0 0.0
126.943258572 0.0 0.0
127.391017572 1.0 1.0
127.838776572 0.0 0.0
128.286535572 1.0 0.0
128.734294572 0.0 0.0
129.182053572 1.0 1.0
129.629812572 0.0 0.0
130.077571572 1.0 0.0
130.525330572 0.0 0.0
130.973089572 1.0 1.0
131.420848572 0.0 0.0
131.868607572 1.0 0.0
132.316366572 0.0 0.0
132.764125572 1.0 1.0
133.211884572 0.0 0.0
133.659643572 1.0 0.0
134.107402572 0.0 0.0
134.555161572 1.0 1.0
135.002920572 0.0 0.0
135.450679572 1.0 0.0
135.898438572 0.0 0.0
136.346197572 1.0 1.0
136.793956572 0.0 0.0
137.241715572 1.0 0.0
137.689474572 0.0 0.0
138.137233572 1.0 1.0
138.584992572 0.0 0.0
139.032751572 1.0 0.0
139.48051057200001 0.0 0.0
139.928269572 1.0 1.0
140.376028572 0.0 0.0
140.82378757200001 1.0 0.0
141.271546572 0.0 0.0
141.719305572 1.0 1.0
142.16706457200002 0.0 0.0
142.614823572 1.0 0.0
143.062582572 0.0 0.0
143.51034157200002 1.0 1.0
143.958100572 0.0 0.0
144.405859572 1.0 0.0
144.853618572 0.0 0.0
145.301377572 1.0 1.0
145.749136572 0.0 0.0
146.196895572 1.0 0.0
146.644654572 0.0 0.0
147.092413572 1.0 1.0
147.540172572 0.0 0.0
147.987931572 1.0 0.0
148.435690572 0.0 0.0
148.883449572 1.0 1.0
149.331208572 0.0 0.0
149.778967572 1.0 0.0
150.226726572 0.0 0.0
150.674485572 1.0 1.0
151.122244572 0.0 0.0
151.570003572 1.0 0.0
152.017762572 0.0 0.0
152.465521572 1.0 1.0
152.913280572 0.0 0.0
153.361039572 1.0 0.0
153.808798572 0.0 0.0
154.256557572 1.0 1.0
154.704316572 0.0 0.0
155.152075572 1.0 0.0
155.599834572 0.0 0.0
156.047593572 1.0 1.0
156.495352572 0.0 0.0
156.943111572 1.0 0.0
157.390870572 0.0 0.0
157.838629572 1.0 1.0
158.286388572 0.0 0.0
158.734147572 1.0 0.0
159.181906572 0.0 0.0
159.629665572 1.0 1.0
160.077424572 0.0 0.0
160.525183572 1.0 0.0
160.972942572 0.0 0.0
161.420701572 1.0 1.0
161.868460572 0.0 0.0
162.316219572 1.0 0.0
162.763978572 0.0 0.0
163.211737572 1.0 1.0
163.659496572 0.0 0.0
164.107255572 1.0 0.0
164.555014572 0.0 0.0
165.002773572 1.0 1.0
165.45053257200001 0.0 0.0
165.898291572 1.0 0.0
166.346050572 0.0 0.0
166.79380957200001 1.0 1.0
167.241568572 0.0 0.0
167.689327572 1.0 0.0
168.13708657200002 0.0 0.0
168.584845572 1.0 1.0
169.032604572 0.0 0.0
169.48036357200002 1.0 0.0
169.928122572 0.0 0.0
170.375881572 1.0 1.0
170.82364057200002 0.0 0.0
171.271399572 1.0 0.0
171.719158572 0.0 0.0
172.16691757200002 1.0 1.0
172.614676572 0.0 0.0
173.062435572 1.0 0.0
173.510194572 0.0 0.0
173.957953572 1.0 1.0
174.405712572 0.0 0.0
174.853471572 1.0 0.0
175.301230572 0.0 0.0
175.748989572 1.0 1.0
176.196748572 0.0 0.0
176.644507572 1.0 0.0
177.092266572 0.0 0.0
177.540025572 1.0 1.0
177.987784572 0.0 0.0
178.435543572 1.0 0.0
178.883302572 0.0 0.0
179.331061572 1.0 1.0
179.778820572 0.0 0.0
180.226579572 1.0 0.0
180.674338572 0.0 0.0
181.122097572 1.0 1.0
181.569856572 0.0 0.0
182.017615572 1.0 0.0
182.465374572 0.0 0.0
182.913133572 1.0 1.0
183.360892572 0.0 0.0
183.808651572 1.0 0.0
184.256410572 0.0 0.0
184.704169572 1.0 1.0
185.151928572 0.0 0.0
185.599687572 1.0 0.0
186.047446572 0.0 0.0
186.495205572 1.0 1.0
186.942964572 0.0 0.0
187.390723572 1.0 0.0
187.838482572 0.0 0.0
188.286241572 1.0 1.0
188.734000572 0.0 0.0
189.181759572 1.0 0.0
189.629518572 0.0 0.0
190.077277572 1.0 1.0
190.525036572 0.0 0.0
190.972795572 1.0 0.0
191.42055457200001 0.0 0.0
191.868313572 1.0 1.0
192.316072572 0.0 0.0
192.76383157200002 1.0 0.0
193.211590572 0.0 0.0
193.659349572 1.0 1.0
194.10710857200002 0.0 0.0
194.554867572 1.0 0.0
195.002626572 0.0 0.0
195.45038557200002 1.0 1.0
195.898144572 0.0 0.0
196.345903572 1.0 0.0
196.79366257200002 0.0 0.0
197.241421572 1.0 1.0
197.689180572 0.0 0.0
198.13693957200002 1.0 0.0
198.584698572 0.0 0.0
199.032457572 1.0 1.0
199.48021657200002 0.0 0.0
199.927975572 1.0 0.0
200.375734572 0.0 0.0
200.82349357200002 1.0 1.0
201.271252572 0.0 0.0
201.719011572 1.0 0.0
202.166770572 0.0 0.0
202.614529572 1.0 1.0
203.062288572 0.0 0.0
203.510047572 1.0 0.0
203.957806572 0.0 0.0
204.405565572 1.0 1.0
204.853324572 0.0 0.0
205.301083572 1.0 0.0
205.748842572 0.0 0.0
206.196601572 1.0 1.0
206.644360572 0.0 0.0
207.092119572 1.0 0.0
207.539878572 0.0 0.0
207.987637572 1.0 1.0
208.435396572 0.0 0.0
208.883155572 1.0 0.0
209.330914572 0.0 0.0
209.778673572 1.0 1.0
210.226432572 0.0 0.0
210.674191572 1.0 0.0
211.121950572 0.0 0.0
211.569709572 1.0 1.0
212.017468572 0.0 0.0
212.465227572 1.0 0.0
212.912986572 0.0 0.0
213.360745572 1.0 1.0
213.808504572 0.0 0.0
214.256263572 1.0 0.0
214.704022572 0.0 0.0
215.151781572 1.0 1.0
215.599540572 0.0 0.0
216.04729957200001 1.0 0.0
216.495058572 0.0 0.0
216.942817572 1.0 1.0
217.39057657200001 0.0 0.0
217.838335572 1.0 0.0
218.286094572 0.0 0.0
218.73385357200002 1.0 1.0
219.181612572 0.0 0.0
219.629371572 1.0 0.0
220.07713057200002 0.0 0.0
220.524889572 1.0 1.0
220.972648572 0.0 0.0
221.42040757200002 1.0 0.0
221.868166572 0.0 0.0
222.315925572 1.0 1.0
222.76368457200002 0.0 0.0
223.211443572 1.0 0.0
223.659202572 0.0 0.0
224.10696157200002 1.0 1.0
224.554720572 0.0 0.0
225.002479572 1.0 0.0
225.45023857200002 0.0 0.0
225.897997572 1.0 1.0
226.345756572 0.0 0.0
226.79351557200002 1.0 0.0
227.241274572 0.0 0.0
227.689033572 1.0 1.0
228.13679257200002 0.0 0.0
228.584551572 1.0 0.0
229.032310572 0.0 0.0
229.48006957200002 1.0 1.0
229.92782857200004 0.0 0.0
230.37558757200003 1.0 0.0
230.82334657200002 0.0 0.0
231.27110557200004 1.0 1.0
231.71886457200003 0.0 0.0
232.16662357200002 1.0 0.0
232.61438257200004 0.0 0.0
233.06214157200003 1.0 1.0
233.50990057200002 0.0 0.0
233.95765957200004 1.0 0.0
234.40541857200003 0.0 0.0
234.85317757200002 1.0 1.0
235.30093657200004 0.0 0.0
235.74869557200003 1.0 0.0
236.19645457200002 0.0 0.0
236.64421357200004 1.0 1.0
237.09197257200003 0.0 0.0
237.53973157200002 1.0 0.0
237.98749057200004 0.0 0.0
238.43524957200003 1.0 1.0
238.88300857200002 0.0 0.0
239.33076757200004 1.0 0.0
239.77852657200003 0.0 0.0
240.22628557200002 1.0 1.0
240.67404457200004 0.0 0.0
241.12180357200003 1.0 0.0
241.56956257200002 0.0 0.0
242.01732157200004 1.0 1.0
242.46508057200003 0.0 0.0
242.91283957200002 1.0 0.0
243.36059857200004 0.0 0.0
243.80835757200003 1.0 1.0
244.25611657200002 0.0 0.0
244.70387557200004 1.0 0.0
245.15163457200003 0.0 0.0
245.59939357200003 1.0 1.0
246.04715257200004 0.0 0.0
246.49491157200003 1.0 0.0
246.94267057200003 0.0 0.0
247.39042957200004 1.0 1.0
247.83818857200004 0.0 0.0
248.28594757200003 1.0 0.0
248.73370657200005 0.0 0.0
249.18146557200004 1.0 1.0
249.62922457200003 0.0 0.0
250.07698357200005 1.0 0.0
250.52474257200004 0.0 0.0
250.97250157200003 1.0 1.0
251.42026057200005 0.0 0.0
251.86801957200004 1.0 1.0
252.31577857200003 0.0 0.0
252.76353757200005 0.0 0.0
253.21129657200004 1.0 1.0
253.65905557200003 0.0 0.0
254.10681457200002 0.0 0.0