0.20432412000000003 1.0 1.0
1.0151341200000001 0.0 0.0
1.8259441199999997 1.0 0.0
2.63675412 0.0 0.0
3.44756412 1.0 1.0
4.25837412 0.0 0.0
5.06918412 1.0 0.0
5.879994120000001 0.0 0.0
6.690804120000001 1.0 1.0
7.501614120000001 0.0 0.0
8.312424120000001 1.0 0.0
9.123234120000001 0.0 0.0
9.934044120000001 1.0 1.0
10.744854120000001 0.0 0.0
11.555664120000001 1.0 0.0
12.366474120000001 0.0 0.0
13.17728412 1.0 1.0
13.98809412 0.0 0.0
14.79890412 1.0 0.0
15.60971412 0.0 0.0
16.42052412 1.0 1.0
17.23133412 0.0 0.0
18.04214412 1.0 0.0
18.85295412 0.0 0.0
19.66376412 1.0 1.0
20.47457412 0.0 0.0
21.28538412 1.0 0.0
22.09619412 0.0 0.0
22.90700412 1.0 1.0
23.71781412 0.0 0.0
24.52862412 1.0 0.0
25.33943412 0.0 0.0
26.150244120000004 1.0 1.0
26.961054120000004 0.0 0.0
27.771864120000007 1.0 0.0
28.582674120000007 0.0 0.0
29.393484120000007 1.0 1.0
30.204294120000007 0.0 0.0
31.015104120000007 1.0 0.0
31.825914120000007 0.0 0.0
32.63672412000001 1.0 1.0
33.44753412000001 0.0 0.0
34.25834412000001 1.0 0.0
35.06915412000001 0.0 0.0
35.87996412000001 1.0 1.0
36.69077412000001 0.0 0.0
37.50158412000001 1.0 0.0
38.31239412000001 0.0 0.0
39.12320412000001 1.0 1.0
39.93401412000001 0.0 0.0
40.74482412000001 1.0 0.0
41.55563412000001 0.0 0.0
42.36644412000001 1.0 1.0
43.17725412000001 0.0 0.0
43.98806412000001 1.0 0.0
44.79887412000001 0.0 0.0
45.60968412000001 1.0 1.0
46.42049412000001 0.0 0.0
47.23130412000001 1.0 0.0
48.04211412000001 0.0 0.0
48.85292412000001 1.0 1.0
49.66373412000001 0.0 0.0
50.47454412000001 1.0 0.0
51.28535412000001 0.0 0.0
52.096164120000005 1.0 1.0
52.90697412 0.0 0.0
53.717784120000005 1.0 0.0
54.52859412 0.0 0.0
55.339404120000005 1.0 1.0
56.15021412 0.0 0.0
56.961024120000005 1.0 0.0
57.77183412 0.0 0.0
58.582644120000005 1.0 1.0
59.39345412 0.0 0.0
60.204264120000005 1.0 0.0
61.01507412 0.0 0.0
61.825884120000005 1.0 1.0
62.639284827750004 0.0 0.0
63.46431649308334 1.0 0.0
64.30994593608334 0.0 0.0
65.17167594675001 1.0 1.0
66.01203987833335 0.0 0.0
66.82284987833334 1.0 0.0
67.63365987833335 0.0 0.0
68.44446987833335 1.0 1.0
69.25527987833335 0.0 0.0
70.06608987833334 1.0 0.0
70.87689987833335 0.0 0.0
71.68770987833335 1.0 1.0
72.49851987833335 0.0 0.0
73.30932987833334 1.0 0.0
74.12013987833335 0.0 0.0
74.93094987833335 1.0 1.0
75.74175987833335 0.0 0.0
76.55256987833334 1.0 0.0
77.36337987833335 0.0 0.0
78.17418987833335 1.0 1.0
78.98499987833335 0.0 0.0
79.79580987833334 1.0 0.0
80.60661987833335 0.0 0.0
81.41742987833335 1.0 1.0
82.22823987833334 0.0 0.0
83.03904987833334 1.0 0.0
83.84985987833335 0.0 0.0
84.66066987833335 1.0 1.0
85.47147987833335 0.0 0.0
86.28228987833334 1.0 0.0
87.09309987833335 0.0 0.0
87.90390987833335 1.0 1.0
88.71471987833334 0.0 0.0
89.52552987833334 1.0 0.0
90.33633987833335 0.0 0.0
91.14714987833335 1.0 1.0
91.95795987833336 0.0 0.0
92.76876987833334 1.0 0.0
93.57957987833335 0.0 0.0
94.39038987833335 1.0 1.0
95.20119987833334 0.0 0.0
96.01200987833334 1.0 0.0
96.82281987833335 0.0 0.0
97.63362987833335 1.0 1.0
98.44443987833336 0.0 0.0
99.25524987833336 1.0 0.0
100.06605987833335 0.0 0.0
100.87686987833335 1.0 1.0
101.68767987833334 0.0 0.0
102.49848987833334 1.0 0.0
103.30929987833335 0.0 0.0
104.12010987833335 1.0 1.0
104.93091987833336 0.0 0.0
105.74172987833336 1.0 0.0
106.55253987833336 0.0 0.0
107.36334987833337 1.0 1.0
108.17415987833337 0.0 0.0
108.98496987833336 1.0 0.0
109.79577987833336 0.0 0.0
110.60658987833337 1.0 1.0
111.41739987833336 0.0 0.0
112.22820987833336 1.0 0.0
113.03901987833336 0.0 0.0
113.84982987833337 1.0 1.0
114.66063987833337 0.0 0.0
115.47144987833337 1.0 0.0
116.28225987833336 0.0 0.0
117.09306987833337 1.0 1.0
117.90387987833336 0.0 0.0
118.71468987833336 1.0 0.0
119.52549987833336 0.0 0.0
120.33630987833337 1.0 1.0
121.14711987833337 0.0 0.0
121.95792987833337 1.0 0.0
122.76873987833338 0.0 0.0
123.57954987833337 1.0 1.0
124.39035987833337 0.0 0.0
125.20116987833336 1.0 0.0
126.01197987833336 0.0 0.0
126.82278987833337 1.0 1.0
127.63359987833337 0.0 0.0
128.44440987833337 1.0 0.0
129.25521987833338 0.0 0.0
130.06602987833338 1.0 1.0
130.87683987833339 0.0 0.0
131.6876498783334 1.0 0.0
132.4984598783334 0.0 0.0
133.30926987833337 1.0 1.0
134.12007987833337 0.0 0.0
134.93088987833337 1.0 0.0
135.74169987833338 0.0 0.0
136.55250987833335 1.0 1.0
137.36331987833336 0.0 0.0
138.17412987833336 1.0 0.0
138.98493987833336 0.0 0.0
139.79574987833337 1.0 1.0
140.60655987833337 0.0 0.0
141.41736987833337 1.0 0.0
142.22817987833338 0.0 0.0
143.03898987833338 1.0 1.0
143.84979987833339 0.0 0.0
144.6606098783334 1.0 0.0
145.4714198783334 0.0 0.0
146.28222987833337 1.0 1.0
147.09303987833337 0.0 0.0
147.90384987833338 1.0 0.0
148.71465987833338 0.0 0.0
149.52546987833335 1.0 1.0
150.33627987833336 0.0 0.0
151.14708987833336 1.0 0.0
151.95789987833336 0.0 0.0
152.76870987833337 1.0 1.0
153.5849104756667 0.0 0.0
154.41465218375004 1.0 0.0
155.2637249444167 0.0 0.0
156.12673575516672 1.0 1.0
156.95490821583337 0.0 0.0
157.76571821583337 1.0 0.0
158.57652821583338 0.0 0.0
159.38733821583338 1.0 1.0
160.19814821583338 0.0 0.0
161.0089582158334 1.0 0.0
161.8197682158334 0.0 0.0
162.63057821583337 1.0 1.0
163.44138821583337 0.0 0.0
164.25219821583337 1.0 0.0
165.06300821583338 0.0 0.0
165.87381821583338 1.0 1.0
166.68462821583338 0.0 0.0
167.4954382158334 1.0 0.0
168.3062482158334 0.0 0.0
169.11705821583337 1.0 1.0
169.92786821583337 0.0 0.0
170.73867821583337 1.0 0.0
171.54948821583338 0.0 0.0
172.36029821583338 1.0 1.0
173.17110821583339 0.0 0.0
173.9819182158334 1.0 0.0
174.7927282158334 0.0 0.0
175.6035382158334 1.0 1.0
176.41434821583337 0.0 0.0
177.22515821583337 1.0 0.0
178.03596821583338 0.0 0.0
178.84677821583338 1.0 1.0
179.65758821583339 0.0 0.0
180.4683982158334 1.0 0.0
181.2792082158334 0.0 0.0
182.09001821583337 1.0 1.0
182.90082821583337 0.0 0.0
183.71163821583337 1.0 0.0
184.52244821583338 0.0 0.0
185.33325821583338 1.0 1.0
186.14406821583339 0.0 0.0
186.9548782158334 1.0 0.0
187.7656882158334 0.0 0.0
188.5764982158334 1.0 1.0
189.3873082158334 0.0 0.0
190.19811821583338 1.0 0.0
191.00892821583338 0.0 0.0
191.81973821583338 1.0 1.0
192.6305482158334 0.0 0.0
193.4413582158334 1.0 0.0
194.2521682158334 0.0 0.0
195.06297821583337 1.0 1.0
195.87378821583337 0.0 0.0
196.68459821583338 1.0 0.0
197.49540821583338 0.0 0.0
198.30621821583338 1.0 1.0
199.1170282158334 0.0 0.0
199.9278382158334 1.0 0.0
200.7386482158334 0.0 0.0
201.5494582158334 1.0 1.0
202.3602682158334 0.0 0.0
203.17107821583338 1.0 0.0
203.98188821583338 0.0 0.0
204.79269821583338 1.0 1.0
205.6035082158334 0.0 0.0
206.4143182158334 1.0 0.0
207.2251282158334 0.0 0.0
208.03593821583337 1.0 1.0
208.84674821583337 0.0 0.0
209.65755821583338 1.0 0.0
210.46836821583338 0.0 0.0
211.27917821583338 1.0 1.0
212.0997485959167 0.0 0.0
212.93430037333337 1.0 0.0
213.78651260200004 0.0 0.0
214.65154141966667 1.0 1.0
215.4888819991667 0.0 0.0
216.29969199916667 1.0 0.0
217.11050199916667 0.0 0.0
217.92131199916668 1.0 1.0
218.73212199916668 0.0 0.0
219.54293199916668 1.0 0.0
220.3537419991667 0.0 0.0
221.1645519991667 1.0 1.0
221.9753619991667 0.0 0.0
222.78617199916667 1.0 0.0
223.59698199916667 0.0 0.0
224.40779199916668 1.0 1.0
225.21860199916668 0.0 0.0
226.02941199916668 1.0 0.0
226.8402219991667 0.0 0.0
227.6510319991667 1.0 1.0
228.4618419991667 0.0 0.0
229.27265199916667 1.0 0.0
230.08346199916667 0.0 0.0
230.89427199916668 1.0 1.0
231.70508199916668 0.0 0.0
232.51589199916668 1.0 0.0
233.3267019991667 0.0 0.0
234.1375119991667 1.0 1.0
234.9483219991667 0.0 0.0
235.7591319991667 1.0 0.0
236.56994199916667 0.0 0.0
237.38075199916668 1.0 1.0
238.19156199916668 0.0 0.0
239.00237199916668 1.0 0.0
239.8131819991667 0.0 0.0
240.6239919991667 1.0 1.0
241.4348019991667 0.0 0.0
242.24561199916667 1.0 0.0
243.05642199916667 0.0 0.0
243.86723199916668 1.0 1.0
244.67804199916668 0.0 0.0
245.48885199916668 1.0 0.0
246.2996619991667 0.0 0.0
247.1104719991667 1.0 1.0
247.9212819991667 0.0 0.0
248.7320919991667 1.0 0.0
249.54290199916667 0.0 0.0
250.35371199916668 1.0 1.0
251.16452199916668 0.0 0.0
251.97533199916668 1.0 1.0
252.7861419991667 0.0 0.0
253.5969519991667 0.0 0.0
254.40776199916667 1.0 1.0
255.21857199916667 0.0 0.0