0.35035662900000003 1.0 1.0
1.4217836290000003 0.0 0.0
2.4932106290000005 1.0 0.0
3.564637629000001 0.0 0.0
4.636064629000001 1.0 1.0
5.707491629000001 0.0 0.0
6.778918629000001 1.0 0.0
7.850345629000001 0.0 0.0
8.921772629000001 1.0 1.0
9.993199629000001 0.0 0.0
11.064626629000001 1.0 0.0
12.136053629000003 0.0 0.0
13.207480629000003 1.0 1.0
14.278907629000003 0.0 0.0
15.350334629000002 1.0 0.0
16.421761629000002 0.0 0.0
17.493188629000002 1.0 1.0
18.564615629000002 0.0 0.0
19.636042629000002 1.0 0.0
20.707469629000002 0.0 0.0
21.778896629000002 1.0 1.0
22.850323629000002 0.0 0.0
23.921750629 1.0 0.0
24.993177629 0.0 0.0
26.064604629 1.0 1.0
27.136031629 0.0 0.0
28.207458629 1.0 0.0
29.278885629 0.0 0.0
30.350312629 1.0 1.0
31.421739629 0.0 0.0
32.493166629 1.0 0.0
33.564593629 0.0 0.0
34.636020629 1.0 1.0
35.707447629 0.0 0.0
36.778874629 1.0 0.0
37.850301629 0.0 0.0
38.921728629 1.0 1.0
39.99315562900001 0.0 0.0
41.06458262900001 1.0 0.0
42.13600962900001 0.0 0.0
43.20743662900001 1.0 1.0
44.27886362900001 0.0 0.0
45.35029062900001 1.0 0.0
46.42171762900001 0.0 0.0
47.49314462900001 1.0 1.0
48.56457162900001 0.0 0.0
49.63599862900001 1.0 0.0
50.70742562900001 0.0 0.0
51.778852629000006 1.0 1.0
52.850279629000006 0.0 0.0
53.921706629000006 1.0 0.0
54.993133629000006 0.0 0.0
56.064560629000006 1.0 1.0
57.135987629000006 0.0 0.0
58.207414629000006 1.0 0.0
59.278841629000006 0.0 0.0
60.350268629000006 1.0 1.0
61.421695629000006 0.0 0.0
62.493122629000005 1.0 0.0
63.564549629000005 0.0 0.0
64.63597662900001 1.0 1.0
65.70740362900001 0.0 0.0
66.77883062900001 1.0 0.0
67.85025762900001 0.0 0.0
68.92168462900001 1.0 1.0
69.99311162900001 0.0 0.0
71.06453862900001 1.0 0.0
72.13596562900001 0.0 0.0
73.20739262900001 1.0 1.0
74.27881962900001 0.0 0.0
75.35024662900001 1.0 0.0
76.42167362900001 0.0 0.0
77.49310062900001 1.0 1.0
78.56452762900001 0.0 0.0
79.63595462900001 1.0 0.0
80.70738162900001 0.0 0.0
81.77880862900001 1.0 1.0
82.85023562900001 0.0 0.0
83.92166262900001 1.0 0.0
84.99308962900001 0.0 0.0
86.06451662900001 1.0 1.0
87.13594362900001 0.0 0.0
88.20737062900001 1.0 0.0
89.27879762900001 0.0 0.0
90.35022462900001 1.0 1.0
91.42165162900001 0.0 0.0
92.49307862900001 1.0 0.0
93.56450562900001 0.0 0.0
94.63593262900001 1.0 1.0
95.70735962900001 0.0 0.0
96.77878662900001 1.0 0.0
97.85021362900001 0.0 0.0
98.92164062900001 1.0 1.0
99.99306762900001 0.0 0.0
101.06449462900001 1.0 0.0
102.13592162900001 0.0 0.0
103.20734862900001 1.0 1.0
104.27877562900001 0.0 0.0
105.35020262900001 1.0 0.0
106.42162962900001 0.0 0.0
107.49305662900001 1.0 1.0
108.56448362900001 0.0 0.0
109.63591062900001 1.0 0.0
110.70733762900001 0.0 0.0
111.77876462900001 1.0 1.0
112.85019162900001 0.0 0.0
113.92161862900001 1.0 0.0
114.99304562900001 0.0 0.0
116.06447262900002 1.0 1.0
117.13589962900002 0.0 0.0
118.20732662900002 1.0 0.0
119.27875362900002 0.0 0.0
120.35018062900002 1.0 0.0
121.42160762900002 0.0 0.0
122.49303462900002 1.0 1.0
123.56446162900002 0.0 0.0
124.63588862900002 1.0 0.0
125.70731562900002 0.0 0.0
126.77874262900002 1.0 1.0
127.85016962900002 0.0 0.0
128.92159662900002 1.0 0.0
129.99302362900002 0.0 0.0
131.06445062900002 1.0 1.0
132.13587762900002 0.0 0.0
133.20730462900002 1.0 0.0
134.27873162900002 0.0 0.0
135.35015862900002 1.0 1.0
136.42158562900002 0.0 0.0
137.49301262900002 1.0 0.0
138.56443962900002 0.0 0.0
139.63586662900002 1.0 1.0
140.70729362900002 0.0 0.0
141.77872062900002 1.0 0.0
142.85014762900002 0.0 0.0
143.92157462900002 1.0 1.0
144.99300162900002 0.0 0.0
146.06442862900002 1.0 0.0
147.135855629 0.0 0.0
148.207282629 1.0 1.0
149.278709629 0.0 0.0
150.350136629 1.0 0.0
151.421563629 0.0 0.0
152.492990629 1.0 1.0
153.564417629 0.0 0.0
154.635844629 1.0 0.0
155.70727162900002 0.0 0.0
156.77869862900002 1.0 1.0
157.85012562900002 0.0 0.0
158.92155262900002 1.0 0.0
159.99297962900002 0.0 0.0
161.06440662900002 1.0 1.0
162.13583362900002 0.0 0.0
163.20726062900002 1.0 0.0
164.27868762900002 0.0 0.0
165.35011462900002 1.0 1.0
166.42154162900002 0.0 0.0
167.49296862900002 1.0 0.0
168.56439562900002 0.0 0.0
169.63582262900002 1.0 1.0
170.70724962900002 0.0 0.0
171.77867662900002 1.0 0.0
172.85010362900002 0.0 0.0
173.92153062900002 1.0 1.0
174.99295762900002 0.0 0.0
176.06438462900002 1.0 0.0
177.13581162900002 0.0 0.0
178.20723862900002 1.0 1.0
179.27866562900002 0.0 0.0
180.35009262900002 1.0 0.0
181.42151962900002 0.0 0.0
182.49294662900002 1.0 1.0
183.56437362900002 0.0 0.0
184.63580062900002 1.0 0.0
185.70722762900002 0.0 0.0
186.77865462900002 1.0 1.0
187.85008162900002 0.0 0.0
188.92150862900002 1.0 0.0
189.99293562900002 0.0 0.0
191.06436262900002 1.0 1.0
192.13578962900002 0.0 0.0
193.20721662900002 1.0 0.0
194.27864362900002 0.0 0.0
195.35007062900002 1.0 1.0
196.42149762900002 0.0 0.0
197.49292462900002 1.0 0.0
198.56435162900002 0.0 0.0
199.63577862900001 1.0 1.0
200.70720562900001 0.0 0.0
201.77863262900001 1.0 0.0
202.85005962900001 0.0 0.0
203.92148662900001 1.0 1.0
204.99291362900001 0.0 0.0
206.06434062900001 1.0 0.0
207.13576762900001 0.0 0.0
208.207194629 1.0 1.0
209.278621629 0.0 0.0
210.350048629 1.0 0.0
211.421475629 0.0 0.0
212.492902629 1.0 1.0
213.564329629 0.0 0.0
214.635756629 1.0 0.0
215.707183629 0.0 0.0
216.778610629 1.0 1.0
217.850037629 0.0 0.0
218.921464629 1.0 0.0
219.992891629 0.0 0.0
221.064318629 1.0 1.0
222.135745629 0.0 0.0
223.207172629 1.0 0.0
224.278599629 0.0 0.0
225.350026629 1.0 1.0
226.421453629 0.0 0.0
227.492880629 1.0 0.0
228.564307629 0.0 0.0
229.635734629 1.0 1.0
230.707161629 0.0 0.0
231.778588629 1.0 0.0
232.850015629 0.0 0.0
233.921442629 1.0 1.0
234.992869629 0.0 0.0
236.064296629 1.0 0.0
237.135723629 0.0 0.0
238.207150629 1.0 1.0
239.278577629 0.0 0.0
240.350004629 1.0 0.0
241.421431629 0.0 0.0
242.492858629 1.0 1.0
243.564285629 0.0 0.0
244.635712629 1.0 0.0
245.707139629 0.0 0.0
246.778566629 1.0 1.0
247.849993629 0.0 0.0
248.921420629 1.0 0.0
249.992847629 0.0 0.0
251.064274629 1.0 1.0
252.135701629 0.0 0.0
253.207128629 1.0 0.0
254.278555629 0.0 0.0
255.349982629 1.0 1.0
256.42140962900004 0.0 0.0
257.492836629 0.0 0.0
258.56426362900004 1.0 1.0
259.635690629 0.0 0.0
260.70711762900004 1.0 0.0
261.778544629 0.0 0.0
262.84997162900004 1.0 1.0
263.921398629 0.0 0.0
264.99282562900004 1.0 0.0
266.064252629 0.0 0.0
267.13567962900004 1.0 1.0
268.207106629 0.0 0.0
269.27853362900004 1.0 0.0
270.349960629 0.0 0.0
271.42138762900004 1.0 0.0