0.652 1.0 1.0
1.6520000000000001 0.0 0.0
2.652 1.0 0.0
3.652 0.0 0.0
4.652 1.0 1.0
5.652 0.0 0.0
6.652 1.0 0.0
7.652 0.0 0.0
8.652 1.0 1.0
9.652 0.0 0.0
10.652 1.0 0.0
11.652 0.0 0.0
12.652 1.0 1.0
13.652 0.0 0.0
14.652 1.0 0.0
15.652 0.0 0.0
16.652 1.0 1.0
17.652 0.0 0.0
18.652 1.0 0.0
19.652 0.0 0.0
20.652 1.0 1.0
21.652 0.0 0.0
22.652 1.0 0.0
23.652 0.0 0.0
24.652 1.0 1.0
25.652 0.0 0.0
26.652 1.0 0.0
27.652 0.0 0.0
28.652 1.0 1.0
29.652 0.0 0.0
30.652 1.0 0.0
31.652 0.0 0.0
32.652 1.0 1.0
33.652 0.0 0.0
34.652 1.0 0.0
35.652 0.0 0.0
36.652 1.0 1.0
37.652 0.0 0.0
38.652 1.0 0.0
39.652 0.0 0.0
40.652 1.0 1.0
41.652 0.0 0.0
42.652 1.0 0.0
43.652 0.0 0.0
44.652 1.0 1.0
45.652 0.0 0.0
46.652 1.0 0.0
47.652 0.0 0.0
48.652 1.0 1.0
49.652 0.0 0.0
50.652 1.0 1.0
51.652 0.0 0.0
52.652 1.0 0.0
53.652 0.0 0.0
54.652 1.0 1.0
55.652 0.0 0.0
56.652 1.0 0.0
57.652 0.0 0.0
58.652 1.0 1.0
59.652 0.0 0.0
60.652 1.0 0.0
61.652 0.0 0.0
62.652 1.0 1.0
63.652 0.0 0.0
64.652 1.0 0.0
65.652 0.0 0.0
66.652 1.0 1.0
67.652 0.0 0.0
68.652 1.0 0.0
69.652 0.0 0.0
70.652 1.0 1.0
71.652 0.0 0.0
72.652 1.0 0.0
73.652 0.0 0.0
74.652 1.0 1.0
75.652 0.0 0.0
76.652 1.0 0.0
77.652 0.0 0.0
78.652 1.0 1.0
79.652 0.0 0.0
80.652 1.0 0.0
81.652 0.0 0.0
82.652 1.0 1.0
83.652 0.0 0.0
84.652 1.0 0.0
85.652 0.0 0.0
86.652 1.0 1.0
87.652 0.0 0.0
88.652 1.0 0.0
89.652 0.0 0.0
90.652 1.0 1.0
91.652 0.0 0.0
92.652 1.0 0.0
93.652 0.0 0.0
94.652 1.0 1.0
95.652 0.0 0.0
96.652 1.0 0.0
97.652 0.0 0.0
98.652 1.0 1.0
99.652 0.0 0.0
100.652 1.0 0.0
101.652 0.0 0.0
102.652 1.0 1.0
103.652 0.0 0.0
104.652 1.0 0.0
105.652 0.0 0.0
106.652 1.0 1.0
107.652 0.0 0.0
108.652 1.0 0.0
109.652 0.0 0.0
110.652 1.0 1.0
111.652 0.0 0.0
112.652 1.0 0.0
113.652 0.0 0.0
114.652 1.0 1.0
115.652 0.0 0.0
116.652 1.0 0.0
117.652 0.0 0.0
118.652 1.0 1.0
119.652 0.0 0.0
120.652 1.0 0.0
121.652 0.0 0.0
122.652 1.0 1.0
123.652 0.0 0.0
124.652 1.0 0.0
125.652 0.0 0.0
126.652 1.0 1.0
127.652 0.0 0.0
128.652 1.0 0.0
129.652 0.0 0.0
130.652 1.0 1.0
131.652 0.0 0.0
132.652 1.0 0.0
133.652 0.0 0.0
134.652 1.0 1.0
135.652 0.0 0.0
136.652 1.0 0.0
137.652 0.0 0.0
138.652 1.0 1.0
139.652 0.0 0.0
140.652 1.0 0.0
141.652 0.0 0.0
142.652 1.0 1.0
143.652 0.0 0.0
144.652 1.0 0.0
145.652 0.0 0.0
146.652 1.0 0.0
147.652 0.0 0.0
148.652 1.0 1.0
149.652 0.0 0.0
150.652 1.0 0.0
151.652 0.0 0.0
152.652 1.0 1.0
153.652 0.0 0.0
154.652 1.0 0.0
155.652 0.0 0.0
156.652 1.0 1.0
157.652 0.0 0.0
158.652 1.0 0.0
159.652 0.0 0.0
160.652 1.0 1.0
161.652 0.0 0.0
162.652 1.0 0.0
163.652 0.0 0.0
164.652 1.0 1.0
165.652 0.0 0.0
166.652 1.0 0.0
167.652 0.0 0.0
168.652 1.0 1.0
169.652 0.0 0.0
170.652 1.0 0.0
171.652 0.0 0.0
172.652 1.0 1.0
173.652 0.0 0.0
174.652 1.0 0.0
175.652 0.0 0.0
176.652 1.0 1.0
177.652 0.0 0.0
178.652 1.0 0.0
179.652 0.0 0.0
180.652 1.0 1.0
181.652 0.0 0.0
182.652 1.0 0.0
183.652 0.0 0.0
184.652 1.0 1.0
185.652 0.0 0.0
186.652 1.0 0.0
187.652 0.0 0.0
188.652 1.0 1.0
189.652 0.0 0.0
190.652 1.0 0.0
191.652 0.0 0.0
192.652 1.0 1.0
193.652 0.0 0.0
194.652 1.0 0.0
195.652 0.0 0.0
196.652 1.0 1.0
197.652 0.0 0.0
198.652 1.0 0.0
199.652 0.0 0.0
200.652 1.0 1.0
201.652 0.0 0.0
202.652 1.0 0.0
203.652 0.0 0.0
204.652 1.0 1.0
205.652 0.0 0.0
206.652 1.0 0.0
207.652 0.0 0.0
208.652 1.0 1.0
209.652 0.0 0.0
210.652 1.0 0.0
211.652 0.0 0.0
212.652 1.0 1.0
213.652 0.0 0.0
214.652 1.0 0.0
215.652 0.0 0.0
216.652 1.0 1.0
217.652 0.0 0.0
218.652 1.0 0.0
219.652 0.0 0.0
220.652 1.0 1.0
221.652 0.0 0.0
222.652 1.0 0.0
223.652 0.0 0.0
224.652 1.0 1.0
225.652 0.0 0.0
226.652 1.0 0.0
227.652 0.0 0.0
228.652 1.0 1.0
229.652 0.0 0.0
230.652 1.0 1.0
231.652 0.0 0.0
232.652 0.0 0.0
233.652 1.0 1.0
234.652 0.0 0.0
235.652 1.0 0.0
236.652 0.0 0.0
237.652 1.0 0.0