0.2602935449999999 1.0 0.0
1.1426445449999998 0.0 0.0
2.024995545 1.0 1.0
2.907346545 0.0 0.0
3.7896975449999997 1.0 0.0
4.672048545 0.0 0.0
5.554399545 1.0 1.0
6.436750545 0.0 0.0
7.319101545 1.0 0.0
8.201452545 0.0 0.0
9.083803545 1.0 1.0
9.966154545 0.0 0.0
10.848505545 1.0 0.0
11.730856545 0.0 0.0
12.613207545 1.0 1.0
13.495558545 0.0 0.0
14.377909545 1.0 0.0
15.260260545 0.0 0.0
16.142611545 1.0 1.0
17.024962545 0.0 0.0
17.907313545 1.0 0.0
18.789664545 0.0 0.0
19.672015545 1.0 0.0
20.554366545 0.0 0.0
21.436717545 1.0 1.0
22.319068545 0.0 0.0
23.201419545 1.0 0.0
24.083770545 0.0 0.0
24.966121545 1.0 1.0
25.848472545 0.0 0.0
26.730823545 1.0 0.0
27.613174545 0.0 0.0
28.495525545 1.0 1.0
29.377876545 0.0 0.0
30.260227545000003 1.0 0.0
31.142578545000003 0.0 0.0
32.024929545 1.0 1.0
32.907280545000006 0.0 0.0
33.789631545000006 1.0 0.0
34.671982545000006 0.0 0.0
35.554333545000006 1.0 1.0
36.436684545000006 0.0 0.0
37.319035545000006 1.0 0.0
38.201386545000005 0.0 0.0
39.083737545000005 1.0 1.0
39.966088545000005 0.0 0.0
40.848439545000005 1.0 0.0
41.730790545000005 0.0 0.0
42.613141545000005 1.0 1.0
43.495492545000005 0.0 0.0
44.377843545000005 1.0 0.0
45.260194545000004 0.0 0.0
46.142545545000004 1.0 1.0
47.024896545000004 0.0 0.0
47.907247545000004 1.0 0.0
48.789598545000004 0.0 0.0
49.671949545000004 1.0 1.0
50.554300545000004 0.0 0.0
51.436651545000004 1.0 0.0
52.319002545000004 0.0 0.0
53.201353545 1.0 1.0
54.083704545 0.0 0.0
54.966055545 1.0 0.0
55.848406545 0.0 0.0
56.730757545 1.0 1.0
57.613108545 0.0 0.0
58.495459545 1.0 0.0
59.377810545 0.0 0.0
60.260161544999995 1.0 1.0
61.142512544999995 0.0 0.0
62.024863544999995 1.0 0.0
62.907214544999995 0.0 0.0
63.789565544999995 1.0 1.0
64.67191654499999 0.0 0.0
65.55426754499999 1.0 0.0
66.43661854499999 0.0 0.0
67.31896954499999 1.0 1.0
68.20132054499999 0.0 0.0
69.083671545 1.0 0.0
69.966022545 0.0 0.0
70.848373545 1.0 1.0
71.730724545 0.0 0.0
72.613075545 1.0 0.0
73.495426545 0.0 0.0
74.377777545 1.0 1.0
75.260128545 0.0 0.0
76.142479545 1.0 0.0
77.024830545 0.0 0.0
77.907181545 1.0 1.0
78.789532545 0.0 0.0
79.671883545 1.0 0.0
80.554234545 0.0 0.0
81.436585545 1.0 1.0
82.318936545 0.0 0.0
83.201287545 1.0 0.0
84.083638545 0.0 0.0
84.965989545 1.0 1.0
85.848340545 0.0 0.0
86.730691545 1.0 0.0
87.613042545 0.0 0.0
88.495393545 1.0 1.0
89.377744545 0.0 0.0
90.260095545 1.0 0.0
91.142446545 0.0 0.0
92.024797545 1.0 1.0
92.907148545 0.0 0.0
93.789499545 1.0 0.0
94.671850545 0.0 0.0
95.554201545 1.0 1.0
96.436552545 0.0 0.0
97.318903545 1.0 0.0
98.201254545 0.0 0.0
99.083605545 1.0 1.0
99.965956545 0.0 0.0
100.848307545 1.0 0.0
101.730658545 0.0 0.0
102.613009545 1.0 1.0
103.495360545 0.0 0.0
104.377711545 1.0 0.0
105.260062545 0.0 0.0
106.142413545 1.0 1.0
107.024764545 0.0 0.0
107.907115545 1.0 0.0
108.789466545 0.0 0.0
109.671817545 1.0 1.0
110.554168545 0.0 0.0
111.436519545 1.0 0.0
112.318870545 0.0 0.0
113.20122154499998 1.0 1.0
114.08357254499998 0.0 0.0
114.96592354499998 1.0 0.0
115.84827454499998 0.0 0.0
116.73062554499998 1.0 1.0
117.61297654499998 0.0 0.0
118.49532754499998 1.0 0.0
119.37767854499998 0.0 0.0
120.26002954499998 1.0 1.0
121.14238054499998 0.0 0.0
122.02473154499998 1.0 0.0
122.90708254499998 0.0 0.0
123.78943354499998 1.0 1.0
124.6717379425 0.0 0.0
125.51679227125 1.0 0.0
126.35012427125 0.0 0.0
127.18345627125 1.0 1.0
128.01678827125 0.0 0.0
128.85012027125 1.0 0.0
129.68345227125 0.0 0.0
130.51678427125 1.0 1.0
131.35011627125 0.0 0.0
132.18344827125 1.0 1.0
133.01678027124998 0.0 0.0
133.85011227125 1.0 0.0
134.68344427124998 0.0 0.0
135.516837545 1.0 1.0
136.399188545 0.0 0.0
137.281539545 1.0 0.0
138.163890545 0.0 0.0
139.046241545 1.0 1.0
139.928592545 0.0 0.0
140.810943545 1.0 0.0
141.693294545 0.0 0.0
142.575645545 1.0 1.0
143.457996545 0.0 0.0
144.340347545 1.0 0.0
145.222698545 0.0 0.0
146.10504954499999 1.0 1.0
146.98740054499999 0.0 0.0
147.86975154499999 1.0 0.0
148.75210254499999 0.0 0.0
149.63445354499999 1.0 1.0
150.51680454499999 0.0 0.0
151.39915554499999 1.0 0.0
152.28150654499998 0.0 0.0
153.16385754499998 1.0 1.0
154.04620854499998 0.0 0.0
154.92855954499998 1.0 0.0
155.81091054499998 0.0 0.0
156.69326154499998 1.0 1.0
157.57561254499998 0.0 0.0
158.45796354499998 1.0 0.0
159.34031454499998 0.0 0.0
160.22266554499998 1.0 1.0
161.10501654499998 0.0 0.0
161.98736754499998 1.0 0.0
162.86971854499998 0.0 0.0
163.75206954499998 1.0 1.0
164.63442054499998 0.0 0.0
165.51677154499998 1.0 0.0
166.39912254499998 0.0 0.0
167.28147354499998 1.0 1.0
168.16382454499998 0.0 0.0
169.04617554499998 1.0 0.0
169.92852654499998 0.0 0.0
170.81087754499998 1.0 1.0
171.69322854499998 0.0 0.0
172.57557954499998 1.0 0.0
173.45793054499998 0.0 0.0
174.34028154499998 1.0 1.0
175.22263254499998 0.0 0.0
176.10498354499998 1.0 0.0
176.98733454499998 0.0 0.0
177.86968554499998 1.0 1.0
178.75203654499998 0.0 0.0
179.63438754499998 1.0 0.0
180.51673854499998 0.0 0.0
181.39908954499998 1.0 1.0
182.28144054499998 0.0 0.0
183.16379154499998 1.0 0.0
184.04614254499998 0.0 0.0
184.92849354499998 1.0 1.0
185.81084454499998 0.0 0.0
186.69319554499998 1.0 0.0
187.57554654499998 0.0 0.0
188.45789754499998 1.0 1.0
189.34024854499998 0.0 0.0
190.22259954499998 1.0 0.0
191.10495054499998 0.0 0.0
191.98730154499998 1.0 1.0
192.86965254499998 0.0 0.0
193.75200354499998 1.0 0.0
194.63435454499998 0.0 0.0
195.51670554499998 1.0 1.0
196.39905654499998 0.0 0.0
197.28140754499998 1.0 0.0
198.16375854499998 0.0 0.0
199.04610954499998 1.0 1.0
199.928460545 0.0 0.0
200.81081154499998 1.0 0.0
201.693162545 0.0 0.0
202.57551354499998 1.0 1.0
203.457864545 0.0 0.0
204.34021554499998 1.0 0.0
205.222566545 0.0 0.0
206.10491754499998 1.0 1.0
206.987268545 0.0 0.0
207.86961954499998 1.0 0.0
208.751970545 0.0 0.0
209.63435496875 1.0 1.0
210.54344496874998 0.0 0.0
211.45253496874997 1.0 0.0
212.35841387541663 0.0 0.0
213.25393587541663 1.0 1.0
214.14905725749998 0.0 0.0
215.03140825749998 1.0 0.0
215.91375925749998 0.0 0.0
216.79611025749998 1.0 1.0
217.67846125749998 0.0 0.0
218.56096591916662 1.0 0.0
219.45648791916662 0.0 0.0
220.35200991916662 1.0 1.0
221.24753191916662 0.0 0.0
222.14305391916662 1.0 0.0
223.03857591916662 0.0 0.0
223.93409791916662 1.0 1.0
224.82961991916662 0.0 0.0
225.72514191916665 1.0 0.0
226.62066391916665 0.0 0.0
227.51592249916663 1.0 1.0
228.39827349916663 0.0 0.0
229.28062449916666 1.0 0.0
230.16297549916663 0.0 0.0
231.04532649916666 1.0 1.0
231.92767749916663 0.0 0.0
232.81002849916666 1.0 0.0
233.69237949916663 0.0 0.0
234.57473049916666 1.0 1.0
235.45708149916666 0.0 0.0
236.33943249916666 1.0 0.0
237.22178349916663 0.0 0.0
238.10413449916666 1.0 1.0
238.98648549916663 0.0 0.0
239.86883649916666 1.0 0.0
240.75118749916666 0.0 0.0
241.63353849916666 1.0 1.0
242.51588949916666 0.0 0.0
243.39824049916666 1.0 0.0
244.28059149916663 0.0 0.0
245.16294249916666 1.0 1.0
246.04529349916663 0.0 0.0
246.92764449916666 1.0 0.0
247.80999549916663 0.0 0.0
248.69234649916666 1.0 1.0
249.57469749916663 0.0 0.0
250.45704849916666 1.0 0.0
251.33939949916666 0.0 0.0
252.22175049916666 1.0 1.0
253.10410149916666 0.0 0.0
253.98645249916666 1.0 0.0
254.86880349916666 0.0 0.0
255.75115449916666 1.0 1.0
256.63350549916663 0.0 0.0
257.51585649916666 1.0 0.0
258.39820749916663 0.0 0.0
259.28055849916666 1.0 1.0
260.16290949916663 0.0 0.0
261.04526049916666 1.0 0.0
261.92761149916663 0.0 0.0
262.80996249916666 1.0 1.0
263.69231349916663 0.0 0.0
264.57466449916666 1.0 0.0
265.45701549916663 0.0 0.0
266.33936649916666 1.0 1.0
267.22171749916663 0.0 0.0
268.10406849916666 1.0 0.0
268.98641949916663 0.0 0.0
269.86877049916666 1.0 1.0
270.75112149916663 0.0 0.0
271.63347249916666 1.0 0.0
272.51582349916663 0.0 0.0
273.39817449916666 1.0 1.0
274.28052549916663 0.0 0.0
275.16287649916666 1.0 0.0
276.04522749916663 0.0 0.0
276.92757849916666 1.0 1.0
277.8099294991666 0.0 0.0
278.69228049916666 1.0 0.0
279.5746314991666 0.0 0.0
280.45698249916666 1.0 0.0
281.3393334991666 0.0 0.0