0.12292660800000002 0.0 0.0
0.8546326080000002 1.0 1.0
1.5863386080000001 0.0 0.0
2.318044608 1.0 0.0
3.049750608 0.0 0.0
3.781456608 1.0 1.0
4.513162608 0.0 0.0
5.244868608 1.0 0.0
5.976574607999999 0.0 0.0
6.708280607999999 1.0 1.0
7.439986607999999 0.0 0.0
8.171692607999999 1.0 0.0
8.903398608 0.0 0.0
9.635104607999999 1.0 1.0
10.366810608 0.0 0.0
11.098516607999999 1.0 0.0
11.830222608 0.0 0.0
12.561928607999999 1.0 1.0
13.293634608 0.0 0.0
14.025340608 1.0 0.0
14.757046608 0.0 0.0
15.488752608 1.0 1.0
16.220458608 0.0 0.0
16.952164608 1.0 0.0
17.683870608 0.0 0.0
18.415576608 1.0 1.0
19.147282608 0.0 0.0
19.878988608 1.0 0.0
20.610694608 0.0 0.0
21.342400608 1.0 1.0
22.074106608 0.0 0.0
22.805812608 1.0 0.0
23.537518608 0.0 0.0
24.269224608000002 1.0 1.0
25.000930608 0.0 0.0
25.732636608 1.0 0.0
26.464342608 0.0 0.0
27.196048608 1.0 1.0
27.927754608 0.0 0.0
28.659460608 1.0 0.0
29.391166608 0.0 0.0
30.122872608 1.0 1.0
30.854578608 0.0 0.0
31.586284608 1.0 0.0
32.317990608 0.0 0.0
33.049696608 1.0 1.0
33.781402608 0.0 0.0
34.513108608 1.0 0.0
35.244814608 0.0 0.0
35.976520608 1.0 1.0
36.708226608000004 0.0 0.0
37.439932608 1.0 1.0
38.171638608 0.0 0.0
38.903344608 1.0 0.0
39.635050608 0.0 0.0
40.366756608 1.0 1.0
41.098462608 0.0 0.0
41.830168608 1.0 0.0
42.561874608000004 0.0 0.0
43.293580608 1.0 1.0
44.025286608 0.0 0.0
44.756992608 1.0 0.0
45.488698608 0.0 0.0
46.220404608 1.0 1.0
46.952110608000005 0.0 0.0
47.68381660800001 1.0 0.0
48.415522608 0.0 0.0
49.147228608000006 1.0 1.0
49.87893460800001 0.0 0.0
50.610640608000004 1.0 0.0
51.342346608 0.0 0.0
52.074052608 1.0 1.0
52.771752132 0.0 0.0
53.469426132 1.0 0.0
54.167100132 0.0 0.0
54.864774132 1.0 1.0
55.58764621925 0.0 0.0
56.31053721925 1.0 0.0
57.03342821925 0.0 0.0
57.75631921925 1.0 1.0
58.462213976 0.0 0.0
59.168095976000004 1.0 0.0
59.873977976 0.0 0.0
60.579859976 1.0 1.0
61.294138673750005 0.0 0.0
62.00842367375 1.0 0.0
62.722708673750006 0.0 0.0
63.43699367375 1.0 1.0
64.11118076975 0.0 0.0
64.78533776975 1.0 0.0
65.45949476975001 0.0 0.0
66.13365176975 1.0 1.0
66.97859258575001 0.0 0.0
67.710383608 1.0 0.0
68.442089608 0.0 0.0
69.201562767 1.0 1.0
69.92448121925001 0.0 0.0
70.64737221925 1.0 0.0
71.37026321925 0.0 0.0
72.09315421925001 1.0 1.0
72.84313388750002 0.0 0.0
73.56604521925001 1.0 0.0
74.22543388175002 0.0 0.0
74.88477488175002 1.0 1.0
75.644193767 0.0 0.0
76.40368776700001 1.0 0.0
77.16318176700001 0.0 0.0
77.92267576700002 1.0 1.0
78.64559421925001 0.0 0.0
79.31230338725001 1.0 0.0
79.97897038725002 0.0 0.0
80.76835228200002 1.0 1.0
81.55782628200002 0.0 0.0
82.34730028200002 1.0 0.0
83.06164167375002 0.0 0.0
83.77592667375 1.0 1.0
84.54511546500002 0.0 0.0
85.31434546500002 1.0 0.0
86.07384676700002 0.0 0.0
86.83334076700002 1.0 1.0
87.57409583175001 0.0 0.0
88.31483683175003 1.0 0.0
89.08404546500002 0.0 0.0
89.85327546500002 1.0 1.0
90.59403783175001 0.0 0.0
91.33477883175001 1.0 0.0
92.10398746500002 0.0 0.0
92.87321746500002 1.0 1.0
93.61397983175002 0.0 0.0
94.35472083175003 1.0 0.0
95.15467638750003 0.0 0.0
95.89546183175003 1.0 1.0
96.67465297250003 0.0 0.0
97.45387297250004 1.0 0.0
98.15160813200004 0.0 0.0
98.89231683175004 1.0 1.0
99.63305783175004 0.0 0.0
100.37379883175004 1.0 0.0
101.17375438750004 0.0 0.0
101.97375438750004 1.0 1.0
102.67970697600003 0.0 0.0
103.38558897600004 1.0 0.0
104.16475397250004 0.0 0.0
104.94397397250005 1.0 1.0
105.67571560800005 0.0 0.0
106.40742160800005 1.0 0.0
107.13912760800004 0.0 0.0
107.87083360800004 1.0 1.0
108.63030676700004 0.0 0.0
109.38980076700004 1.0 0.0
110.14929476700004 0.0 0.0
110.90878876700005 1.0 1.0
111.64051560800004 0.0 0.0
112.37222160800005 1.0 0.0
113.10392760800003 0.0 0.0
113.91467927925004 1.0 1.0
114.69392297250003 0.0 0.0
115.45343176700003 1.0 0.0
116.19418683175003 0.0 0.0
117.00494527925004 1.0 1.0
117.74573883175003 0.0 0.0
118.52492997250003 1.0 0.0
119.30414997250004 0.0 0.0
120.10413438750004 1.0 1.0
120.87338746500004 0.0 0.0
121.64261746500004 1.0 0.0
122.41184746500004 0.0 0.0
123.18107746500004 1.0 1.0
124.01436138850005 0.0 0.0
124.77391076700003 1.0 0.0
125.53340476700004 0.0 0.0
126.36668138850004 1.0 1.0
127.14594197250003 0.0 0.0
127.89596388750002 1.0 0.0
128.64596388750002 0.0 0.0
129.39596388750002 1.0 1.0
130.20672927925003 0.0 0.0
130.96626176700002 1.0 0.0
131.72575576700004 0.0 0.0
132.48524976700003 1.0 1.0
133.24474376700002 0.0 0.0
134.00423776700003 1.0 0.0
134.76373176700002 0.0 0.0
135.523225767 1.0 1.0
136.28271976700003 0.0 0.0
137.04221376700002 1.0 0.0
137.80170776700004 0.0 0.0
138.56120176700003 1.0 1.0
139.32069576700002 0.0 0.0
140.08018976700004 1.0 0.0
140.83968376700003 0.0 0.0
141.59917776700001 1.0 1.0
142.35867176700003 0.0 0.0
143.11816576700002 1.0 0.0
143.87765976700004 0.0 0.0
144.63715376700003 1.0 1.0
145.39664776700002 0.0 0.0
146.15614176700004 1.0 0.0
146.91563576700003 0.0 0.0
147.67512976700002 1.0 1.0
148.43462376700003 0.0 0.0
149.19411776700002 1.0 0.0
149.99408738750003 0.0 0.0
150.79408738750004 1.0 1.0
151.55361176700004 0.0 0.0
152.31310576700002 1.0 0.0
153.12387827925005 0.0 0.0
153.89313946500005 1.0 1.0
154.66236946500004 0.0 0.0
155.43159946500003 1.0 0.0
156.20082946500006 0.0 0.0
156.97005946500005 1.0 1.0
157.73928946500004 0.0 0.0
158.48005183175002 1.0 0.0
159.22079283175003 0.0 0.0
159.99000146500003 1.0 1.0
160.75923146500003 0.0 0.0
161.46516097600002 1.0 0.0
162.24432597250004 0.0 0.0
163.01356346500006 1.0 1.0
163.78279346500005 0.0 0.0
164.55202346500005 1.0 0.0
165.32125346500004 0.0 0.0
166.03557967375005 1.0 1.0
166.74986467375004 0.0 0.0
167.56060327925007 1.0 0.0
168.33984697250006 0.0 0.0
169.11906697250006 1.0 1.0
169.84200021925005 0.0 0.0
170.56489121925006 1.0 0.0
171.33408646500007 0.0 0.0
172.10331646500006 1.0 1.0
172.87254646500006 0.0 0.0
173.68332627925008 1.0 0.0
174.52836958575008 0.0 0.0
175.37343858575008 1.0 1.0
176.15270797250005 0.0 0.0
176.93192797250006 1.0 0.0
177.71114797250007 0.0 0.0
178.49036797250005 1.0 1.0
179.26958797250006 0.0 0.0
180.02909676700006 1.0 0.0
180.78859076700004 0.0 0.0
181.54808476700003 1.0 1.0
182.33753628200006 0.0 0.0
183.12701028200004 1.0 0.0
183.91648428200006 0.0 0.0
184.73837694975006 1.0 1.0
185.50764646500005 0.0 0.0
186.24840883175003 1.0 0.0
186.98914983175004 0.0 0.0
187.72989083175003 1.0 1.0
188.47063183175004 0.0 0.0
189.23984046500004 1.0 0.0
189.99934176700003 0.0 0.0
190.81011427925003 1.0 1.0
191.57937546500003 0.0 0.0
192.34860546500002 1.0 0.0
193.117835465 0.0 0.0
193.88706546500003 1.0 1.0
194.65629546500003 0.0 0.0
195.42552546500002 1.0 0.0
196.21498428200002 0.0 0.0
197.004458282 1.0 1.0
197.7836859725 0.0 0.0
198.5629059725 1.0 0.0
199.3421259725 0.0 0.0
200.1213459725 1.0 1.0
200.9005659725 0.0 0.0
201.6797859725 1.0 0.0
202.4590059725 0.0 0.0
203.2382259725 1.0 1.0
204.0174459725 0.0 0.0
204.7966659725 1.0 0.0
205.65374953100002 0.0 0.0
206.51089153100003 1.0 1.0
207.242691608 0.0 0.0
207.974397608 1.0 0.0
208.706103608 0.0 0.0
209.437809608 1.0 1.0
210.169515608 0.0 0.0
210.90122160800001 1.0 0.0
211.63292760800002 0.0 0.0
212.3829138875 1.0 1.0
213.114633608 0.0 0.0
213.846339608 1.0 0.0
214.578045608 0.0 0.0
215.309751608 1.0 1.0
216.05048583175 0.0 0.0
216.79122683175 1.0 0.0
217.522939608 0.0 0.0
218.254645608 1.0 1.0
218.986351608 0.0 0.0
219.718057608 1.0 0.0
220.449763608 0.0 0.0
221.18146960800001 1.0 1.0
221.91317560800002 0.0 0.0
222.644881608 1.0 0.0
223.376587608 0.0 0.0
224.108293608 1.0 1.0
224.839999608 0.0 0.0
225.571705608 1.0 0.0
226.3216918875 0.0 0.0
227.0716918875 1.0 1.0
227.8216918875 0.0 0.0
228.5716918875 1.0 0.0
229.303411608 0.0 0.0
230.035117608 1.0 1.0
230.766823608 0.0 0.0
231.498529608 1.0 0.0
232.24851588750002 0.0 0.0
232.99851588750002 1.0 1.0
233.73023560800002 0.0 0.0
234.46194160800002 1.0 0.0
235.19364760800002 0.0 0.0
235.92535360800002 1.0 1.0
236.65705960800003 0.0 0.0
237.37995721925003 1.0 0.0
238.07765013200003 0.0 0.0
238.77532413200004 1.0 1.0
239.50700460800005 0.0 0.0
240.23871060800005 1.0 0.0
240.97041660800005 0.0 0.0
241.70212260800005 1.0 1.0
242.46159576700006 0.0 0.0
243.22108976700005 1.0 0.0
243.92701197600007 0.0 0.0
244.63289397600008 1.0 1.0
245.36458060800007 0.0 0.0
246.09628660800007 1.0 0.0
246.82799260800007 0.0 0.0
247.55969860800008 1.0 1.0
248.27399667375008 0.0 0.0
248.98828167375007 1.0 0.0
249.70256667375008 0.0 0.0
250.41685167375007 1.0 1.0
251.15757283175006 0.0 0.0
251.90756588750008 1.0 0.0
252.63928560800008 0.0 0.0
253.37099160800008 1.0 1.0
254.11172583175008 0.0 0.0
254.8524668317501 1.0 0.0
255.59320783175008 0.0 0.0
256.3339488317501 1.0 1.0
257.0656616080001 0.0 0.0
257.7973676080001 1.0 0.0
258.5290736080001 0.0 0.0
259.26077960800006 1.0 1.0
259.9836772192501 0.0 0.0
260.7065682192501 1.0 0.0
261.4294592192501 0.0 0.0
262.1523502192501 1.0 1.0
262.8752412192501 0.0 0.0
263.5981322192501 1.0 0.0
264.3210232192501 0.0 0.0
265.0439142192501 1.0 1.0
265.7668052192501 0.0 0.0
266.5075328317501 1.0 0.0
267.24827383175005 0.0 0.0
267.98901483175007 1.0 1.0
268.7119192192501 0.0 0.0
269.43481021925004 1.0 0.0
270.16650960800007 0.0 0.0
270.8982156080001 1.0 1.0
271.60411697600006 0.0 0.0
272.3099989760001 1.0 0.0
273.01588097600006 0.0 0.0
273.7217629760001 1.0 1.0
274.4534496080001 0.0 0.0
275.1851556080001 1.0 0.0
275.9168616080001 0.0 0.0
276.64856760800006 1.0 1.0
277.3802736080001 0.0 0.0
278.11197960800007 1.0 0.0
278.8096791320001 0.0 0.0
279.5073531320001 1.0 1.0
280.23022521925014 0.0 0.0
280.9531162192501 1.0 0.0
281.6760072192501 0.0 0.0
282.3988982192501 1.0 1.0
283.1047929760001 0.0 0.0
283.81067497600014 1.0 0.0
284.5165569760001 0.0 0.0
285.22243897600015 1.0 1.0
285.9283209760001 0.0 0.0
286.6782878875001 1.0 0.0
287.4282878875001 0.0 0.0
288.1782878875001 1.0 1.0
288.8842029760001 0.0 0.0
289.5900849760001 1.0 0.0
290.31296321925015 0.0 0.0
291.0358542192501 1.0 1.0
291.7587452192501 0.0 0.0
292.4816362192501 1.0 0.0
293.23161588750014 0.0 0.0
293.98161588750014 1.0 1.0
294.70452721925017 0.0 0.0
295.4274182192501 1.0 0.0
296.12511113200014 0.0 0.0
296.82278513200015 1.0 1.0
297.5456572192502 0.0 0.0
298.26854821925014 1.0 0.0
298.97444297600015 0.0 0.0
299.6803249760002 1.0 1.0
300.4032032192502 0.0 0.0
301.12609421925015 1.0 0.0
301.8760738875002 0.0 0.0
302.6260738875002 1.0 1.0
303.3577936080002 0.0 0.0
304.0894996080002 1.0 0.0
304.8212056080002 0.0 0.0
305.55291160800016 1.0 1.0
306.2846176080002 0.0 0.0
307.01632360800016 1.0 0.0
307.7222249760002 0.0 0.0
308.4281069760002 1.0 1.0
309.1688218317502 0.0 0.0
309.9095628317502 1.0 0.0
310.6503038317502 0.0 0.0
311.3732082192502 1.0 1.0
312.09609921925016 0.0 0.0
312.81899021925017 1.0 0.0
313.5418812192502 0.0 0.0
314.2647722192502 1.0 1.0
314.9964716080002 0.0 0.0
315.72817760800024 1.0 0.0
316.4598836080002 0.0 0.0
317.1915896080002 1.0 1.0
317.9232956080002 0.0 0.0
318.6550016080002 1.0 0.0
319.3867076080002 0.0 0.0
320.1184136080002 1.0 1.0
320.8501196080002 0.0 0.0
321.6395502820002 1.0 0.0
322.4087954650002 0.0 0.0
323.1780254650002 1.0 1.0
323.9472554650002 0.0 0.0
324.7164854650002 1.0 0.0
325.4572478317502 0.0 0.0
326.1979888317502 1.0 1.0
326.9671974650002 0.0 0.0
327.7364274650002 1.0 0.0
328.4681616080002 0.0 0.0
329.1998676080002 1.0 1.0
329.9315736080002 0.0 0.0
330.66327960800015 1.0 0.0
331.3949856080002 0.0 0.0
332.12669160800016 1.0 1.0
332.9961522145002 0.0 0.0
333.8181049497502 1.0 0.0
334.6400219497502 0.0 0.0
335.38082383175015 1.0 1.0
336.12156483175016 0.0 0.0
336.8623058317502 1.0 0.0
337.60304683175013 0.0 0.0
338.38223797250015 1.0 1.0
339.0799731320002 0.0 0.0
339.84914946500015 1.0 0.0
340.61837946500015 0.0 0.0
341.3876094650002 1.0 1.0
342.1193436080002 0.0 0.0
342.85104960800015 1.0 0.0
343.62025146500014 0.0 0.0
344.36101383175014 1.0 1.0
345.11100688750014 0.0 0.0
345.86100688750014 1.0 0.0
346.60175483175016 0.0 0.0
347.4017103875002 1.0 1.0
348.1246592192502 0.0 0.0
348.8389506737502 1.0 0.0
349.5532356737502 0.0 0.0
350.3126957670002 1.0 1.0
351.0270146737502 0.0 0.0
351.74129967375023 1.0 0.0
352.45558467375025 0.0 0.0
353.2247734650002 1.0 1.0
353.9390996737502 0.0 0.0
354.6533846737502 1.0 0.0
355.5763050797503 0.0 0.0
356.49938207975026 1.0 1.0
357.3327813885003 0.0 0.0
358.16611338850026 1.0 0.0
359.18292367650025 0.0 0.0
360.48705612650025 1.0 1.0
361.79140412650025 0.0 0.0
363.09575212650026 1.0 0.0
364.40010012650026 0.0 0.0
365.70444812650027 1.0 1.0
367.0087961265003 0.0 0.0
368.3131441265003 0.0 0.0