0.051851800000000045 1.0 0.0
0.9777768 0.0 0.0
1.9037017999999999 1.0 1.0
2.8296268 0.0 0.0
3.7555518 1.0 0.0
4.6814768 0.0 0.0
5.6074018 1.0 1.0
6.5333268 0.0 0.0
7.4592518000000005 1.0 0.0
8.3851768 0.0 0.0
9.3111018 1.0 1.0
10.2370268 0.0 0.0
11.1629518 1.0 0.0
12.0888768 0.0 0.0
13.014801799999999 1.0 1.0
13.9407268 0.0 0.0
14.8666518 1.0 0.0
15.792576799999999 0.0 0.0
16.718501800000002 1.0 1.0
17.6444268 0.0 0.0
18.5703518 1.0 0.0
19.4962768 0.0 0.0
20.4222018 1.0 1.0
21.348126800000003 0.0 0.0
22.274051800000002 1.0 0.0
23.1999768 0.0 0.0
24.1259018 1.0 1.0
25.0518268 0.0 0.0
25.9777518 1.0 0.0
26.9036768 0.0 0.0
27.829601800000002 1.0 1.0
28.755367200000002 0.0 0.0
29.6784422 1.0 0.0
30.601517199999996 0.0 0.0
31.524592199999997 1.0 1.0
32.4476672 0.0 0.0
33.370742199999995 1.0 0.0
34.2938172 0.0 0.0
35.2168922 1.0 1.0
36.1399672 0.0 0.0
37.0630422 1.0 0.0
37.986117199999995 0.0 0.0
38.9091922 1.0 1.0
39.8322672 0.0 0.0
40.7553422 1.0 0.0
41.6784172 0.0 0.0
42.601492199999996 1.0 1.0
43.5245672 0.0 0.0
44.4476422 1.0 0.0
45.37032268 0.0 0.0
46.28635268 1.0 1.0
47.20238268 0.0 0.0
48.11841268 1.0 0.0
49.03444268 0.0 0.0
49.95047268 1.0 1.0
50.866502679999996 0.0 0.0
51.782611136 1.0 0.0
52.700042136 0.0 0.0
53.617473136 1.0 1.0
54.534904136 0.0 0.0
55.45272175 1.0 0.0
56.375796750000006 0.0 0.0
57.29887175 1.0 1.0
58.22194675 0.0 0.0
59.145021750000005 1.0 0.0
60.06809675 0.0 0.0
60.99117175000001 1.0 1.0
61.914246750000004 0.0 0.0
62.83732175 1.0 0.0
63.760396750000005 0.0 0.0
64.68347175000001 1.0 1.0
65.60654675 0.0 0.0
66.53087978750001 1.0 0.0
67.4568047875 0.0 0.0
68.38272978750001 1.0 1.0
69.3086547875 0.0 0.0
70.23457978750001 1.0 0.0
71.1605047875 0.0 0.0
72.08642978750001 1.0 1.0
73.01242001725001 0.0 0.0
73.93977601725001 1.0 0.0
74.86690120000002 0.0 0.0
75.78997620000001 1.0 1.0
76.71305120000001 0.0 0.0
77.6361262 1.0 0.0
78.5592012 0.0 0.0
79.48227620000002 1.0 1.0
80.40535120000001 0.0 0.0
81.32842620000001 1.0 0.0
82.2515012 0.0 0.0
83.1745762 1.0 1.0
84.09765120000002 0.0 0.0
85.02072620000001 1.0 0.0
85.94380120000001 0.0 0.0
86.86687620000001 1.0 1.0
87.7899512 0.0 0.0
88.71302620000002 1.0 0.0
89.63610120000001 0.0 0.0
90.55917620000001 1.0 1.0
91.48225120000001 0.0 0.0
92.40532620000002 1.0 0.0
93.32840120000002 0.0 0.0
94.25147620000001 1.0 1.0
95.17455120000001 0.0 0.0
96.09762620000001 1.0 0.0
97.02070120000002 0.0 0.0
97.94377620000002 1.0 1.0
98.86685120000001 0.0 0.0
99.78992620000001 1.0 0.0
100.71300120000001 0.0 0.0
101.63607620000002 1.0 1.0
102.55915120000002 0.0 0.0
103.48222620000001 1.0 0.0
104.40530120000001 0.0 0.0
105.32837620000001 1.0 1.0
106.25145120000002 0.0 0.0
107.1745262 1.0 0.0
108.09760120000001 0.0 0.0
109.02067620000001 1.0 1.0
109.94375120000001 0.0 0.0
110.8668262 1.0 0.0
111.7899012 0.0 0.0
112.71297620000001 1.0 1.0
113.63605120000001 0.0 0.0
114.55912620000001 1.0 0.0
115.48220120000002 0.0 0.0
116.4052762 1.0 1.0
117.32835120000001 0.0 0.0
118.25142620000003 1.0 0.0
119.17450120000002 0.0 0.0
120.09757620000002 1.0 1.0
121.02065120000003 0.0 0.0
121.94372620000001 1.0 0.0
122.86680120000003 0.0 0.0
123.78987620000002 1.0 1.0
124.71295120000002 0.0 0.0
125.63602620000003 1.0 0.0
126.55910120000001 0.0 0.0
127.48217620000003 1.0 1.0
128.4052512 0.0 0.0
129.32832620000002 1.0 0.0
130.25140120000003 0.0 0.0
131.17447620000002 1.0 1.0
132.09755120000003 0.0 0.0
133.02062620000004 1.0 0.0
133.94370120000002 0.0 0.0
134.86677620000003 1.0 1.0
135.78985120000002 0.0 0.0
136.71292620000003 1.0 0.0
137.6360012 0.0 0.0
138.55907620000002 1.0 1.0
139.48215120000003 0.0 0.0
140.40522620000002 1.0 0.0
141.32830120000003 0.0 0.0
142.25137620000004 1.0 1.0
143.17445120000002 0.0 0.0
144.09752620000003 1.0 0.0
145.02060120000004 0.0 0.0
145.94367620000003 1.0 1.0
146.8667512 0.0 0.0
147.78982620000002 1.0 0.0
148.71290120000003 0.0 0.0
149.63597620000002 1.0 1.0
150.55905120000003 0.0 0.0
151.48212620000004 1.0 0.0
152.40520120000002 0.0 0.0
153.32827620000003 1.0 1.0
154.25135120000004 0.0 0.0
155.17442620000003 1.0 0.0
156.0975012 0.0 0.0
157.02057620000002 1.0 1.0
157.94365120000003 0.0 0.0
158.86672620000002 1.0 0.0
159.78980120000003 0.0 0.0
160.71287620000004 1.0 1.0
161.63595120000002 0.0 0.0
162.55902620000003 1.0 0.0
163.48210120000005 0.0 0.0
164.40517620000003 1.0 1.0
165.3282512 0.0 0.0
166.25132620000002 1.0 0.0
167.17440120000003 0.0 0.0
168.09747620000002 1.0 1.0
169.02055120000003 0.0 0.0
169.94362620000004 1.0 0.0
170.86670120000002 0.0 0.0
171.78977620000003 1.0 1.0
172.71285120000005 0.0 0.0
173.63592620000003 1.0 0.0
174.5590012 0.0 0.0
175.48207620000002 1.0 1.0
176.40515120000003 0.0 0.0
177.32822620000002 1.0 0.0
178.25130120000003 0.0 0.0
179.17437620000004 1.0 1.0
180.09745120000002 0.0 0.0
181.02052620000003 1.0 0.0
181.94360120000005 0.0 0.0
182.86667620000003 1.0 1.0
183.7897512 0.0 0.0
184.71282620000002 1.0 0.0
185.63590120000003 0.0 0.0
186.55897620000002 1.0 1.0
187.48205120000003 0.0 0.0
188.40512620000004 1.0 0.0
189.32820120000002 0.0 0.0
190.25127620000004 1.0 1.0
191.17435120000005 0.0 0.0
192.09742620000003 1.0 0.0
193.0205012 0.0 0.0
193.94357620000002 1.0 1.0
194.86665120000004 0.0 0.0
195.78972620000002 1.0 0.0
196.71280120000003 0.0 0.0
197.63587620000004 1.0 1.0
198.55895120000002 0.0 0.0
199.48202620000004 1.0 0.0
200.40510120000005 0.0 0.0
201.32817620000003 1.0 1.0
202.2512512 0.0 0.0
203.17432620000002 1.0 0.0
204.09740120000004 0.0 0.0
205.02047620000002 1.0 1.0
205.94355120000003 0.0 0.0
206.86662620000004 1.0 0.0
207.78970120000002 0.0 0.0
208.71277620000004 1.0 1.0
209.63585120000002 0.0 0.0
210.55892620000003 1.0 0.0
211.48200120000004 0.0 0.0
212.40507620000002 1.0 1.0
213.32815120000004 0.0 0.0
214.25122620000002 1.0 0.0
215.17430120000003 0.0 0.0
216.09737620000004 1.0 1.0
217.02045120000002 0.0 0.0
217.94352620000004 1.0 0.0
218.86660120000002 0.0 0.0
219.78967620000003 1.0 1.0
220.71275120000004 0.0 0.0
221.63582620000003 1.0 1.0
222.55890120000004 0.0 0.0
223.48197620000002 0.0 0.0