0.13672123400000002 1.0 1.0
1.1203272340000001 0.0 0.0
2.1039332340000003 1.0 0.0
3.0875392340000003 0.0 0.0
4.071145234 1.0 1.0
5.054751234000001 0.0 0.0
6.038357234000001 1.0 0.0
7.021963234000001 0.0 0.0
8.005569234000001 1.0 1.0
8.989175234 0.0 0.0
9.972781234 1.0 0.0
10.956387234000001 0.0 0.0
11.939993234000001 1.0 1.0
12.923599234000001 0.0 0.0
13.907205234000001 1.0 0.0
14.890811234000001 0.0 0.0
15.874417234000001 1.0 1.0
16.858023234 0.0 0.0
17.841629234000003 1.0 0.0
18.825235234 0.0 0.0
19.808841234000003 1.0 1.0
20.792447234 0.0 0.0
21.776053234000003 1.0 0.0
22.759659234 0.0 0.0
23.743265234000003 1.0 1.0
24.726871234 0.0 0.0
25.710477234000003 1.0 0.0
26.694083234 0.0 0.0
27.677689234000002 1.0 1.0
28.661295234000004 0.0 0.0
29.644901234000002 1.0 0.0
30.620831446833336 0.0 0.0
31.59644044683334 1.0 1.0
32.57204944683334 0.0 0.0
33.54765844683334 1.0 0.0
34.52326744683334 0.0 0.0
35.49887644683334 1.0 1.0
36.47448544683334 0.0 0.0
37.45009444683334 1.0 0.0
38.43199495183334 0.0 0.0
39.41964895183334 1.0 1.0
40.407302951833344 0.0 0.0
41.39495695183334 1.0 0.0
42.38261095183334 0.0 0.0
43.37026495183334 1.0 1.0
44.35791895183334 0.0 0.0
45.34349719683335 1.0 0.0
46.319106196833346 0.0 0.0
47.294715196833344 1.0 1.0
48.27032419683334 0.0 0.0
49.24593319683334 1.0 0.0
50.22154219683334 0.0 0.0
51.197151196833346 1.0 1.0
52.17387177983334 0.0 0.0
53.15747777983334 1.0 0.0
54.141083779833345 0.0 0.0
55.124689779833346 1.0 1.0
56.10829577983335 0.0 0.0
57.09190177983334 1.0 0.0
58.075507779833345 0.0 0.0
59.059113779833346 1.0 1.0
60.04271977983335 0.0 0.0
61.02632577983334 1.0 0.0
62.009931779833344 0.0 0.0
62.99353777983334 1.0 1.0
63.97593223433334 0.0 0.0
64.95154123433335 1.0 0.0
65.92715023433334 0.0 0.0
66.90275923433335 1.0 1.0
67.87836823433334 0.0 0.0
68.85397723433334 1.0 0.0
69.82958623433335 0.0 0.0
70.80519523433334 1.0 1.0
71.78080423433335 0.0 0.0
72.75641323433334 1.0 0.0
73.73202223433334 0.0 0.0
74.70763123433335 1.0 1.0
75.68324023433334 0.0 0.0
76.65884923433335 1.0 0.0
77.63571976108334 0.0 0.0
78.61932576108335 1.0 1.0
79.60293176108334 0.0 0.0
80.58653776108335 1.0 0.0
81.57014376108334 0.0 0.0
82.55374976108334 1.0 1.0
83.53735576108335 0.0 0.0
84.52096176108334 1.0 0.0
85.50456776108334 0.0 0.0
86.48817376108335 1.0 1.0
87.47177976108334 0.0 0.0
88.45538576108335 1.0 0.0
89.43899176108334 0.0 0.0
90.42259776108334 1.0 1.0
91.40620376108335 0.0 0.0
92.38980976108334 1.0 0.0
93.37341576108335 0.0 0.0
94.35702176108335 1.0 1.0
95.34062776108334 0.0 0.0
96.32423376108335 1.0 0.0
97.30783976108334 0.0 0.0
98.29144576108334 1.0 1.0
99.27505176108335 0.0 0.0
100.25865776108334 1.0 0.0
101.24226376108335 0.0 0.0
102.22586976108335 1.0 1.0
103.20947576108335 0.0 0.0
104.19308176108335 1.0 0.0
105.17304379475 0.0 0.0
106.14865279475 1.0 1.0
107.12426179475 0.0 0.0
108.09987079475 1.0 0.0
109.07547979475001 0.0 0.0
110.05108879475 1.0 1.0
111.02921759333333 0.0 0.0
112.00880759333333 1.0 0.0
112.98839759333333 0.0 0.0
113.96798759333333 1.0 1.0
114.94757759333334 0.0 0.0
115.92716759333334 1.0 0.0
116.90675759333334 0.0 0.0
117.88634759333333 1.0 1.0
118.86593759333333 0.0 0.0
119.84552759333333 1.0 0.0
120.82511759333333 0.0 0.0
121.80470759333333 1.0 1.0
122.78429759333333 0.0 0.0
123.76388759333334 1.0 0.0
124.74347759333332 0.0 0.0
125.72450272750002 1.0 1.0
126.71623772750002 0.0 0.0
127.70600624958337 1.0 0.0
128.68559624958337 0.0 0.0
129.66518624958337 1.0 1.0
130.64477624958337 0.0 0.0
131.62436624958337 1.0 0.0
132.60395624958338 0.0 0.0
133.58354624958338 1.0 1.0
134.56313624958335 0.0 0.0
135.54272624958335 1.0 0.0
136.52231624958335 0.0 0.0
137.50190624958336 1.0 1.0
138.48149624958336 0.0 0.0
139.46108624958336 1.0 0.0
140.44067624958336 0.0 0.0
141.42026624958336 1.0 1.0
142.39985624958337 0.0 0.0
143.37944624958337 1.0 0.0
144.35903624958337 0.0 0.0
145.33862624958337 1.0 1.0
146.31821624958337 0.0 0.0
147.29780624958337 1.0 0.0
148.27739624958338 0.0 0.0
149.25698624958338 1.0 1.0
150.23657624958338 0.0 0.0
151.21616624958335 1.0 0.0
152.19575624958335 0.0 0.0
153.17534624958336 1.0 1.0
154.15493624958336 0.0 0.0
155.13452624958336 1.0 0.0
156.11411624958336 0.0 0.0
157.09370624958336 1.0 1.0
158.07329624958336 0.0 0.0
159.05288624958337 1.0 0.0
160.03247624958337 0.0 0.0
161.01206624958337 1.0 1.0
161.99165624958337 0.0 0.0
162.97124624958337 1.0 0.0
163.95083624958338 0.0 0.0
164.93042624958338 1.0 1.0
165.91001624958335 0.0 0.0
166.88960624958338 1.0 0.0
167.86919624958335 0.0 0.0
168.84878624958338 1.0 1.0
169.82837624958336 0.0 0.0
170.80796624958336 1.0 0.0
171.78755624958336 0.0 0.0
172.76714624958336 1.0 1.0
173.74673624958336 0.0 0.0
174.72632624958337 1.0 0.0
175.70591624958337 0.0 0.0
176.68550624958337 1.0 1.0
177.66509624958337 0.0 0.0
178.64468624958337 1.0 0.0
179.62427624958337 0.0 0.0
180.60386624958338 1.0 1.0
181.58345624958338 0.0 0.0
182.56304624958335 1.0 0.0
183.54263624958338 0.0 0.0
184.52222624958335 1.0 1.0
185.50181624958338 0.0 0.0
186.48140624958336 1.0 0.0
187.46099624958336 0.0 0.0
188.44058624958336 1.0 1.0
189.42017624958336 0.0 0.0
190.39976624958337 1.0 0.0
191.37935624958337 0.0 0.0
192.35894624958337 1.0 1.0
193.33853624958337 0.0 0.0
194.31812624958337 1.0 0.0
195.29771624958337 0.0 0.0
196.27730624958338 1.0 1.0
197.25689624958335 0.0 0.0
198.23648624958338 1.0 0.0
199.21607624958335 0.0 0.0
200.19566624958338 1.0 1.0
201.17525624958336 0.0 0.0
202.1548462495834 1.0 0.0
203.13443624958336 0.0 0.0
204.1140262495834 1.0 1.0
205.09361624958336 0.0 0.0
206.07320624958336 1.0 0.0
207.05279624958337 0.0 0.0
208.03238624958337 1.0 1.0
209.01197624958337 0.0 0.0
209.99156624958337 1.0 0.0
210.97115624958337 0.0 0.0
211.95074624958337 1.0 1.0
212.93144034558335 0.0 0.0
213.91909434558335 1.0 0.0
214.90674834558337 0.0 0.0
215.89440234558336 1.0 1.0
216.88205634558335 0.0 0.0
217.86971034558334 1.0 0.0
218.85736434558336 0.0 0.0
219.84501834558336 1.0 1.0
220.83267234558335 0.0 0.0
221.82032634558337 1.0 0.0
222.80798034558336 0.0 0.0
223.79563434558335 1.0 1.0
224.78328834558334 0.0 0.0
225.76776246558336 1.0 0.0
226.74337146558335 0.0 0.0
227.71898046558334 1.0 1.0
228.69458946558336 0.0 0.0
229.67019846558335 1.0 0.0
230.64580746558335 0.0 0.0
231.62141646558334 1.0 1.0
232.59702546558336 0.0 0.0
233.57263446558335 1.0 0.0
234.54824346558334 0.0 0.0
235.52385246558336 1.0 1.0
236.49946146558335 0.0 0.0
237.47507046558334 1.0 0.0
238.45067946558336 0.0 0.0
239.42628846558335 1.0 1.0
240.40397100041667 0.0 0.0
241.39570600041668 1.0 0.0
242.38744100041666 0.0 0.0
243.37917600041666 1.0 1.0
244.36929875166666 0.0 0.0
245.34888875166666 1.0 0.0
246.32847875166667 0.0 0.0
247.30806875166667 1.0 1.0
248.28765875166667 0.0 0.0
249.26724875166667 1.0 0.0
250.24683875166667 0.0 0.0
251.22642875166667 1.0 1.0
252.20601875166668 0.0 0.0
253.18560875166668 1.0 0.0
254.16519875166668 0.0 0.0
255.14478875166668 1.0 1.0
256.12437875166665 0.0 0.0
257.1039687516667 1.0 0.0
258.08355875166666 0.0 0.0
259.0631487516667 1.0 1.0
260.04273875166666 0.0 0.0
261.0223287516667 1.0 0.0
262.00191875166666 0.0 0.0
262.9815087516667 1.0 1.0
263.96109875166667 0.0 0.0
264.9406887516667 1.0 0.0
265.9202787516667 0.0 0.0
266.89986875166665 1.0 1.0
267.8794587516667 0.0 0.0
268.85904875166665 1.0 0.0
269.8386387516667 0.0 0.0
270.81822875166665 1.0 1.0
271.7978187516667 0.0 0.0
272.77740875166666 1.0 0.0
273.7569987516667 0.0 0.0
274.73658875166666 1.0 1.0
275.7161787516667 0.0 0.0
276.69576875166666 1.0 1.0
277.6753587516667 0.0 0.0
278.65494875166667 0.0 0.0
279.6345387516667 0.0 0.0