0.280615408 1.0 1.0
1.203692408 0.0 0.0
2.126769408 1.0 0.0
3.049846408 0.0 0.0
3.9729234079999998 1.0 1.0
4.896000408 0.0 0.0
5.819077408 1.0 0.0
6.742154408 0.0 0.0
7.6652314079999995 1.0 1.0
8.588308408 0.0 0.0
9.511385407999999 1.0 0.0
10.434462408 0.0 0.0
11.357539408 1.0 1.0
12.280616408 0.0 0.0
13.203693408 1.0 0.0
14.126770407999999 0.0 0.0
15.049847407999998 1.0 1.0
15.972924407999999 0.0 0.0
16.896001408 1.0 0.0
17.819078408 0.0 0.0
18.742155408 1.0 1.0
19.665232407999998 0.0 0.0
20.588309408 1.0 0.0
21.511386408 0.0 0.0
22.434463408 1.0 1.0
23.357540408 0.0 0.0
24.280617407999998 1.0 0.0
25.203694408 0.0 0.0
26.126771408 1.0 1.0
27.049848408 0.0 0.0
27.972925408 1.0 0.0
28.896002407999998 0.0 0.0
29.819079408000004 1.0 1.0
30.742156408000003 0.0 0.0
31.665233408000002 1.0 0.0
32.588310408000005 0.0 0.0
33.511387408000004 1.0 1.0
34.434464408000004 0.0 0.0
35.357541408 1.0 0.0
36.280618408 0.0 0.0
37.203695408 1.0 1.0
38.126772408 0.0 0.0
39.049849408 1.0 0.0
39.972926408 0.0 0.0
40.896003408 1.0 1.0
41.819080408000005 0.0 0.0
42.742157408000004 1.0 0.0
43.665234408 0.0 0.0
44.588311408 1.0 1.0
45.511388408 0.0 0.0
46.434465408 1.0 0.0
47.357542408 0.0 0.0
48.280619408 1.0 1.0
49.203696408 0.0 0.0
50.126773408 1.0 0.0
51.049850408000005 0.0 0.0
51.972927408000004 1.0 1.0
52.896004408 0.0 0.0
53.819081408 1.0 0.0
54.742158408 0.0 0.0
55.665235408 1.0 1.0
56.588312408 0.0 0.0
57.511389408 1.0 0.0
58.434466408 0.0 0.0
59.357543408 1.0 1.0
60.280620408000004 0.0 0.0
61.203697408000004 1.0 0.0
62.126774408 0.0 0.0
63.049851407999995 1.0 1.0
63.972928407999994 0.0 0.0
64.896005408 1.0 0.0
65.819082408 0.0 0.0
66.74215940799999 1.0 1.0
67.665236408 0.0 0.0
68.58831340799999 1.0 0.0
69.511390408 0.0 0.0
70.43446740799999 1.0 1.0
71.357544408 0.0 0.0
72.28062140799999 1.0 0.0
73.203698408 0.0 0.0
74.126775408 1.0 1.0
75.04985240799999 0.0 0.0
75.972929408 1.0 0.0
76.89600640799999 0.0 0.0
77.819083408 1.0 1.0
78.74216040799999 0.0 0.0
79.665237408 1.0 0.0
80.58831440799999 0.0 0.0
81.511391408 1.0 1.0
82.43446840799999 0.0 0.0
83.357545408 1.0 0.0
84.280622408 0.0 0.0
85.20369940799999 1.0 1.0
86.126776408 0.0 0.0
87.04985340799999 1.0 0.0
87.972930408 0.0 0.0
88.89600740799999 1.0 1.0
89.819084408 0.0 0.0
90.74216140799999 1.0 0.0
91.665238408 0.0 0.0
92.588315408 1.0 1.0
93.51139240799999 0.0 0.0
94.434469408 1.0 0.0
95.35754640799999 0.0 0.0
96.280623408 1.0 1.0
97.20370040799999 0.0 0.0
98.126777408 1.0 0.0
99.04985440799999 0.0 0.0
99.972931408 1.0 1.0
100.89600840799999 0.0 0.0
101.81908540799999 1.0 0.0
102.742162408 0.0 0.0
103.66523940799999 1.0 1.0
104.588316408 0.0 0.0
105.51139340799999 1.0 0.0
106.434470408 0.0 0.0
107.35754740799999 1.0 1.0
108.280624408 0.0 0.0
109.20370140799999 1.0 0.0
110.12677840799999 0.0 0.0
111.04985540799998 1.0 1.0
111.97293240799999 0.0 0.0
112.896009408 1.0 0.0
113.81908640799999 0.0 0.0
114.742163408 1.0 1.0
115.66524040799999 0.0 0.0
116.588317408 1.0 0.0
117.51139440799999 0.0 0.0
118.434471408 1.0 1.0
119.35754840799999 0.0 0.0
120.28062540799999 1.0 0.0
121.203702408 0.0 0.0
122.12677940799999 1.0 1.0
123.049856408 0.0 0.0
123.97293340799999 1.0 0.0
124.896010408 0.0 0.0
125.81908740799999 1.0 1.0
126.742164408 0.0 0.0
127.66524140799999 1.0 0.0
128.588318408 0.0 0.0
129.511395408 1.0 1.0
130.434472408 0.0 0.0
131.35754940799998 1.0 0.0
132.280626408 0.0 0.0
133.203703408 1.0 1.0
134.126780408 0.0 0.0
135.04985740799998 1.0 0.0
135.972934408 0.0 0.0
136.896011408 1.0 1.0
137.819088408 0.0 0.0
138.74216540799998 1.0 0.0
139.66524240799998 0.0 0.0
140.588319408 1.0 1.0
141.511396408 0.0 0.0
142.434473408 1.0 0.0
143.35755040799998 0.0 0.0
144.280627408 1.0 1.0
145.203704408 0.0 0.0
146.126781408 1.0 0.0
147.04985840799998 0.0 0.0
147.97293540799998 1.0 1.0
148.896012408 0.0 0.0
149.819089408 1.0 0.0
150.742166408 0.0 0.0
151.66524340799998 1.0 1.0
152.588320408 0.0 0.0
153.511397408 1.0 0.0
154.434474408 0.0 0.0
155.35755140799998 1.0 1.0
156.28062840799998 0.0 0.0
157.203705408 1.0 0.0
158.126782408 0.0 0.0
159.049859408 1.0 1.0
159.97293640799998 0.0 0.0
160.896013408 1.0 0.0
161.819090408 0.0 0.0
162.742167408 1.0 1.0
163.66524440799998 0.0 0.0
164.58832140799998 1.0 0.0
165.511398408 0.0 0.0
166.434475408 1.0 1.0
167.35755240799998 0.0 0.0
168.28062940799998 1.0 0.0
169.203706408 0.0 0.0
170.126783408 1.0 1.0
171.049860408 0.0 0.0
171.97293740799998 1.0 0.0
172.89601440799998 0.0 0.0
173.819091408 1.0 1.0
174.742168408 0.0 0.0
175.66524540799998 1.0 0.0
176.58832240799998 0.0 0.0
177.511399408 1.0 1.0
178.434476408 0.0 0.0
179.357553408 1.0 0.0
180.28063040799998 0.0 0.0
181.20370740799999 1.0 1.0
182.126784408 0.0 0.0
183.049861408 1.0 0.0
183.97293840799998 0.0 0.0
184.89601540799998 1.0 1.0
185.819092408 0.0 0.0
186.742169408 1.0 0.0
187.665246408 0.0 0.0
188.58832340799998 1.0 1.0
189.511400408 0.0 0.0
190.434477408 1.0 0.0
191.357554408 0.0 0.0
192.28063140799998 1.0 1.0
193.20370840799998 0.0 0.0
194.126785408 1.0 0.0
195.049862408 0.0 0.0
195.972939408 1.0 1.0
196.89601640799998 0.0 0.0
197.819093408 1.0 0.0
198.742170408 0.0 0.0
199.665247408 1.0 1.0
200.58832440799998 0.0 0.0
201.51140140799998 1.0 0.0
202.434478408 0.0 0.0
203.357555408 1.0 1.0
204.28063240799997 0.0 0.0
205.20370940799998 1.0 0.0
206.126786408 0.0 0.0
207.049863408 1.0 1.0
207.972940408 0.0 0.0
208.89601740799998 1.0 0.0
209.81909440799998 0.0 0.0
210.742171408 1.0 1.0
211.665248408 0.0 0.0
212.58832540799997 1.0 0.0
213.51140240799998 0.0 0.0
214.434479408 1.0 1.0
215.357556408 0.0 0.0
216.280633408 1.0 0.0
217.20371040799998 0.0 0.0
218.12678740799998 1.0 1.0
219.049864408 0.0 0.0
219.972941408 1.0 0.0
220.89601840799997 0.0 0.0
221.81909540799998 1.0 1.0
222.742172408 0.0 0.0
223.665249408 1.0 0.0
224.588326408 0.0 0.0
225.51140340799998 1.0 1.0
226.43448040799998 0.0 0.0
227.357557408 1.0 0.0
228.280634408 0.0 0.0
229.20371140799998 1.0 1.0
230.12678840799998 0.0 0.0
231.049865408 1.0 0.0
231.972942408 0.0 0.0
232.89601940799997 1.0 1.0
233.81909640799998 0.0 0.0
234.74217340799999 1.0 0.0
235.665250408 0.0 0.0
236.58832740799997 1.0 1.0
237.51140440799995 0.0 0.0
238.43448140799995 1.0 0.0
239.35755840799996 0.0 0.0
240.28063540799997 1.0 1.0
241.20371240799994 0.0 0.0
242.12678940799995 1.0 0.0
243.04986640799996 0.0 0.0
243.97294340799996 1.0 1.0
244.89602040799997 0.0 0.0
245.81909740799995 1.0 0.0
246.74217440799995 0.0 0.0
247.66525140799996 1.0 1.0
248.58832840799997 0.0 0.0
249.51140540799994 1.0 0.0
250.43448240799995 0.0 0.0
251.35755940799996 1.0 1.0
252.28063640799996 0.0 0.0
253.20371340799997 1.0 0.0
254.12679040799995 0.0 0.0
255.04986740799995 1.0 1.0
255.97294440799996 0.0 0.0
256.89602140799997 1.0 0.0
257.81909840799995 0.0 0.0
258.742175408 1.0 1.0
259.66525240799996 0.0 0.0
260.58832940799994 1.0 0.0
261.51140640799997 0.0 0.0
262.43448340799995 1.0 1.0
263.357560408 0.0 0.0
264.28063740799996 1.0 0.0
265.20371440799994 0.0 0.0
266.126791408 1.0 1.0
267.04986840799995 0.0 0.0
267.97294540799993 1.0 0.0
268.89602240799996 0.0 0.0
269.81909940799994 1.0 1.0
270.742176408 0.0 0.0
271.66525340799996 1.0 0.0
272.58833040799993 0.0 0.0
273.51140740799997 1.0 1.0
274.43448440799995 0.0 0.0
275.357561408 1.0 0.0
276.28063840799996 0.0 0.0
277.20371540799994 1.0 1.0
278.126792408 0.0 0.0
279.04986940799995 1.0 0.0
279.972946408 0.0 0.0
280.89602340799996 1.0 0.0
281.81910040799994 0.0 0.0
282.742177408 1.0 1.0
283.66525440799995 0.0 0.0
284.58833140799993 1.0 1.0
285.51140840799997 0.0 0.0
286.43448540799994 0.0 0.0
287.357562408 1.0 1.0
288.28063940799996 0.0 0.0
289.20371640799993 1.0 0.0
290.12679340799997 0.0 0.0
291.04987040799995 1.0 0.0
291.972947408 0.0 0.0
292.89602440799996 1.0 1.0