0.44444459999999997 1.0 1.0
1.1851856 0.0 0.0
1.9259266 1.0 0.0
2.6666676 0.0 0.0
3.4074085999999997 1.0 1.0
4.1481496 0.0 0.0
4.8888906 1.0 0.0
5.6296316 0.0 0.0
6.3703726 1.0 1.0
7.1111135999999995 0.0 0.0
7.851854599999999 1.0 0.0
8.5925956 0.0 0.0
9.333336599999999 1.0 1.0
10.074077599999999 0.0 0.0
10.814818599999999 1.0 0.0
11.555559599999999 0.0 0.0
12.2963006 1.0 1.0
13.0370416 0.0 0.0
13.7777826 1.0 0.0
14.5185236 0.0 0.0
15.2592646 1.0 1.0
16.000005599999998 0.0 0.0
16.740746599999998 1.0 0.0
17.481487599999998 0.0 0.0
18.2222286 1.0 1.0
18.9629696 0.0 0.0
19.7037106 1.0 0.0
20.4444516 0.0 0.0
21.1851926 1.0 1.0
21.9259336 0.0 0.0
22.6666746 1.0 0.0
23.4074156 0.0 0.0
24.1481566 1.0 1.0
24.8888976 0.0 0.0
25.6296386 1.0 0.0
26.3703796 0.0 0.0
27.1111206 1.0 1.0
27.8518616 0.0 0.0
28.5926026 1.0 0.0
29.3333436 0.0 0.0
30.0740846 1.0 1.0
30.8148256 0.0 0.0
31.5555666 1.0 0.0
32.2963076 0.0 0.0
33.0370486 1.0 1.0
33.7777896 0.0 0.0
34.5185306 1.0 0.0
35.2592716 0.0 0.0
36.0000126 1.0 1.0
36.7407536 0.0 0.0
37.4814946 1.0 0.0
38.2222356 0.0 0.0
38.9629766 1.0 1.0
39.7037176 0.0 0.0
40.4444586 1.0 0.0
41.1851996 0.0 0.0
41.9259406 1.0 1.0
42.6666816 0.0 0.0
43.4074226 1.0 0.0
44.1481636 0.0 0.0
44.8889046 1.0 1.0
45.629645599999996 0.0 0.0
46.370386599999996 1.0 0.0
47.111127599999996 0.0 0.0
47.851868599999996 1.0 1.0
48.592609599999996 0.0 0.0
49.333350599999996 1.0 0.0
50.074091599999996 0.0 0.0
50.814832599999995 1.0 1.0
51.555573599999995 0.0 0.0
52.296314599999995 1.0 0.0
53.037055599999995 0.0 0.0
53.777796599999995 1.0 1.0
54.518537599999995 0.0 0.0
55.259278599999995 1.0 0.0
56.000019599999995 0.0 0.0
56.740760599999994 1.0 1.0
57.4815016 0.0 0.0
58.2222426 1.0 0.0
58.9629836 0.0 0.0
59.7037246 1.0 1.0
60.4444656 0.0 0.0
61.1852066 1.0 0.0
61.9259476 0.0 0.0
62.6666886 1.0 1.0
63.4074296 0.0 0.0
64.1481706 1.0 0.0
64.8889116 0.0 0.0
65.6296526 1.0 1.0
66.3703936 0.0 0.0
67.1111346 1.0 0.0
67.8518756 0.0 0.0
68.5926166 1.0 1.0
69.3333576 0.0 0.0
70.0740986 1.0 0.0
70.8148396 0.0 0.0
71.5555806 1.0 1.0
72.2963216 0.0 0.0
73.0370626 1.0 0.0
73.7778036 0.0 0.0
74.5185446 1.0 1.0
75.2592856 0.0 0.0
76.0000266 1.0 0.0
76.7407676 0.0 0.0
77.4815086 1.0 1.0
78.2222496 0.0 0.0
78.9629906 1.0 0.0
79.7037316 0.0 0.0
80.4444726 1.0 1.0
81.1852136 0.0 0.0
81.9259546 1.0 0.0
82.6666956 0.0 0.0
83.4074366 1.0 1.0
84.1481776 0.0 0.0
84.8889186 1.0 0.0
85.6296596 0.0 0.0
86.3704006 1.0 1.0
87.1111416 0.0 0.0
87.8518826 1.0 0.0
88.5926236 0.0 0.0
89.3333646 1.0 1.0
90.0741056 0.0 0.0
90.8148466 1.0 0.0
91.5555876 0.0 0.0
92.2963286 1.0 1.0
93.0370696 0.0 0.0
93.7778106 1.0 0.0
94.5185516 0.0 0.0
95.2592926 1.0 1.0
96.0000336 0.0 0.0
96.7407746 1.0 0.0
97.4815156 0.0 0.0
98.2222566 1.0 1.0
98.9629976 0.0 0.0
99.7037386 1.0 0.0
100.4444796 0.0 0.0
101.1852206 1.0 1.0
101.9259616 0.0 0.0
102.6667026 1.0 0.0
103.4074436 0.0 0.0
104.1481846 1.0 1.0
104.8889256 0.0 0.0
105.6296666 1.0 0.0
106.3704076 0.0 0.0
107.11114859999999 1.0 1.0
107.85188959999999 0.0 0.0
108.59263059999999 1.0 0.0
109.33337159999999 0.0 0.0
110.07411259999999 1.0 1.0
110.81485359999999 0.0 0.0
111.55559459999999 1.0 1.0
112.29633559999999 0.0 0.0
113.03707659999999 1.0 0.0
113.77781759999999 0.0 0.0
114.51855859999999 1.0 1.0
115.25929959999999 0.0 0.0
116.00004059999999 1.0 0.0
116.74078159999999 0.0 0.0
117.48152259999999 1.0 1.0
118.22226359999999 0.0 0.0
118.96300459999999 1.0 0.0
119.70374559999999 0.0 0.0
120.44448659999999 1.0 1.0
121.18522759999999 0.0 0.0
121.92596859999999 1.0 0.0
122.66670959999999 0.0 0.0
123.40745059999999 1.0 1.0
124.14819159999999 0.0 0.0
124.88893259999999 1.0 0.0
125.62967359999999 0.0 0.0
126.37041459999999 1.0 1.0
127.11115559999999 0.0 0.0
127.85189659999999 1.0 0.0
128.5926376 0.0 0.0
129.3333786 1.0 1.0
130.0741196 0.0 0.0
130.8148606 1.0 0.0
131.5556016 0.0 0.0
132.2963426 1.0 1.0
133.0370836 0.0 0.0
133.7778246 1.0 0.0
134.5185656 0.0 0.0
135.2593066 1.0 1.0
136.0000476 0.0 0.0
136.7407886 1.0 0.0
137.4815296 0.0 0.0
138.2222706 1.0 1.0
138.9630116 0.0 0.0
139.7037526 1.0 0.0
140.4444936 0.0 0.0
141.1852346 1.0 1.0
141.9259756 0.0 0.0
142.6667166 1.0 0.0
143.4074576 0.0 0.0
144.1481986 1.0 1.0
144.8889396 0.0 0.0
145.6296806 1.0 0.0
146.3704216 0.0 0.0
147.1111626 1.0 1.0
147.85190359999999 0.0 0.0
148.5926446 1.0 1.0
149.33338559999999 0.0 0.0
150.0741266 1.0 0.0
150.81486759999999 0.0 0.0
151.5556086 1.0 1.0
152.29634959999999 0.0 0.0
153.0370906 1.0 0.0
153.77783159999998 0.0 0.0
154.5185726 1.0 1.0
155.25931359999998 0.0 0.0
156.0000546 1.0 0.0
156.74079559999998 0.0 0.0
157.4815366 1.0 1.0
158.22227759999998 0.0 0.0
158.9630186 1.0 0.0
159.70375959999998 0.0 0.0
160.4445006 1.0 1.0
161.18524159999998 0.0 0.0
161.9259826 1.0 0.0
162.66672359999998 0.0 0.0
163.4074646 1.0 1.0
164.14820559999998 0.0 0.0
164.8889466 1.0 0.0
165.62968759999998 0.0 0.0
166.3704286 1.0 1.0
167.11116959999998 0.0 0.0
167.8519106 1.0 0.0
168.59265159999998 0.0 0.0
169.3333926 1.0 1.0
170.07413359999998 0.0 0.0
170.8148746 1.0 0.0
171.55561559999998 0.0 0.0
172.2963566 1.0 1.0
173.03709759999998 0.0 0.0
173.7778386 1.0 0.0
174.51857959999998 0.0 0.0
175.2593206 1.0 1.0
176.00006159999998 0.0 0.0
176.7408026 1.0 0.0
177.48154359999998 0.0 0.0
178.2222846 1.0 1.0
178.96302559999998 0.0 0.0
179.7037666 1.0 0.0
180.44450759999998 0.0 0.0
181.1852486 1.0 1.0
181.92598959999998 0.0 0.0
182.6667306 1.0 0.0
183.40747159999998 0.0 0.0
184.1482126 1.0 1.0
184.88895359999998 0.0 0.0
185.6296946 1.0 0.0
186.3704356 0.0 0.0
187.1111766 1.0 1.0
187.8519176 0.0 0.0
188.5926586 1.0 0.0
189.3333996 0.0 0.0
190.07414060000002 1.0 1.0
190.8148816 0.0 0.0
191.55562260000002 1.0 0.0
192.2963636 0.0 0.0
193.03710460000002 1.0 1.0
193.7778456 0.0 0.0
194.51858660000002 1.0 0.0
195.2593276 0.0 0.0
196.00006860000002 1.0 1.0
196.7408096 0.0 0.0
197.48155060000002 1.0 0.0
198.2222916 0.0 0.0
198.96303260000002 1.0 1.0
199.7037736 0.0 0.0
200.44451460000002 1.0 0.0
201.1852556 0.0 0.0
201.92599660000002 1.0 1.0
202.6667376 0.0 0.0
203.4074786 1.0 0.0
204.1482196 0.0 0.0
204.8889606 1.0 1.0
205.6297016 0.0 0.0
206.3704426 1.0 0.0
207.1111836 0.0 0.0
207.8519246 1.0 1.0
208.5926656 0.0 0.0
209.3334066 1.0 0.0
210.0741476 0.0 0.0
210.8148886 1.0 1.0
211.5556296 0.0 0.0
212.2963706 1.0 0.0
213.0371116 0.0 0.0
213.7778526 1.0 1.0
214.5185936 0.0 0.0
215.2593346 1.0 0.0
216.0000756 0.0 0.0
216.7408166 1.0 1.0
217.4815576 0.0 0.0
218.2222986 1.0 0.0
218.9630396 0.0 0.0
219.7037806 1.0 1.0
220.4445216 0.0 0.0
221.1852626 1.0 0.0
221.9260036 0.0 0.0
222.6667446 1.0 1.0
223.4074856 0.0 0.0
224.1482266 1.0 0.0
224.8889676 0.0 0.0
225.6297086 1.0 1.0
226.3704496 0.0 0.0
227.1111906 1.0 0.0
227.8519316 0.0 0.0
228.5926726 1.0 1.0
229.3334136 0.0 0.0
230.07415459999999 1.0 0.0
230.8148956 0.0 0.0
231.55563659999999 1.0 1.0
232.2963776 0.0 0.0
233.03711859999999 1.0 0.0
233.7778596 0.0 0.0
234.51860059999998 1.0 1.0
235.2593416 0.0 0.0
236.00008259999998 1.0 0.0
236.7408236 0.0 0.0
237.48156459999998 1.0 1.0
238.2223056 0.0 0.0
238.96304659999998 1.0 0.0
239.7037876 0.0 0.0
240.44452859999998 1.0 1.0
241.1852696 0.0 0.0
241.92601059999998 1.0 0.0
242.6667516 0.0 0.0
243.40749259999998 1.0 1.0
244.1482336 0.0 0.0
244.88897459999998 1.0 0.0
245.6297156 0.0 0.0
246.37045659999998 1.0 1.0
247.1111976 0.0 0.0
247.85193859999998 1.0 0.0
248.5926796 0.0 0.0
249.33342059999998 1.0 1.0
250.0741616 0.0 0.0
250.81490259999998 1.0 0.0
251.5556436 0.0 0.0
252.29638459999998 1.0 1.0
253.0371256 0.0 0.0
253.77786659999998 1.0 0.0
254.5186076 0.0 0.0
255.25934859999998 1.0 1.0
256.00008959999997 0.0 0.0
256.7408306 1.0 0.0
257.4815716 0.0 0.0
258.2223126 1.0 1.0
258.96305359999997 0.0 0.0
259.7037946 1.0 0.0
260.4445356 0.0 0.0
261.1852766 1.0 0.0
261.92601759999997 0.0 0.0
262.6667586 0.0 0.0