0.5	1.0
1.37	2.0
2.18	3.0
3.0	4.0
3.84	1.0
4.67	2.0
5.51	3.0
6.34	4.0
7.18	1.0
8.0	2.0
8.84	3.0
9.66	4.0
10.52	1.0
11.36	2.0
12.18	3.0
13.01	4.0
13.83	1.0
14.67	2.0
15.5	3.0
16.34	4.0
17.17	1.0
18.0	2.0
18.83	3.0
19.66	4.0
20.49	1.0
21.33	2.0
22.16	3.0
23.0	4.0
23.83	1.0
24.67	2.0
25.5	3.0
26.33	4.0
27.17	1.0
27.99	2.0
28.83	3.0
29.66	4.0
30.52	1.0
31.35	2.0
32.17	3.0
33.0	4.0
33.83	1.0
34.67	2.0
35.5	3.0
36.33	4.0
37.19	1.0
38.0	2.0
38.84	3.0
39.67	4.0
40.5	1.0
41.34	2.0
42.17	3.0
43.01	4.0
43.83	1.0
44.67	2.0
45.5	3.0
46.33	4.0
47.17	1.0
48.0	2.0
48.84	3.0
49.67	4.0
50.5	1.0
51.34	2.0
52.17	3.0
53.0	4.0
53.83	1.0
54.67	2.0
55.5	3.0
56.34	4.0
57.17	1.0
58.0	2.0
58.83	3.0
59.67	4.0
60.5	1.0
61.34	2.0
62.17	3.0
63.0	4.0
63.83	1.0
64.67	2.0
65.5	3.0
66.37	4.0
67.17	1.0
68.01	2.0
68.83	3.0
69.66	4.0
70.5	1.0
71.34	2.0
72.17	3.0
73.0	4.0
73.84	1.0
74.67	2.0
75.5	3.0
76.34	4.0
77.17	1.0
78.0	2.0
78.84	3.0
79.67	4.0
80.5	1.0
81.33	2.0
82.17	3.0
83.0	4.0
83.83	1.0
84.67	2.0
85.5	3.0
86.33	4.0
87.17	1.0
88.0	2.0
88.83	3.0
89.67	4.0
90.5	1.0
91.33	2.0
92.17	3.0
93.0	4.0
93.84	1.0
94.67	2.0
95.5	3.0
96.34	4.0
97.17	1.0
98.01	2.0
98.84	3.0
99.67	4.0
100.51	1.0
101.34	2.0
102.17	3.0
103.0	4.0
103.84	1.0
104.67	2.0
105.5	3.0
106.34	4.0
107.17	1.0
108.0	2.0
108.83	3.0
109.67	4.0
110.51	1.0
111.34	2.0
112.17	3.0
113.0	4.0
113.83	1.0
114.67	2.0
115.5	3.0
116.33	4.0
117.17	1.0
118.0	2.0
118.83	3.0
119.67	4.0
120.5	1.0
121.33	2.0
122.17	3.0
123.0	4.0
123.84	1.0
124.68	2.0
125.5	3.0
126.34	4.0
127.17	1.0
128.0	2.0
128.83	3.0
129.67	4.0
130.5	1.0
131.33	2.0
132.17	3.0
133.0	4.0
133.83	1.0
134.67	2.0
135.5	3.0
136.33	4.0
137.17	1.0
138.0	2.0
138.83	3.0
139.67	4.0
140.5	1.0
141.34	2.0
142.17	3.0
143.0	4.0
143.83	1.0
144.67	2.0
145.5	3.0
146.33	4.0
147.17	1.0
148.0	2.0
148.83	3.0
149.67	4.0
150.5	1.0
151.33	2.0
152.08	3.0
152.56	4.0
152.99	1.0
153.45	2.0
154.04	3.0
154.67	4.0
155.5	1.0
156.34	2.0
157.17	3.0
158.0	4.0
158.83	1.0
159.67	2.0
160.5	3.0
161.34	4.0
162.17	1.0
163.0	2.0
163.84	3.0
164.67	4.0
165.5	1.0
166.33	2.0
167.17	3.0
168.0	4.0
168.84	1.0
169.67	2.0
170.5	3.0
171.33	4.0
172.17	1.0
173.0	2.0
173.83	3.0
174.67	4.0
175.5	1.0
176.33	2.0
177.17	3.0
178.0	4.0
178.84	1.0
179.67	2.0
180.5	3.0
181.33	4.0
182.17	1.0
183.0	2.0
183.84	3.0
184.67	4.0
185.5	1.0
186.33	2.0
187.17	3.0
188.0	4.0
188.84	1.0
189.67	2.0
190.5	3.0
191.34	4.0
192.17	1.0
193.0	2.0
193.84	3.0
194.67	4.0
195.5	1.0
196.33	2.0
197.17	3.0
198.0	4.0
198.84	1.0
199.67	2.0
200.5	3.0
201.34	4.0
202.17	1.0
203.0	2.0
203.84	3.0
204.67	4.0
205.5	1.0
206.35	2.0
207.17	3.0
208.0	4.0
208.83	1.0
209.67	2.0
210.51	3.0
211.34	4.0
212.17	1.0
213.0	2.0
213.85	3.0
214.67	4.0
215.5	1.0
216.34	2.0
217.18	3.0
218.0	4.0
218.84	1.0
219.67	2.0
220.51	3.0
221.34	4.0
222.17	1.0
223.0	2.0
223.85	3.0
224.67	4.0
225.5	1.0
226.34	2.0
227.17	3.0
228.01	4.0
228.84	1.0
229.67	2.0
230.51	3.0
231.34	4.0
232.17	1.0
233.0	2.0
233.84	3.0
234.67	4.0
235.52	1.0
236.34	2.0
237.17	3.0
238.0	4.0
238.84	1.0
239.66	2.0
240.5	3.0
241.34	4.0
242.17	1.0
243.0	2.0
243.84	3.0
244.67	4.0
245.5	1.0
246.34	2.0
247.17	3.0
248.0	4.0
248.84	1.0
249.67	2.0
250.5	3.0
251.34	4.0
252.17	1.0
253.0	2.0
253.83	3.0
254.67	4.0
255.5	1.0
256.34	2.0
257.17	3.0
258.0	4.0
258.83	1.0
259.67	2.0
260.5	3.0
261.33	4.0
262.17	1.0
263.0	2.0
263.84	3.0
264.67	4.0
265.51	1.0
266.34	2.0
267.17	3.0
268.0	4.0
268.84	1.0
269.67	2.0
270.5	3.0
271.34	4.0
272.17	1.0
273.0	2.0
273.84	3.0
274.67	4.0
275.5	1.0
276.34	2.0
277.17	3.0
278.0	4.0
278.83	1.0
279.67	2.0
280.5	3.0
281.34	4.0
282.17	1.0
283.0	2.0
283.84	3.0
284.67	4.0
285.5	1.0
286.34	2.0
287.17	3.0
288.0	4.0
288.83	1.0
289.67	2.0
290.51	3.0
291.33	4.0
292.16	1.0
293.0	2.0
293.83	3.0
294.65	4.0
295.55	1.0
296.38	2.0
297.25	3.0
298.1	4.0
298.97	1.0
299.85	2.0
300.8	3.0
301.74	4.0
302.66	1.0
303.56	2.0
