0.544999782 1.0 1.0
1.378332782 0.0 0.0
2.2116657820000003 1.0 0.0
3.044998782 0.0 0.0
3.878331782 1.0 1.0
4.711664782 0.0 0.0
5.544997782 1.0 0.0
6.378330782 0.0 0.0
7.2116637820000005 1.0 1.0
8.044996782 0.0 0.0
8.878329782 1.0 0.0
9.711662782 0.0 0.0
10.544995782 1.0 1.0
11.378328782 0.0 0.0
12.211661782 1.0 0.0
13.044994782 0.0 0.0
13.878327782 1.0 1.0
14.711660782 0.0 0.0
15.544993782 1.0 0.0
16.378326782 0.0 0.0
17.211659782 1.0 1.0
18.044992782 0.0 0.0
18.878325782 1.0 0.0
19.711658782 0.0 0.0
20.544991782 1.0 1.0
21.378324782 0.0 0.0
22.211657782 1.0 0.0
23.044990782 0.0 0.0
23.878323782 1.0 1.0
24.711656782 0.0 0.0
25.544989782 1.0 0.0
26.378322782 0.0 0.0
27.211655782000005 1.0 1.0
28.044988782000004 0.0 0.0
28.878321782000004 1.0 0.0
29.711654782000004 0.0 0.0
30.544987782000003 1.0 1.0
31.378320782000003 0.0 0.0
32.211653782000006 1.0 0.0
33.044986782 0.0 0.0
33.878319782000005 1.0 1.0
34.711652782 0.0 0.0
35.544985782000005 1.0 0.0
36.378318782 0.0 0.0
37.211651782000004 1.0 1.0
38.044984782 0.0 0.0
38.878317782 1.0 0.0
39.711650782 0.0 0.0
40.544983782 1.0 1.0
41.378316782000006 0.0 0.0
42.211649782 1.0 0.0
43.044982782000005 0.0 0.0
43.878315782 1.0 1.0
44.711648782000005 0.0 0.0
45.544981782 1.0 0.0
46.378314782000004 0.0 0.0
47.211647782 1.0 1.0
48.044980782 0.0 0.0
48.878313782000006 1.0 0.0
49.711646782 0.0 0.0
50.544979782000006 1.0 1.0
51.378312782 0.0 0.0
52.211645782000005 1.0 0.0
53.044978782 0.0 0.0
53.878311782 1.0 1.0
54.71164478199999 0.0 0.0
55.544977782 1.0 0.0
56.378310782 0.0 0.0
57.211643781999996 1.0 1.0
58.044976782 0.0 0.0
58.878309781999995 1.0 0.0
59.711642782 0.0 0.0
60.544975781999995 1.0 1.0
61.378308782 0.0 0.0
62.211641781999994 1.0 0.0
63.044974782 0.0 0.0
63.87830778199999 1.0 1.0
64.711640782 0.0 0.0
65.544973782 1.0 0.0
66.378306782 0.0 0.0
67.21163978199999 1.0 1.0
68.044972782 0.0 0.0
68.878305782 1.0 0.0
69.711638782 0.0 0.0
70.54497178199999 1.0 1.0
71.378304782 0.0 0.0
72.211637782 1.0 0.0
73.044970782 0.0 0.0
73.878303782 1.0 1.0
74.711636782 0.0 0.0
75.544969782 1.0 0.0
76.37830278199999 0.0 0.0
77.211635782 1.0 1.0
78.044968782 0.0 0.0
78.878301782 1.0 0.0
79.71163478199999 0.0 0.0
80.544967782 1.0 1.0
81.378300782 0.0 0.0
82.21163378199999 1.0 0.0
83.044966782 0.0 0.0
83.878299782 1.0 1.0
84.711632782 0.0 0.0
85.54496578199999 1.0 0.0
86.378298782 0.0 0.0
87.211631782 1.0 1.0
88.044964782 0.0 0.0
88.87829778199999 1.0 0.0
89.711630782 0.0 0.0
90.544963782 1.0 1.0
91.37829678199999 0.0 0.0
92.211629782 1.0 0.0
93.044962782 0.0 0.0
93.878295782 1.0 1.0
94.71162878199999 0.0 0.0
95.544961782 1.0 0.0
96.378294782 0.0 0.0
97.211627782 1.0 1.0
98.04496078199999 0.0 0.0
98.878293782 1.0 0.0
99.711626782 0.0 0.0
100.54495978199999 1.0 1.0
101.378292782 0.0 0.0
102.211625782 1.0 0.0
103.044958782 0.0 0.0
103.87829178199999 1.0 1.0
104.711624782 0.0 0.0
105.544957782 1.0 0.0
106.378290782 0.0 0.0
107.21162378199999 1.0 1.0
108.044956782 0.0 0.0
108.878289782 1.0 0.0
109.71162278199999 0.0 0.0
110.544955782 1.0 1.0
111.378288782 0.0 0.0
112.211621782 1.0 0.0
113.04495478199999 0.0 0.0
113.878287782 1.0 1.0
114.711620782 0.0 0.0
115.544953782 1.0 0.0
116.37828678199999 0.0 0.0
117.211619782 1.0 1.0
118.044952782 0.0 0.0
118.87828578199999 1.0 0.0
119.711618782 0.0 0.0
120.544951782 1.0 1.0
121.378284782 0.0 0.0
122.21161778199999 1.0 0.0
123.044950782 0.0 0.0
123.878283782 1.0 1.0
124.711616782 0.0 0.0
125.54494978199999 1.0 1.0
126.378282782 0.0 0.0
127.211615782 1.0 0.0
128.044948782 0.0 0.0
128.878281782 1.0 1.0
129.711614782 0.0 0.0
130.544947782 1.0 0.0
131.378280782 0.0 0.0
132.211613782 1.0 1.0
133.04494678199998 0.0 0.0
133.878279782 1.0 0.0
134.711612782 0.0 0.0
135.54494578199999 1.0 1.0
136.378278782 0.0 0.0
137.211611782 1.0 0.0
138.044944782 0.0 0.0
138.878277782 1.0 1.0
139.711610782 0.0 0.0
140.544943782 1.0 0.0
141.378276782 0.0 0.0
142.21160978199998 1.0 1.0
143.044942782 0.0 0.0
143.878275782 1.0 0.0
144.71160878199998 0.0 0.0
145.544941782 1.0 1.0
146.378274782 0.0 0.0
147.211607782 1.0 0.0
148.044940782 0.0 0.0
148.878273782 1.0 1.0
149.711606782 0.0 0.0
150.544939782 1.0 0.0
151.37827278199998 0.0 0.0
152.211605782 1.0 1.0
153.044938782 0.0 0.0
153.87827178199998 1.0 0.0
154.711604782 0.0 0.0
155.544937782 1.0 1.0
156.378270782 0.0 0.0
157.211603782 1.0 0.0
158.044936782 0.0 0.0
158.878269782 1.0 1.0
159.711602782 0.0 0.0
160.54493578199998 1.0 0.0
161.378268782 0.0 0.0
162.211601782 1.0 1.0
163.04493478199998 0.0 0.0
163.878267782 1.0 0.0
164.711600782 0.0 0.0
165.544933782 1.0 1.0
166.378266782 0.0 0.0
167.211599782 1.0 0.0
168.044932782 0.0 0.0
168.878265782 1.0 1.0
169.71159878199998 0.0 0.0
170.544931782 1.0 0.0
171.378264782 0.0 0.0
172.21159778199998 1.0 1.0
173.044930782 0.0 0.0
173.878263782 1.0 0.0
174.711596782 0.0 0.0
175.544929782 1.0 1.0
176.378262782 0.0 0.0
177.211595782 1.0 0.0
178.044928782 0.0 0.0
178.878261782 1.0 1.0
179.711594782 0.0 0.0
180.544927782 1.0 0.0
181.37826078199998 0.0 0.0
182.211593782 1.0 1.0
183.044926782 0.0 0.0
183.878259782 1.0 0.0
184.711592782 0.0 0.0
185.544925782 1.0 1.0
186.378258782 0.0 0.0
187.211591782 1.0 0.0
188.044924782 0.0 0.0
188.878257782 1.0 1.0
189.711590782 0.0 0.0
190.54492378199998 1.0 0.0
191.378256782 0.0 0.0
192.211589782 1.0 1.0
193.044922782 0.0 0.0
193.878255782 1.0 0.0
194.711588782 0.0 0.0
195.544921782 1.0 1.0
196.378254782 0.0 0.0
197.211587782 1.0 0.0
198.044920782 0.0 0.0
198.878253782 1.0 1.0
199.71158678199998 0.0 0.0
200.544919782 1.0 0.0
201.378252782 0.0 0.0
202.211585782 1.0 1.0
203.044918782 0.0 0.0
203.878251782 1.0 0.0
204.711584782 0.0 0.0
205.544917782 1.0 1.0
206.378250782 0.0 0.0
207.211583782 1.0 0.0
208.044916782 0.0 0.0
208.87824978199998 1.0 1.0
209.711582782 0.0 0.0
210.544915782 1.0 0.0
211.378248782 0.0 0.0
212.211581782 1.0 1.0
213.044914782 0.0 0.0
213.878247782 1.0 0.0
214.711580782 0.0 0.0
215.544913782 1.0 1.0
216.378246782 0.0 0.0
217.211579782 1.0 0.0
218.04491278199998 0.0 0.0
218.878245782 1.0 1.0
219.711578782 0.0 0.0
220.54491178199999 1.0 0.0
221.378244782 0.0 0.0
222.211577782 1.0 1.0
223.044910782 0.0 0.0
223.878243782 1.0 0.0
224.711576782 0.0 0.0
225.544909782 1.0 1.0
226.378242782 0.0 0.0
227.21157578199998 1.0 0.0
228.04490878199996 0.0 0.0
228.87824178199998 1.0 1.0
229.71157478199996 0.0 0.0
230.54490778199997 1.0 0.0
231.37824078199998 0.0 0.0
232.21157378199996 1.0 1.0
233.04490678199997 0.0 0.0
233.87823978199998 1.0 0.0
234.71157278199996 0.0 0.0
235.54490578199997 1.0 1.0
236.37823878199998 0.0 0.0
237.21157178199996 1.0 0.0
238.04490478199997 0.0 0.0
238.87823778199996 1.0 1.0
239.71157078199997 0.0 0.0
240.54490378199998 1.0 0.0
241.37823678199996 0.0 0.0
242.21156978199997 1.0 1.0
243.04490278199998 0.0 0.0
243.87823578199996 1.0 0.0
244.71156878199997 0.0 0.0
245.54490178199998 1.0 1.0
246.37823478199996 0.0 0.0
247.21156778199997 1.0 0.0
248.04490078199996 0.0 0.0
248.87823378199997 1.0 1.0
249.71156678199998 0.0 0.0
250.54489978199996 1.0 0.0
251.37823278199997 0.0 0.0
252.21156578199998 1.0 1.0
253.04489878199996 0.0 0.0
253.87823178199997 1.0 0.0
254.71156478199998 0.0 0.0
255.54489778199996 1.0 1.0
256.37823078199995 0.0 0.0
257.211563782 1.0 0.0
258.04489678199997 0.0 0.0
258.87822978199995 1.0 1.0
259.711562782 0.0 0.0
260.54489578199997 1.0 0.0
261.37822878199995 0.0 0.0
262.211561782 1.0 1.0
263.044894782 0.0 0.0
263.87822778199995 1.0 0.0
264.711560782 0.0 0.0
265.544893782 1.0 1.0
266.37822678199996 0.0 0.0
267.211559782 1.0 0.0
268.044892782 0.0 0.0
268.87822578199996 1.0 1.0
269.711558782 0.0 0.0
270.544891782 1.0 0.0
271.37822478199996 0.0 0.0
272.21155778199994 1.0 1.0
273.044890782 0.0 0.0
273.87822378199996 1.0 0.0
274.71155678199995 0.0 0.0
275.544889782 1.0 1.0
276.37822278199997 0.0 0.0
277.21155578199995 1.0 0.0
278.044888782 0.0 0.0
278.87822178199997 1.0 1.0
279.71155478199995 0.0 0.0
280.544887782 1.0 0.0
281.37822078199997 0.0 0.0
282.21155378199995 1.0 1.0
283.044886782 0.0 0.0
283.878219782 1.0 0.0
284.71155278199996 0.0 0.0
285.544885782 1.0 1.0
286.378218782 0.0 0.0
287.21155178199996 1.0 0.0
288.044884782 0.0 0.0
288.878217782 1.0 1.0
289.71155078199996 0.0 0.0
290.54488378199994 1.0 0.0
291.378216782 0.0 0.0
292.21154978199996 1.0 1.0
293.04488278199995 0.0 0.0
293.878215782 1.0 0.0
294.71154878199997 0.0 0.0
295.54488178199995 1.0 1.0
296.378214782 0.0 0.0
297.21154778199997 1.0 0.0
298.04488078199995 0.0 0.0
298.878213782 1.0 1.0
299.71154678199997 0.0 0.0
300.54487978199995 1.0 1.0
301.378212782 0.0 0.0
302.211545782 0.0 0.0
303.04487878199996 1.0 1.0
303.878211782 0.0 0.0
304.711544782 1.0 0.0
305.54487778199996 0.0 0.0
306.378210782 1.0 1.0
307.211543782 0.0 0.0
308.04487678199996 1.0 0.0