0.5408566020000001 1.0 0.0
1.3979986020000001 0.0 0.0
2.2551406020000004 1.0 1.0
3.1122826020000005 0.0 0.0
3.9694246020000006 1.0 0.0
4.826566602000001 0.0 0.0
5.683708602 1.0 1.0
6.540850602000001 0.0 0.0
7.397992602 1.0 0.0
8.255134602 0.0 0.0
9.112276602000001 1.0 1.0
9.969418602000001 0.0 0.0
10.826560602 1.0 0.0
11.683702602 0.0 0.0
12.540844602 1.0 1.0
13.397986602000001 0.0 0.0
14.255128602000001 1.0 0.0
15.112270602000002 0.0 0.0
15.969412602000002 1.0 1.0
16.826554602 0.0 0.0
17.683696602 1.0 0.0
18.540838602000004 0.0 0.0
19.397980602000004 1.0 1.0
20.255122602000004 0.0 0.0
21.112264602000003 1.0 0.0
21.969406602000003 0.0 0.0
22.826548602000003 1.0 1.0
23.683690602000002 0.0 0.0
24.540832602000002 1.0 0.0
25.397974602 0.0 0.0
26.255116602000005 1.0 1.0
27.112258602000004 0.0 0.0
27.969400602000004 1.0 0.0
28.826542602000004 0.0 0.0
29.683684602000003 1.0 1.0
30.540826602000003 0.0 0.0
31.397968602000002 1.0 0.0
32.255110602 0.0 0.0
33.112252602000005 1.0 1.0
33.969394602 0.0 0.0
34.826536602000004 1.0 0.0
35.683678602 0.0 0.0
36.540820602000004 1.0 1.0
37.39796260200001 0.0 0.0
38.255104602 1.0 0.0
39.112246602000006 0.0 0.0
39.969388602 1.0 1.0
40.826530602000005 0.0 0.0
41.683672602 1.0 0.0
42.540814602000005 0.0 0.0
43.397956602 1.0 1.0
44.255098602000004 0.0 0.0
45.11224060200001 1.0 0.0
45.969382602 0.0 0.0
46.826524602000006 1.0 1.0
47.683666602 0.0 0.0
48.540808602000006 1.0 0.0
49.397950602 0.0 0.0
50.255092602000005 1.0 1.0
51.112234602 0.0 0.0
51.969376602000004 1.0 0.0
52.82651860200001 0.0 0.0
53.683660602 1.0 1.0
54.54080260200001 0.0 0.0
55.397944602 1.0 0.0
56.255086602000006 0.0 0.0
57.112228602 1.0 1.0
57.969370602000005 0.0 0.0
58.826512602 1.0 0.0
59.683654602 0.0 0.0
60.540796602 1.0 1.0
61.397938601999996 0.0 0.0
62.255080602 1.0 0.0
63.112222601999996 0.0 0.0
63.969364602 1.0 1.0
64.826506602 0.0 0.0
65.683648602 1.0 0.0
66.540790602 0.0 0.0
67.397932602 1.0 1.0
68.255074602 0.0 0.0
69.112216602 1.0 0.0
69.969358602 0.0 0.0
70.826500602 1.0 1.0
71.68364260199999 0.0 0.0
72.540784602 1.0 0.0
73.397926602 0.0 0.0
74.255068602 1.0 1.0
75.112210602 0.0 0.0
75.969352602 1.0 0.0
76.826494602 0.0 0.0
77.68363660199999 1.0 1.0
78.540778602 0.0 0.0
79.397920602 0.0 0.0
80.255062602 1.0 1.0
81.108369384 0.0 0.0
81.95943338400001 1.0 0.0
82.810497384 0.0 0.0
83.66156138400001 1.0 1.0
84.512625384 0.0 0.0
85.363689384 1.0 0.0
86.214753384 0.0 0.0
87.065817384 1.0 1.0
87.916881384 0.0 0.0
88.767945384 1.0 0.0
89.61900938400001 0.0 0.0
90.470073384 1.0 1.0
91.32113738400001 0.0 0.0
92.17603660200001 1.0 0.0
93.033178602 0.0 0.0
93.890320602 1.0 1.0
94.74746260200001 0.0 0.0
95.60460460200001 1.0 0.0
96.465637348 0.0 0.0
97.328945348 1.0 1.0
98.19225334800001 0.0 0.0
99.055561348 1.0 0.0
99.918869348 0.0 0.0
100.782177348 1.0 1.0
101.645485348 0.0 0.0
102.508793348 1.0 0.0
103.372101348 0.0 0.0
104.235409348 1.0 1.0
105.09871734800001 0.0 0.0
105.962025348 1.0 0.0
106.825333348 0.0 0.0
107.688641348 1.0 1.0
108.551949348 0.0 0.0
109.415257348 1.0 0.0
110.27467460199999 0.0 0.0
111.13181660199999 1.0 1.0
111.98512338399999 0.0 0.0
112.836187384 1.0 0.0
113.68725138399999 0.0 0.0
114.538315384 1.0 1.0
115.389379384 0.0 0.0
116.240443384 1.0 0.0
117.091507384 0.0 0.0
117.94257138399999 1.0 1.0
118.793635384 0.0 0.0
119.64469938399999 1.0 0.0
120.495763384 0.0 0.0
121.346827384 1.0 1.0
122.197891384 0.0 0.0
123.048955384 1.0 0.0
123.903854602 0.0 0.0
124.76099660199999 1.0 1.0
125.61813860199999 0.0 0.0
126.475280602 1.0 0.0
127.332422602 0.0 0.0
128.189564602 1.0 1.0
129.046706602 0.0 0.0
129.90384860199998 1.0 0.0
130.760990602 0.0 0.0
131.618132602 1.0 1.0
132.47527460199998 0.0 0.0
133.332416602 1.0 0.0
134.189558602 0.0 0.0
135.046700602 1.0 1.0
135.903842602 0.0 0.0
136.760984602 1.0 0.0
137.618126602 0.0 0.0
138.475268602 1.0 1.0
139.33241060199998 0.0 0.0
140.189552602 1.0 0.0
141.046694602 0.0 0.0
141.90383660199998 1.0 1.0
142.760978602 0.0 0.0
143.618120602 1.0 0.0
144.475262602 0.0 0.0
145.332404602 1.0 1.0
146.189546602 0.0 0.0
147.046688602 1.0 0.0
147.903830602 0.0 0.0
148.76097260199998 1.0 1.0
149.618114602 0.0 0.0
150.475256602 1.0 0.0
151.332398602 0.0 0.0
152.189540602 1.0 1.0
153.046682602 0.0 0.0
153.903824602 1.0 0.0
154.760966602 0.0 0.0
155.618108602 1.0 1.0
156.475250602 0.0 0.0
157.332392602 1.0 0.0
158.18953460199998 0.0 0.0
159.046676602 1.0 1.0
159.903818602 0.0 0.0
160.760960602 1.0 0.0
161.618102602 0.0 0.0
162.475244602 1.0 0.0
163.33238660199999 0.0 0.0
164.189528602 1.0 1.0
165.046670602 0.0 0.0
165.903812602 1.0 1.0
166.760954602 0.0 0.0
167.61809660199998 1.0 0.0
168.475238602 0.0 0.0
169.332380602 1.0 1.0
170.189522602 0.0 0.0
171.046664602 1.0 0.0
171.903806602 0.0 0.0
172.76094860199998 1.0 1.0
173.618090602 0.0 0.0
174.475232602 1.0 0.0
175.332374602 0.0 0.0
176.189516602 1.0 1.0
177.046658602 0.0 0.0
177.903800602 1.0 0.0
178.760942602 0.0 0.0
179.618084602 1.0 1.0
180.475226602 0.0 0.0
181.332368602 1.0 0.0
182.189510602 0.0 0.0
183.046652602 1.0 1.0
183.903794602 0.0 0.0
184.76093660200002 1.0 0.0
185.618078602 0.0 0.0
186.475220602 1.0 1.0
187.332362602 0.0 0.0
188.189504602 1.0 0.0
189.046646602 0.0 0.0
189.90378860200002 1.0 1.0
190.760930602 0.0 0.0
191.61807260199998 1.0 0.0
192.475214602 0.0 0.0
193.332356602 1.0 1.0
194.18949860200001 0.0 0.0
195.04664060200002 1.0 0.0
195.903782602 0.0 0.0
196.760924602 1.0 1.0
197.618066602 0.0 0.0
198.475208602 1.0 0.0
199.33235060200002 0.0 0.0
200.189492602 1.0 1.0
201.046634602 0.0 0.0
201.903776602 1.0 0.0
202.760918602 0.0 0.0
203.618060602 1.0 1.0
204.47520260200002 0.0 0.0
205.332344602 1.0 0.0
206.189486602 0.0 0.0
207.046628602 1.0 1.0
207.903770602 0.0 0.0
208.76091260200002 1.0 0.0
209.618054602 0.0 0.0
210.475196602 1.0 1.0
211.332338602 0.0 0.0
212.189480602 1.0 0.0
213.046622602 0.0 0.0
213.90376460200002 1.0 1.0
214.760906602 0.0 0.0
215.618048602 1.0 0.0
216.475190602 0.0 0.0
217.332332602 1.0 1.0
218.18947460200002 0.0 0.0
219.046616602 1.0 0.0
219.90375860199998 0.0 0.0
220.760900602 1.0 1.0
221.61804260199997 0.0 0.0
222.47518460199998 1.0 0.0
223.33232660199997 0.0 0.0
224.18946860199998 1.0 1.0
225.046610602 0.0 0.0
225.903752602 1.0 0.0
226.76089460199998 0.0 0.0
227.61803660199996 1.0 1.0
228.47517860199997 0.0 0.0
229.33232060199998 1.0 0.0
230.189462602 0.0 0.0
231.04660460199997 1.0 1.0
231.90374660199998 0.0 0.0
232.76088860199997 1.0 0.0
233.61803060199998 0.0 0.0
234.475172602 1.0 1.0
235.332314602 0.0 0.0
236.18945660199998 1.0 0.0
237.04659860199996 0.0 0.0
237.90374060199997 1.0 1.0
238.76088260199998 0.0 0.0
239.618024602 1.0 0.0
240.475166602 0.0 0.0
241.33230860199998 1.0 1.0
242.18945060199997 0.0 0.0
243.04659260199998 1.0 0.0
243.903734602 0.0 0.0
244.760876602 1.0 1.0
245.61801860199998 0.0 0.0
246.475160602 1.0 0.0
247.33230260199997 0.0 0.0
248.18944460199998 1.0 1.0
249.046586602 0.0 0.0
249.903728602 1.0 0.0
250.76087060199998 0.0 0.0
251.61801260199996 1.0 1.0
252.47515460199998 0.0 0.0
253.33229660199999 1.0 0.0
254.189438602 0.0 0.0
255.046580602 1.0 1.0
255.90372260199996 0.0 0.0
256.76086460199997 1.0 0.0
257.618006602 0.0 0.0
258.475148602 1.0 1.0
259.332290602 0.0 0.0
260.18943260199995 1.0 0.0
261.04657460199996 0.0 0.0
261.903716602 1.0 1.0
262.760858602 0.0 0.0
263.618000602 1.0 0.0
264.475142602 0.0 0.0
265.33228460199996 1.0 1.0
266.18942660199997 0.0 0.0
267.046568602 1.0 0.0
267.903710602 0.0 0.0
268.760852602 1.0 1.0
269.617994602 0.0 0.0
270.47513660199996 1.0 0.0
271.332278602 0.0 0.0
272.078791158 1.0 1.0
272.760609158 0.0 0.0
273.55305660199997 1.0 0.0
274.410198602 0.0 0.0
275.267340602 1.0 1.0
276.124482602 0.0 0.0
276.981624602 1.0 0.0
277.83876660199996 0.0 0.0
278.695908602 1.0 1.0
279.553050602 0.0 0.0
280.410192602 1.0 0.0
281.267334602 0.0 0.0
282.12447660199996 1.0 1.0
282.98161860199997 0.0 0.0
283.838760602 1.0 0.0
284.695902602 0.0 0.0
285.553044602 1.0 1.0
286.410186602 0.0 0.0
287.26732860199996 1.0 0.0
288.124470602 0.0 0.0
288.981612602 1.0 1.0
289.838754602 0.0 0.0
290.695896602 1.0 0.0
291.55303860199996 0.0 0.0
292.41018060199997 1.0 1.0
293.267322602 0.0 0.0
294.124464602 1.0 0.0
294.981606602 0.0 0.0
295.838748602 1.0 1.0
296.69589060199996 0.0 0.0
297.553032602 1.0 0.0
298.410174602 0.0 0.0
299.267316602 1.0 1.0
300.124458602 0.0 0.0
300.98160060199996 1.0 0.0
301.83874260199997 0.0 0.0
302.695884602 1.0 0.0
303.553026602 0.0 0.0
304.410168602 0.0 0.0