0.04173907200000004 0.0 0.0
0.693912072 1.0 0.0
1.346085072 0.0 0.0
1.998258072 1.0 1.0
2.650431072 0.0 0.0
3.3026040720000003 1.0 0.0
3.954777072 0.0 0.0
4.606950072 1.0 1.0
5.259123072 0.0 0.0
5.911296072000001 1.0 0.0
6.563469072 0.0 0.0
7.2156420720000005 1.0 1.0
7.867815072 0.0 0.0
8.519988072 1.0 0.0
9.172161072 0.0 0.0
9.824334072000001 1.0 1.0
10.476507072 0.0 0.0
11.128680072 1.0 0.0
11.780853072 0.0 0.0
12.433026071999999 1.0 1.0
13.085199071999998 0.0 0.0
13.737372072 1.0 0.0
14.389545071999999 0.0 0.0
15.041718071999998 1.0 1.0
15.693891072 0.0 0.0
16.346064072 1.0 0.0
16.998237072 0.0 0.0
17.650410072 1.0 1.0
18.302583071999997 0.0 0.0
18.954756072 1.0 0.0
19.606929072 0.0 0.0
20.259102071999997 1.0 1.0
20.911275072 0.0 0.0
21.563448072 1.0 0.0
22.215621071999998 0.0 0.0
22.867794072000002 1.0 1.0
23.519967072 0.0 0.0
24.172140072 1.0 0.0
24.824313072000002 0.0 0.0
25.476486072 1.0 1.0
26.128659072 0.0 0.0
26.780832072000003 1.0 0.0
27.433005072 0.0 0.0
28.085178072 1.0 1.0
28.737351072000003 0.0 0.0
29.389524072 1.0 0.0
30.041697072 0.0 0.0
30.693870072000003 1.0 1.0
31.346043072 0.0 0.0
31.998216072 1.0 0.0
32.650389072 0.0 0.0
33.302562072 1.0 1.0
33.954735072 0.0 0.0
34.606908072 1.0 0.0
35.259081072 0.0 0.0
35.911254072 1.0 1.0
36.563427072 0.0 0.0
37.215600072 1.0 0.0
37.867773072 0.0 0.0
38.519946072 1.0 1.0
39.172119072 0.0 0.0
39.824292072 1.0 0.0
40.476465072 0.0 0.0
41.128638072 1.0 1.0
41.780811072 0.0 0.0
42.432984071999996 1.0 0.0
43.085157071999994 0.0 0.0
43.737330072 1.0 1.0
44.389503072 0.0 0.0
45.041676071999994 1.0 0.0
45.69384907199999 0.0 0.0
46.34602207199999 1.0 1.0
46.998195071999994 0.0 0.0
47.65036807199999 1.0 0.0
48.30254107199999 0.0 0.0
48.954714071999994 1.0 1.0
49.60688707199999 0.0 0.0
50.25906007199999 1.0 0.0
50.911233071999995 0.0 0.0
51.56340607199999 1.0 1.0
52.21557907199999 0.0 0.0
52.867752071999995 1.0 0.0
53.51992507199999 0.0 0.0
54.17209807199999 1.0 1.0
54.824271071999995 0.0 0.0
55.47644407199999 1.0 0.0
56.12861707199999 0.0 0.0
56.780790071999995 1.0 1.0
57.43296307199999 0.0 0.0
58.08513607199999 1.0 0.0
58.737309071999995 0.0 0.0
59.38948207199999 1.0 1.0
60.04165507199999 0.0 0.0
60.69382807199999 1.0 0.0
61.34600107199999 0.0 0.0
61.99817407199999 1.0 1.0
62.65034707199999 0.0 0.0
63.30252007199999 1.0 0.0
63.95469307199999 0.0 0.0
64.60686607199999 1.0 1.0
65.259039072 0.0 0.0
65.911212072 1.0 0.0
66.56338507199999 0.0 0.0
67.215558072 1.0 1.0
67.867731072 0.0 0.0
68.51990407199999 1.0 0.0
69.172077072 0.0 0.0
69.824250072 1.0 1.0
70.47642307199999 0.0 0.0
71.128596072 1.0 0.0
71.780769072 0.0 0.0
72.43294207199999 1.0 1.0
73.085115072 0.0 0.0
73.737288072 1.0 0.0
74.38946107199999 0.0 0.0
75.041634072 1.0 1.0
75.693807072 0.0 0.0
76.34598007199999 1.0 0.0
76.998153072 0.0 0.0
77.650326072 1.0 1.0
78.30249907199999 0.0 0.0
78.954672072 1.0 0.0
79.606845072 0.0 0.0
80.25901807199999 1.0 1.0
80.911191072 0.0 0.0
81.56336407199998 1.0 0.0
82.21553707199999 0.0 0.0
82.867710072 1.0 1.0
83.51988307199998 0.0 0.0
84.17205607199999 1.0 0.0
84.824229072 0.0 0.0
85.47640207199998 1.0 1.0
86.12857507199999 0.0 0.0
86.780748072 1.0 0.0
87.43292107199998 0.0 0.0
88.08509407199999 1.0 1.0
88.737267072 0.0 0.0
89.389440072 1.0 0.0
90.041613072 0.0 0.0
90.693786072 1.0 1.0
91.345959072 0.0 0.0
91.998132072 1.0 0.0
92.650305072 0.0 0.0
93.302478072 1.0 1.0
93.954651072 0.0 0.0
94.606824072 1.0 0.0
95.258997072 0.0 0.0
95.911170072 1.0 1.0
96.563343072 0.0 0.0
97.215516072 1.0 1.0
97.867689072 0.0 0.0
98.519862072 1.0 0.0
99.172035072 0.0 0.0
99.824208072 1.0 1.0
100.476381072 0.0 0.0
101.128554072 1.0 0.0
101.780727072 0.0 0.0
102.432900072 1.0 1.0
103.085073072 0.0 0.0
103.737246072 1.0 0.0
104.389419072 0.0 0.0
105.041592072 1.0 1.0
105.693765072 0.0 0.0
106.345938072 1.0 0.0
106.998111072 0.0 0.0
107.650284072 1.0 1.0
108.302457072 0.0 0.0
108.954630072 1.0 0.0
109.606803072 0.0 0.0
110.258976072 1.0 1.0
110.911149072 0.0 0.0
111.563322072 1.0 0.0
112.215495072 0.0 0.0
112.867668072 1.0 1.0
113.519841072 0.0 0.0
114.172014072 1.0 0.0
114.824187072 0.0 0.0
115.476360072 1.0 1.0
116.128533072 0.0 0.0
116.780706072 1.0 0.0
117.432879072 0.0 0.0
118.085052072 1.0 1.0
118.737225072 0.0 0.0
119.389398072 1.0 0.0
120.041571072 0.0 0.0
120.693744072 1.0 1.0
121.345917072 0.0 0.0
121.998090072 1.0 0.0
122.650263072 0.0 0.0
123.302436072 1.0 1.0
123.954609072 0.0 0.0
124.606782072 1.0 0.0
125.258955072 0.0 0.0
125.911128072 1.0 1.0
126.563301072 0.0 0.0
127.215474072 1.0 0.0
127.867647072 0.0 0.0
128.519820072 1.0 1.0
129.171993072 0.0 0.0
129.824166072 1.0 0.0
130.476339072 0.0 0.0
131.128512072 1.0 1.0
131.780685072 0.0 0.0
132.432858072 1.0 0.0
133.085031072 0.0 0.0
133.737204072 1.0 1.0
134.389377072 0.0 0.0
135.041550072 1.0 0.0
135.693723072 0.0 0.0
136.345896072 1.0 1.0
136.998069072 0.0 0.0
137.650242072 1.0 0.0
138.302415072 0.0 0.0
138.954588072 1.0 1.0
139.606761072 0.0 0.0
140.258934072 1.0 0.0
140.911107072 0.0 0.0
141.563280072 1.0 1.0
142.215453072 0.0 0.0
142.867626072 1.0 0.0
143.519799072 0.0 0.0
144.171972072 1.0 1.0
144.824145072 0.0 0.0
145.476318072 1.0 0.0
146.128491072 0.0 0.0
146.780664072 1.0 1.0
147.432837072 0.0 0.0
148.085010072 1.0 0.0
148.737183072 0.0 0.0
149.389356072 1.0 1.0
150.041529072 0.0 0.0
150.693702072 1.0 0.0
151.345875072 0.0 0.0
151.998048072 1.0 1.0
152.650221072 0.0 0.0
153.302394072 1.0 0.0
153.954567072 0.0 0.0
154.606740072 1.0 1.0
155.258913072 0.0 0.0
155.911086072 1.0 0.0
156.563259072 0.0 0.0
157.215432072 1.0 1.0
157.867605072 0.0 0.0
158.519778072 1.0 0.0
159.171951072 0.0 0.0
159.824124072 1.0 1.0
160.476297072 0.0 0.0
161.128470072 1.0 0.0
161.780643072 0.0 0.0
162.432816072 1.0 1.0
163.084989072 0.0 0.0
163.737162072 1.0 0.0
164.389335072 0.0 0.0
165.041508072 1.0 1.0
165.693681072 0.0 0.0
166.345854072 1.0 0.0
166.998027072 0.0 0.0
167.65020007200002 1.0 1.0
168.30237307200002 0.0 0.0
168.95454607200003 1.0 0.0
169.60671907200003 0.0 0.0
170.258892072 1.0 1.0
170.911065072 0.0 0.0
171.56323807200002 1.0 0.0
172.21541107200002 0.0 0.0
172.86758407200003 1.0 1.0
173.51975707200003 0.0 0.0
174.171930072 1.0 0.0
174.824103072 0.0 0.0
175.47627607200002 1.0 1.0
176.12844907200002 0.0 0.0
176.78062207200003 1.0 0.0
177.43279507200003 0.0 0.0
178.084968072 1.0 1.0
178.73714107200001 0.0 0.0
179.389314072 1.0 0.0
180.041487072 0.0 0.0
180.693660072 1.0 1.0
181.345833072 0.0 0.0
181.998006072 1.0 0.0
182.65017907200001 0.0 0.0
183.302352072 1.0 1.0
183.954525072 0.0 0.0
184.606698072 1.0 0.0
185.258871072 0.0 0.0
185.911044072 1.0 1.0
186.56321707200001 0.0 0.0
187.215390072 1.0 0.0
187.867563072 0.0 0.0
188.519736072 1.0 1.0
189.171909072 0.0 0.0
189.824082072 1.0 0.0
190.47625507200001 0.0 0.0
191.128428072 1.0 0.0
191.780601072 0.0 0.0
192.432774072 1.0 1.0
193.084947072 0.0 0.0
193.737120072 1.0 0.0
194.38929307200002 0.0 0.0
195.041466072 1.0 1.0
195.693639072 0.0 0.0
196.345812072 1.0 0.0
196.997985072 0.0 0.0
197.650158072 1.0 1.0
198.30233107200002 0.0 0.0
198.954504072 1.0 0.0
199.606677072 0.0 0.0
200.258850072 1.0 1.0
200.911023072 0.0 0.0
201.563196072 1.0 0.0
202.215369072 0.0 0.0
202.867542072 1.0 1.0
203.519715072 0.0 0.0
204.171888072 1.0 0.0
204.824061072 0.0 0.0
205.476234072 1.0 1.0
206.128407072 0.0 0.0
206.780580072 1.0 0.0
207.432753072 0.0 0.0
208.084926072 1.0 1.0
208.737099072 0.0 0.0
209.389272072 1.0 0.0
210.041445072 0.0 0.0
210.693618072 1.0 1.0
211.345791072 0.0 0.0
211.997964072 1.0 0.0
212.650137072 0.0 0.0
213.302310072 1.0 1.0
213.954483072 0.0 0.0
214.606656072 1.0 0.0
215.258829072 0.0 0.0
215.911002072 1.0 1.0
216.563175072 0.0 0.0
217.215348072 1.0 0.0
217.867521072 0.0 0.0
218.519694072 1.0 1.0
219.171867072 0.0 0.0
219.824040072 1.0 0.0
220.476213072 0.0 0.0
221.128386072 1.0 1.0
221.780559072 0.0 0.0
222.432732072 1.0 0.0
223.084905072 0.0 0.0
223.737078072 1.0 1.0
224.389251072 0.0 0.0
225.041424072 1.0 0.0
225.693597072 0.0 0.0
226.345770072 1.0 0.0
226.997943072 0.0 0.0
227.650116072 1.0 1.0
228.302289072 0.0 0.0
228.954462072 1.0 1.0
229.606635072 0.0 0.0
230.258808072 0.0 0.0
230.910981072 1.0 0.0
231.563154072 0.0 0.0
232.215327072 1.0 1.0
232.867500072 0.0 0.0
233.519673072 1.0 0.0
234.171846072 0.0 0.0
234.824019072 1.0 1.0
235.476192072 0.0 0.0
236.128365072 1.0 0.0
236.780538072 0.0 0.0
237.432711072 1.0 1.0
238.084884072 0.0 0.0
238.737057072 1.0 0.0
239.389230072 0.0 0.0
240.041403072 1.0 1.0
240.693576072 0.0 0.0