0.164307172 1.0 0.0
0.625844172 0.0 0.0
1.087381172 1.0 0.0
1.548918172 0.0 0.0
2.0104551720000003 1.0 1.0
2.471992172 0.0 0.0
2.9335291720000005 1.0 0.0
3.3950661720000004 0.0 0.0
3.8566031720000007 1.0 1.0
4.3181401720000006 0.0 0.0
4.779677172 1.0 0.0
5.241214172 0.0 0.0
5.702751172000001 1.0 1.0
6.164288172000001 0.0 0.0
6.625825172000001 1.0 0.0
7.087362172000001 0.0 0.0
7.548899172000001 1.0 1.0
8.010436172000002 0.0 0.0
8.471973172000002 1.0 0.0
8.933510172000002 0.0 0.0
9.395047172000002 1.0 1.0
9.856584172000002 0.0 0.0
10.318121172000001 1.0 0.0
10.779658172000001 0.0 0.0
11.241195172000003 1.0 1.0
11.702732172000003 0.0 0.0
12.164269172000003 1.0 0.0
12.625806172000003 0.0 0.0
13.087343172000002 1.0 1.0
13.548880172000002 0.0 0.0
14.010417172000002 1.0 0.0
14.471954172000002 0.0 0.0
14.933491172000002 1.0 1.0
15.395028172000002 0.0 0.0
15.856565172000003 1.0 0.0
16.318102172000003 0.0 0.0
16.779639172000003 1.0 1.0
17.241176172000003 0.0 0.0
17.702713172000003 1.0 0.0
18.164250172000003 0.0 0.0
18.625787172000003 1.0 1.0
19.087324172000002 0.0 0.0
19.548861172000002 1.0 0.0
20.010398172000002 0.0 0.0
20.471935172000002 1.0 1.0
20.933472172000002 0.0 0.0
21.395009172 1.0 0.0
21.856546172 0.0 0.0
22.318083172 1.0 1.0
22.779620172000005 0.0 0.0
23.241157172000005 1.0 0.0
23.702694172000005 0.0 0.0
24.164231172000004 1.0 1.0
24.625768172000004 0.0 0.0
25.087305172000004 1.0 0.0
25.548842172000004 0.0 0.0
26.010379172000004 1.0 1.0
26.471916172000004 0.0 0.0
26.933453172000004 1.0 0.0
27.394990172000004 0.0 0.0
27.856527172000003 1.0 1.0
28.318064172000003 0.0 0.0
28.779601172000003 1.0 0.0
29.241138172000003 0.0 0.0
29.702675172 1.0 1.0
30.164212172 0.0 0.0
30.625749172 1.0 0.0
31.087286172 0.0 0.0
31.548823172000002 1.0 1.0
32.010360172 0.0 0.0
32.471897172 1.0 0.0
32.933434172 0.0 0.0
33.394971172 1.0 1.0
33.856508172 0.0 0.0
34.318045172 1.0 0.0
34.779582172 0.0 0.0
35.241119172 1.0 1.0
35.702656172 0.0 0.0
36.164193172000004 1.0 0.0
36.625730172000004 0.0 0.0
37.087267172000004 1.0 1.0
37.548804172000004 0.0 0.0
38.010341172000004 1.0 0.0
38.471878172000004 0.0 0.0
38.933415172000004 1.0 1.0
39.394952172 0.0 0.0
39.856489172 1.0 0.0
40.318026172 0.0 0.0
40.779563172 1.0 1.0
41.241100172 0.0 0.0
41.702637172 1.0 0.0
42.164174172 0.0 0.0
42.625711172 1.0 1.0
43.087248172 0.0 0.0
43.548785172 1.0 0.0
44.010322172 0.0 0.0
44.471859172 1.0 1.0
44.933396172 0.0 0.0
45.394933172 1.0 0.0
45.856470172 0.0 0.0
46.318007172 1.0 1.0
46.779544172 0.0 0.0
47.241081172 1.0 0.0
47.702618172 0.0 0.0
48.164155172 1.0 1.0
48.625692172 0.0 0.0
49.087229172 1.0 0.0
49.548766172 0.0 0.0
50.010303172 1.0 1.0
50.471840172 0.0 0.0
50.933377172 1.0 0.0
51.394914172 0.0 0.0
51.856451172 1.0 1.0
52.317988172 0.0 0.0
52.779525172 1.0 0.0
53.241062172 0.0 0.0
53.702599172 1.0 1.0
54.164136172000006 0.0 0.0
54.625673172000006 1.0 0.0
55.087210172000006 0.0 0.0
55.548747172000006 1.0 1.0
56.010284172000006 0.0 0.0
56.471821172000006 1.0 0.0
56.933358172000005 0.0 0.0
57.394895172000005 1.0 1.0
57.856432172000005 0.0 0.0
58.317969172000005 1.0 0.0
58.779506172000005 0.0 0.0
59.241043172000005 1.0 1.0
59.702580172000005 0.0 0.0
60.164117172000005 1.0 0.0
60.625654172000004 0.0 0.0
61.087191172000004 1.0 1.0
61.548728172000004 0.0 0.0
62.010265172000004 1.0 0.0
62.471802172000004 0.0 0.0
62.933339172000004 1.0 1.0
63.39487617200001 0.0 0.0
63.85641317200001 1.0 0.0
64.31795017200001 0.0 0.0
64.77948717200002 1.0 1.0
65.24102417200001 0.0 0.0
65.70256117200002 1.0 0.0
66.16409817200001 0.0 0.0
66.62563517200002 1.0 1.0
67.08717217200001 0.0 0.0
67.54870917200002 1.0 0.0
68.01024617200001 0.0 0.0
68.47178317200002 1.0 1.0
68.93332017200001 0.0 0.0
69.39485717200002 1.0 0.0
69.85639417200001 0.0 0.0
70.31793117200002 1.0 1.0
70.77946817200001 0.0 0.0
71.24100517200002 1.0 0.0
71.70254217200001 0.0 0.0
72.16407917200002 1.0 1.0
72.62561617200001 0.0 0.0
73.08715317200001 1.0 0.0
73.54869017200001 0.0 0.0
74.01022717200001 1.0 1.0
74.47176417200001 0.0 0.0
74.93330117200001 1.0 0.0
75.39483817200001 0.0 0.0
75.85637517200001 1.0 1.0
76.317912172 0.0 0.0
76.77944917200001 1.0 0.0
77.240986172 0.0 0.0
77.70252317200001 1.0 1.0
78.164060172 0.0 0.0
78.62559717200001 1.0 0.0
79.087134172 0.0 0.0
79.54867117200001 1.0 1.0
80.010208172 0.0 0.0
80.47174517200001 1.0 0.0
80.933282172 0.0 0.0
81.39481917200001 1.0 1.0
81.85635617200002 0.0 0.0
82.31789317200001 1.0 0.0
82.77943017200002 0.0 0.0
83.24096717200001 1.0 1.0
83.70250417200002 0.0 0.0
84.16404117200001 1.0 0.0
84.62557817200002 0.0 0.0
85.08711517200001 1.0 1.0
85.54865217200002 0.0 0.0
86.01018917200001 1.0 0.0
86.47172617200002 0.0 0.0
86.93326317200001 1.0 1.0
87.39480017200002 0.0 0.0
87.85633717200001 1.0 0.0
88.31787417200002 0.0 0.0
88.77941117200001 1.0 1.0
89.24094817200002 0.0 0.0
89.70248517200001 1.0 0.0
90.16402217200002 0.0 0.0
90.62555917200001 1.0 1.0
91.08709617200002 0.0 0.0
91.54863317200001 1.0 0.0
92.01017017200002 0.0 0.0
92.47170717200001 1.0 1.0
92.93324417200002 0.0 0.0
93.39478117200001 1.0 0.0
93.85631817200002 0.0 0.0
94.31785517200001 1.0 1.0
94.77939217200002 0.0 0.0
95.24092917200001 1.0 0.0
95.70246617200002 0.0 0.0
96.16400317200001 1.0 1.0
96.62554017200002 0.0 0.0
97.08707717200001 1.0 0.0
97.54861417200001 0.0 0.0
98.01015117200001 1.0 1.0
98.47168817200001 0.0 0.0
98.93322517200001 1.0 0.0
99.39476217200001 0.0 0.0
99.85629917200002 1.0 1.0
100.31783617200001 0.0 0.0
100.77937317200002 1.0 0.0
101.24091017200001 0.0 0.0
101.70244717200002 1.0 1.0
102.16398417200001 0.0 0.0
102.62552117200002 1.0 0.0
103.08705817200001 0.0 0.0
103.54859517200002 1.0 1.0
104.01013217200001 0.0 0.0
104.47166917200002 1.0 0.0
104.93320617200001 0.0 0.0
105.39474317200002 1.0 1.0
105.85628017200001 0.0 0.0
106.31781717200002 1.0 0.0
106.77935417200001 0.0 0.0
107.24089117200002 1.0 1.0
107.69543792000002 0.0 0.0
108.14998292000001 1.0 0.0
108.60452792000001 0.0 0.0
109.05907292000002 1.0 1.0
109.51361792000002 0.0 0.0
109.96816292000001 1.0 0.0
110.42270792000002 0.0 0.0
110.87725292000002 1.0 1.0
111.36111658850001 0.0 0.0
111.84498758850002 1.0 0.0
112.30653017200001 0.0 0.0
112.76806717200002 1.0 1.0
113.22261392000001 0.0 0.0
113.67715892000001 1.0 0.0
114.13170392 0.0 0.0
114.58624892000002 1.0 1.0
115.04079392000001 0.0 0.0
115.49533892000001 1.0 0.0
115.96777544600002 0.0 0.0
116.44021644600002 1.0 1.0
116.9053332775 0.0 0.0
117.37044827750002 1.0 0.0
117.82499592 0.0 0.0
118.27954092 1.0 1.0
118.73408592 0.0 0.0
119.18863092000001 1.0 0.0
119.661067446 0.0 0.0
120.13350844600001 1.0 1.0
120.60225936875001 0.0 0.0
121.07100936875001 1.0 0.0
121.53975936875001 0.0 0.0
122.00850936875001 1.0 1.0
122.46305792000001 0.0 0.0
122.91760292000001 1.0 0.0
123.37214792 0.0 0.0
123.83726027750001 1.0 1.0
124.30237527750002 0.0 0.0
124.76749027750002 1.0 0.0
125.22203792000002 0.0 0.0
125.67658292000002 1.0 1.0
126.13112792000001 0.0 0.0
126.58567292000002 1.0 0.0
127.04021792000002 0.0 0.0
127.49476292000001 1.0 1.0
127.95629817200002 0.0 0.0
128.41783517200003 1.0 0.0
128.87937217200002 0.0 0.0
129.340909172 1.0 1.0
129.80244617200003 0.0 0.0
130.26398317200002 1.0 0.0
130.72552017200002 0.0 0.0
131.187057172 1.0 1.0
131.64859417200003 0.0 0.0
132.11013117200002 1.0 0.0
132.57166817200002 0.0 0.0
133.033205172 1.0 1.0
133.49474217200003 0.0 0.0
133.95627917200002 1.0 0.0
134.41781617200002 0.0 0.0
134.87935317200004 1.0 1.0
135.34089017200003 0.0 0.0
135.80242717200002 1.0 0.0
136.26396417200002 0.0 0.0
136.72550117200004 1.0 1.0
137.18703817200003 0.0 0.0
137.64857517200002 1.0 0.0
138.11011217200002 0.0 0.0
138.57164917200004 1.0 1.0
139.03318617200003 0.0 0.0
139.49472317200002 1.0 0.0
139.967161446 0.0 0.0
140.439602446 1.0 1.0
140.90114217200002 0.0 0.0
141.362679172 1.0 0.0
141.82421617200004 0.0 0.0
142.28575317200003 1.0 1.0
142.74729017200002 0.0 0.0
143.208827172 1.0 0.0
143.67036417200003 0.0 0.0
144.13190117200003 1.0 1.0
144.59343817200002 0.0 0.0
145.054975172 1.0 0.0
145.51651217200003 0.0 0.0
145.98895044600002 1.0 1.0
146.45049017200003 0.0 0.0
146.91202717200002 1.0 0.0
147.37356417200004 0.0 0.0
147.83510117200004 1.0 1.0
148.29663817200003 0.0 0.0
148.75817517200002 1.0 0.0
149.21971217200004 0.0 0.0
149.68124917200004 1.0 1.0
150.13237877450004 0.0 0.0
150.58350577450003 1.0 0.0
151.04861727750003 0.0 0.0
151.51373227750003 1.0 1.0
151.97884727750002 0.0 0.0
152.45884355625003 1.0 0.0
152.920385172 0.0 0.0
153.381922172 1.0 1.0
153.8399380525 0.0 0.0
154.2979530525 1.0 0.0
154.7559680525 0.0 0.0
155.2139830525 1.0 1.0
155.67199805250002 0.0 0.0
156.1300130525 1.0 0.0
156.5880280525 0.0 0.0
157.0460430525 1.0 1.0
157.5040580525 0.0 0.0
157.9620730525 1.0 0.0
158.4200880525 0.0 0.0
158.8852012775 1.0 1.0
159.3432180525 0.0 0.0
159.80123305249998 1.0 0.0
160.273670446 0.0 0.0
160.746111446 1.0 1.0
161.2041300525 0.0 0.0
161.6621450525 1.0 0.0
162.1201600525 0.0 0.0
162.5781750525 1.0 1.0
163.03619005250002 0.0 0.0
163.4942050525 1.0 0.0
163.9522200525 0.0 0.0
164.4102350525 1.0 1.0
164.871771172 0.0 0.0
165.333308172 1.0 0.0
165.794845172 0.0 0.0
166.256382172 1.0 1.0
166.717919172 0.0 0.0
167.17945617200002 1.0 0.0
167.640993172 0.0 0.0
168.102530172 1.0 1.0
168.5863955885 0.0 0.0
169.0702665885 1.0 0.0
169.5541375885 0.0 0.0
170.0380085885 1.0 1.0
170.485778616 0.0 0.0
170.933539616 1.0 0.0
171.381300616 0.0 0.0
171.82906161600002 1.0 1.0
172.290595172 0.0 0.0
172.752132172 1.0 0.0
173.213669172 0.0 0.0
173.675206172 1.0 1.0
174.136743172 0.0 0.0
174.59828017200002 1.0 0.0
175.059817172 0.0 0.0
175.521354172 1.0 1.0
175.99010236875 0.0 0.0
176.45885236875 1.0 0.0
176.92760236875 0.0 0.0
177.39635236875 1.0 1.0
177.85090092000002 0.0 0.0
178.30544592 1.0 0.0
178.74718134583335 0.0 0.0
179.18835634583334 1.0 1.0
179.64289800333333 0.0 0.0
180.09744300333335 1.0 0.0
180.56255536083333 0.0 0.0
181.02767036083333 1.0 1.0
181.50010952933332 0.0 0.0
181.97255052933332 1.0 0.0
182.44499152933332 0.0 0.0
182.91743252933333 1.0 1.0
183.37198200333333 0.0 0.0
183.82652700333333 1.0 0.0
184.28107200333332 0.0 0.0
184.73561700333332 1.0 1.0
185.1901620033333 0.0 0.0
185.6447070033333 1.0 0.0
186.0992520033333 0.0 0.0
186.55379700333333 1.0 1.0
187.02623352933333 0.0 0.0
187.4986745293333 1.0 0.0
187.9711155293333 0.0 0.0
188.4435565293333 1.0 1.0
188.90157513583333 0.0 0.0
189.35959013583332 1.0 0.0
189.81760513583333 0.0 0.0
190.27562013583332 1.0 1.0
190.73363513583334 0.0 0.0
191.19165013583333 1.0 0.0
191.64966513583332 0.0 0.0
192.10768013583333 1.0 1.0
192.57279336083332 0.0 0.0
193.0379083608333 1.0 0.0
193.5030233608333 0.0 0.0
193.96813836083334 1.0 1.0
194.43325336083333 0.0 0.0
194.89836836083333 1.0 0.0
195.36348336083333 0.0 0.0
195.82859836083333 1.0 1.0
196.28314600333334 0.0 0.0
196.73769100333334 1.0 0.0
197.19223600333333 0.0 0.0
197.64678100333333 1.0 1.0
198.11189336083334 0.0 0.0
198.57700836083333 1.0 0.0
199.04212336083333 0.0 0.0
199.50723836083336 1.0 1.0
199.96525513583333 0.0 0.0
200.42327013583332 1.0 0.0
200.88128513583334 0.0 0.0
201.33930013583333 1.0 1.0
201.80441336083334 0.0 0.0
202.26952836083333 1.0 0.0
202.73464336083333 0.0 0.0
203.19975836083336 1.0 1.0
203.66487336083335 0.0 0.0
204.12998836083335 1.0 0.0
204.59510336083335 0.0 0.0
205.06021836083335 1.0 1.0
205.52533336083334 0.0 0.0
205.99044836083334 1.0 0.0
206.45556336083334 0.0 0.0
206.92067836083334 1.0 1.0
207.38579336083333 0.0 0.0
207.85090836083333 1.0 0.0
208.31602336083336 0.0 0.0
208.78113836083335 1.0 1.0
209.23568600333337 0.0 0.0
209.69023100333337 1.0 0.0
210.14477600333336 0.0 0.0
210.60279013583335 1.0 1.0
211.06080513583333 0.0 0.0
211.51882013583335 1.0 0.0
211.97683513583334 0.0 0.0
212.43485013583336 1.0 1.0
212.89996336083334 0.0 0.0
213.36507836083334 1.0 0.0
213.83019336083333 0.0 0.0
214.29530836083336 1.0 1.0
214.76042336083336 0.0 0.0
215.22553836083335 1.0 0.0
215.69065336083335 0.0 0.0
216.15576836083335 1.0 1.0
216.62088336083335 0.0 0.0
217.08599836083334 1.0 0.0
217.55111336083334 0.0 0.0
218.01622836083334 1.0 1.0
218.47077600333336 0.0 0.0
218.92532100333335 1.0 0.0
219.37986600333335 0.0 0.0
219.83441100333334 1.0 1.0
220.29952336083335 0.0 0.0
220.76463836083335 1.0 0.0
221.22975336083334 0.0 0.0
221.69486836083337 1.0 1.0
222.15998336083337 0.0 0.0
222.62509836083336 1.0 0.0
223.07964600333338 0.0 0.0
223.53419100333338 1.0 1.0
223.98873600333337 0.0 0.0
224.44328100333337 1.0 0.0
224.89782600333336 0.0 0.0
225.35237100333336 1.0 1.0
225.80691600333336 0.0 0.0
226.26146100333338 1.0 0.0
226.71600600333338 0.0 0.0
227.17055100333337 1.0 1.0
227.63566336083335 0.0 0.0
228.10077836083335 1.0 0.0
228.56589336083334 0.0 0.0
229.03100836083337 1.0 1.0
229.49612336083337 0.0 0.0
229.96123836083336 1.0 0.0
230.42635336083336 0.0 0.0
230.89146836083336 1.0 1.0
231.34601600333338 0.0 0.0
231.80056100333337 1.0 0.0
232.26567336083335 0.0 0.0
232.73078836083334 1.0 1.0
233.19232625533334 0.0 0.0
233.65386325533333 1.0 0.0
234.10841000333335 0.0 0.0
234.56295500333334 1.0 1.0
235.02806736083332 0.0 0.0
235.49318236083332 1.0 0.0
235.94773000333333 0.0 0.0
236.40227500333333 1.0 1.0
236.87102145208334 0.0 0.0
237.33977145208334 1.0 0.0
237.80852145208334 0.0 0.0
238.27727145208334 1.0 1.0
238.74602145208334 0.0 0.0
239.21477145208334 1.0 0.0
239.68352145208334 0.0 0.0
240.15227145208334 1.0 1.0
240.62102145208334 0.0 0.0
241.08977145208334 1.0 0.0
241.54432000333335 0.0 0.0
241.99886500333335 1.0 1.0
242.45341000333335 0.0 0.0
242.90795500333334 1.0 0.0
243.36250000333334 0.0 0.0
243.81704500333333 1.0 1.0
244.27159000333333 0.0 0.0
244.72613500333335 1.0 0.0
245.18068000333335 0.0 0.0
245.63522500333335 1.0 0.0
246.08977000333334 0.0 0.0
246.54431500333334 1.0 1.0
246.99886000333333 0.0 0.0
247.45340500333333 1.0 0.0
247.90795000333335 0.0 0.0
248.36249500333335 1.0 1.0
248.81704000333335 0.0 0.0
249.27158500333334 1.0 0.0
249.72613000333334 0.0 0.0
250.18067500333333 1.0 1.0
250.63522000333333 0.0 0.0
251.08976500333335 0.0 0.0