0.286019448 1.0 0.0
1.202748448 0.0 0.0
2.1194774480000005 1.0 1.0
3.036206448 0.0 0.0
3.9529354480000003 1.0 0.0
4.869664448 0.0 0.0
5.786393448 1.0 1.0
6.703122448 0.0 0.0
7.6198514479999995 1.0 0.0
8.536580447999999 0.0 0.0
9.453309447999999 1.0 1.0
10.370038447999999 0.0 0.0
11.286767447999997 1.0 0.0
12.203496447999997 0.0 0.0
13.120225447999998 1.0 1.0
14.036954447999998 0.0 0.0
14.953683448 1.0 0.0
15.870412448 0.0 0.0
16.787141448 1.0 1.0
17.703870448 0.0 0.0
18.620599448 1.0 0.0
19.537328448 0.0 0.0
20.454057448 1.0 1.0
21.370786448 0.0 0.0
22.287515448 1.0 0.0
23.204244448 0.0 0.0
24.120973448 1.0 1.0
25.037702447999997 0.0 0.0
25.954431447999998 1.0 0.0
26.871160447999998 0.0 0.0
27.787889447999998 1.0 1.0
28.704618447999998 0.0 0.0
29.621347447999995 1.0 0.0
30.538076447999995 0.0 0.0
31.454805447999995 1.0 1.0
32.371534448 0.0 0.0
33.288263447999995 1.0 0.0
34.204992448 0.0 0.0
35.121721447999995 1.0 1.0
36.03845044799999 0.0 0.0
36.955179447999996 1.0 0.0
37.87190844799999 0.0 0.0
38.788637447999996 1.0 1.0
39.70536644799999 0.0 0.0
40.622095447999996 1.0 0.0
41.53882444799999 0.0 0.0
42.455553447999996 1.0 1.0
43.37228244799999 0.0 0.0
44.289011448 1.0 0.0
45.20574044799999 0.0 0.0
46.122469448 1.0 1.0
47.03919844799999 0.0 0.0
47.955927448 1.0 0.0
48.872656447999994 0.0 0.0
49.789385448 1.0 1.0
50.706114447999994 0.0 0.0
51.622843448 1.0 0.0
52.539572447999994 0.0 0.0
53.45630144799999 1.0 1.0
54.373030447999994 0.0 0.0
55.28975944799999 1.0 0.0
56.206488447999995 0.0 0.0
57.12321744799999 1.0 1.0
58.039946447999995 0.0 0.0
58.95667544799999 1.0 0.0
59.873404447999995 0.0 0.0
60.79013344799999 1.0 1.0
61.706862447999995 0.0 0.0
62.623591448 1.0 0.0
63.540320448 0.0 0.0
64.457049448 1.0 1.0
65.373778448 0.0 0.0
66.290507448 1.0 0.0
67.207236448 0.0 0.0
68.123965448 1.0 1.0
69.040694448 0.0 0.0
69.957423448 1.0 0.0
70.874152448 0.0 0.0
71.790881448 1.0 1.0
72.707610448 0.0 0.0
73.624339448 1.0 0.0
74.541068448 0.0 0.0
75.457797448 1.0 1.0
76.374526448 0.0 0.0
77.291255448 1.0 0.0
78.207984448 0.0 0.0
79.124713448 1.0 1.0
80.041442448 0.0 0.0
80.958171448 1.0 0.0
81.874900448 0.0 0.0
82.791629448 1.0 1.0
83.708358448 0.0 0.0
84.625087448 1.0 0.0
85.541816448 0.0 0.0
86.458545448 1.0 1.0
87.375274448 0.0 0.0
88.292003448 1.0 0.0
89.208732448 0.0 0.0
90.125461448 1.0 1.0
91.042190448 0.0 0.0
91.958919448 1.0 1.0
92.87564844799999 0.0 0.0
93.792377448 1.0 0.0
94.709106448 0.0 0.0
95.625835448 1.0 1.0
96.542564448 0.0 0.0
97.459293448 1.0 0.0
98.376022448 0.0 0.0
99.292751448 1.0 1.0
100.209480448 0.0 0.0
101.126209448 1.0 0.0
102.042938448 0.0 0.0
102.959667448 1.0 1.0
103.876396448 0.0 0.0
104.793125448 1.0 0.0
105.709854448 0.0 0.0
106.626583448 1.0 1.0
107.543312448 0.0 0.0
108.460041448 1.0 0.0
109.37438739199999 0.0 0.0
110.28347839199999 1.0 1.0
111.192569392 0.0 0.0
112.101660392 1.0 0.0
113.01075139199999 0.0 0.0
113.91984239199999 1.0 1.0
114.828933392 0.0 0.0
115.738024392 1.0 0.0
116.64711539199999 0.0 0.0
117.556206392 1.0 1.0
118.46529739200001 0.0 0.0
119.37438839200001 1.0 0.0
120.283479392 0.0 0.0
121.231692384 1.0 1.0
122.290082632 0.0 0.0
123.401193632 1.0 0.0
124.45165744799999 0.0 0.0
125.368386448 1.0 0.0
126.285115448 0.0 0.0
127.201844448 1.0 1.0
128.118573448 0.0 0.0
129.035302448 1.0 0.0
129.95203144799999 0.0 0.0
130.868760448 1.0 1.0
131.785489448 0.0 0.0
132.702218448 1.0 0.0
133.618947448 0.0 0.0
134.535676448 1.0 1.0
135.452405448 0.0 0.0
136.369134448 1.0 0.0
137.285863448 0.0 0.0
138.202592448 1.0 1.0
139.119321448 0.0 0.0
140.036050448 1.0 0.0
140.952779448 0.0 0.0
141.869508448 1.0 1.0
142.786237448 0.0 0.0
143.70296644799998 1.0 0.0
144.619695448 0.0 0.0
145.536424448 1.0 1.0
146.453153448 0.0 0.0
147.369882448 1.0 0.0
148.286611448 0.0 0.0
149.203340448 1.0 1.0
150.12006944799998 0.0 0.0
151.03679844799998 1.0 0.0
151.953527448 0.0 0.0
152.870256448 1.0 1.0
153.786985448 0.0 0.0
154.703714448 1.0 0.0
155.620443448 0.0 0.0
156.537172448 1.0 1.0
157.453901448 0.0 0.0
158.370630448 1.0 0.0
159.287359448 0.0 0.0
160.204088448 1.0 1.0
161.120817448 0.0 0.0
162.037546448 1.0 0.0
162.954275448 0.0 0.0
163.871004448 1.0 1.0
164.78773344799998 0.0 0.0
165.704462448 1.0 0.0
166.621191448 0.0 0.0
167.537920448 1.0 1.0
168.454649448 0.0 0.0
169.371378448 1.0 0.0
170.288107448 0.0 0.0
171.20483644799998 1.0 1.0
172.121565448 0.0 0.0
173.038294448 1.0 0.0
173.955023448 0.0 0.0
174.871752448 1.0 1.0
175.788481448 0.0 0.0
176.705210448 1.0 0.0
177.62193944799998 0.0 0.0
178.538668448 1.0 1.0
179.45539744799999 0.0 0.0
180.372126448 1.0 0.0
181.288855448 0.0 0.0
182.205584448 1.0 1.0
183.122313448 0.0 0.0
184.039042448 1.0 1.0
184.955771448 0.0 0.0
185.87250044799998 1.0 0.0
186.78922944800001 0.0 0.0
187.705958448 1.0 1.0
188.62268744800002 0.0 0.0
189.539416448 1.0 0.0
190.456145448 0.0 0.0
191.372874448 1.0 1.0
192.289603448 0.0 0.0
193.206332448 1.0 0.0
194.123061448 0.0 0.0
195.03979044800002 1.0 1.0
195.956519448 0.0 0.0
196.873248448 1.0 0.0
197.789977448 0.0 0.0
198.706706448 1.0 1.0
199.623435448 0.0 0.0
200.54016444799998 1.0 0.0
201.45689344800002 0.0 0.0
202.373622448 1.0 1.0
203.290351448 0.0 0.0
204.207080448 1.0 0.0
205.123809448 0.0 0.0
206.040538448 1.0 1.0
206.95726744799998 0.0 0.0
207.873996448 1.0 0.0
208.790725448 0.0 0.0
209.70745444800002 1.0 1.0
210.624183448 0.0 0.0
211.540912448 1.0 0.0
212.457641448 0.0 0.0
213.37437044799998 1.0 1.0
214.291099448 0.0 0.0
215.207828448 1.0 0.0
216.12455744800002 0.0 0.0
217.041286448 1.0 1.0
217.958015448 0.0 0.0
218.874744448 1.0 0.0
219.791473448 0.0 0.0
220.708202448 1.0 1.0
221.62493144799998 0.0 0.0
222.54166044800002 1.0 0.0
223.458389448 0.0 0.0
224.375118448 1.0 1.0
225.291847448 0.0 0.0
226.208576448 1.0 0.0
227.125305448 0.0 0.0
228.04203444799998 1.0 1.0
228.958763448 0.0 0.0
229.901473 1.0 0.0
230.901473 0.0 0.0
231.901473 1.0 1.0
232.873109392 0.0 0.0
233.777966864 1.0 0.0
234.673488864 0.0 0.0
235.569010864 1.0 1.0
236.464532864 0.0 0.0
237.334185603 1.0 0.0
238.16770747500001 0.0 0.0
239.10985034700002 1.0 1.0
240.07197385900002 0.0 0.0
241.08905908300002 1.0 0.0
242.19960442700003 0.0 0.0
243.367850475 1.0 1.0
244.56785047500003 0.0 0.0
245.76785047500002 1.0 1.0
246.967850475 0.0 0.0
248.16785047500002 0.0 0.0
249.367850475 1.0 1.0
250.56785047500003 0.0 0.0
251.76785047500002 1.0 0.0
252.967850475 0.0 0.0
254.16785047500002 1.0 1.0
255.367850475 0.0 0.0
256.567850475 0.0 0.0