0.21797449099999994 1.0 1.0
0.977467491 0.0 0.0
1.736960491 1.0 0.0
2.496453491 0.0 0.0
3.2559464909999996 1.0 1.0
4.0154394909999995 0.0 0.0
4.7749324909999995 1.0 0.0
5.5344254909999995 0.0 0.0
6.293918490999999 1.0 1.0
7.0534114909999985 0.0 0.0
7.8129044909999985 1.0 0.0
8.572397490999998 0.0 0.0
9.331890491 1.0 1.0
10.091383490999998 0.0 0.0
10.850876491 1.0 0.0
11.610369490999998 0.0 0.0
12.369862491 1.0 1.0
13.129355491 0.0 0.0
13.888848491 1.0 0.0
14.648341491 0.0 0.0
15.407834491 1.0 1.0
16.167327490999998 0.0 0.0
16.926820491 1.0 0.0
17.686313491 0.0 0.0
18.445806491 1.0 1.0
19.205299490999998 0.0 0.0
19.964792491 1.0 0.0
20.724285491 0.0 0.0
21.483778491 1.0 1.0
22.243271491 0.0 0.0
23.002764491 1.0 0.0
23.762257491 0.0 0.0
24.521750491 1.0 1.0
25.281243491 0.0 0.0
26.040736490999997 1.0 0.0
26.800229490999996 0.0 0.0
27.559722490999995 1.0 1.0
28.319215490999998 0.0 0.0
29.078708490999997 1.0 0.0
29.838201490999996 0.0 0.0
30.597694490999995 1.0 1.0
31.357187490999998 0.0 0.0
32.116680491 0.0 0.0
32.876173490999996 1.0 1.0
33.635666490999995 0.0 0.0
34.395159490999994 1.0 0.0
35.15465249099999 0.0 0.0
35.914145491 1.0 1.0
36.673638491 0.0 0.0
37.433131491 1.0 0.0
38.192624491 0.0 0.0
38.952117490999996 1.0 1.0
39.711610490999995 0.0 0.0
40.471103490999994 1.0 0.0
41.230596491 0.0 0.0
41.990089491 1.0 1.0
42.749582491 0.0 0.0
43.509075491 1.0 0.0
44.268568490999996 0.0 0.0
45.028061490999995 1.0 1.0
45.787554490999995 0.0 0.0
46.547047490999994 1.0 0.0
47.306540491 0.0 0.0
48.066033491 1.0 1.0
48.825526491000005 0.0 0.0
49.585019491000004 1.0 0.0
50.344512491 0.0 0.0
51.104005491 1.0 1.0
51.863498491 0.0 0.0
52.622991491 1.0 0.0
53.382484491 0.0 0.0
54.141977491 1.0 1.0
54.901470491000005 0.0 0.0
55.660963491000004 1.0 0.0
56.420456491 0.0 0.0
57.179949491 1.0 1.0
57.939442491 0.0 0.0
58.698935491 1.0 0.0
59.458428491 0.0 0.0
60.217921491 1.0 1.0
60.977414491000005 0.0 0.0
61.736907491000004 1.0 0.0
62.496400491 0.0 0.0
63.255893491 1.0 1.0
64.015386491 0.0 0.0
64.77487949100001 1.0 0.0
65.534372491 0.0 0.0
66.293865491 1.0 1.0
67.053358491 0.0 0.0
67.812851491 1.0 0.0
68.572344491 0.0 0.0
69.331837491 1.0 1.0
70.09133049100001 0.0 0.0
70.850823491 1.0 0.0
71.610316491 0.0 0.0
72.369809491 1.0 1.0
73.129302491 0.0 0.0
73.888795491 1.0 0.0
74.648288491 0.0 0.0
75.407781491 1.0 1.0
76.167274491 0.0 0.0
76.926767491 1.0 0.0
77.686260491 0.0 0.0
78.445753491 1.0 1.0
79.205246491 0.0 0.0
79.964739491 1.0 0.0
80.724232491 0.0 0.0
81.483725491 1.0 1.0
82.24321849100001 0.0 0.0
83.002711491 1.0 0.0
83.762204491 0.0 0.0
84.521697491 1.0 1.0
85.281190491 0.0 0.0
86.040683491 1.0 0.0
86.800176491 0.0 0.0
87.55966949100001 1.0 1.0
88.319162491 0.0 0.0
89.078655491 1.0 0.0
89.838148491 0.0 0.0
90.597641491 1.0 1.0
91.357134491 0.0 0.0
92.116627491 1.0 0.0
92.876120491 0.0 0.0
93.635613491 1.0 1.0
94.395106491 0.0 0.0
95.154599491 1.0 0.0
95.914092491 0.0 0.0
96.673585491 1.0 1.0
97.433078491 0.0 0.0
98.192571491 1.0 0.0
98.952064491 0.0 0.0
99.71155749100001 1.0 1.0
100.471050491 0.0 0.0
101.230543491 1.0 0.0
101.990036491 0.0 0.0
102.749529491 1.0 0.0
103.509022491 0.0 0.0
104.26851549100002 1.0 1.0
105.02800849100001 0.0 0.0
105.78750149100001 1.0 0.0
106.546994491 0.0 0.0
107.30648749100001 1.0 1.0
108.06598049100002 0.0 0.0
108.82547349100001 1.0 1.0
109.58496649100002 0.0 0.0
110.34445949100001 1.0 0.0
111.10395249100002 0.0 0.0
111.86344549100001 1.0 1.0
112.62293849100001 0.0 0.0
113.382431491 1.0 0.0
114.14192449100001 0.0 0.0
114.90141749100002 1.0 1.0
115.66091049100001 0.0 0.0
116.42040349100002 1.0 0.0
117.17989649100001 0.0 0.0
117.93938949100001 1.0 1.0
118.698882491 0.0 0.0
119.45837549100001 1.0 0.0
120.21786849100002 0.0 0.0
120.97736149100001 1.0 1.0
121.73685449100002 0.0 0.0
122.49634749100001 1.0 0.0
123.25584049100001 0.0 0.0
124.015333491 1.0 1.0
124.77482649100001 0.0 0.0
125.534319491 1.0 0.0
126.29381249100001 0.0 0.0
127.05330549100002 1.0 1.0
127.81279849100001 0.0 0.0
128.57229149100002 1.0 0.0
129.331784491 0.0 0.0
130.091277491 1.0 1.0
130.85077049100002 0.0 0.0
131.610263491 1.0 0.0
132.369756491 0.0 0.0
133.12924949100002 1.0 1.0
133.88874249100002 0.0 0.0
134.648235491 1.0 0.0
135.407728491 0.0 0.0
136.16722149100002 1.0 1.0
136.926714491 0.0 0.0
137.686207491 1.0 0.0
138.44570049100003 0.0 0.0
139.20519349100002 1.0 1.0
139.964686491 0.0 0.0
140.724179491 1.0 0.0
141.48367249100002 0.0 0.0
142.243165491 1.0 1.0
143.002658491 0.0 0.0
143.762151491 1.0 0.0
144.52164449100002 0.0 0.0
145.281137491 1.0 1.0
146.040630491 0.0 0.0
146.80012349100002 1.0 0.0
147.559616491 0.0 0.0
148.319109491 1.0 1.0
149.078602491 0.0 0.0
149.83809549100002 1.0 0.0
150.597588491 0.0 0.0
151.357081491 1.0 1.0
152.11657449100002 0.0 0.0
152.87606749100001 1.0 0.0
153.635560491 0.0 0.0
154.395053491 1.0 1.0
155.15454649100002 0.0 0.0
155.914039491 1.0 0.0
156.673532491 0.0 0.0
157.43302549100002 1.0 1.0
158.19251849100002 0.0 0.0
158.952011491 1.0 0.0
159.711504491 0.0 0.0
160.47099749100002 1.0 1.0
161.230490491 0.0 0.0
161.989983491 1.0 0.0
162.74947649100002 0.0 0.0
163.50896949100002 1.0 1.0
164.268462491 0.0 0.0
165.027955491 1.0 0.0
165.78744849100002 0.0 0.0
166.546941491 1.0 1.0
167.306434491 0.0 0.0
168.06592749100002 1.0 0.0
168.82542049100002 0.0 0.0
169.584913491 1.0 1.0
170.344406491 0.0 0.0
171.10389949100002 1.0 0.0
171.863392491 0.0 0.0
172.622885491 1.0 1.0
173.382378491 0.0 0.0
174.14187149100002 1.0 0.0
174.901364491 0.0 0.0
175.660857491 1.0 1.0
176.42035049100002 0.0 0.0
177.179843491 1.0 0.0
177.939336491 0.0 0.0
178.698829491 1.0 1.0
179.45832249100002 0.0 0.0
180.217815491 1.0 0.0
180.977308491 0.0 0.0
181.73680149100002 1.0 1.0
182.49629449100001 0.0 0.0
183.255787491 1.0 0.0
184.015280491 0.0 0.0
184.77477349100002 1.0 1.0
185.534266491 0.0 0.0
186.293759491 1.0 0.0
187.05325249100002 0.0 0.0
187.81274549100002 1.0 1.0
188.572238491 0.0 0.0
189.331731491 1.0 0.0
190.09122449100002 0.0 0.0
190.850717491 1.0 1.0
191.610210491 0.0 0.0
192.36970349100002 1.0 0.0
193.12919649100002 0.0 0.0
193.888689491 1.0 1.0
194.648182491 0.0 0.0
195.407675491 1.0 0.0
196.16716849099998 0.0 0.0
196.92666149099998 1.0 1.0
197.686154491 0.0 0.0
198.445647491 1.0 0.0
199.20514049099998 0.0 0.0
199.964633491 1.0 1.0
200.724126491 0.0 0.0
201.48361949099998 1.0 0.0
202.24311249099998 0.0 0.0
203.002605491 1.0 1.0
203.762098491 0.0 0.0
204.52159149099998 1.0 0.0
205.28108449099997 0.0 0.0
206.040577491 1.0 1.0
206.80007049099999 0.0 0.0
207.55956349099998 1.0 0.0
208.31905649099997 0.0 0.0
209.07854949099996 1.0 1.0
209.83804249099995 0.0 0.0
210.59753549099997 1.0 0.0
211.35702849099997 0.0 0.0
212.11652149099996 1.0 1.0
212.87601449099995 0.0 0.0
213.63550749099997 1.0 0.0
214.39500049099996 0.0 0.0
215.15449349099995 1.0 1.0
215.91398649099997 0.0 0.0
216.67347949099997 1.0 0.0
217.43297249099996 0.0 0.0
218.19246549099995 1.0 1.0
218.95195849099997 0.0 0.0
219.71145149099996 1.0 0.0
220.47094449099995 0.0 0.0
221.23043749099998 1.0 1.0
221.98993049099997 0.0 0.0
222.74942349099996 1.0 0.0
223.50891649099995 0.0 0.0
224.26840949099997 1.0 1.0
225.02790249099996 0.0 0.0
225.78739549099996 1.0 0.0
226.54688849099998 0.0 0.0
227.30638149099997 1.0 1.0
228.06587449099996 0.0 0.0
228.82536749099995 1.0 0.0
229.58486049099997 0.0 0.0
230.34435349099996 1.0 1.0
231.10384649099996 0.0 0.0
231.86333949099998 1.0 0.0
232.62283249099997 0.0 0.0
233.38232549099996 1.0 1.0
234.14181849099995 0.0 0.0
234.90131149099997 1.0 0.0
235.66080449099996 0.0 0.0
236.42029749099996 1.0 1.0
237.17979049099998 0.0 0.0
237.93928349099997 1.0 0.0
238.69877649099996 0.0 0.0
239.45826949099995 1.0 1.0
240.21776249099997 0.0 0.0
240.97725549099997 1.0 0.0
241.73674849099996 0.0 0.0
242.49624149099995 1.0 1.0
243.25573449099997 0.0 0.0
244.01522749099996 1.0 0.0
244.77472049099995 0.0 0.0
245.53421349099997 1.0 1.0
246.29370649099997 0.0 0.0
247.05319949099996 1.0 0.0
247.81269249099995 0.0 0.0
248.57218549099997 1.0 1.0
249.33167849099996 0.0 0.0
250.09117149099995 1.0 0.0
250.85066449099997 0.0 0.0
251.61015749099997 1.0 1.0
252.36965049099996 0.0 0.0
253.12914349099995 1.0 0.0
253.88863649099997 0.0 0.0
254.64812949099996 1.0 1.0
255.40762249099996 0.0 0.0
256.16711549099995 1.0 0.0
256.92660849099997 0.0 0.0
257.686101491 1.0 0.0
258.44559449099995 0.0 0.0
259.205087491 1.0 1.0
259.96458049099994 0.0 0.0
260.72407349099996 1.0 0.0
261.483566491 0.0 0.0