0.425 1.0 1.0
0.925 0.0 0.0
1.425 1.0 0.0
1.925 0.0 0.0
2.425 1.0 1.0
2.925 0.0 0.0
3.425 1.0 0.0
3.925 0.0 0.0
4.425 1.0 1.0
4.925 0.0 0.0
5.425 1.0 0.0
5.925 0.0 0.0
6.425 1.0 1.0
6.925 0.0 0.0
7.425 1.0 0.0
7.925 0.0 0.0
8.425 1.0 1.0
8.925 0.0 0.0
9.425 1.0 0.0
9.925 0.0 0.0
10.425 1.0 1.0
10.925 0.0 0.0
11.425 1.0 0.0
11.925 0.0 0.0
12.425 1.0 1.0
12.925 0.0 0.0
13.425 1.0 0.0
13.925 0.0 0.0
14.425 1.0 1.0
14.925 0.0 0.0
15.425 1.0 0.0
15.925 0.0 0.0
16.425 1.0 1.0
16.925 0.0 0.0
17.425 1.0 0.0
17.925 0.0 0.0
18.425 1.0 1.0
18.925 0.0 0.0
19.425 1.0 0.0
19.925 0.0 0.0
20.425 1.0 1.0
20.925 0.0 0.0
21.425 1.0 0.0
21.925 0.0 0.0
22.425 1.0 1.0
22.925 0.0 0.0
23.425 1.0 0.0
23.925 0.0 0.0
24.425 1.0 1.0
24.925 0.0 0.0
25.425 1.0 0.0
25.925 0.0 0.0
26.425 1.0 1.0
26.925 0.0 0.0
27.425 1.0 0.0
27.925 0.0 0.0
28.425 1.0 1.0
28.925 0.0 0.0
29.425 1.0 0.0
29.925 0.0 0.0
30.425 1.0 1.0
30.925 0.0 0.0
31.425 1.0 0.0
31.925 0.0 0.0
32.425 1.0 1.0
32.925 0.0 0.0
33.425 1.0 0.0
33.925 0.0 0.0
34.425 1.0 1.0
34.925 0.0 0.0
35.425 1.0 0.0
35.925 0.0 0.0
36.425 1.0 1.0
36.925 0.0 0.0
37.425 1.0 0.0
37.925 0.0 0.0
38.425 1.0 1.0
38.925 0.0 0.0
39.425 1.0 0.0
39.925 0.0 0.0
40.425 1.0 1.0
40.925 0.0 0.0
41.425 1.0 0.0
41.925 0.0 0.0
42.425 1.0 1.0
42.925 0.0 0.0
43.425 1.0 0.0
43.925 0.0 0.0
44.425 1.0 1.0
44.925 0.0 0.0
45.425 1.0 0.0
45.925 0.0 0.0
46.425 1.0 1.0
46.925 0.0 0.0
47.425 1.0 0.0
47.925 0.0 0.0
48.425 1.0 1.0
48.925 0.0 0.0
49.425 1.0 0.0
49.925 0.0 0.0
50.425 1.0 1.0
50.925 0.0 0.0
51.425 1.0 0.0
51.925 0.0 0.0
52.425 1.0 1.0
52.925 0.0 0.0
53.425 1.0 0.0
53.925 0.0 0.0
54.425 1.0 1.0
54.925 0.0 0.0
55.425 1.0 0.0
55.925 0.0 0.0
56.425 1.0 1.0
56.925 0.0 0.0
57.425 1.0 0.0
57.925 0.0 0.0
58.425 1.0 1.0
58.925 0.0 0.0
59.425 1.0 0.0
59.925 0.0 0.0
60.425 1.0 1.0
60.925 0.0 0.0
61.425 1.0 0.0
61.925 0.0 0.0
62.425 1.0 1.0
62.925 0.0 0.0
63.425 1.0 0.0
63.925 0.0 0.0
64.425 1.0 1.0
64.925 0.0 0.0
65.425 1.0 0.0
65.925 0.0 0.0
66.425 1.0 1.0
66.925 0.0 0.0
67.425 1.0 0.0
67.925 0.0 0.0
68.425 1.0 1.0
68.925 0.0 0.0
69.425 1.0 0.0
69.925 0.0 0.0
70.425 1.0 1.0
70.925 0.0 0.0
71.425 1.0 0.0
71.925 0.0 0.0
72.425 1.0 1.0
72.925 0.0 0.0
73.425 1.0 0.0
73.925 0.0 0.0
74.425 1.0 1.0
74.925 0.0 0.0
75.425 1.0 1.0
75.925 0.0 0.0
76.425 1.0 0.0
76.925 0.0 0.0
77.425 1.0 1.0
77.925 0.0 0.0
78.425 1.0 0.0
78.925 0.0 0.0
79.425 1.0 1.0
79.925 0.0 0.0
80.425 1.0 0.0
80.925 0.0 0.0
81.425 1.0 1.0
81.925 0.0 0.0
82.425 1.0 0.0
82.925 0.0 0.0
83.425 1.0 1.0
83.925 0.0 0.0
84.425 1.0 0.0
84.925 0.0 0.0
85.425 1.0 1.0
85.925 0.0 0.0
86.425 1.0 0.0
86.925 0.0 0.0
87.425 1.0 1.0
87.925 0.0 0.0
88.425 1.0 0.0
88.925 0.0 0.0
89.425 1.0 1.0
89.925 0.0 0.0
90.425 1.0 0.0
90.925 0.0 0.0
91.425 1.0 1.0
91.925 0.0 0.0
92.425 1.0 0.0
92.925 0.0 0.0
93.425 1.0 1.0
93.925 0.0 0.0
94.425 1.0 0.0
94.925 0.0 0.0
95.425 1.0 1.0
95.925 0.0 0.0
96.425 1.0 0.0
96.925 0.0 0.0
97.425 1.0 1.0
97.925 0.0 0.0
98.425 1.0 0.0
98.925 0.0 0.0
99.425 1.0 1.0
99.925 0.0 0.0
100.425 1.0 1.0
100.925 0.0 0.0
101.425 1.0 0.0
101.925 0.0 0.0
102.425 1.0 1.0
102.925 0.0 0.0
103.425 1.0 0.0
103.925 0.0 0.0
104.425 1.0 1.0
104.925 0.0 0.0
105.425 1.0 0.0
105.925 0.0 0.0
106.425 1.0 1.0
106.925 0.0 0.0
107.425 1.0 0.0
107.925 0.0 0.0
108.425 1.0 1.0
108.925 0.0 0.0
109.425 1.0 0.0
109.925 0.0 0.0
110.425 1.0 1.0
110.925 0.0 0.0
111.425 1.0 0.0
111.925 0.0 0.0
112.425 1.0 1.0
112.925 0.0 0.0
113.425 1.0 0.0
113.925 0.0 0.0
114.425 1.0 1.0
114.925 0.0 0.0
115.425 1.0 0.0
115.925 0.0 0.0
116.425 1.0 1.0
116.925 0.0 0.0
117.425 1.0 0.0
117.925 0.0 0.0
118.425 1.0 1.0
118.925 0.0 0.0
119.425 1.0 0.0
119.925 0.0 0.0
120.425 1.0 1.0
120.925 0.0 0.0
121.425 1.0 0.0
121.925 0.0 0.0
122.425 1.0 1.0
122.925 0.0 0.0
123.425 1.0 0.0
123.925 0.0 0.0
124.425 1.0 1.0
124.925 0.0 0.0
125.425 1.0 0.0
125.925 0.0 0.0
126.425 1.0 1.0
126.925 0.0 0.0
127.425 1.0 0.0
127.925 0.0 0.0
128.425 1.0 1.0
128.925 0.0 0.0
129.425 1.0 0.0
129.925 0.0 0.0
130.425 1.0 1.0
130.925 0.0 0.0
131.425 1.0 0.0
131.925 0.0 0.0
132.425 1.0 1.0
132.925 0.0 0.0
133.425 1.0 0.0
133.925 0.0 0.0
134.425 1.0 1.0
134.925 0.0 0.0
135.425 1.0 0.0
135.925 0.0 0.0
136.425 1.0 1.0
136.925 0.0 0.0
137.425 1.0 0.0
137.925 0.0 0.0
138.425 1.0 1.0
138.925 0.0 0.0
139.425 1.0 0.0
139.925 0.0 0.0
140.425 1.0 1.0
140.925 0.0 0.0
141.425 1.0 0.0
141.925 0.0 0.0
142.425 1.0 1.0
142.925 0.0 0.0
143.425 1.0 0.0
143.925 0.0 0.0
144.425 1.0 1.0
144.925 0.0 0.0
145.425 1.0 0.0
145.925 0.0 0.0
146.425 1.0 1.0
146.925 0.0 0.0
147.425 1.0 0.0
147.925 0.0 0.0
148.425 1.0 1.0
148.925 0.0 0.0
149.425 1.0 0.0
149.925 0.0 0.0
150.425 1.0 0.0
150.925 0.0 0.0
151.425 1.0 1.0
151.925 0.0 0.0
152.425 1.0 0.0
152.925 0.0 0.0
153.425 1.0 1.0
153.925 0.0 0.0
154.425 1.0 0.0
154.925 0.0 0.0
155.425 1.0 1.0
155.925 0.0 0.0
156.425 1.0 0.0
156.925 0.0 0.0
157.425 1.0 1.0
157.925 0.0 0.0
158.425 1.0 0.0
158.925 0.0 0.0
159.425 1.0 1.0
159.925 0.0 0.0
160.425 1.0 0.0
160.925 0.0 0.0
161.425 1.0 1.0
161.925 0.0 0.0
162.425 1.0 0.0
162.925 0.0 0.0
163.425 1.0 1.0
163.925 0.0 0.0
164.425 1.0 0.0
164.925 0.0 0.0
165.425 1.0 1.0
165.925 0.0 0.0
166.425 1.0 0.0
166.925 0.0 0.0
167.425 1.0 1.0
167.925 0.0 0.0
168.425 1.0 0.0
168.925 0.0 0.0
169.425 1.0 1.0
169.925 0.0 0.0
170.425 1.0 0.0
170.925 0.0 0.0
171.425 1.0 1.0
171.925 0.0 0.0
172.425 1.0 0.0
172.925 0.0 0.0
173.425 1.0 1.0
173.925 0.0 0.0
174.425 1.0 0.0
174.925 0.0 0.0
175.425 1.0 1.0
175.925 0.0 0.0
176.425 1.0 0.0
176.925 0.0 0.0
177.425 1.0 1.0
177.925 0.0 0.0
178.425 1.0 0.0
178.925 0.0 0.0
179.425 1.0 1.0
179.925 0.0 0.0
180.425 1.0 0.0
180.925 0.0 0.0
181.425 1.0 1.0
181.925 0.0 0.0
182.425 1.0 0.0
182.925 0.0 0.0
183.425 1.0 1.0
183.925 0.0 0.0
184.425 1.0 0.0
184.925 0.0 0.0
185.425 1.0 1.0
185.925 0.0 0.0
186.425 1.0 0.0
186.925 0.0 0.0
187.425 1.0 1.0
187.925 0.0 0.0
188.425 1.0 0.0
188.925 0.0 0.0
189.425 1.0 1.0
189.925 0.0 0.0
190.425 1.0 0.0
190.925 0.0 0.0
191.425 1.0 1.0
191.925 0.0 0.0
192.425 1.0 0.0
192.925 0.0 0.0
193.425 1.0 1.0
193.925 0.0 0.0
194.425 1.0 0.0
194.925 0.0 0.0
195.425 1.0 1.0
195.925 0.0 0.0
196.425 1.0 0.0
196.925 0.0 0.0
197.425 1.0 1.0
197.925 0.0 0.0
198.425 1.0 0.0
198.925 0.0 0.0
199.425 1.0 1.0
199.925 0.0 0.0
200.425 1.0 0.0
200.925 0.0 0.0
201.425 1.0 1.0
201.925 0.0 0.0
202.425 1.0 0.0
202.925 0.0 0.0
203.425 1.0 1.0
203.925 0.0 0.0
204.425 1.0 0.0
204.925 0.0 0.0
205.425 1.0 1.0
205.925 0.0 0.0
206.425 1.0 0.0
206.925 0.0 0.0
207.425 1.0 1.0
207.925 0.0 0.0
208.425 1.0 0.0
208.925 0.0 0.0
209.425 1.0 1.0
209.925 0.0 0.0
210.425 1.0 0.0
210.925 0.0 0.0
211.425 1.0 1.0
211.925 0.0 0.0
212.425 1.0 0.0
212.925 0.0 0.0
213.425 1.0 1.0
213.925 0.0 0.0
214.425 1.0 0.0
214.925 0.0 0.0
215.425 1.0 1.0
215.925 0.0 0.0
216.425 1.0 0.0
216.925 0.0 0.0
217.425 1.0 1.0
217.925 0.0 0.0
218.425 1.0 0.0
218.925 0.0 0.0
219.425 1.0 1.0
219.925 0.0 0.0
220.425 1.0 0.0
220.925 0.0 0.0
221.425 1.0 1.0
221.925 0.0 0.0
222.425 1.0 0.0
222.925 0.0 0.0
223.425 1.0 1.0
223.925 0.0 0.0
224.425 1.0 0.0
224.925 0.0 0.0
225.425 1.0 1.0
225.925 0.0 0.0
226.425 0.0 0.0
226.925 1.0 1.0