0.9630750209999999 0.0 0.0
1.9887140209999998 1.0 0.0
3.014353021 0.0 0.0
4.039992021 1.0 1.0
5.065631021 0.0 0.0
6.091270021 1.0 0.0
7.116909021 0.0 0.0
8.142548021 1.0 1.0
9.168187021 0.0 0.0
10.193826021 1.0 0.0
11.219465021 0.0 0.0
12.245104021 1.0 1.0
13.270743021 0.0 0.0
14.296382021 1.0 0.0
15.322021021 0.0 0.0
16.347660021 1.0 1.0
17.373299020999998 0.0 0.0
18.398938020999996 1.0 0.0
19.424577020999998 0.0 0.0
20.450216020999996 1.0 1.0
21.475855020999997 0.0 0.0
22.501494020999996 1.0 0.0
23.527133020999997 0.0 0.0
24.552772020999996 1.0 1.0
25.578411020999997 0.0 0.0
26.604050020999995 1.0 0.0
27.629689020999997 0.0 0.0
28.655328020999995 1.0 1.0
29.680967020999997 0.0 0.0
30.706606020999995 1.0 0.0
31.732245020999997 0.0 0.0
32.757884020999995 1.0 1.0
33.78352302099999 0.0 0.0
34.809162021 1.0 0.0
35.834801021 0.0 0.0
36.860440021 1.0 1.0
37.886079021 0.0 0.0
38.911718021 1.0 0.0
39.937357021 0.0 0.0
40.962996021 1.0 1.0
41.988635021 0.0 0.0
43.014274021 1.0 0.0
44.039913021 0.0 0.0
45.065552021 1.0 1.0
46.091191021 0.0 0.0
47.116830021 1.0 0.0
48.142469021 0.0 0.0
49.168108021 1.0 1.0
50.193747021 0.0 0.0
51.219386021 1.0 1.0
52.245025021 0.0 0.0
53.270664020999995 1.0 0.0
54.296303021 0.0 0.0
55.321942021 1.0 1.0
56.347581020999996 0.0 0.0
57.373220020999995 1.0 0.0
58.398859021 0.0 0.0
59.424498021 1.0 1.0
60.450137020999996 0.0 0.0
61.475776020999994 1.0 0.0
62.501415021 0.0 0.0
63.527054021 1.0 1.0
64.552693021 0.0 0.0
65.578332021 1.0 0.0
66.60397102099999 0.0 0.0
67.62961002099999 1.0 1.0
68.65524902099999 0.0 0.0
69.68088802099999 1.0 0.0
70.70652702099999 0.0 0.0
71.73216602099998 1.0 1.0
72.75780502099998 0.0 0.0
73.78344402099998 1.0 0.0
74.80908302099998 0.0 0.0
75.83472202099998 1.0 1.0
76.86036102099997 0.0 0.0
77.88600002099999 1.0 0.0
78.91163902099998 0.0 0.0
79.93727802099998 1.0 1.0
80.96291702099998 0.0 0.0
81.98855602099998 1.0 0.0
83.01419502099998 0.0 0.0
84.03983402099998 1.0 1.0
85.06547302099997 0.0 0.0
86.09111202099999 1.0 0.0
87.11675102099998 0.0 0.0
88.14239002099998 1.0 1.0
89.16802902099998 0.0 0.0
90.19366802099998 1.0 0.0
91.21930702099998 0.0 0.0
92.24494602099998 1.0 1.0
93.27058502099997 0.0 0.0
94.29622402099999 1.0 0.0
95.32186302099998 0.0 0.0
96.34750202099998 1.0 1.0
97.37314102099998 0.0 0.0
98.39878002099998 1.0 0.0
99.42441902099998 0.0 0.0
100.45005802099998 1.0 1.0
101.47569702099997 0.0 0.0
102.50133602099997 1.0 1.0
103.52697502099998 0.0 0.0
104.55261402099998 1.0 0.0
105.57825302099998 0.0 0.0
106.60389202099998 1.0 1.0
107.62953102099998 0.0 0.0
108.65517002099998 1.0 0.0
109.68080902099997 0.0 0.0
110.70644802099997 1.0 1.0
111.73208702099998 0.0 0.0
112.75772602099998 1.0 0.0
113.78336502099998 0.0 0.0
114.80900402099998 1.0 1.0
115.83464302099998 0.0 0.0
116.86028202099997 1.0 0.0
117.88592102099997 0.0 0.0
118.91156002099997 1.0 1.0
119.93719902099998 0.0 0.0
120.96283802099998 1.0 0.0
121.98847702099998 0.0 0.0
123.01411602099998 1.0 1.0
124.03975502099998 0.0 0.0
125.06539402099997 1.0 0.0
126.09103302099997 0.0 0.0
127.11667202099997 1.0 1.0
128.14231102099998 0.0 0.0
129.16795002099997 1.0 0.0
130.19358902099998 0.0 0.0
131.21922802099996 1.0 1.0
132.24486702099998 0.0 0.0
133.270506021 1.0 0.0
134.29614502099997 0.0 0.0
135.32178402099998 1.0 1.0
136.34742302099997 0.0 0.0
137.37306202099998 1.0 0.0
138.39870102099997 0.0 0.0
139.42434002099998 1.0 1.0
140.449979021 0.0 0.0
141.475618021 1.0 0.0
142.501257021 0.0 0.0
143.526896021 1.0 1.0
144.55253502099998 0.0 0.0
145.578174021 1.0 0.0
146.60381302099998 0.0 0.0
147.629452021 1.0 1.0
148.655091021 0.0 0.0
149.680730021 1.0 0.0
150.706369021 0.0 0.0
151.73200802099998 1.0 1.0
152.757647021 0.0 0.0
153.78328602099998 1.0 0.0
154.808925021 0.0 0.0
155.83456402099998 1.0 1.0
156.860203021 0.0 0.0
157.885842021 1.0 0.0
158.911481021 0.0 0.0
159.937120021 1.0 1.0
160.96275902099998 0.0 0.0
161.988398021 1.0 0.0
163.01403702099998 0.0 0.0
164.039676021 1.0 1.0
165.06531502099998 0.0 0.0
166.090954021 1.0 0.0
167.116593021 0.0 0.0
168.14223202099998 1.0 1.0
169.167871021 0.0 0.0
170.19351002099998 1.0 0.0
171.219149021 0.0 0.0
172.24478802099998 1.0 1.0
173.270427021 0.0 0.0
174.296066021 1.0 0.0
175.32170502099999 0.0 0.0
176.347344021 1.0 1.0
177.37298302099998 0.0 0.0
178.398622021 1.0 0.0
179.42426102099998 0.0 0.0
180.449900021 1.0 1.0
181.47553902099997 0.0 0.0
182.501178021 1.0 0.0
183.526817021 0.0 0.0
184.55245602099998 1.0 1.0
185.578095021 0.0 0.0
186.60373402099998 1.0 0.0
187.629373021 0.0 0.0
188.65501202099998 1.0 1.0
189.680651021 0.0 0.0
190.706290021 1.0 0.0
191.73192902099998 0.0 0.0
192.757568021 1.0 1.0
193.78320702099998 0.0 0.0
194.808846021 1.0 0.0
195.83448502099998 0.0 0.0
196.860124021 1.0 1.0
197.88576302099997 0.0 0.0
198.911402021 1.0 0.0
199.937041021 0.0 0.0
200.96268002099998 1.0 1.0
201.988319021 0.0 0.0
203.01395802099998 1.0 0.0
204.039597021 0.0 0.0
205.06523602099998 1.0 1.0
206.090875021 0.0 0.0
207.11651402099997 1.0 0.0
208.14215302099998 0.0 0.0
209.167792021 1.0 1.0
210.19343102099998 0.0 0.0
211.219070021 1.0 0.0
212.24470902099998 0.0 0.0
213.270348021 1.0 1.0
214.29598702099997 0.0 0.0
215.321626021 1.0 0.0
216.347265021 0.0 0.0
217.37290402099998 1.0 1.0
218.398543021 0.0 0.0
219.42418202099998 1.0 0.0
220.449821021 0.0 0.0
221.47546002099998 1.0 1.0
222.501099021 0.0 0.0
223.52673802099997 1.0 0.0
224.55237702099998 0.0 0.0
225.578016021 1.0 1.0
226.60365502099998 0.0 0.0
227.629294021 1.0 0.0
228.65493302099998 0.0 0.0
229.680572021 1.0 1.0
230.70621102099997 0.0 0.0
231.73185002099999 1.0 0.0
232.75748902099997 0.0 0.0
233.78312802099998 1.0 1.0
234.808767021 0.0 0.0
235.83440602099998 1.0 0.0
236.860045021 0.0 0.0
237.88568402099997 1.0 1.0
238.911323021 0.0 0.0
239.93696202099997 1.0 0.0
240.96260102099998 0.0 0.0
241.988240021 1.0 1.0
243.01387902099998 0.0 0.0
244.039518021 1.0 0.0
245.06515702099998 0.0 0.0
246.090796021 1.0 1.0
247.11643502099997 0.0 0.0
248.14207402099998 1.0 0.0
249.16771302099997 0.0 0.0
250.19335202099998 1.0 0.0
251.218991021 0.0 0.0
252.24463002099998 1.0 1.0
253.270269021 0.0 0.0
254.29590802099997 1.0 0.0
255.321547021 0.0 0.0
256.34718602099997 1.0 1.0
257.372825021 0.0 0.0
258.398464021 0.0 0.0
259.424103021 1.0 0.0
260.44974202099996 0.0 0.0
261.475381021 1.0 1.0
262.501020021 0.0 0.0
263.526659021 1.0 0.0
264.552298021 0.0 0.0
265.577937021 1.0 0.0