0.5827254080000001 0.0 0.0
1.4918134080000003 1.0 1.0
2.400901408 0.0 0.0
3.3099894080000003 1.0 0.0
4.219077408 0.0 0.0
5.128165408 1.0 1.0
6.037253408000001 0.0 0.0
6.946341408 1.0 0.0
7.855429408000002 0.0 0.0
8.764517408000001 1.0 1.0
9.673605408000002 0.0 0.0
10.582693408 1.0 0.0
11.491781408000001 0.0 0.0
12.400869408000002 1.0 1.0
13.309957408000002 0.0 0.0
14.219045408000001 1.0 0.0
15.128133408 0.0 0.0
16.037221407999997 1.0 1.0
16.946309407999998 0.0 0.0
17.855397407999998 1.0 0.0
18.764485408 0.0 0.0
19.673573408 1.0 1.0
20.582661408 0.0 0.0
21.491749408 1.0 0.0
22.400837408 0.0 0.0
23.309925407999998 1.0 1.0
24.219013408 0.0 0.0
25.128101408 1.0 0.0
26.037189408 0.0 0.0
26.946277408 1.0 1.0
27.855365408 0.0 0.0
28.764453408 1.0 0.0
29.673541408000002 0.0 0.0
30.582629408 1.0 1.0
31.491717408000003 0.0 0.0
32.400805408000004 1.0 0.0
33.309893408 0.0 0.0
34.218981408000005 1.0 1.0
35.128069408 0.0 0.0
36.037157408000006 1.0 0.0
36.946245408 0.0 0.0
37.85533340800001 1.0 1.0
38.764421408000004 0.0 0.0
39.67350940800001 1.0 0.0
40.582597408000005 0.0 0.0
41.491685408 1.0 1.0
42.400773408000006 0.0 0.0
43.309861408 1.0 0.0
44.21894940800001 0.0 0.0
45.128037408000004 1.0 1.0
46.03712540800001 0.0 0.0
46.946213408000006 1.0 1.0
47.855301408 0.0 0.0
48.76438940800001 1.0 0.0
49.673477408000004 0.0 0.0
50.58256540800001 1.0 1.0
51.491653408000005 0.0 0.0
52.40074140800001 1.0 0.0
53.309829408000006 0.0 0.0
54.218917408 1.0 1.0
55.12800540800001 0.0 0.0
56.037093408000004 1.0 0.0
56.94618140800001 0.0 0.0
57.855269408000005 1.0 1.0
58.764357408000016 0.0 0.0
59.67344540800001 1.0 0.0
60.58253340800001 0.0 0.0
61.491621408000015 1.0 1.0
62.400709408000004 0.0 0.0
63.30979740800001 1.0 0.0
64.218885408 0.0 0.0
65.127973408 1.0 1.0
66.03706140800001 0.0 0.0
66.94614940800001 1.0 0.0
67.85523740800001 0.0 0.0
68.764325408 1.0 1.0
69.673413408 0.0 0.0
70.58250140800001 1.0 0.0
71.49158940800001 0.0 0.0
72.400677408 1.0 1.0
73.309765408 0.0 0.0
74.21885340800002 1.0 0.0
75.12794140800001 0.0 0.0
76.03702940800001 1.0 1.0
76.946117408 0.0 0.0
77.855205408 1.0 0.0
78.76429340800001 0.0 0.0
79.67338140800001 1.0 1.0
80.58246940800001 0.0 0.0
81.491557408 1.0 0.0
82.400645408 0.0 0.0
83.30973340800001 1.0 1.0
84.21882140800001 0.0 0.0
85.12790940800001 1.0 0.0
86.036997408 0.0 0.0
86.94608540800002 1.0 1.0
87.85517340800001 0.0 0.0
88.76426140800001 1.0 0.0
89.673349408 0.0 0.0
90.582437408 1.0 1.0
91.49152540800002 0.0 0.0
92.40061340800001 1.0 1.0
93.30970140800001 0.0 0.0
94.218789408 1.0 0.0
95.12787740800002 0.0 0.0
96.03696540800001 1.0 1.0
96.94605340800001 0.0 0.0
97.85514140800001 1.0 0.0
98.764229408 0.0 0.0
99.67331740800002 1.0 1.0
100.58240540800001 0.0 0.0
101.49149340800001 1.0 0.0
102.40058140800001 0.0 0.0
103.309669408 1.0 1.0
104.21875740800002 0.0 0.0
105.12784540800001 1.0 0.0
106.03693340800001 0.0 0.0
106.94602140800001 1.0 1.0
107.85510940800002 0.0 0.0
108.76419740800002 1.0 0.0
109.67328540800001 0.0 0.0
110.58237340800001 1.0 1.0
111.491461408 0.0 0.0
112.40054940800002 1.0 0.0
113.30963740800001 0.0 0.0
114.21872540800001 1.0 1.0
115.12781340800001 0.0 0.0
116.036901408 1.0 0.0
116.945989408 0.0 0.0
117.855077408 1.0 1.0
118.764165408 0.0 0.0
119.673253408 1.0 0.0
120.582341408 0.0 0.0
121.491429408 1.0 1.0
122.400517408 0.0 0.0
123.309605408 1.0 0.0
124.218693408 0.0 0.0
125.127781408 1.0 1.0
126.036869408 0.0 0.0
126.945957408 1.0 0.0
127.855045408 0.0 0.0
128.764133408 1.0 1.0
129.673221408 0.0 0.0
130.58230940800001 1.0 0.0
131.491397408 0.0 0.0
132.400485408 1.0 1.0
133.309573408 0.0 0.0
134.218661408 1.0 0.0
135.127749408 0.0 0.0
136.036837408 1.0 1.0
136.945925408 0.0 0.0
137.855013408 1.0 0.0
138.764101408 0.0 0.0
139.673189408 1.0 1.0
140.582277408 0.0 0.0
141.491365408 1.0 0.0
142.400453408 0.0 0.0
143.309541408 1.0 1.0
144.218629408 0.0 0.0
145.127717408 1.0 0.0
146.036805408 0.0 0.0
146.945893408 1.0 1.0
147.85498140800001 0.0 0.0
148.764069408 1.0 0.0
149.673157408 0.0 0.0
150.582245408 1.0 1.0
151.491333408 0.0 0.0
152.400421408 1.0 0.0
153.309509408 0.0 0.0
154.218597408 1.0 1.0
155.127685408 0.0 0.0
156.03677340800002 1.0 0.0
156.945861408 0.0 0.0
157.854949408 1.0 1.0
158.764037408 0.0 0.0
159.673125408 1.0 0.0
160.582213408 0.0 0.0
161.491301408 1.0 1.0
162.400389408 0.0 0.0
163.309477408 1.0 0.0
164.21856540800002 0.0 0.0
165.12765340800001 1.0 1.0
166.036741408 0.0 0.0
166.945829408 1.0 0.0
167.854917408 0.0 0.0
168.764005408 1.0 1.0
169.673093408 0.0 0.0
170.582181408 1.0 0.0
171.491269408 0.0 0.0
172.400357408 1.0 1.0
173.30944540800002 0.0 0.0
174.218533408 1.0 0.0
175.127621408 0.0 0.0
176.036709408 1.0 1.0
176.945797408 0.0 0.0
177.854885408 1.0 0.0
178.763973408 0.0 0.0
179.673061408 1.0 1.0
180.582149408 0.0 0.0
181.49123740800002 1.0 0.0
182.40032540800001 0.0 0.0
183.309413408 1.0 0.0
184.218501408 0.0 0.0
185.127589408 1.0 1.0
186.036677408 0.0 0.0
186.945765408 1.0 0.0
187.854853408 0.0 0.0
188.763941408 1.0 1.0
189.67302940800002 0.0 0.0
190.58211740800002 1.0 0.0
191.491205408 0.0 0.0
192.400293408 1.0 1.0
193.309381408 0.0 0.0
194.218469408 1.0 0.0
195.127557408 0.0 0.0
196.036645408 1.0 1.0
196.945733408 0.0 0.0
197.85482140800002 1.0 0.0
198.76390940800002 0.0 0.0
199.67299740800001 1.0 1.0
200.582085408 0.0 0.0
201.491173408 1.0 0.0
202.400261408 0.0 0.0
203.309349408 1.0 1.0
204.218437408 0.0 0.0
205.127525408 1.0 0.0
206.03661340800002 0.0 0.0
206.94570140800002 1.0 1.0
207.85478940800002 0.0 0.0
208.763877408 1.0 0.0
209.672965408 0.0 0.0
210.582053408 1.0 1.0
211.491141408 0.0 0.0
212.400229408 1.0 0.0
213.309317408 0.0 0.0
214.218405408 1.0 1.0
215.12749340800002 0.0 0.0
216.03658140800002 1.0 0.0
216.94566940800001 0.0 0.0
217.854757408 1.0 1.0
218.763845408 0.0 0.0
219.672933408 1.0 0.0
220.582021408 0.0 0.0
221.491109408 1.0 1.0
222.400197408 0.0 0.0
223.30928540800002 1.0 0.0
224.21837340800002 0.0 0.0
225.12746140800002 1.0 1.0
226.036549408 0.0 0.0
226.945637408 1.0 0.0
227.854725408 0.0 0.0
228.763813408 1.0 1.0
229.672901408 0.0 0.0
230.581989408 1.0 0.0
231.49107740800002 0.0 0.0
232.40016540800002 1.0 1.0
233.30925340800005 0.0 0.0
234.21834140800004 1.0 0.0
235.12742940800004 0.0 0.0
236.03651740800004 1.0 1.0
236.94560540800003 0.0 0.0
237.85469340800003 1.0 0.0
238.76378140800003 0.0 0.0
239.67286940800003 1.0 1.0
240.58195740800005 0.0 0.0
241.49104540800005 1.0 0.0
242.40013340800004 0.0 0.0
243.30922140800004 1.0 1.0
244.21830940800004 0.0 0.0
245.12739740800004 1.0 0.0
246.03648540800003 0.0 0.0
246.94557340800003 1.0 1.0
247.85466140800003 0.0 0.0
248.76374940800008 1.0 0.0
249.67283740800008 0.0 0.0
250.58192540800007 1.0 1.0
251.49101340800007 0.0 0.0
252.40010140800007 1.0 0.0
253.30918940800007 0.0 0.0
254.21827740800006 1.0 1.0
255.12736540800006 0.0 0.0
256.03645340800006 1.0 0.0
256.94554140800005 0.0 0.0
257.85462940800005 1.0 1.0
258.76371740800005 0.0 0.0
259.67280540800004 1.0 0.0
260.58189340800004 0.0 0.0
261.4909814080001 1.0 1.0
262.4000694080001 0.0 0.0
263.3091574080001 1.0 0.0
264.2182454080001 0.0 0.0
265.1273334080001 1.0 1.0
266.0364214080001 0.0 0.0
266.9455094080001 1.0 0.0
267.8545974080001 0.0 0.0
268.7636854080001 1.0 1.0
269.67277340800007 0.0 0.0
270.58186140800007 1.0 0.0
271.49094940800006 0.0 0.0
272.40003740800006 1.0 1.0
273.30912540800006 0.0 0.0
274.21821340800005 1.0 1.0
275.12730140800005 0.0 0.0
276.03638940800005 1.0 0.0
276.94547740800004 0.0 0.0
277.8545654080001 1.0 1.0
278.7636534080001 0.0 0.0
279.6727414080001 1.0 0.0
280.5818294080001 0.0 0.0
281.4909174080001 1.0 1.0
282.4000054080001 0.0 0.0
283.3090934080001 1.0 0.0
284.2181814080001 0.0 0.0
285.1272694080001 1.0 1.0
286.0363574080001 0.0 0.0
286.94544540800007 1.0 0.0
287.85453340800007 0.0 0.0
288.76362140800006 1.0 1.0
289.67270940800006 0.0 0.0
290.58179740800006 1.0 0.0
291.49088540800005 0.0 0.0
292.39997340800005 1.0 1.0
293.30906140800005 0.0 0.0
294.21814940800004 1.0 0.0
295.1272374080001 0.0 0.0
296.0363254080001 1.0 1.0
296.9454134080001 0.0 0.0
297.8545014080001 1.0 0.0
298.7635894080001 0.0 0.0
299.6726774080001 1.0 1.0
300.5817654080001 0.0 0.0
301.4908534080001 1.0 0.0
302.3999414080001 0.0 0.0
303.3090294080001 1.0 1.0
304.21811740800007 0.0 0.0
305.12720540800007 1.0 0.0
306.03629340800006 0.0 0.0
306.94538140800006 1.0 0.0
307.85446940800006 0.0 0.0
308.76355740800005 1.0 1.0
309.67264540800005 0.0 0.0
310.58173340800005 1.0 0.0
311.4908214080001 0.0 0.0
312.3999094080001 1.0 1.0
313.3089974080001 0.0 0.0
314.2180854080001 1.0 0.0
315.1271734080001 0.0 0.0
316.0362614080001 1.0 1.0
316.9453494080001 0.0 0.0
317.8544374080001 1.0 0.0
318.7635254080001 0.0 0.0
319.6726134080001 1.0 1.0
320.5817014080001 0.0 0.0
321.49078940800007 1.0 0.0
322.39987740800007 0.0 0.0
323.30896540800006 1.0 1.0
324.21805340800006 0.0 0.0
325.12714140800006 1.0 0.0
326.03622940800005 0.0 0.0