0.9953575410000001 0.0 0.0
2.066786541 1.0 1.0
3.138215541 0.0 0.0
4.209644541 1.0 0.0
5.2810735410000005 0.0 0.0
6.352502541 1.0 1.0
7.423931541 0.0 0.0
8.495360541 0.0 0.0
9.566789541 1.0 0.0
10.638218541 0.0 0.0
11.709647541 1.0 0.0
12.781076541 0.0 0.0
13.852505541 1.0 1.0
14.923934541 0.0 0.0
15.995363541 1.0 0.0
17.066792540999998 0.0 0.0
18.138221540999997 1.0 1.0
19.209650541 0.0 0.0
20.281079541 1.0 0.0
21.352508541 0.0 0.0
22.423937541 1.0 1.0
23.495366541 0.0 0.0
24.566795541 1.0 0.0
25.621074499 0.0 0.0
26.673705499 1.0 1.0
27.726336499 0.0 0.0
28.778967499 1.0 0.0
29.831598499 0.0 0.0
30.884229499 1.0 1.0
31.936860498999998 0.0 0.0
32.989491498999996 1.0 0.0
34.042122499 0.0 0.0
35.094753499 1.0 1.0
36.151635225999996 0.0 0.0
37.204576199 1.0 0.0
38.216118458 0.0 0.0
39.224520458 1.0 1.0
40.232922458 0.0 0.0
41.21828990299999 1.0 0.0
42.20189690299999 0.0 0.0
43.20073299999999 1.0 1.0
44.20073299999999 0.0 0.0
45.20073299999999 1.0 0.0
46.170765317999994 0.0 0.0
47.168474999999994 1.0 1.0
48.168474999999994 0.0 0.0
49.168474999999994 1.0 0.0
50.168474999999994 0.0 0.0
51.168474999999994 1.0 1.0
52.168474999999994 0.0 0.0
53.168474999999994 1.0 0.0
54.168474999999994 0.0 0.0
55.168474999999994 1.0 1.0
56.168474999999994 0.0 0.0
57.168474999999994 1.0 0.0
58.168474999999994 0.0 0.0
59.168474999999994 1.0 1.0
60.168474999999994 0.0 0.0
61.168474999999994 1.0 0.0
62.168474999999994 0.0 0.0
63.168474999999994 1.0 1.0
64.168475 0.0 0.0
65.168475 1.0 0.0
66.168475 0.0 0.0
67.168475 1.0 1.0
68.168475 0.0 0.0
69.168475 1.0 0.0
70.168475 0.0 0.0
71.168475 1.0 1.0
72.168475 0.0 0.0
73.153245903 1.0 0.0
74.136852903 0.0 0.0
75.135689 1.0 1.0
76.135689 0.0 0.0
77.135689 1.0 0.0
78.105721318 0.0 0.0
79.103431 1.0 1.0
80.103431 0.0 0.0
81.103431 1.0 0.0
82.103431 0.0 0.0
83.119175692 1.0 1.0
84.136123692 0.0 0.0
85.153071692 1.0 0.0
86.170019692 0.0 0.0
87.171223 1.0 1.0
88.171223 0.0 0.0
89.171223 1.0 0.0
90.171223 0.0 0.0
91.171223 1.0 1.0
92.171223 0.0 0.0
93.171223 1.0 0.0
94.171223 0.0 0.0
95.171223 1.0 1.0
96.171223 0.0 0.0
97.171223 1.0 0.0
98.171223 0.0 0.0
99.171223 1.0 1.0
100.171223 0.0 0.0
101.171223 1.0 0.0
102.186967692 0.0 0.0
103.203915692 1.0 1.0
104.220863692 0.0 0.0
105.237811692 1.0 0.0
106.254759692 0.0 0.0
107.255963 1.0 1.0
108.255963 0.0 0.0
109.255963 1.0 0.0
110.255963 0.0 0.0
111.287996778 1.0 0.0
112.32247877799999 0.0 0.0
113.356960778 1.0 1.0
114.391442778 0.0 0.0
115.425924778 1.0 0.0
116.428373 0.0 0.0
117.428373 1.0 1.0
118.428373 0.0 0.0
119.428373 1.0 0.0
120.428373 0.0 0.0
121.428373 1.0 1.0
122.428373 0.0 0.0
123.452193489 1.0 0.0
124.47783448899999 0.0 0.0
125.503475489 1.0 1.0
126.52911648899999 0.0 0.0
127.554757489 1.0 0.0
128.572322692 0.0 0.0
129.58927069199999 1.0 1.0
130.606218692 0.0 0.0
131.62316669199998 1.0 0.0
132.640114692 0.0 0.0
133.65706269199998 1.0 1.0
134.674010692 0.0 0.0
135.69095869199998 1.0 0.0
136.707906692 0.0 0.0
137.72485469199998 1.0 1.0
138.741802692 0.0 0.0
139.75875069199998 1.0 0.0
140.775698692 0.0 0.0
141.792646692 1.0 1.0
142.809594692 0.0 0.0
143.82654269199998 1.0 0.0
144.843490692 0.0 0.0
145.860438692 1.0 1.0
146.877386692 0.0 0.0
147.894334692 1.0 0.0
148.895538 0.0 0.0
149.895538 1.0 1.0
150.895538 0.0 0.0
151.895538 1.0 0.0
152.927571778 0.0 0.0
153.96205377799998 1.0 0.0
155.09797613274998 0.0 0.0
156.24056143008332 1.0 1.0
157.2491584210833 0.0 0.0
158.2474944210833 1.0 0.0
159.24583042108333 0.0 0.0
160.24416642108332 1.0 1.0
161.24250242108332 0.0 0.0
162.2408384210833 1.0 0.0
163.2391744210833 0.0 0.0
164.23751042108333 1.0 1.0
165.23584642108332 0.0 0.0
166.23418242108332 1.0 0.0
167.2325184210833 0.0 0.0
168.2308544210833 1.0 1.0
169.22919042108333 0.0 0.0
170.22752642108333 1.0 0.0
171.22586242108332 0.0 0.0
172.22419842108332 1.0 1.0
173.2225344210833 0.0 0.0
174.2208704210833 1.0 0.0
175.21920642108333 0.0 0.0
176.21754242108332 1.0 1.0
177.21587842108332 0.0 0.0
178.2142144210833 1.0 0.0
179.21255042108334 0.0 0.0
180.21088642108333 1.0 1.0
181.20922242108333 0.0 0.0
182.20755842108332 1.0 0.0
183.20589442108331 0.0 0.0
184.2042304210833 1.0 1.0
185.20256642108333 0.0 0.0
186.20090242108333 1.0 0.0
187.19923842108332 0.0 0.0
188.19757442108332 1.0 1.0
189.21480628108333 0.0 0.0
190.23348228108333 1.0 0.0
191.25215828108333 0.0 0.0
192.27083428108332 1.0 1.0
193.28951028108332 0.0 0.0
194.30818628108332 1.0 0.0
195.32686228108332 0.0 0.0
196.34553828108332 1.0 1.0
197.36421428108332 0.0 0.0
198.38289028108332 1.0 0.0
199.40156628108332 0.0 0.0
200.42024228108332 1.0 1.0
201.43891828108332 0.0 0.0
202.45759428108332 1.0 0.0
203.47627028108332 0.0 0.0
204.49494628108332 1.0 1.0
205.51362228108331 0.0 0.0
206.5322982810833 1.0 0.0
207.5509742810833 0.0 0.0
208.5696502810833 1.0 1.0
209.5883262810833 0.0 0.0
210.60700228108334 1.0 0.0
211.6256782810833 0.0 0.0
212.64435428108334 1.0 1.0
213.6630302810833 0.0 0.0
214.68170628108334 1.0 0.0
215.70038228108334 0.0 0.0
216.71905828108333 1.0 1.0
217.73773428108333 0.0 0.0
218.75641028108333 1.0 0.0
219.77508628108333 0.0 0.0
220.79376228108333 1.0 0.0
221.81243828108333 0.0 0.0
222.83111428108333 1.0 1.0
223.8512793400833 0.0 0.0
224.8734263400833 1.0 0.0
225.8955733400833 0.0 0.0
226.91772034008332 1.0 1.0
227.9398673400833 0.0 0.0
228.9620143400833 1.0 0.0
229.98416134008332 0.0 0.0
231.0063083400833 1.0 1.0
232.0284553400833 0.0 0.0
233.05060234008332 1.0 0.0
234.0727493400833 0.0 0.0
235.0948963400833 1.0 1.0
236.1170433400833 0.0 0.0
237.1391903400833 1.0 0.0
238.16133734008332 0.0 0.0
239.1834843400833 1.0 1.0
240.2056313400833 0.0 0.0
241.22777834008332 1.0 0.0
242.2499253400833 0.0 0.0
243.2720723400833 1.0 1.0
244.29421934008332 0.0 0.0
245.3163663400833 1.0 0.0
246.3385133400833 0.0 0.0
247.3606603400833 1.0 1.0
248.3828073400833 0.0 0.0
249.4049543400833 1.0 0.0
250.4271013400833 0.0 0.0
251.4492483400833 1.0 1.0
252.47139534008332 0.0 0.0
253.4935423400833 1.0 0.0
254.5156893400833 0.0 0.0
255.53783634008332 1.0 1.0
256.5599833400833 0.0 0.0
257.5821303400833 1.0 0.0
258.6042773400833 0.0 0.0
259.6264243400833 1.0 1.0
260.6485713400833 0.0 0.0
261.6707183400833 1.0 0.0
262.6928653400833 0.0 0.0