0.29353848600000004 1.0 1.0
1.216615486 0.0 0.0
2.139692486 1.0 0.0
3.062769486 0.0 0.0
3.985846486 1.0 1.0
4.908923486 0.0 0.0
5.832000485999999 1.0 0.0
6.755077485999999 0.0 0.0
7.6781544859999995 1.0 1.0
8.601231485999998 0.0 0.0
9.524308485999999 1.0 0.0
10.447385485999998 0.0 0.0
11.370462486 1.0 1.0
12.293539485999998 0.0 0.0
13.216616485999998 1.0 0.0
14.139693485999999 0.0 0.0
15.062770486 1.0 1.0
15.985847486 0.0 0.0
16.908924486 1.0 0.0
17.832001486000003 0.0 0.0
18.755078486000002 1.0 1.0
19.678155486 0.0 0.0
20.601232486 1.0 0.0
21.524309486 0.0 0.0
22.447386486000003 1.0 1.0
23.370463486000002 0.0 0.0
24.293540486 1.0 0.0
25.216617486 0.0 0.0
26.139694486 1.0 1.0
27.062771486000003 0.0 0.0
27.985848486000002 1.0 0.0
28.908925486 0.0 0.0
29.832002485999997 1.0 1.0
30.755079485999996 0.0 0.0
31.678156486 1.0 0.0
32.601233486 0.0 0.0
33.524310486 1.0 1.0
34.447387486 0.0 0.0
35.370464485999996 1.0 0.0
36.293541485999995 0.0 0.0
37.216618485999994 1.0 1.0
38.139695485999994 0.0 0.0
39.062772486 1.0 0.0
39.985849486 0.0 0.0
40.908926486 1.0 1.0
41.832003486 0.0 0.0
42.755080486 1.0 0.0
43.678157485999996 0.0 0.0
44.601234485999996 1.0 1.0
45.524311485999995 0.0 0.0
46.447388485999994 1.0 1.0
47.37046548599999 0.0 0.0
48.293542486 1.0 0.0
49.216619486 0.0 0.0
50.139696486 1.0 1.0
51.062773486 0.0 0.0
51.985850486 1.0 0.0
52.908927485999996 0.0 0.0
53.832004485999995 1.0 1.0
54.755081485999995 0.0 0.0
55.678158485999994 1.0 0.0
56.60123548599999 0.0 0.0
57.524312486 1.0 1.0
58.447389486 0.0 0.0
59.370466486 1.0 0.0
60.293543486 0.0 0.0
61.216620486 1.0 1.0
62.139697485999996 0.0 0.0
63.062774485999995 1.0 0.0
63.985851485999994 0.0 0.0
64.908928486 1.0 1.0
65.832005486 0.0 0.0
66.75508248599999 1.0 0.0
67.678159486 0.0 0.0
68.60123648599999 1.0 1.0
69.524313486 0.0 0.0
70.44739048599999 1.0 0.0
71.370467486 0.0 0.0
72.293544486 1.0 1.0
73.216621486 0.0 0.0
74.139698486 1.0 0.0
75.06277548599999 0.0 0.0
75.985852486 1.0 1.0
76.90892948599999 0.0 0.0
77.832006486 1.0 0.0
78.75508348599999 0.0 0.0
79.678160486 1.0 1.0
80.601237486 0.0 0.0
81.524314486 1.0 0.0
82.447391486 0.0 0.0
83.370468486 1.0 1.0
84.293545486 0.0 0.0
85.21662248599999 1.0 0.0
86.139699486 0.0 0.0
87.06277648599999 1.0 1.0
87.985853486 0.0 0.0
88.90893048599999 1.0 0.0
89.832007486 0.0 0.0
90.755084486 1.0 1.0
91.678161486 0.0 0.0
92.601238486 1.0 0.0
93.52431548599999 0.0 0.0
94.447392486 1.0 1.0
95.37046948599999 0.0 0.0
96.293546486 1.0 0.0
97.21662348599999 0.0 0.0
98.139700486 1.0 1.0
99.062777486 0.0 0.0
99.985854486 1.0 0.0
100.908931486 0.0 0.0
101.83200848599999 1.0 1.0
102.755085486 0.0 0.0
103.67816248599999 1.0 0.0
104.601239486 0.0 0.0
105.52431648599999 1.0 1.0
106.447393486 0.0 0.0
107.37047048599999 1.0 0.0
108.293547486 0.0 0.0
109.216624486 1.0 1.0
110.13970148599999 0.0 0.0
111.062778486 1.0 0.0
111.98585548599999 0.0 0.0
112.908932486 1.0 1.0
113.83200948599999 0.0 0.0
114.755086486 1.0 0.0
115.67816348599999 0.0 0.0
116.601240486 1.0 1.0
117.52431748599999 0.0 0.0
118.44739448600001 1.0 0.0
119.37047148600001 0.0 0.0
120.293548486 1.0 1.0
121.21662548600001 0.0 0.0
122.139702486 1.0 0.0
123.06277948600001 0.0 0.0
123.985856486 1.0 1.0
124.90893348600001 0.0 0.0
125.832010486 1.0 0.0
126.755087486 0.0 0.0
127.678164486 1.0 1.0
128.601241486 0.0 0.0
129.524318486 1.0 0.0
130.447395486 0.0 0.0
131.37047248599998 1.0 1.0
132.293549486 0.0 0.0
133.216626486 1.0 0.0
134.139703486 0.0 0.0
135.06278048599998 1.0 1.0
135.985857486 0.0 0.0
136.908934486 1.0 0.0
137.832011486 0.0 0.0
138.755088486 1.0 0.0
139.67816548599998 0.0 0.0
140.601242486 1.0 1.0
141.524319486 0.0 0.0
142.447396486 1.0 0.0
143.37047348599998 0.0 0.0
144.293550486 1.0 1.0
145.216627486 0.0 0.0
146.139704486 1.0 0.0
147.062781486 0.0 0.0
147.98585848599998 1.0 1.0
148.908935486 0.0 0.0
149.832012486 1.0 0.0
150.755089486 0.0 0.0
151.67816648599998 1.0 1.0
152.601243486 0.0 0.0
153.524320486 1.0 0.0
154.447397486 0.0 0.0
155.370474486 1.0 1.0
156.29355148599998 0.0 0.0
157.216628486 1.0 0.0
158.139705486 0.0 0.0
159.062782486 1.0 1.0
159.98585948599998 0.0 0.0
160.908936486 1.0 0.0
161.832013486 0.0 0.0
162.755090486 1.0 1.0
163.67816748599998 0.0 0.0
164.60124448599998 1.0 0.0
165.524321486 0.0 0.0
166.447398486 1.0 1.0
167.370475486 0.0 0.0
168.29355248599998 1.0 0.0
169.216629486 0.0 0.0
170.139706486 1.0 1.0
171.062783486 0.0 0.0
171.98586048599998 1.0 0.0
172.90893748599999 0.0 0.0
173.832014486 1.0 1.0
174.755091486 0.0 0.0
175.678168486 1.0 0.0
176.60124548599998 0.0 0.0
177.524322486 1.0 1.0
178.447399486 0.0 0.0
179.370476486 1.0 0.0
180.29355348599998 0.0 0.0
181.21663048599999 1.0 1.0
182.139707486 0.0 0.0
183.062784486 1.0 0.0
183.985861486 0.0 0.0
184.90893848599998 1.0 1.0
185.832015486 0.0 0.0
186.755092486 1.0 0.0
187.678169486 0.0 0.0
188.60124648599998 1.0 1.0
189.524323486 0.0 0.0
190.447400486 1.0 0.0
191.370477486 0.0 0.0
192.29355448599998 1.0 1.0
193.21663148599998 0.0 0.0
194.139708486 1.0 0.0
195.062785486 0.0 0.0
195.985862486 1.0 1.0
196.90893948599998 0.0 0.0
197.832016486 1.0 0.0
198.755093486 0.0 0.0
199.678170486 1.0 1.0
200.60124748599998 0.0 0.0
201.52432448599998 1.0 0.0
202.447401486 0.0 0.0
203.370478486 1.0 1.0
204.293555486 0.0 0.0
205.21663248599998 1.0 0.0
206.139709486 0.0 0.0
207.062786486 1.0 1.0
207.985863486 0.0 0.0
208.90894048599998 1.0 0.0
209.83201748599998 0.0 0.0
210.755094486 1.0 1.0
211.678171486 0.0 0.0
212.601248486 1.0 0.0
213.52432548599998 0.0 0.0
214.447402486 1.0 1.0
215.370479486 0.0 0.0
216.293556486 1.0 0.0
217.21663348599998 0.0 0.0
218.13971048599998 1.0 1.0
219.062787486 0.0 0.0
219.985864486 1.0 0.0
220.908941486 0.0 0.0
221.83201848599998 1.0 1.0
222.755095486 0.0 0.0
223.678172486 1.0 0.0
224.601249486 0.0 0.0
225.52432648599998 1.0 1.0
226.44740348599998 0.0 0.0
227.370480486 1.0 1.0
228.293557486 0.0 0.0
229.21663448599998 0.0 0.0