0.70285644 1.0 0.0
1.55999844 0.0 0.0
2.41714044 1.0 1.0
3.27428244 0.0 0.0
4.131424440000001 1.0 0.0
4.9885664400000005 0.0 0.0
5.845708440000001 1.0 1.0
6.702850440000001 0.0 0.0
7.559992440000001 1.0 0.0
8.417134440000002 0.0 0.0
9.274276440000001 1.0 1.0
10.131418440000001 0.0 0.0
10.98856044 1.0 0.0
11.845702440000002 0.0 0.0
12.702844440000002 1.0 1.0
13.559986440000001 0.0 0.0
14.41712844 1.0 0.0
15.274270440000002 0.0 0.0
16.131412440000002 1.0 1.0
16.98855444 0.0 0.0
17.84569644 1.0 0.0
18.70283844 0.0 0.0
19.55998044 1.0 1.0
20.41712244 0.0 0.0
21.274264440000003 1.0 0.0
22.131406440000003 0.0 0.0
22.988548440000002 1.0 1.0
23.845690440000002 0.0 0.0
24.70283244 1.0 0.0
25.55997444 0.0 0.0
26.41711644 1.0 1.0
27.27425844 0.0 0.0
28.131400440000004 1.0 0.0
28.988542440000003 0.0 0.0
29.84568444 1.0 1.0
30.70282644 0.0 0.0
31.55996844 1.0 0.0
32.41711044 0.0 0.0
33.27425244 1.0 1.0
34.13139444 0.0 0.0
34.98853644 1.0 0.0
35.84567844 0.0 0.0
36.702820439999996 1.0 1.0
37.55996244 0.0 0.0
38.41710444 1.0 0.0
39.27424644 0.0 0.0
40.13138844 1.0 1.0
40.98853044 0.0 0.0
41.84567244 1.0 0.0
42.70281444 0.0 0.0
43.55995644 1.0 1.0
44.41709844 0.0 0.0
45.27424044 1.0 0.0
46.13138244 0.0 0.0
46.98852444 1.0 1.0
47.84566644 0.0 0.0
48.70280844 1.0 0.0
49.55995044 0.0 0.0
50.41709244 1.0 1.0
51.27423444 0.0 0.0
52.13137644 1.0 0.0
52.98851844 0.0 0.0
53.84566044 1.0 1.0
54.70280244 0.0 0.0
55.55994444 1.0 0.0
56.41708644 0.0 0.0
57.27422844 1.0 1.0
58.13137044 0.0 0.0
58.98851244 1.0 0.0
59.84565444 0.0 0.0
60.70279644 1.0 1.0
61.55993844 0.0 0.0
62.41708044 1.0 0.0
63.27422244 0.0 0.0
64.13136444 1.0 1.0
64.98850644 0.0 0.0
65.84564844 1.0 0.0
66.70279044 0.0 0.0
67.55993244 1.0 1.0
68.41707444000001 0.0 0.0
69.27421644 1.0 0.0
70.13135844 0.0 0.0
70.98850044 1.0 1.0
71.84564244 0.0 0.0
72.70278444 1.0 0.0
73.55992644 0.0 0.0
74.41706844 1.0 1.0
75.27421044 0.0 0.0
76.13135244 1.0 0.0
76.98849444 0.0 0.0
77.84563644 1.0 1.0
78.70277844 0.0 0.0
79.55992044 1.0 0.0
80.41706244 0.0 0.0
81.27420444 1.0 1.0
82.13134644 0.0 0.0
82.98848844 1.0 0.0
83.84563044000001 0.0 0.0
84.70277244 1.0 1.0
85.55991444 0.0 0.0
86.41705644 1.0 1.0
87.27419844 0.0 0.0
88.13134044 1.0 0.0
88.98848244 0.0 0.0
89.84562444000001 1.0 1.0
90.70276644 0.0 0.0
91.55990844 1.0 0.0
92.41705044 0.0 0.0
93.27419244000001 1.0 1.0
94.13133444 0.0 0.0
94.98847644 1.0 0.0
95.84561844 0.0 0.0
96.70276044 1.0 1.0
97.55990244 0.0 0.0
98.41704444 1.0 0.0
99.27418644000001 0.0 0.0
100.13132844 1.0 1.0
100.98847044 0.0 0.0
101.84561244 1.0 0.0
102.70275444 0.0 0.0
103.55989644 1.0 1.0
104.41703844 0.0 0.0
105.27418044000001 1.0 0.0
106.13132244 0.0 0.0
106.98846444 1.0 1.0
107.84560644 0.0 0.0
108.70274844000001 1.0 0.0
109.55989044 0.0 0.0
110.41703244 1.0 1.0
111.27417444000001 0.0 0.0
112.13131644 1.0 0.0
112.98845844 0.0 0.0
113.84560044 1.0 1.0
114.70274244000001 0.0 0.0
115.55988444 1.0 0.0
116.41702644 0.0 0.0
117.27416844 1.0 1.0
118.13131044 0.0 0.0
118.98845243999999 1.0 0.0
119.84559443999999 0.0 0.0
120.70273644 1.0 1.0
121.55987843999999 0.0 0.0
122.41702043999999 1.0 0.0
123.27416244 0.0 0.0
124.13130444 1.0 1.0
124.98844643999999 0.0 0.0
125.84558843999999 1.0 0.0
126.70273044 0.0 0.0
127.55987243999999 1.0 1.0
128.41701444 0.0 0.0
129.27415643999998 1.0 1.0
130.13129844 0.0 0.0
130.98844044 1.0 0.0
131.84558244 0.0 0.0
132.70272444 1.0 1.0
133.55986643999998 0.0 0.0
134.41700844 1.0 0.0
135.27415044 0.0 0.0
136.13129243999998 1.0 1.0
136.98843444 0.0 0.0
137.84557644 1.0 0.0
138.70271843999998 0.0 0.0
139.55986044 1.0 1.0
140.41700244 0.0 0.0
141.27414444 1.0 0.0
142.13128644 0.0 0.0
142.98842843999998 1.0 1.0
143.84557044 0.0 0.0
144.70271244 1.0 0.0
145.55985443999998 0.0 0.0
146.41699644 1.0 1.0
147.27413844 0.0 0.0
148.13128043999998 1.0 0.0
148.98842244 0.0 0.0
149.84556444 1.0 1.0
150.70270644 0.0 0.0
151.55984844 1.0 0.0
152.41699044 0.0 0.0
153.27413244 1.0 1.0
154.13127444 0.0 0.0
154.98841643999998 1.0 0.0
155.84555844 0.0 0.0
156.70270044 1.0 1.0
157.55984243999998 0.0 0.0
158.41698444 1.0 0.0
159.27412644 0.0 0.0
160.13126843999999 1.0 1.0
160.98841044 0.0 0.0
161.84555244 1.0 0.0
162.70269444 0.0 0.0
163.55983644 1.0 1.0
164.41697843999998 0.0 0.0
165.27412044 1.0 0.0
166.13126244 0.0 0.0
166.98840443999998 1.0 1.0
167.84554644 0.0 0.0
168.70268844 1.0 0.0
169.55983043999998 0.0 0.0
170.41697244 1.0 1.0
171.27411444 0.0 0.0
172.13125644 1.0 1.0
172.98839844 0.0 0.0
173.84554043999998 1.0 0.0
174.70268244 0.0 0.0
175.55982444 1.0 1.0
176.41696643999998 0.0 0.0
177.27410844 1.0 0.0
178.13125044 0.0 0.0
178.98839243999998 1.0 1.0
179.84553444 0.0 0.0
180.70267644 1.0 0.0
181.55981844 0.0 0.0
182.41696044 1.0 1.0
183.27410244 0.0 0.0
184.13124444 1.0 0.0
184.98838644 0.0 0.0
185.84552843999998 1.0 1.0
186.70267044 0.0 0.0
187.55981244 1.0 0.0
188.41695443999998 0.0 0.0
189.27409644 1.0 1.0
190.13123844 0.0 0.0
190.98838044 1.0 0.0
191.84552244 0.0 0.0
192.70266444 1.0 1.0
193.55980644 0.0 0.0
194.41694844 1.0 0.0
195.27409043999998 0.0 0.0
196.13123244 1.0 1.0
196.98837444 0.0 0.0
197.84551643999998 1.0 0.0
198.70265844 0.0 0.0
199.55980044 1.0 1.0
200.41694243999999 0.0 0.0
201.27408444 1.0 0.0
202.13122644 0.0 0.0
202.98836844 1.0 1.0
203.84551044 0.0 0.0
204.70265244 1.0 0.0
205.55979444 0.0 0.0
206.41693644 1.0 1.0
207.27407843999998 0.0 0.0
208.13122044 1.0 0.0
208.98836244 0.0 0.0
209.84550443999998 1.0 1.0
210.70264644 0.0 0.0
211.55978844 1.0 0.0
212.41693044 0.0 0.0
213.27407244 1.0 1.0
214.13121444 0.0 0.0
214.98835644 1.0 0.0
215.84549844 0.0 0.0
216.70264043999998 1.0 1.0
217.55978244 0.0 0.0
218.41692444 1.0 0.0
219.27406643999998 0.0 0.0
220.13120844 1.0 1.0
220.98835044 0.0 0.0
221.84549244 1.0 0.0
222.70263444 0.0 0.0
223.55977644 1.0 1.0
224.41691844 0.0 0.0
225.27406044 1.0 0.0
226.13120244 0.0 0.0
226.98834444 1.0 1.0
227.84548644 0.0 0.0
228.70262843999998 1.0 0.0
229.55977044 0.0 0.0
230.41691244 1.0 1.0
231.27405444 0.0 0.0
232.13119644 1.0 0.0
232.98833844 0.0 0.0
233.84548044 1.0 1.0
234.70262244000003 0.0 0.0
235.55976444 1.0 0.0
236.41690644000002 0.0 0.0
237.27404844000003 1.0 1.0
238.13119044 0.0 0.0
238.98833244000002 1.0 0.0
239.84547444000003 0.0 0.0
240.70261644 1.0 0.0
241.55975844000002 0.0 0.0