0.510000034 1.0 1.0
1.4777420340000003 0.0 0.0
2.445484034 1.0 0.0
3.4132260340000005 0.0 0.0
4.380968034 1.0 1.0
5.348710034000001 0.0 0.0
6.316452034000001 1.0 0.0
7.284194034 0.0 0.0
8.251936034 1.0 1.0
9.231769097333332 0.0 0.0
10.427934877416664 1.0 0.0
11.565676719416665 0.0 0.0
12.533418719416664 1.0 1.0
13.501160719416664 0.0 0.0
14.468902719416665 1.0 0.0
15.436644719416664 0.0 0.0
16.404386719416667 1.0 1.0
17.39680051841667 0.0 0.0
18.468229518416667 1.0 0.0
19.51590555483333 0.0 0.0
20.483647554833333 1.0 1.0
21.421150075 0.0 0.0
22.358650075 1.0 0.0
23.296150075 0.0 0.0
24.233650075 1.0 1.0
25.171150075 0.0 0.0
26.108650075 1.0 0.0
27.046150075 0.0 0.0
27.983650075 1.0 1.0
28.921150075 0.0 0.0
29.858650075 1.0 0.0
30.796150075 0.0 0.0
31.733650075 1.0 1.0
32.671150075 0.0 0.0
33.608650075 1.0 0.0
34.546150075 0.0 0.0
35.483650075 1.0 1.0
36.421150075 0.0 0.0
37.358650075 1.0 0.0
38.296150075 0.0 0.0
39.233650075 1.0 1.0
40.171150075 0.0 0.0
41.108650075 1.0 0.0
42.046150075 0.0 0.0
42.983650075 1.0 1.0
43.921150075 0.0 0.0
44.858650075 1.0 0.0
45.796150075 0.0 0.0
46.733650075 1.0 1.0
47.671150075 0.0 0.0
48.608650075 1.0 0.0
49.546150075 0.0 0.0
50.483650075 1.0 1.0
51.421150075 0.0 0.0
52.358650075 1.0 0.0
53.296150075 0.0 0.0
54.233650075 1.0 1.0
55.171150075 0.0 0.0
56.108650075 1.0 0.0
57.046150075 0.0 0.0
57.983650075 1.0 1.0
58.921150075 0.0 0.0
59.858650075 1.0 0.0
60.796150075 0.0 0.0
61.733650075 1.0 1.0
62.671150075 0.0 0.0
63.608650075 1.0 0.0
64.546150075 0.0 0.0
65.483650075 1.0 1.0
66.421150075 0.0 0.0
67.358650075 1.0 0.0
68.296150075 0.0 0.0
69.233650075 1.0 1.0
70.171150075 0.0 0.0
71.108650075 1.0 0.0
72.046150075 0.0 0.0
72.983650075 1.0 1.0
73.921150075 0.0 0.0
74.858650075 1.0 0.0
75.796150075 0.0 0.0
76.733650075 1.0 1.0
77.671150075 0.0 0.0
78.608650075 1.0 0.0
79.546150075 0.0 0.0
80.483650075 1.0 1.0
81.421150075 0.0 0.0
82.370653264 1.0 0.0
83.33082638124999 0.0 0.0
84.26832638124999 1.0 1.0
85.20582638124999 0.0 0.0
86.14332638124999 1.0 0.0
87.08082638124999 0.0 0.0
88.01832638124999 1.0 1.0
88.95582638124999 0.0 0.0
89.89332638124999 1.0 0.0
90.83082638124999 0.0 0.0
91.76832638125 1.0 1.0
92.70582638125 0.0 0.0
93.64332638125 1.0 0.0
94.58082638125 0.0 0.0
95.51832638125 1.0 1.0
96.45582638125 0.0 0.0
97.39332638125 1.0 0.0
98.33082638125 0.0 0.0
99.26832638125 1.0 1.0
100.20582638125 0.0 0.0
101.14332638125 1.0 0.0
102.08082638125 0.0 0.0
103.01832638125 1.0 1.0
103.95582638125 0.0 0.0
104.89332638125 1.0 0.0
105.83082638125 0.0 0.0
106.76832638125 1.0 1.0
107.70582638125 0.0 0.0
108.64332638125 1.0 0.0
109.58082638125 0.0 0.0
110.51832638125 1.0 1.0
111.45582638125 0.0 0.0
112.39332638125 1.0 0.0
113.33082638125 0.0 0.0
114.26832638125 1.0 1.0
115.20582638125 0.0 0.0
116.14332638125 1.0 0.0
117.08082638125 0.0 0.0
118.01832638125 1.0 1.0
118.95582638125 0.0 0.0
119.89332638125 1.0 0.0
120.83082638125 0.0 0.0
121.76832638124998 1.0 1.0
122.70582638124998 0.0 0.0
123.64332638124998 1.0 0.0
124.58082638124998 0.0 0.0
125.51832638124998 1.0 1.0
126.45582638124998 0.0 0.0
127.39332638124998 1.0 0.0
128.33082638124998 0.0 0.0
129.26832638124998 1.0 1.0
130.20582638124998 0.0 0.0
131.14332638124998 1.0 0.0
132.08082638124998 0.0 0.0
133.01832638124998 1.0 1.0
133.95582638124998 0.0 0.0
134.89332638124998 1.0 0.0
135.83082638124998 0.0 0.0
136.76832638124998 1.0 1.0
137.70582638124998 0.0 0.0
138.64332638124998 1.0 0.0
139.58082638124998 0.0 0.0
140.51832638124998 1.0 1.0
141.45582638124998 0.0 0.0
142.39332638124998 1.0 0.0
143.33082638124998 0.0 0.0
144.26832638124998 1.0 1.0
145.20582638124998 0.0 0.0
146.14332638124998 1.0 0.0
147.08082638125 0.0 0.0
148.01832638125 1.0 1.0
148.95582638125 0.0 0.0
149.89332638125 1.0 0.0
150.83082638125 0.0 0.0
151.76832638125 1.0 1.0
152.70582638125 0.0 0.0
153.64332638125 1.0 0.0
154.58082638125 0.0 0.0
155.51832638125 1.0 1.0
156.45582638125 0.0 0.0
157.39332638125 1.0 0.0
158.33082638125 0.0 0.0
159.26832638125 1.0 1.0
160.20582638125 0.0 0.0
161.14332638125 1.0 0.0
162.08082638125 0.0 0.0
163.01832638125 1.0 1.0
163.95582638125 0.0 0.0
164.89332638125 1.0 0.0
165.83082638125 0.0 0.0
166.76832638125 1.0 1.0
167.70582638125 0.0 0.0
168.64332638125 1.0 0.0
169.58082638125 0.0 0.0
170.51832638125 1.0 1.0
171.45582638125 0.0 0.0
172.39332638125 1.0 0.0
173.33082638125 0.0 0.0
174.26832638125 1.0 1.0
175.20582638125 0.0 0.0
176.14332638125 1.0 0.0
177.08082638125 0.0 0.0
178.01832638125 1.0 1.0
178.95582638125 0.0 0.0
179.89332638125 1.0 0.0
180.83082638125 0.0 0.0
181.76832638125 1.0 1.0
182.70582638125 0.0 0.0
183.64332638125 1.0 0.0
184.58082638125 0.0 0.0
185.51832638125 1.0 1.0
186.45582638125 0.0 0.0
187.39332638125 1.0 0.0
188.33082638125 0.0 0.0
189.26832638125 1.0 1.0
190.20582638125 0.0 0.0
191.14332638125 1.0 0.0
192.08082638125 0.0 0.0
193.01832638125 1.0 1.0
193.95582638125 0.0 0.0
194.89332638125 1.0 0.0
195.83082638125 0.0 0.0
196.76832638125 1.0 1.0
197.70582638125 0.0 0.0
198.64332638125 1.0 0.0
199.58082638125 0.0 0.0
200.51832638125 1.0 1.0
201.45582638125 0.0 0.0
202.39332638125 1.0 0.0
203.33082638125 0.0 0.0
204.26832638125 1.0 1.0
205.20582638125 0.0 0.0
206.14332638125 1.0 0.0
207.08082638125 0.0 0.0
208.01832638125 1.0 1.0
208.99347389124998 0.0 0.0
210.04610389125 1.0 0.0
211.09873389125 0.0 0.0
212.15136389124999 1.0 1.0
213.20399389124998 0.0 0.0
214.25662389125 1.0 0.0
215.30925389125 0.0 0.0
216.36188389125 1.0 1.0
217.41451389124998 0.0 0.0
218.46714389125 1.0 0.0
219.51977389125 0.0 0.0
220.57240389125 1.0 1.0
221.62503389124998 0.0 0.0
222.67766389125 1.0 0.0
223.73029389125 0.0 0.0
224.78292389125 1.0 1.0
225.83555389125 0.0 0.0
226.88818389124998 1.0 0.0
227.94081389125 0.0 0.0
228.99344389125 1.0 0.0
230.04607389125 0.0 0.0