0.7631249999999999 0.0 0.0
1.700625 1.0 1.0
2.638125 0.0 0.0
3.575625 1.0 0.0
4.5131250000000005 0.0 0.0
5.4506250000000005 1.0 1.0
6.3881250000000005 0.0 0.0
7.3256250000000005 1.0 0.0
8.263125 0.0 0.0
9.200625 1.0 1.0
10.138125 0.0 0.0
11.075625 1.0 0.0
12.013125 0.0 0.0
12.950625 1.0 1.0
13.888125 0.0 0.0
14.825625 1.0 0.0
15.763125 0.0 0.0
16.700625 1.0 1.0
17.638125 0.0 0.0
18.575625 1.0 0.0
19.513125 0.0 0.0
20.450625 1.0 1.0
21.388125 0.0 0.0
22.325625 1.0 0.0
23.263125 0.0 0.0
24.200625 1.0 1.0
25.138125 0.0 0.0
26.075625 1.0 0.0
27.013125 0.0 0.0
27.950625 1.0 1.0
28.888125 0.0 0.0
29.825625 1.0 0.0
30.763125 0.0 0.0
31.700625 1.0 1.0
32.638125 0.0 0.0
33.575625 1.0 0.0
34.513125 0.0 0.0
35.450625 1.0 1.0
36.388125 0.0 0.0
37.325625 1.0 0.0
38.263125 0.0 0.0
39.200625 1.0 1.0
40.138125 0.0 0.0
41.075625 1.0 0.0
42.013125 0.0 0.0
42.950625 1.0 1.0
43.888125 0.0 0.0
44.825625 1.0 0.0
45.763125 0.0 0.0
46.700625 1.0 1.0
47.638125 0.0 0.0
48.575625 1.0 0.0
49.513125 0.0 0.0
50.450625 1.0 1.0
51.388125 0.0 0.0
52.325625 1.0 0.0
53.263125 0.0 0.0
54.200625 1.0 1.0
55.138125 0.0 0.0
56.075625 1.0 0.0
57.013125 0.0 0.0
57.950625 1.0 1.0
58.888125 0.0 0.0
59.825625 1.0 0.0
60.763124999999995 0.0 0.0
61.700624999999995 1.0 1.0
62.638124999999995 0.0 0.0
63.575624999999995 1.0 0.0
64.51312499999999 0.0 0.0
65.45062499999999 1.0 1.0
66.38812499999999 0.0 0.0
67.32562499999999 1.0 0.0
68.26312499999999 0.0 0.0
69.20062499999999 1.0 1.0
70.13812499999999 0.0 0.0
71.07562499999999 1.0 0.0
72.01312499999999 0.0 0.0
72.95062499999999 1.0 1.0
73.88812499999999 0.0 0.0
74.82562499999999 1.0 0.0
75.76312499999999 0.0 0.0
76.70062499999999 1.0 1.0
77.63812499999999 0.0 0.0
78.57562499999999 1.0 0.0
79.51312499999999 0.0 0.0
80.45062499999999 1.0 1.0
81.38812499999999 0.0 0.0
82.32562499999999 1.0 0.0
83.26312499999999 0.0 0.0
84.20062499999999 1.0 1.0
85.13812499999999 0.0 0.0
86.07562499999999 1.0 0.0
87.01312499999999 0.0 0.0
87.95062499999999 1.0 1.0
88.88812499999999 0.0 0.0
89.82562499999999 1.0 0.0
90.76312499999999 0.0 0.0
91.70062499999999 1.0 1.0
92.63812499999999 0.0 0.0
93.57562499999999 1.0 1.0
94.51312499999999 0.0 0.0
95.45062499999999 1.0 0.0
96.38812499999999 0.0 0.0
97.32562499999999 1.0 1.0
98.26312499999999 0.0 0.0
99.20062499999999 1.0 0.0
100.13812499999999 0.0 0.0
101.07562499999999 1.0 1.0
102.01312499999999 0.0 0.0
102.95062499999999 1.0 0.0
103.88812499999999 0.0 0.0
104.82562499999999 1.0 1.0
105.76312499999999 0.0 0.0
106.70062499999999 1.0 0.0
107.63812499999999 0.0 0.0
108.57562499999999 1.0 1.0
109.51312499999999 0.0 0.0
110.45062499999999 1.0 0.0
111.38812499999999 0.0 0.0
112.32562499999999 1.0 1.0
113.26312499999999 0.0 0.0
114.20062499999999 1.0 0.0
115.13812499999999 0.0 0.0
116.07562499999999 1.0 1.0
117.01312499999999 0.0 0.0
117.95062499999999 1.0 0.0
118.88812499999999 0.0 0.0
119.82562499999999 1.0 1.0
120.76312499999999 0.0 0.0
121.70062499999999 1.0 0.0
122.63812499999999 0.0 0.0
123.57562499999999 1.0 1.0
124.51312499999999 0.0 0.0
125.45062499999999 1.0 0.0
126.38812499999999 0.0 0.0
127.32562499999999 1.0 1.0
128.263125 0.0 0.0
129.200625 1.0 0.0
130.138125 0.0 0.0
131.075625 1.0 1.0
132.013125 0.0 0.0
132.950625 1.0 0.0
133.888125 0.0 0.0
134.825625 1.0 1.0
135.763125 0.0 0.0
136.700625 1.0 0.0
137.638125 0.0 0.0
138.575625 1.0 1.0
139.513125 0.0 0.0
140.450625 1.0 1.0
141.388125 0.0 0.0
142.325625 1.0 0.0
143.263125 0.0 0.0
144.200625 1.0 1.0
145.138125 0.0 0.0
146.075625 1.0 0.0
147.013125 0.0 0.0
147.950625 1.0 1.0
148.888125 0.0 0.0
149.825625 1.0 0.0
150.763125 0.0 0.0
151.700625 1.0 1.0
152.638125 0.0 0.0
153.575625 1.0 0.0
154.513125 0.0 0.0
155.450625 1.0 1.0
156.388125 0.0 0.0
157.325625 1.0 0.0
158.263125 0.0 0.0
159.200625 1.0 1.0
160.138125 0.0 0.0
161.075625 1.0 0.0
162.013125 0.0 0.0
162.950625 1.0 1.0
163.888125 0.0 0.0
164.825625 1.0 0.0
165.763125 0.0 0.0
166.700625 1.0 1.0
167.638125 0.0 0.0
168.575625 1.0 0.0
169.513125 0.0 0.0
170.450625 1.0 1.0
171.388125 0.0 0.0
172.325625 1.0 0.0
173.263125 0.0 0.0
174.200625 1.0 1.0
175.138125 0.0 0.0
176.075625 1.0 0.0
177.013125 0.0 0.0
177.950625 1.0 1.0
178.888125 0.0 0.0
179.825625 1.0 0.0
180.763125 0.0 0.0
181.700625 1.0 1.0
182.638125 0.0 0.0
183.575625 1.0 0.0
184.513125 0.0 0.0
185.450625 1.0 1.0
186.388125 0.0 0.0
187.325625 1.0 1.0
188.263125 0.0 0.0
189.200625 1.0 0.0
190.138125 0.0 0.0
191.075625 1.0 1.0
192.013125 0.0 0.0
192.950625 1.0 0.0
193.888125 0.0 0.0
194.825625 1.0 1.0
195.763125 0.0 0.0
196.700625 1.0 0.0
197.638125 0.0 0.0
198.575625 1.0 1.0
199.513125 0.0 0.0
200.450625 1.0 0.0
201.388125 0.0 0.0
202.325625 1.0 1.0
203.263125 0.0 0.0
204.200625 1.0 0.0
205.138125 0.0 0.0
206.075625 1.0 1.0
207.013125 0.0 0.0
207.950625 1.0 0.0
208.888125 0.0 0.0
209.825625 1.0 1.0
210.763125 0.0 0.0
211.700625 1.0 0.0
212.638125 0.0 0.0
213.575625 1.0 1.0
214.513125 0.0 0.0
215.450625 1.0 0.0
216.388125 0.0 0.0
217.325625 1.0 1.0
218.263125 0.0 0.0
219.200625 1.0 0.0
220.138125 0.0 0.0
221.075625 1.0 1.0
222.013125 0.0 0.0
222.950625 1.0 0.0
223.888125 0.0 0.0
224.825625 1.0 1.0
225.763125 0.0 0.0
226.700625 1.0 0.0
227.638125 0.0 0.0
228.575625 1.0 1.0
229.513125 0.0 0.0
230.450625 1.0 0.0
231.388125 0.0 0.0
232.325625 1.0 1.0
233.263125 0.0 0.0
234.200625 1.0 0.0
235.138125 0.0 0.0
236.075625 1.0 1.0
237.013125 0.0 0.0
237.950625 1.0 0.0
238.888125 0.0 0.0
239.825625 1.0 0.0
240.76312500000003 0.0 0.0
241.70062500000003 1.0 1.0
242.63812500000003 0.0 0.0
243.57562500000003 1.0 0.0
244.51312500000003 0.0 0.0
245.45062500000003 1.0 1.0
246.38812500000003 0.0 0.0
247.32562500000003 1.0 0.0
248.26312500000003 0.0 0.0
249.20062500000003 1.0 1.0
250.13812500000003 0.0 0.0
251.07562500000003 1.0 0.0
252.01312500000003 0.0 0.0
252.95062500000003 1.0 1.0
253.88812500000003 0.0 0.0
254.82562500000003 1.0 0.0
255.76312500000003 0.0 0.0
256.700625 1.0 1.0
257.638125 0.0 0.0
258.575625 0.0 0.0