0.22120434000000005 0.0 0.0
0.94409434 1.0 1.0
1.6669843400000002 0.0 0.0
2.3898743400000004 1.0 0.0
3.1127643400000005 0.0 0.0
3.8356543400000005 1.0 1.0
4.55854434 0.0 0.0
5.281434340000001 1.0 0.0
6.004324340000001 0.0 0.0
6.727214340000001 1.0 1.0
7.450104340000001 0.0 0.0
8.17299434 1.0 0.0
8.89588434 0.0 0.0
9.618774340000002 1.0 1.0
10.341664340000001 0.0 0.0
11.06455434 1.0 0.0
11.78744434 0.0 0.0
12.510334340000002 1.0 1.0
13.233224340000003 0.0 0.0
13.956114340000003 1.0 0.0
14.679004340000002 0.0 0.0
15.401894340000002 1.0 1.0
16.12478434 0.0 0.0
16.84767434 1.0 0.0
17.570564340000004 0.0 0.0
18.293454340000004 1.0 1.0
19.016344340000003 0.0 0.0
19.739234340000003 1.0 0.0
20.462124340000003 0.0 0.0
21.185014340000002 1.0 1.0
21.90790434 0.0 0.0
22.63079434 1.0 0.0
23.35368434 0.0 0.0
24.07657434 1.0 1.0
24.799464339999997 0.0 0.0
25.522354339999996 1.0 0.0
26.24524434 0.0 0.0
26.96813434 1.0 1.0
27.69102434 0.0 0.0
28.413914339999998 1.0 0.0
29.136804339999998 0.0 0.0
29.859694339999997 1.0 1.0
30.582584339999997 0.0 0.0
31.30547434 1.0 0.0
32.028364339999996 0.0 0.0
32.751254339999996 1.0 1.0
33.474144339999995 0.0 0.0
34.19703434 1.0 0.0
34.91992434 0.0 0.0
35.64281434 1.0 1.0
36.36570434 0.0 0.0
37.08859434 1.0 0.0
37.81148434 0.0 0.0
38.53437434 1.0 1.0
39.25726434 0.0 0.0
39.98015434 1.0 0.0
40.70304434 0.0 0.0
41.42593434 1.0 1.0
42.14882434 0.0 0.0
42.87171434 1.0 0.0
43.59460434 0.0 0.0
44.317494339999996 1.0 1.0
45.040384339999996 0.0 0.0
45.76327434 1.0 0.0
46.48616434 0.0 0.0
47.20905434 1.0 1.0
47.93194434 0.0 0.0
48.65483434 1.0 0.0
49.37772434 0.0 0.0
50.10061434 1.0 1.0
50.82350434 0.0 0.0
51.54639434 1.0 0.0
52.26928434 0.0 0.0
52.99217434 1.0 1.0
53.71506434 0.0 0.0
54.43795434 1.0 0.0
55.16084434 0.0 0.0
55.88373434 1.0 1.0
56.60662434 0.0 0.0
57.32951434 1.0 0.0
58.05240434 0.0 0.0
58.77529434 1.0 1.0
59.49818434 0.0 0.0
60.22107434 1.0 0.0
60.94396434 0.0 0.0
61.66685434 1.0 1.0
62.38974434 0.0 0.0
63.11263434 1.0 0.0
63.83552434 0.0 0.0
64.55841434 1.0 1.0
65.28130434 0.0 0.0
66.00419434 1.0 0.0
66.72708434 0.0 0.0
67.44997434 1.0 1.0
68.17286434 0.0 0.0
68.89575434 1.0 0.0
69.61864434 0.0 0.0
70.34153434 1.0 1.0
71.06442434 0.0 0.0
71.78731434 1.0 0.0
72.51020434 0.0 0.0
73.23309434000001 1.0 1.0
73.95598434 0.0 0.0
74.67887434000001 1.0 0.0
75.40176434 0.0 0.0
76.12465434 1.0 1.0
76.84754434 0.0 0.0
77.57043434 1.0 0.0
78.29332434 0.0 0.0
79.01621434 1.0 1.0
79.73910434 0.0 0.0
80.46199434 1.0 0.0
81.18488434 0.0 0.0
81.90777434 1.0 1.0
82.63066434 0.0 0.0
83.35355434 1.0 0.0
84.07644434000001 0.0 0.0
84.79933434 1.0 1.0
85.52222434000001 0.0 0.0
86.24511434 1.0 0.0
86.96800434000001 0.0 0.0
87.69089434 1.0 1.0
88.41378434 0.0 0.0
89.13667434 1.0 0.0
89.85956434 0.0 0.0
90.58245434 1.0 1.0
91.30534434 0.0 0.0
92.02823434 1.0 0.0
92.75112434000002 0.0 0.0
93.47401434000001 1.0 1.0
94.19690434000002 0.0 0.0
94.91979434000001 1.0 0.0
95.64268434000002 0.0 0.0
96.36557434000001 1.0 1.0
97.08846434000002 0.0 0.0
97.81135434000001 1.0 0.0
98.53424434000001 0.0 0.0
99.25713434000001 1.0 1.0
99.98002434000001 0.0 0.0
100.70291434000002 1.0 0.0
101.42580434000001 0.0 0.0
102.14869434000002 1.0 1.0
102.87158434000001 0.0 0.0
103.59447434000002 1.0 0.0
104.31736434000001 0.0 0.0
105.04025434000002 1.0 1.0
105.76314434000001 0.0 0.0
106.48603434000002 1.0 0.0
107.20892434000001 0.0 0.0
107.93181434000002 1.0 1.0
108.65470434000001 0.0 0.0
109.37759434000002 1.0 0.0
110.10048434000001 0.0 0.0
110.82337434000002 1.0 1.0
111.54626434000002 0.0 0.0
112.26915434000001 1.0 0.0
112.99204434000002 0.0 0.0
113.71493434000001 1.0 1.0
114.43782434000002 0.0 0.0
115.16071434000001 1.0 0.0
115.88360434000002 0.0 0.0
116.60649434000001 1.0 1.0
117.32938434000002 0.0 0.0
118.05227434000001 1.0 0.0
118.77516434000002 0.0 0.0
119.49805434000001 1.0 1.0
120.22094434000002 0.0 0.0
120.94383434000001 1.0 0.0
121.66672434000002 0.0 0.0
122.38961434000001 1.0 1.0
123.11250434000002 0.0 0.0
123.83539434000002 1.0 0.0
124.55828434000001 0.0 0.0
125.28117434000002 1.0 1.0
126.00406434000001 0.0 0.0
126.72695434000002 1.0 0.0
127.44984434000001 0.0 0.0
128.17273434 1.0 1.0
128.89562434 0.0 0.0
129.61851434000002 1.0 0.0
130.34140434000003 0.0 0.0
131.06429434 1.0 1.0
131.78718434 0.0 0.0
132.51007434000002 1.0 0.0
133.23296434000002 0.0 0.0
133.95585434000003 1.0 1.0
134.67874434 0.0 0.0
135.40163434000002 1.0 0.0
136.12452434000002 0.0 0.0
136.84741434000003 1.0 1.0
137.57030434 0.0 0.0
138.29319434 1.0 0.0
139.01608434000002 0.0 0.0
139.73897434000003 1.0 1.0
140.46186434 0.0 0.0
141.18475434 1.0 0.0
141.90764434000002 0.0 0.0
142.63053434000003 1.0 1.0
143.35342434 0.0 0.0
144.07631434 1.0 0.0
144.79920434000002 0.0 0.0
145.52209434000002 1.0 1.0
146.24498434000003 0.0 0.0
146.96787434 1.0 0.0
147.69076434000002 0.0 0.0
148.41365434000002 1.0 1.0
149.13654434000003 0.0 0.0
149.85943434 1.0 0.0
150.58232434 0.0 0.0
151.30521434000002 1.0 1.0
152.02810434000003 0.0 0.0
152.75099434 1.0 0.0
153.47388434 0.0 0.0
154.19677434000002 1.0 1.0
154.91966434000003 0.0 0.0
155.64255434 1.0 0.0
156.36544434 0.0 0.0
157.08833434000002 1.0 1.0
157.81122434000002 0.0 0.0
158.53411434000003 1.0 0.0
159.25700434 0.0 0.0
159.97989434000002 1.0 1.0
160.70278434000002 0.0 0.0
161.42567434000003 1.0 0.0
162.14856434 0.0 0.0
162.87145434 1.0 1.0
163.59434434000002 0.0 0.0
164.31723434000003 1.0 0.0
165.04012434 0.0 0.0
165.76301434 1.0 1.0
166.48590434000002 0.0 0.0
167.20879434000003 1.0 0.0
167.93168434000003 0.0 0.0
168.65457434 1.0 1.0
169.37746434000002 0.0 0.0
170.10035434000002 1.0 0.0
170.82324434000003 0.0 0.0
171.54613434 1.0 1.0
172.26902434000002 0.0 0.0
172.99191434000002 1.0 0.0
173.71480434000003 0.0 0.0
174.43769434 1.0 1.0
175.16058434 0.0 0.0
175.88347434000002 1.0 0.0
176.60636434000003 0.0 0.0
177.32925434 1.0 1.0
178.05214434 0.0 0.0
178.77503434000002 1.0 0.0
179.49792434000003 0.0 0.0
180.22081434000003 1.0 1.0
180.94370434 0.0 0.0
181.66659434000002 1.0 0.0
182.38948434000002 0.0 0.0
183.11237434000003 1.0 1.0
183.83526434 0.0 0.0
184.55815434000002 1.0 0.0
185.28104434 0.0 0.0
186.00393434 1.0 1.0
186.72682434 0.0 0.0
187.44971433999999 1.0 0.0
188.17260434 0.0 0.0
188.89549434 1.0 1.0
189.61838434 0.0 0.0
190.34127434 1.0 0.0
191.06416434 0.0 0.0
191.78705434 1.0 1.0
192.50994434 0.0 0.0
193.23283434 1.0 0.0
193.95572434 0.0 0.0
194.67861434 1.0 1.0
195.40150434 0.0 0.0
196.12439434 1.0 0.0
196.84728434 0.0 0.0
197.57017434000002 1.0 1.0
198.29306434000003 0.0 0.0
199.01595434 1.0 0.0
199.73884434 0.0 0.0
200.46173434000002 1.0 1.0
201.18462434000003 0.0 0.0
201.90751434000003 1.0 0.0
202.63040434 0.0 0.0
203.35329434000002 1.0 1.0
204.07618434000003 0.0 0.0
204.79907434000003 1.0 0.0
205.52196434 0.0 0.0
206.24485434000002 1.0 1.0
206.96774434000002 0.0 0.0
207.69063434000003 1.0 0.0
208.41352434 0.0 0.0
209.13641434000002 1.0 1.0
209.85930434000002 0.0 0.0
210.58219434000003 1.0 0.0
211.30508434 0.0 0.0
212.02797434000001 1.0 1.0
212.75086434000002 0.0 0.0
213.47375434000003 1.0 0.0
214.19664434000003 0.0 0.0
214.91953434 1.0 1.0
215.64242434000002 0.0 0.0
216.36531434000003 1.0 0.0
217.08820434000003 0.0 0.0
217.81109434 1.0 1.0
218.53398434000002 0.0 0.0
219.25687434000002 1.0 0.0
219.97976434000003 0.0 0.0
220.70265434 1.0 1.0
221.42554434000002 0.0 0.0
222.14843434000002 1.0 0.0
222.87132434000003 0.0 0.0
223.59421434000004 1.0 1.0
224.31710434000001 0.0 0.0
225.03999434000002 1.0 0.0
225.76288434000003 0.0 0.0
226.48577434000003 1.0 1.0
227.20866434 0.0 0.0
227.93155434000002 1.0 0.0
228.65444434000003 0.0 0.0
229.37733434000003 1.0 1.0
230.10022434 0.0 0.0
230.82311434000002 1.0 0.0
231.54600434000002 0.0 0.0
232.26889434000003 1.0 1.0
232.99178434 0.0 0.0
233.71467434000002 1.0 0.0
234.43756434000002 0.0 0.0
235.16045434000003 1.0 1.0
235.88334434000004 0.0 0.0
236.60623434000001 1.0 0.0
237.32912434000002 0.0 0.0
238.05201434000003 1.0 1.0
238.77490434000003 0.0 0.0
239.49779434 1.0 0.0
240.22068434000002 0.0 0.0
240.94357434000003 1.0 1.0
241.66646434000003 0.0 0.0
242.38935434 1.0 0.0
243.11224434000002 0.0 0.0
243.83513434000002 1.0 1.0
244.55802434000003 0.0 0.0
245.28091434000004 1.0 0.0
246.00380434000002 0.0 0.0
246.72669434000002 1.0 1.0
247.44958434000003 0.0 0.0
248.17247434000004 1.0 0.0
248.89536434000001 0.0 0.0
249.61825434000002 1.0 1.0
250.34114434000003 0.0 0.0
251.06403434000003 1.0 0.0
251.78692434 0.0 0.0
252.50981434000002 1.0 1.0
253.23270434000003 0.0 0.0
253.95559434000003 1.0 0.0
254.67848434 0.0 0.0
255.40137434000002 1.0 1.0
256.12426434 0.0 0.0
256.84715434000003 1.0 0.0
257.57004434000004 0.0 0.0
258.29293434000004 1.0 1.0
259.01582434000005 0.0 0.0
259.73871434 1.0 0.0
260.46160434 0.0 0.0
261.18449434 1.0 1.0
261.90738434 0.0 0.0
262.63027434 1.0 0.0
263.35316434000003 0.0 0.0
264.07605434000004 1.0 1.0
264.79894434000005 0.0 0.0
265.52183434 1.0 0.0
266.24472434 0.0 0.0
266.96761434 1.0 1.0
267.69050434 0.0 0.0
268.41339434 1.0 0.0
269.13628434000003 0.0 0.0
269.85917434000004 1.0 1.0
270.58206434000004 0.0 0.0
271.30495434000005 1.0 0.0
272.02784434 0.0 0.0
272.75073434 1.0 1.0
273.47362434 0.0 0.0
274.19651434 1.0 0.0
274.91940434 0.0 0.0
275.64229434000003 1.0 1.0
276.36518434000004 0.0 0.0
277.08807434000005 1.0 0.0
277.81096434 0.0 0.0
278.53385434 1.0 1.0
279.25674434 0.0 0.0
279.97963434 1.0 0.0
280.70252434 0.0 0.0
281.42541434000003 1.0 1.0
282.14830434000004 0.0 0.0
282.87119434000005 1.0 0.0
283.59408434000005 0.0 0.0
284.31697434 1.0 1.0
285.03986434 0.0 0.0
285.76275434 1.0 0.0
286.48564434 0.0 0.0
287.20853434 1.0 1.0
287.93142434000004 0.0 0.0
288.65431434000004 1.0 0.0
289.37720434000005 0.0 0.0
290.10009434000006 1.0 1.0
290.82298434 0.0 0.0
291.54587434 1.0 0.0
292.26876434 0.0 0.0