0.88512 1.0 0.0
1.84512 0.0 0.0
2.8051200000000005 1.0 1.0
3.7651200000000005 0.0 0.0
4.7251199999999995 1.0 0.0
5.6851199999999995 0.0 0.0
6.6451199999999995 1.0 1.0
7.60512 0.0 0.0
8.56512 1.0 0.0
9.525120000000001 0.0 0.0
10.48512 1.0 1.0
11.445120000000001 0.0 0.0
12.40512 1.0 0.0
13.365120000000001 0.0 0.0
14.32512 1.0 1.0
15.285120000000001 0.0 0.0
16.24512 1.0 0.0
17.205119999999997 0.0 0.0
18.165119999999998 1.0 1.0
19.12512 0.0 0.0
20.08512 1.0 0.0
21.04512 0.0 0.0
22.005119999999998 1.0 1.0
22.96512 0.0 0.0
23.92512 1.0 0.0
24.88512 0.0 0.0
25.845119999999998 1.0 1.0
26.80512 0.0 0.0
27.76512 1.0 0.0
28.72512 0.0 0.0
29.685119999999998 1.0 1.0
30.64512 0.0 0.0
31.605119999999996 1.0 0.0
32.56511999999999 0.0 0.0
33.525119999999994 1.0 1.0
34.485119999999995 0.0 0.0
35.445119999999996 1.0 0.0
36.40512 0.0 0.0
37.36512 1.0 1.0
38.32512 0.0 0.0
39.28511999999999 1.0 0.0
40.24511999999999 0.0 0.0
41.205119999999994 1.0 1.0
42.165119999999995 0.0 0.0
43.125119999999995 1.0 0.0
44.085119999999996 0.0 0.0
45.04512 1.0 1.0
46.00512 0.0 0.0
46.96512 1.0 0.0
47.92511999999999 0.0 0.0
48.88511999999999 1.0 1.0
49.845119999999994 0.0 0.0
50.805119999999995 1.0 0.0
51.765119999999996 0.0 0.0
52.72512 1.0 1.0
53.68512 0.0 0.0
54.64512 1.0 0.0
55.60511999999999 0.0 0.0
56.56511999999999 1.0 1.0
57.525119999999994 0.0 0.0
58.485119999999995 1.0 0.0
59.445119999999996 0.0 0.0
60.40512 1.0 1.0
61.36512 0.0 0.0
62.32512 1.0 0.0
63.28511999999999 0.0 0.0
64.24512 1.0 1.0
65.20512 0.0 0.0
66.16512 1.0 0.0
67.12512 0.0 0.0
68.08511999999999 1.0 1.0
69.04512 0.0 0.0
70.00511999999999 1.0 0.0
70.96512 0.0 0.0
71.92511999999999 1.0 1.0
72.88512 0.0 0.0
73.84512 1.0 0.0
74.80512 0.0 0.0
75.76512 1.0 1.0
76.72511999999999 0.0 0.0
77.68512 1.0 0.0
78.64511999999999 0.0 0.0
79.60512 1.0 1.0
80.56512 0.0 0.0
81.52512 1.0 0.0
82.48512 0.0 0.0
83.44511999999999 1.0 1.0
84.40512 0.0 0.0
85.36511999999999 1.0 0.0
86.32512 0.0 0.0
87.28511999999999 1.0 1.0
88.24512 0.0 0.0
89.20512 1.0 0.0
90.16512 0.0 0.0
91.12512 1.0 1.0
92.08511999999999 0.0 0.0
93.04512 1.0 0.0
94.00511999999999 0.0 0.0
94.96512 1.0 1.0
95.92511999999999 0.0 0.0
96.88512 1.0 0.0
97.84512 0.0 0.0
98.80512 1.0 1.0
99.76512 0.0 0.0
100.72511999999999 1.0 0.0
101.68512 0.0 0.0
102.64511999999999 1.0 1.0
103.60512 0.0 0.0
104.56512 1.0 0.0
105.52512 0.0 0.0
106.48512 1.0 1.0
107.44511999999999 0.0 0.0
108.40512 1.0 0.0
109.36511999999999 0.0 0.0
110.32512 1.0 1.0
111.28511999999999 0.0 0.0
112.24512 1.0 0.0
113.20512 0.0 0.0
114.16512 1.0 1.0
115.12512 0.0 0.0
116.08511999999999 1.0 0.0
117.04512 0.0 0.0
118.00511999999999 1.0 1.0
118.96512 0.0 0.0
119.92511999999999 1.0 0.0
120.88512 0.0 0.0
121.84512 1.0 1.0
122.80512 0.0 0.0
123.76512 1.0 0.0
124.72511999999999 0.0 0.0
125.68512 1.0 1.0
126.64511999999999 0.0 0.0
127.60512 1.0 0.0
128.56512 0.0 0.0
129.52512 1.0 1.0
130.48512 0.0 0.0
131.44512 1.0 0.0
132.40511999999998 0.0 0.0
133.36512 1.0 1.0
134.32512 0.0 0.0
135.28512 1.0 0.0
136.24512 0.0 0.0
137.20512 1.0 1.0
138.16512 0.0 0.0
139.12511999999998 1.0 0.0
140.08512 0.0 0.0
141.04512 1.0 1.0
142.00512 0.0 0.0
142.96511999999998 1.0 0.0
143.92512 0.0 0.0
144.88512 1.0 1.0
145.84512 0.0 0.0
146.80512 1.0 0.0
147.76512 0.0 0.0
148.72512 1.0 1.0
149.68511999999998 0.0 0.0
150.64512 1.0 0.0
151.60512 0.0 0.0
152.56512 1.0 1.0
153.52512 0.0 0.0
154.48512 1.0 0.0
155.44512 0.0 0.0
156.40511999999998 1.0 1.0
157.36512 0.0 0.0
158.32512 1.0 0.0
159.28512 0.0 0.0
160.24512 1.0 1.0
161.20512 0.0 0.0
162.16512 1.0 0.0
163.12511999999998 0.0 0.0
164.08512 1.0 1.0
165.04512 0.0 0.0
166.00512 1.0 0.0
166.96511999999998 0.0 0.0
167.92512 1.0 1.0
168.88512 0.0 0.0
169.84512 1.0 0.0
170.80512 0.0 0.0
171.76512 1.0 1.0
172.72512 0.0 0.0
173.68511999999998 1.0 0.0
174.64512 0.0 0.0
175.60512 1.0 1.0
176.56512 0.0 0.0
177.52512 1.0 0.0
178.48512 0.0 0.0
179.44512 1.0 1.0
180.40511999999998 0.0 0.0
181.36512 1.0 0.0
182.32512 0.0 0.0
183.28512 1.0 1.0
184.24512 0.0 0.0
185.20512 1.0 0.0
186.16512 0.0 0.0
187.12511999999998 1.0 1.0
188.08512 0.0 0.0
189.04512 1.0 0.0
190.00512 0.0 0.0
190.96511999999998 1.0 1.0
191.92512 0.0 0.0
192.88512 1.0 0.0
193.84512 0.0 0.0
194.80512 1.0 1.0
195.76512 0.0 0.0
196.72512 1.0 0.0
197.68511999999998 0.0 0.0
198.64512 1.0 1.0
199.60512 0.0 0.0
200.56512 1.0 0.0
201.52512 0.0 0.0
202.48512 1.0 1.0
203.44512 0.0 0.0
204.40511999999998 1.0 0.0
205.36512 0.0 0.0
206.32512 1.0 1.0
207.28512 0.0 0.0
208.24512 1.0 0.0
209.20512 0.0 0.0
210.16512 1.0 1.0
211.12511999999998 0.0 0.0
212.08512 1.0 0.0
213.04512 0.0 0.0
214.00512 1.0 1.0
214.96511999999998 0.0 0.0
215.92512 1.0 0.0
216.88512 0.0 0.0
217.84512 1.0 1.0
218.80512 0.0 0.0
219.76512 1.0 0.0
220.810525782 0.0 0.0
221.863156782 1.0 1.0
222.83038200000001 0.0 0.0
223.79038200000002 1.0 0.0
224.750382 0.0 0.0
225.710382 1.0 1.0
226.67038200000002 0.0 0.0
227.630382 1.0 0.0
228.590382 0.0 0.0
229.550382 1.0 1.0
230.51038200000002 0.0 0.0
231.470382 1.0 0.0
232.430382 0.0 0.0
233.39038200000002 1.0 1.0
234.35038200000002 0.0 0.0
235.310382 1.0 0.0
236.270382 0.0 0.0
237.23038200000002 1.0 1.0
238.190382 0.0 0.0
239.150382 1.0 0.0
240.11038200000002 0.0 0.0
241.070382 1.0 1.0
242.030382 0.0 0.0
242.990382 1.0 0.0
243.95038200000002 0.0 0.0
244.910382 1.0 1.0
245.870382 0.0 0.0
246.83038200000004 1.0 0.0
247.79038200000002 0.0 0.0
248.75038200000003 1.0 1.0
249.71038200000004 0.0 0.0
250.67038200000005 1.0 0.0
251.63038200000005 0.0 0.0
252.59038200000003 1.0 1.0
253.55038200000004 0.0 0.0
254.51038200000005 1.0 0.0
255.47038200000003 0.0 0.0
256.430382 1.0 1.0
257.39038200000005 0.0 0.0
258.350382 1.0 0.0
259.31038200000006 0.0 0.0
260.27038200000004 1.0 1.0
261.230382 0.0 0.0
262.19038200000006 1.0 0.0
263.15038200000004 0.0 0.0
264.110382 1.0 1.0
265.07038200000005 0.0 0.0
266.03038200000003 1.0 1.0
266.99038200000007 0.0 0.0
267.95038200000005 0.0 0.0