0.8099991360000001 0.0 0.0
1.692351136 1.0 1.0
2.574703136 0.0 0.0
3.457055136 1.0 0.0
4.339407136 0.0 0.0
5.221759136 1.0 1.0
6.104111136 0.0 0.0
6.986463136 1.0 0.0
7.868815135999999 0.0 0.0
8.751167136 1.0 1.0
9.633519135999999 0.0 0.0
10.515871136 1.0 0.0
11.398223135999999 0.0 0.0
12.280575136 1.0 1.0
13.162927135999999 0.0 0.0
14.045279136 1.0 0.0
14.927631135999999 0.0 0.0
15.809983136 1.0 1.0
16.692335136 0.0 0.0
17.574687135999998 1.0 0.0
18.457039136 0.0 0.0
19.339391136 1.0 1.0
20.221743136 0.0 0.0
21.104095135999998 1.0 0.0
21.986447136 0.0 0.0
22.868799136 1.0 1.0
23.751151136 0.0 0.0
24.633503135999998 1.0 0.0
25.515855136 0.0 0.0
26.398207136 1.0 1.0
27.280559136 0.0 0.0
28.162911135999998 1.0 0.0
29.045263136 0.0 0.0
29.927615136 1.0 1.0
30.809967136 0.0 0.0
31.692319136 1.0 0.0
32.574671136 0.0 0.0
33.457023136 1.0 1.0
34.339375136 0.0 0.0
35.221727136 1.0 0.0
36.104079135999996 0.0 0.0
36.986431136 1.0 1.0
37.868783136 0.0 0.0
38.751135136 1.0 0.0
39.633487136 0.0 0.0
40.515839136 1.0 1.0
41.398191136 0.0 0.0
42.280543136 1.0 0.0
43.162895135999996 0.0 0.0
44.045247136 1.0 1.0
44.927599136 0.0 0.0
45.809951136 1.0 0.0
46.692303136 0.0 0.0
47.574655136 1.0 1.0
48.457007136 0.0 0.0
49.339359136 1.0 0.0
50.221711135999996 0.0 0.0
51.104063136 1.0 1.0
51.986415136 0.0 0.0
52.868767136 1.0 0.0
53.751119136 0.0 0.0
54.633471136 1.0 1.0
55.515823136 0.0 0.0
56.398175136 1.0 0.0
57.280527136 0.0 0.0
58.16287913600001 1.0 1.0
59.045231136000005 0.0 0.0
59.927583136 1.0 0.0
60.809935136 0.0 0.0
61.692287136 1.0 1.0
62.574639136 0.0 0.0
63.456991136 1.0 0.0
64.339343136 0.0 0.0
65.221695136 1.0 1.0
66.104047136 0.0 0.0
66.986399136 1.0 0.0
67.868751136 0.0 0.0
68.751103136 1.0 1.0
69.633455136 0.0 0.0
70.515807136 1.0 0.0
71.398159136 0.0 0.0
72.280511136 1.0 1.0
73.162863136 0.0 0.0
74.045215136 1.0 0.0
74.927567136 0.0 0.0
75.809919136 1.0 1.0
76.692271136 0.0 0.0
77.574623136 1.0 0.0
78.456975136 0.0 0.0
79.339327136 1.0 1.0
80.221679136 0.0 0.0
81.104031136 1.0 0.0
81.986383136 0.0 0.0
82.868735136 1.0 1.0
83.751087136 0.0 0.0
84.63343913599999 1.0 0.0
85.515791136 0.0 0.0
86.398143136 1.0 1.0
87.280495136 0.0 0.0
88.162847136 1.0 0.0
89.045199136 0.0 0.0
89.927551136 1.0 1.0
90.809903136 0.0 0.0
91.692255136 1.0 0.0
92.574607136 0.0 0.0
93.456959136 1.0 1.0
94.339311136 0.0 0.0
95.221663136 1.0 0.0
96.104015136 0.0 0.0
96.986367136 1.0 1.0
97.868719136 0.0 0.0
98.751071136 1.0 0.0
99.633423136 0.0 0.0
100.515775136 1.0 1.0
101.398127136 0.0 0.0
102.280479136 1.0 0.0
103.162831136 0.0 0.0
104.045183136 1.0 1.0
104.927535136 0.0 0.0
105.809887136 1.0 0.0
106.692239136 0.0 0.0
107.574591136 1.0 1.0
108.456943136 0.0 0.0
109.339295136 1.0 0.0
110.221647136 0.0 0.0
111.103999136 1.0 1.0
111.986351136 0.0 0.0
112.868703136 1.0 0.0
113.751055136 0.0 0.0
114.633407136 1.0 1.0
115.515759136 0.0 0.0
116.398111136 1.0 0.0
117.280463136 0.0 0.0
118.162815136 1.0 1.0
119.045167136 0.0 0.0
119.927519136 1.0 0.0
120.809871136 0.0 0.0
121.692223136 1.0 1.0
122.574575136 0.0 0.0
123.456927136 1.0 0.0
124.339279136 0.0 0.0
125.221631136 1.0 1.0
126.103983136 0.0 0.0
126.986335136 1.0 0.0
127.868687136 0.0 0.0
128.751039136 1.0 1.0
129.633391136 0.0 0.0
130.515743136 1.0 0.0
131.398095136 0.0 0.0
132.280447136 1.0 1.0
133.162799136 0.0 0.0
134.045151136 1.0 0.0
134.927503136 0.0 0.0
135.809855136 1.0 1.0
136.692207136 0.0 0.0
137.574559136 1.0 0.0
138.456911136 0.0 0.0
139.339263136 1.0 1.0
140.221615136 0.0 0.0
141.103967136 1.0 0.0
141.986319136 0.0 0.0
142.868671136 1.0 1.0
143.751023136 0.0 0.0
144.633375136 1.0 0.0
145.515727136 0.0 0.0
146.398079136 1.0 1.0
147.280431136 0.0 0.0
148.162783136 1.0 0.0
149.045135136 0.0 0.0
149.927487136 1.0 1.0
150.809839136 0.0 0.0
151.692191136 1.0 0.0
152.574543136 0.0 0.0
153.456895136 1.0 1.0
154.339247136 0.0 0.0
155.221599136 1.0 0.0
156.103951136 0.0 0.0
156.986303136 1.0 1.0
157.868655136 0.0 0.0
158.751007136 1.0 0.0
159.633359136 0.0 0.0
160.515711136 1.0 1.0
161.398063136 0.0 0.0
162.280415136 1.0 0.0
163.162767136 0.0 0.0
164.045119136 1.0 1.0
164.927471136 0.0 0.0
165.809823136 1.0 0.0
166.692175136 0.0 0.0
167.574527136 1.0 1.0
168.456879136 0.0 0.0
169.339231136 1.0 0.0
170.221583136 0.0 0.0
171.103935136 1.0 1.0
171.986287136 0.0 0.0
172.868639136 1.0 0.0
173.750991136 0.0 0.0
174.633343136 1.0 1.0
175.515695136 0.0 0.0
176.398047136 1.0 0.0
177.280399136 0.0 0.0
178.162751136 1.0 1.0
179.045103136 0.0 0.0
179.927455136 1.0 0.0
180.809807136 0.0 0.0
181.692159136 1.0 1.0
182.574511136 0.0 0.0
183.456863136 1.0 0.0
184.339215136 0.0 0.0
185.221567136 1.0 1.0
186.103919136 0.0 0.0
186.986271136 1.0 0.0
187.868623136 0.0 0.0
188.750975136 1.0 1.0
189.633327136 0.0 0.0
190.515679136 1.0 0.0
191.39803113600001 0.0 0.0
192.280383136 1.0 1.0
193.162735136 0.0 0.0
194.045087136 1.0 0.0
194.927439136 0.0 0.0
195.809791136 1.0 1.0
196.692143136 0.0 0.0
197.574495136 1.0 0.0
198.456847136 0.0 0.0
199.339199136 1.0 1.0
200.221551136 0.0 0.0
201.103903136 1.0 0.0
201.986255136 0.0 0.0
202.868607136 1.0 1.0
203.750959136 0.0 0.0
204.633311136 1.0 0.0
205.515663136 0.0 0.0
206.398015136 1.0 1.0
207.280367136 0.0 0.0
208.162719136 1.0 0.0
209.045071136 0.0 0.0
209.927423136 1.0 1.0
210.809775136 0.0 0.0
211.692127136 1.0 0.0
212.574479136 0.0 0.0
213.456831136 1.0 1.0
214.339183136 0.0 0.0
215.221535136 1.0 0.0
216.103887136 0.0 0.0
216.986239136 1.0 1.0
217.868591136 0.0 0.0
218.750943136 1.0 0.0
219.633295136 0.0 0.0
220.515647136 1.0 1.0
221.397999136 0.0 0.0
222.280351136 1.0 0.0
223.162703136 0.0 0.0
224.045055136 1.0 1.0
224.927407136 0.0 0.0
225.809759136 1.0 0.0
226.692111136 0.0 0.0
227.574463136 1.0 1.0
228.456815136 0.0 0.0
229.33916713600001 1.0 0.0
230.221519136 0.0 0.0
231.103871136 1.0 1.0
231.986223136 0.0 0.0
232.868575136 1.0 0.0
233.750927136 0.0 0.0
234.633279136 1.0 0.0
235.515631136 0.0 0.0
236.397983136 1.0 1.0
237.280335136 0.0 0.0
238.162687136 1.0 0.0
239.045039136 0.0 0.0
239.927391136 1.0 1.0
240.809743136 0.0 0.0
241.69209513600003 1.0 0.0
242.57444713600003 0.0 0.0
243.45679913600003 1.0 1.0
244.33915113600003 0.0 0.0