0.48648600000000003 1.0 1.0
1.297296 0.0 0.0
2.1081060000000003 1.0 0.0
2.9189160000000003 0.0 0.0
3.7297260000000003 1.0 1.0
4.540536 0.0 0.0
5.351346 1.0 0.0
6.162156 0.0 0.0
6.972966 1.0 1.0
7.7837760000000005 0.0 0.0
8.594586000000001 1.0 0.0
9.405396000000001 0.0 0.0
10.216206000000001 1.0 1.0
11.027016000000001 0.0 0.0
11.837826000000002 1.0 0.0
12.648636000000002 0.0 0.0
13.459446000000003 1.0 1.0
14.270256000000002 0.0 0.0
15.081066000000002 1.0 0.0
15.891876000000002 0.0 0.0
16.702686 1.0 1.0
17.513496 0.0 0.0
18.324306 1.0 0.0
19.135116 0.0 0.0
19.945926 1.0 1.0
20.756736 0.0 0.0
21.567546 1.0 0.0
22.378356 0.0 0.0
23.189166000000004 1.0 1.0
23.999976000000004 0.0 0.0
24.810786000000004 1.0 0.0
25.621596000000004 0.0 0.0
26.432406000000004 1.0 1.0
27.243216000000004 0.0 0.0
28.054026000000004 1.0 0.0
28.864836000000004 0.0 0.0
29.675646000000004 1.0 1.0
30.486456000000004 0.0 0.0
31.297266000000004 1.0 0.0
32.108076000000004 0.0 0.0
32.918886 1.0 1.0
33.729696000000004 0.0 0.0
34.540506 1.0 0.0
35.351316000000004 0.0 0.0
36.162126 1.0 1.0
36.972936000000004 0.0 0.0
37.783746 1.0 0.0
38.594556000000004 0.0 0.0
39.405366 1.0 1.0
40.216176000000004 0.0 0.0
41.026986 1.0 1.0
41.837796000000004 0.0 0.0
42.648606 1.0 0.0
43.459416000000004 0.0 0.0
44.270226 1.0 1.0
45.081036000000005 0.0 0.0
45.891846 1.0 0.0
46.702656000000005 0.0 0.0
47.513466 1.0 1.0
48.324276000000005 0.0 0.0
49.135086 1.0 0.0
49.945896000000005 0.0 0.0
50.756706 1.0 1.0
51.567516000000005 0.0 0.0
52.378326 1.0 0.0
53.189136 0.0 0.0
53.999946 1.0 1.0
54.810756 0.0 0.0
55.621566 1.0 0.0
56.432376000000005 0.0 0.0
57.243186 1.0 1.0
58.053996000000005 0.0 0.0
58.864806 1.0 0.0
59.675616000000005 0.0 0.0
60.486426 1.0 1.0
61.297236000000005 0.0 0.0
62.10804600000001 1.0 0.0
62.918856000000005 0.0 0.0
63.72966600000001 1.0 1.0
64.54047600000001 0.0 0.0
65.351286 1.0 0.0
66.162096 0.0 0.0
66.97290600000001 1.0 1.0
67.78371600000001 0.0 0.0
68.594526 1.0 0.0
69.405336 0.0 0.0
70.21614600000001 1.0 1.0
71.02695600000001 0.0 0.0
71.837766 1.0 0.0
72.648576 0.0 0.0
73.45938600000001 1.0 1.0
74.27019600000001 0.0 0.0
75.081006 1.0 0.0
75.891816 0.0 0.0
76.70262600000001 1.0 1.0
77.51343600000001 0.0 0.0
78.324246 1.0 0.0
79.135056 0.0 0.0
79.94586600000001 1.0 1.0
80.75667600000001 0.0 0.0
81.567486 1.0 1.0
82.378296 0.0 0.0
83.18910600000001 1.0 0.0
83.99991600000001 0.0 0.0
84.810726 1.0 1.0
85.621536 0.0 0.0
86.43234600000001 1.0 0.0
87.24315600000001 0.0 0.0
88.053966 1.0 1.0
88.864776 0.0 0.0
89.67558600000001 1.0 0.0
90.48639600000001 0.0 0.0
91.297206 1.0 1.0
92.108016 0.0 0.0
92.91882600000001 1.0 0.0
93.72963600000001 0.0 0.0
94.540446 1.0 1.0
95.351256 0.0 0.0
96.16206600000001 1.0 0.0
96.97287600000001 0.0 0.0
97.783686 1.0 1.0
98.594496 0.0 0.0
99.40530600000001 1.0 0.0
100.21611600000001 0.0 0.0
101.026926 1.0 1.0
101.837736 0.0 0.0
102.64854600000001 1.0 0.0
103.45935600000001 0.0 0.0
104.270166 1.0 1.0
105.080976 0.0 0.0
105.89178600000001 1.0 0.0
106.70259600000001 0.0 0.0
107.513406 1.0 1.0
108.324216 0.0 0.0
109.13502600000001 1.0 0.0
109.94583600000001 0.0 0.0
110.756646 1.0 1.0
111.567456 0.0 0.0
112.37826600000001 1.0 0.0
113.18907600000001 0.0 0.0
113.999886 1.0 1.0
114.81069600000001 0.0 0.0
115.62150600000001 1.0 0.0
116.43231600000001 0.0 0.0
117.243126 1.0 1.0
118.05393600000001 0.0 0.0
118.86474600000001 1.0 0.0
119.67555600000001 0.0 0.0
120.486366 1.0 1.0
121.29717600000001 0.0 0.0
122.10798600000001 1.0 1.0
122.91879600000001 0.0 0.0
123.729606 1.0 0.0
124.54041600000001 0.0 0.0
125.35122600000001 1.0 1.0
126.16203600000001 0.0 0.0
126.972846 1.0 0.0
127.78365600000001 0.0 0.0
128.594466 1.0 1.0
129.40527600000001 0.0 0.0
130.21608600000002 1.0 0.0
131.02689600000002 0.0 0.0
131.837706 1.0 1.0
132.648516 0.0 0.0
133.459326 1.0 0.0
134.270136 0.0 0.0
135.080946 1.0 1.0
135.89175600000002 0.0 0.0
136.70256600000002 1.0 0.0
137.51337600000002 0.0 0.0
138.32418600000003 1.0 1.0
139.134996 0.0 0.0
139.945806 1.0 0.0
140.756616 0.0 0.0
141.567426 1.0 1.0
142.37823600000002 0.0 0.0
143.18904600000002 1.0 0.0
143.99985600000002 0.0 0.0
144.81066600000003 1.0 1.0
145.621476 0.0 0.0
146.432286 1.0 0.0
147.243096 0.0 0.0
148.053906 1.0 1.0
148.86471600000002 0.0 0.0
149.67552600000002 1.0 0.0
150.48633600000002 0.0 0.0
151.29714600000003 1.0 1.0
152.107956 0.0 0.0
152.918766 1.0 0.0
153.729576 0.0 0.0
154.540386 1.0 1.0
155.35119600000002 0.0 0.0
156.16200600000002 1.0 0.0
156.97281600000002 0.0 0.0
157.78362600000003 1.0 1.0
158.594436 0.0 0.0
159.405246 1.0 0.0
160.216056 0.0 0.0
161.026866 1.0 1.0
161.83767600000002 0.0 0.0
162.64848600000002 1.0 1.0
163.45929600000002 0.0 0.0
164.27010600000003 1.0 0.0
165.080916 0.0 0.0
165.891726 1.0 1.0
166.702536 0.0 0.0
167.513346 1.0 0.0
168.32415600000002 0.0 0.0
169.13496600000002 1.0 1.0
169.94577600000002 0.0 0.0
170.75658600000003 1.0 0.0
171.567396 0.0 0.0
172.378206 1.0 1.0
173.189016 0.0 0.0
173.999826 1.0 0.0
174.81063600000002 0.0 0.0
175.62144600000002 1.0 1.0
176.43225600000002 0.0 0.0
177.24306600000003 1.0 0.0
178.053876 0.0 0.0
178.864686 1.0 1.0
179.675496 0.0 0.0
180.486306 1.0 0.0
181.29711600000002 0.0 0.0
182.10792600000002 1.0 1.0
182.91873600000002 0.0 0.0
183.72954600000003 1.0 0.0
184.540356 0.0 0.0
185.351166 1.0 1.0
186.161976 0.0 0.0
186.972786 1.0 0.0
187.78359600000002 0.0 0.0
188.59440600000002 1.0 1.0
189.40521600000002 0.0 0.0
190.21602600000003 1.0 0.0
191.026836 0.0 0.0
191.837646 1.0 1.0
192.648456 0.0 0.0
193.459266 1.0 0.0
194.27007600000002 0.0 0.0
195.08088600000002 1.0 1.0
195.89169600000002 0.0 0.0
196.70250600000003 1.0 0.0
197.513316 0.0 0.0
198.324126 1.0 1.0
199.134936 0.0 0.0
199.945746 1.0 0.0
200.75655600000002 0.0 0.0
201.56736600000002 1.0 1.0
202.37817600000002 0.0 0.0
203.18898600000003 1.0 0.0
203.999796 0.0 0.0
204.810606 1.0 1.0
205.621416 0.0 0.0
206.432226 1.0 0.0
207.24303600000002 0.0 0.0
208.05384600000005 1.0 1.0
208.86465600000005 0.0 0.0
209.67546600000003 1.0 0.0
210.48627600000003 0.0 0.0
211.29708600000004 1.0 1.0
212.10789600000004 0.0 0.0
212.91870600000004 1.0 0.0
213.72951600000005 0.0 0.0
214.54032600000005 1.0 1.0
215.35113600000005 0.0 0.0
216.16194600000003 1.0 0.0
216.97275600000003 0.0 0.0
217.78356600000004 1.0 1.0
218.59437600000004 0.0 0.0
219.40518600000004 1.0 0.0
220.21599600000005 0.0 0.0
221.02680600000005 1.0 1.0
221.83761600000003 0.0 0.0
222.64842600000003 1.0 0.0
223.45923600000003 0.0 0.0
224.270046 1.0 1.0
225.080856 0.0 0.0
225.89166600000001 1.0 0.0
226.70247600000002 0.0 0.0
227.51328600000002 1.0 1.0
228.32409600000003 0.0 0.0
229.13490600000003 1.0 0.0
229.94571600000003 0.0 0.0
230.756526 1.0 1.0
231.567336 0.0 0.0
232.37814600000002 1.0 0.0
233.18895600000002 0.0 0.0
233.99976600000002 1.0 1.0
234.81057600000003 0.0 0.0
235.62138600000003 1.0 0.0
236.43219600000003 0.0 0.0
237.243006 1.0 1.0
238.053816 0.0 0.0
238.86462600000002 1.0 0.0
239.67543600000002 0.0 0.0
240.48624600000002 1.0 1.0
241.29705600000003 0.0 0.0
242.10786600000003 1.0 0.0
242.91867600000003 0.0 0.0
243.729486 1.0 1.0
244.540296 0.0 0.0
245.35110600000002 1.0 0.0
246.16191600000002 0.0 0.0
246.97272600000002 1.0 1.0
247.78353600000003 0.0 0.0
248.59434600000003 1.0 0.0
249.40515600000003 0.0 0.0
250.215966 1.0 1.0
251.026776 0.0 0.0
251.83758600000002 1.0 0.0
252.64839600000002 0.0 0.0
253.45920600000002 1.0 1.0
254.27001600000003 0.0 0.0
255.08082600000003 1.0 0.0
255.89163600000003 0.0 0.0
256.702446 1.0 1.0
257.513256 0.0 0.0
258.324066 1.0 0.0
259.134876 0.0 0.0
259.945686 1.0 1.0
260.756496 0.0 0.0
261.56730600000003 1.0 0.0
262.37811600000003 0.0 0.0
263.18892600000004 1.0 1.0
263.99973600000004 0.0 0.0
264.81054600000004 1.0 0.0
265.62135600000005 0.0 0.0
266.432166 1.0 1.0
267.242976 0.0 0.0
268.053786 1.0 0.0
268.864596 0.0 0.0
269.675406 1.0 1.0
270.486216 0.0 0.0
271.297026 1.0 0.0
272.107836 0.0 0.0
272.918646 1.0 1.0
273.729456 0.0 0.0
274.54026600000003 1.0 0.0
275.35107600000003 0.0 0.0
276.16188600000004 1.0 1.0
276.97269600000004 0.0 0.0
277.78350600000005 1.0 0.0
278.59431600000005 0.0 0.0