0.340804189 0.0 0.0
1.052295189 1.0 1.0
1.7637861890000002 0.0 0.0
2.4752771890000003 1.0 0.0
3.186768189 0.0 0.0
3.898259189 1.0 1.0
4.609750189 0.0 0.0
5.321241189 0.0 0.0
6.032732189 1.0 1.0
6.744223189 0.0 0.0
7.455714189 1.0 0.0
8.167205189 0.0 0.0
8.878696189 1.0 1.0
9.590187189 0.0 0.0
10.301678189 1.0 0.0
11.013169189000001 0.0 0.0
11.724660189 1.0 1.0
12.436151189 0.0 0.0
13.147642189 1.0 0.0
13.859133189 0.0 0.0
14.570624189 1.0 1.0
15.282115189 0.0 0.0
15.993606189 1.0 0.0
16.705097189 0.0 0.0
17.416588189 1.0 1.0
18.128079189 0.0 0.0
18.839570189 1.0 0.0
19.551061189 0.0 0.0
20.262552189 1.0 1.0
20.974043189 0.0 0.0
21.685534189 1.0 0.0
22.397025189 0.0 0.0
23.108516189 1.0 1.0
23.820007189000002 0.0 0.0
24.531498188999997 1.0 0.0
25.242989188999996 0.0 0.0
25.954480188999998 1.0 1.0
26.665971188999997 0.0 0.0
27.377462188999996 1.0 0.0
28.088953188999998 0.0 0.0
28.800444188999997 1.0 1.0
29.511935189 0.0 0.0
30.223426188999998 1.0 0.0
30.934917188999997 0.0 0.0
31.646408189 1.0 1.0
32.357899188999994 0.0 0.0
33.069390188999996 1.0 0.0
33.780881189 0.0 0.0
34.492372188999994 1.0 1.0
35.203863188999996 0.0 0.0
35.915354189 1.0 0.0
36.626845189 0.0 0.0
37.338336188999996 1.0 1.0
38.049827189 0.0 0.0
38.761318189 1.0 0.0
39.472809188999996 0.0 0.0
40.184300189 1.0 1.0
40.895791189 0.0 0.0
41.607282188999996 1.0 0.0
42.318773189 0.0 0.0
43.030264189 1.0 1.0
43.741755188999996 0.0 0.0
44.453246189 1.0 0.0
45.164737189 0.0 0.0
45.876228188999995 1.0 1.0
46.587719189 0.0 0.0
47.299210189 1.0 0.0
48.010701188999995 0.0 0.0
48.722192189 1.0 1.0
49.433683189 0.0 0.0
50.145174188999995 1.0 0.0
50.856665189 0.0 0.0
51.568156189 1.0 1.0
52.279647188999995 0.0 0.0
52.991138189 1.0 0.0
53.702629189 0.0 0.0
54.414120188999995 1.0 1.0
55.125611189 0.0 0.0
55.837102189 1.0 0.0
56.548593188999995 0.0 0.0
57.260084189 1.0 1.0
57.971575189 0.0 0.0
58.683066188999994 1.0 0.0
59.394557189 0.0 0.0
60.106048189 1.0 1.0
60.817539188999994 0.0 0.0
61.529030189 1.0 0.0
62.240521189 0.0 0.0
62.952012188999994 1.0 1.0
63.663503189 0.0 0.0
64.37499418899999 1.0 0.0
65.086485189 0.0 0.0
65.797976189 1.0 1.0
66.50946718899999 0.0 0.0
67.220958189 1.0 0.0
67.932449189 0.0 0.0
68.64394018899999 1.0 1.0
69.355431189 0.0 0.0
70.066922189 1.0 0.0
70.77841318899999 0.0 0.0
71.489904189 1.0 1.0
72.201395189 0.0 0.0
72.91288618899999 1.0 0.0
73.624377189 0.0 0.0
74.335868189 1.0 1.0
75.04735918899999 0.0 0.0
75.758850189 1.0 0.0
76.470341189 0.0 0.0
77.18183218899999 1.0 1.0
77.893323189 0.0 0.0
78.604814189 1.0 0.0
79.31630518899999 0.0 0.0
80.027796189 1.0 1.0
80.739287189 0.0 0.0
81.45077818899999 1.0 0.0
82.162269189 0.0 0.0
82.873760189 1.0 1.0
83.58525118899999 0.0 0.0
84.296742189 1.0 0.0
85.008233189 0.0 0.0
85.719724189 1.0 1.0
86.431215189 0.0 0.0
87.142706189 1.0 0.0
87.854197189 0.0 0.0
88.565688189 1.0 1.0
89.277179189 0.0 0.0
89.988670189 1.0 0.0
90.700161189 0.0 0.0
91.41165218900001 1.0 1.0
92.123143189 0.0 0.0
92.83463418900001 1.0 0.0
93.54612518900001 0.0 0.0
94.257616189 1.0 1.0
94.96910718900001 0.0 0.0
95.68059818900001 1.0 0.0
96.392089189 0.0 0.0
97.10358018900001 1.0 1.0
97.81507118900002 0.0 0.0
98.52656218900002 1.0 0.0
99.23805318900001 0.0 0.0
99.94954418900002 1.0 1.0
100.66103518900002 0.0 0.0
101.37252618900001 1.0 0.0
102.08401718900002 0.0 0.0
102.79550818900002 1.0 1.0
103.50699918900001 0.0 0.0
104.21849018900002 1.0 0.0
104.92998118900002 0.0 0.0
105.64147218900001 1.0 1.0
106.35296318900002 0.0 0.0
107.06445418900002 1.0 0.0
107.77594518900001 0.0 0.0
108.48743618900002 1.0 1.0
109.19892718900002 0.0 0.0
109.91041818900001 1.0 0.0
110.62190918900002 0.0 0.0
111.33340018900002 1.0 1.0
112.04489118900001 0.0 0.0
112.75638218900002 1.0 0.0
113.46787318900002 0.0 0.0
114.17936418900001 1.0 1.0
114.89085518900002 0.0 0.0
115.60234618900002 1.0 0.0
116.31383718900003 0.0 0.0
117.02532818900002 1.0 1.0
117.73681918900002 0.0 0.0
118.44831018900003 1.0 0.0
119.15980118900002 0.0 0.0
119.87129218900002 1.0 1.0
120.58278318900003 0.0 0.0
121.29427418900002 1.0 0.0
122.00576518900002 0.0 0.0
122.71725618900003 1.0 1.0
123.42874718900002 0.0 0.0
124.14023818900002 1.0 0.0
124.85172918900003 0.0 0.0
125.56322018900002 1.0 1.0
126.27471118900002 0.0 0.0
126.98620218900002 1.0 0.0
127.69769318900002 0.0 0.0
128.40918418900003 1.0 1.0
129.12067518900002 0.0 0.0
129.83216618900002 1.0 0.0
130.54365718900002 0.0 0.0
131.255148189 1.0 1.0
131.966639189 0.0 0.0
132.67813018900003 1.0 0.0
133.38962118900002 0.0 0.0
134.10111218900002 1.0 1.0
134.81260318900001 0.0 0.0
135.524094189 1.0 0.0
136.235585189 0.0 0.0
136.94707618900003 1.0 1.0
137.65856718900002 0.0 0.0
138.37005818900002 1.0 0.0
139.08154918900001 0.0 0.0
139.793040189 1.0 1.0
140.504531189 0.0 0.0
141.21602218900003 1.0 0.0
141.92751318900002 0.0 0.0
142.63900418900002 1.0 1.0
143.35049518900001 0.0 0.0
144.061986189 1.0 0.0
144.773477189 0.0 0.0
145.48496818900003 1.0 1.0
146.19645918900002 0.0 0.0
146.90795018900002 1.0 0.0
147.60898174500002 0.0 0.0
148.298636745 1.0 1.0
148.99875118900002 0.0 0.0
149.710242189 1.0 0.0
150.421733189 0.0 0.0
151.133224189 1.0 1.0
151.84471518900003 0.0 0.0
152.55620618900002 1.0 0.0
153.26769718900002 0.0 0.0
153.979188189 1.0 1.0
154.690679189 0.0 0.0
155.402170189 1.0 0.0
156.11366118900003 0.0 0.0
156.82515218900002 1.0 1.0
157.53664318900002 0.0 0.0
158.248134189 1.0 0.0
158.959625189 0.0 0.0
159.67111618900003 1.0 1.0
160.38260718900003 0.0 0.0
161.09409818900002 1.0 0.0
161.80558918900002 0.0 0.0
162.517080189 1.0 1.0
163.228571189 0.0 0.0
163.940062189 1.0 0.0
164.65155318900003 0.0 0.0
165.36304418900002 1.0 1.0
166.07453518900002 0.0 0.0
166.786026189 1.0 0.0
167.497517189 0.0 0.0
168.20900818900003 1.0 1.0
168.92049918900003 0.0 0.0
169.63199018900002 1.0 0.0
170.34348118900002 0.0 0.0
171.054972189 1.0 1.0
171.766463189 0.0 0.0
172.477954189 1.0 0.0
173.18944518900003 0.0 0.0
173.90093618900002 1.0 1.0
174.61242718900002 0.0 0.0
175.323918189 1.0 0.0
176.035409189 0.0 0.0
176.74690018900003 1.0 1.0
177.45839118900003 0.0 0.0
178.16988218900002 1.0 0.0
178.88137318900002 0.0 0.0
179.592864189 1.0 1.0
180.304355189 0.0 0.0
181.015846189 1.0 0.0
181.72733718900002 0.0 0.0
182.438828189 1.0 1.0
183.150319189 0.0 0.0
183.86181018899998 1.0 0.0
184.573301189 0.0 0.0
185.284792189 1.0 1.0
185.996283189 0.0 0.0
186.707774189 1.0 0.0
187.419265189 0.0 0.0
188.130756189 1.0 1.0
188.84224718899998 0.0 0.0
189.553738189 1.0 0.0
190.265229189 0.0 0.0
190.976720189 1.0 1.0
191.688211189 0.0 0.0
192.39970218899998 1.0 0.0
193.111193189 0.0 0.0
193.822684189 1.0 1.0
194.534175189 0.0 0.0
195.245666189 1.0 0.0
195.957157189 0.0 0.0
196.668648189 1.0 1.0
197.38013918899998 0.0 0.0
198.091630189 1.0 0.0
198.803121189 0.0 0.0
199.514612189 1.0 1.0
200.22610318899999 0.0 0.0
200.93759418899998 1.0 0.0
201.649085189 0.0 0.0
202.360576189 1.0 1.0
203.072067189 0.0 0.0
203.783558189 1.0 0.0
204.49504918899999 0.0 0.0
205.206540189 1.0 1.0
205.918031189 0.0 0.0
206.629522189 1.0 0.0
207.341013189 0.0 0.0
208.052504189 1.0 1.0
208.76399518899998 0.0 0.0
209.47548618899998 1.0 0.0
210.186977189 0.0 0.0
210.898468189 1.0 1.0
211.609959189 0.0 0.0
212.321450189 1.0 0.0
213.03294118899998 0.0 0.0
213.744432189 1.0 1.0
214.45592318899998 0.0 0.0
215.167414189 1.0 0.0
215.878905189 0.0 0.0
216.590396189 1.0 1.0
217.301887189 0.0 0.0
218.01337818899998 1.0 0.0
218.724869189 0.0 0.0
219.436360189 0.0 0.0