1.51	1.0
1.98	2.0
2.46	3.0
2.92	4.0
3.4	1.0
3.87	2.0
4.36	3.0
4.82	4.0
5.32	1.0
5.77	2.0
6.25	3.0
6.72	4.0
7.19	1.0
7.66	2.0
8.14	3.0
8.62	4.0
9.08	1.0
9.56	2.0
10.03	3.0
10.5	4.0
10.97	1.0
11.45	2.0
11.91	3.0
12.38	4.0
12.88	1.0
13.35	2.0
13.83	3.0
14.3	4.0
14.76	1.0
15.24	2.0
15.7	3.0
16.17	4.0
16.64	1.0
17.11	2.0
17.59	3.0
18.06	4.0
18.53	1.0
19.01	2.0
19.48	3.0
19.95	4.0
20.43	1.0
20.9	2.0
21.37	3.0
21.85	4.0
22.32	1.0
22.79	2.0
23.27	3.0
23.74	4.0
24.21	1.0
24.69	2.0
25.16	3.0
25.64	4.0
26.11	1.0
26.58	2.0
27.05	3.0
27.53	4.0
28.0	1.0
28.47	2.0
28.95	3.0
29.42	4.0
29.89	1.0
30.37	2.0
30.84	3.0
31.32	4.0
31.79	1.0
32.26	2.0
32.73	3.0
33.21	4.0
33.68	1.0
34.15	2.0
34.62	3.0
35.1	4.0
35.58	1.0
36.05	2.0
36.52	3.0
36.99	4.0
37.47	1.0
37.94	2.0
38.41	3.0
38.89	4.0
39.36	1.0
39.83	2.0
40.3	3.0
40.78	4.0
41.25	1.0
41.73	2.0
42.2	3.0
42.67	4.0
43.15	1.0
43.62	2.0
44.09	3.0
44.56	4.0
45.04	1.0
45.51	2.0
45.99	3.0
46.46	4.0
46.93	1.0
47.41	2.0
47.88	3.0
48.35	4.0
48.83	1.0
49.3	2.0
49.77	3.0
50.25	4.0
50.72	1.0
51.19	2.0
51.66	3.0
52.14	4.0
52.61	1.0
53.08	2.0
53.56	3.0
54.03	4.0
54.51	1.0
54.98	2.0
55.45	3.0
55.93	4.0
56.4	1.0
56.87	2.0
57.34	3.0
57.82	4.0
58.29	1.0
58.76	2.0
59.24	3.0
59.71	4.0
60.18	1.0
60.66	2.0
61.13	3.0
61.6	4.0
62.08	1.0
62.55	2.0
63.02	3.0
63.5	4.0
63.97	1.0
64.44	2.0
64.92	3.0
65.39	4.0
65.87	1.0
66.34	2.0
66.81	3.0
67.29	4.0
67.76	1.0
68.23	2.0
68.7	3.0
69.18	4.0
69.65	1.0
70.13	2.0
70.59	3.0
71.07	4.0
71.55	1.0
72.02	2.0
72.49	3.0
72.96	4.0
73.44	1.0
73.91	2.0
74.38	3.0
74.86	4.0
75.33	1.0
75.8	2.0
76.28	3.0
76.75	4.0
77.23	1.0
77.7	2.0
78.17	3.0
78.65	4.0
79.12	1.0
79.59	2.0
80.06	3.0
80.54	4.0
81.01	1.0
81.48	2.0
81.96	3.0
82.43	4.0
82.9	1.0
83.38	2.0
83.85	3.0
84.33	4.0
84.8	1.0
85.27	2.0
85.74	3.0
86.22	4.0
86.69	1.0
87.16	2.0
87.63	3.0
88.11	4.0
88.58	1.0
89.05	2.0
89.53	3.0
90.0	4.0
90.48	1.0
90.95	2.0
91.42	3.0
91.9	4.0
92.37	1.0
92.84	2.0
93.31	3.0
93.79	4.0
94.26	1.0
94.74	2.0
95.2	3.0
95.68	4.0
96.16	1.0
96.63	2.0
97.1	3.0
97.58	4.0
98.05	1.0
98.52	2.0
98.99	3.0
99.47	4.0
99.94	1.0
100.41	2.0
100.88	3.0
101.36	4.0
101.84	1.0
102.31	2.0
102.78	3.0
103.26	4.0
103.73	1.0
104.2	2.0
104.67	3.0
105.15	4.0
105.62	1.0
106.09	2.0
106.57	3.0
107.04	4.0
107.52	1.0
107.99	2.0
108.46	3.0
108.93	4.0
109.41	1.0
109.88	2.0
110.33	3.0
110.82	4.0
111.3	1.0
111.77	2.0
112.24	3.0
112.72	4.0
113.19	1.0
113.66	2.0
114.14	3.0
114.62	4.0
115.09	1.0
115.56	2.0
116.03	3.0
116.51	4.0
116.98	1.0
117.45	2.0
117.92	3.0
118.4	4.0
118.87	1.0
119.34	2.0
119.82	3.0
120.3	4.0
120.77	1.0
121.24	2.0
121.71	3.0
122.19	4.0
122.66	1.0
123.13	2.0
123.6	3.0
124.08	4.0
124.55	1.0
125.02	2.0
125.5	3.0
125.97	4.0
126.45	1.0
126.92	2.0
127.39	3.0
127.87	4.0
128.34	1.0
128.81	2.0
129.28	3.0
129.76	4.0
130.23	1.0
130.71	2.0
131.18	3.0
131.65	4.0
132.13	1.0
132.6	2.0
133.07	3.0
133.55	4.0
134.02	1.0
134.49	2.0
134.96	3.0
135.44	4.0
135.91	1.0
136.38	2.0
136.85	3.0
137.33	4.0
137.81	1.0
138.28	2.0
138.75	3.0
139.22	4.0
139.7	1.0
140.17	2.0
140.64	3.0
141.12	4.0
141.59	1.0
142.06	2.0
142.54	3.0
143.01	4.0
143.48	1.0
143.96	2.0
144.43	3.0
144.9	4.0
145.38	1.0
145.85	2.0
146.32	3.0
146.8	4.0
147.27	1.0
147.74	2.0
148.22	3.0
148.69	4.0
149.16	1.0
149.63	2.0
150.11	3.0
150.59	4.0
151.06	1.0
151.53	2.0
152.0	3.0
152.48	4.0
152.95	1.0
153.42	2.0
153.89	3.0
154.37	4.0
154.84	1.0
155.32	2.0
155.79	3.0
156.27	4.0
156.74	1.0
157.21	2.0
157.68	3.0
158.16	4.0
158.63	1.0
159.1	2.0
159.57	3.0
160.05	4.0
160.52	1.0
161.0	2.0
161.47	3.0
161.94	4.0
162.41	1.0
162.89	2.0
163.36	3.0
163.83	4.0
164.31	1.0
164.78	2.0
165.25	3.0
165.73	4.0
166.2	1.0
166.67	2.0
167.15	3.0
167.62	4.0
168.1	1.0
168.57	2.0
169.04	3.0
169.52	4.0
169.99	1.0
170.46	2.0
170.93	3.0
171.41	4.0
171.88	1.0
172.35	2.0
172.82	3.0
173.3	4.0
173.77	1.0
174.25	2.0
174.72	3.0
175.19	4.0
175.67	1.0
176.14	2.0
176.61	3.0
177.09	4.0
177.56	1.0
178.03	2.0
178.51	3.0
178.98	4.0
179.45	1.0
179.92	2.0
180.4	3.0
180.87	4.0
181.35	1.0
181.82	2.0
182.29	3.0
182.76	4.0
183.24	1.0
183.71	2.0
184.18	3.0
184.66	4.0
185.13	1.0
185.61	2.0
186.08	3.0
186.55	4.0
187.03	1.0
187.5	2.0
187.97	3.0
188.45	4.0
188.92	1.0
189.4	2.0
189.86	3.0
190.34	4.0
190.82	1.0
191.29	2.0
191.76	3.0
192.23	4.0
192.71	1.0
193.18	2.0
193.65	3.0
194.13	4.0
194.6	1.0
195.07	2.0
195.54	3.0
196.02	4.0
196.49	1.0
196.96	2.0
197.44	3.0
197.91	4.0
198.39	1.0
198.86	2.0
199.33	3.0
199.81	4.0
200.28	1.0
200.75	2.0
201.22	3.0
201.7	4.0
202.17	1.0
202.65	2.0
203.12	3.0
203.6	4.0
204.07	1.0
204.54	2.0
205.01	3.0
205.48	4.0
205.96	1.0
206.43	2.0
206.9	3.0
207.38	4.0
207.85	1.0
208.32	2.0
208.8	3.0
209.27	4.0
209.74	1.0
210.22	2.0
210.69	3.0
211.17	4.0
211.64	1.0
212.11	2.0
212.58	3.0
213.06	4.0
213.53	1.0
214.0	2.0
214.47	3.0
214.95	4.0
215.42	1.0
215.9	2.0
216.37	3.0
216.84	4.0
217.32	1.0
217.79	2.0
218.26	3.0
218.74	4.0
219.21	1.0
219.68	2.0
220.15	3.0
220.63	4.0
221.1	1.0
221.57	2.0
222.05	3.0
222.52	4.0
222.99	1.0
223.47	2.0
223.94	3.0
224.41	4.0
224.89	1.0
225.36	2.0
225.83	3.0
226.31	4.0
226.78	1.0
227.25	2.0
227.73	3.0
228.2	4.0
228.67	1.0
229.14	2.0
229.62	3.0
230.09	4.0
230.56	1.0
231.04	2.0
