0.8802861540000001 1.0 1.0
1.856213154 0.0 0.0
2.832140154 1.0 0.0
3.808067154 0.0 0.0
4.783994154 1.0 1.0
5.759921154 0.0 0.0
6.735848154 1.0 0.0
7.711775154 0.0 0.0
8.687702154 1.0 1.0
9.663629154 0.0 0.0
10.639556154 1.0 0.0
11.615483154 0.0 0.0
12.591410154 1.0 1.0
13.567337154 0.0 0.0
14.543264154 1.0 0.0
15.519191154 0.0 0.0
16.495118154 1.0 1.0
17.471045154000002 0.0 0.0
18.446972154 1.0 0.0
19.422899154000003 0.0 0.0
20.398826154 1.0 1.0
21.374753154 0.0 0.0
22.350680154000003 1.0 0.0
23.326607154 0.0 0.0
24.302534154 1.0 1.0
25.278461154000002 0.0 0.0
26.254388154 1.0 0.0
27.230315154000003 0.0 0.0
28.206242154 1.0 1.0
29.182169154 0.0 0.0
30.158096154000003 1.0 0.0
31.134023154 0.0 0.0
32.109950154 1.0 1.0
33.085877154 0.0 0.0
34.061804154 1.0 0.0
35.037731154 0.0 0.0
36.013658154 1.0 1.0
36.989585154 0.0 0.0
37.965512153999995 1.0 0.0
38.941439154 0.0 0.0
39.917366154 1.0 1.0
40.893293154 0.0 0.0
41.869220154 1.0 0.0
42.845147153999996 0.0 0.0
43.821074153999994 1.0 1.0
44.797001154 0.0 0.0
45.772928154 1.0 0.0
46.748855154 0.0 0.0
47.724782153999996 1.0 1.0
48.700709153999995 0.0 0.0
49.676636154 1.0 1.0
50.652563154 0.0 0.0
51.628490154 1.0 0.0
52.604417154 0.0 0.0
53.580344153999995 1.0 1.0
54.556271154 0.0 0.0
55.532198154 1.0 0.0
56.508125154 0.0 0.0
57.484052154 1.0 1.0
58.459979153999996 0.0 0.0
59.435906153999994 1.0 0.0
60.411833154 0.0 0.0
61.387760154 1.0 1.0
62.363687154 0.0 0.0
63.339614153999996 1.0 0.0
64.315541154 0.0 0.0
65.291468154 1.0 1.0
66.267395154 0.0 0.0
67.243322154 1.0 0.0
68.219249154 0.0 0.0
69.195176154 1.0 1.0
70.171103154 0.0 0.0
71.14703015399999 1.0 0.0
72.12295715399999 0.0 0.0
73.098884154 1.0 1.0
74.074811154 0.0 0.0
75.050738154 1.0 0.0
76.026665154 0.0 0.0
77.002592154 1.0 1.0
77.978519154 0.0 0.0
78.954446154 1.0 0.0
79.930373154 0.0 0.0
80.906300154 1.0 1.0
81.88222715399999 0.0 0.0
82.85815415399999 1.0 0.0
83.834081154 0.0 0.0
84.810008154 1.0 1.0
85.785935154 0.0 0.0
86.761862154 1.0 0.0
87.737789154 0.0 0.0
88.713716154 1.0 1.0
89.689643154 0.0 0.0
90.665570154 1.0 0.0
91.64149715399999 0.0 0.0
92.61742415399999 1.0 1.0
93.59335115399999 0.0 0.0
94.569278154 1.0 0.0
95.545205154 0.0 0.0
96.521132154 1.0 1.0
97.497059154 0.0 0.0
98.472986154 1.0 1.0
99.448913154 0.0 0.0
100.424840154 1.0 0.0
101.400767154 0.0 0.0
102.37669415399999 1.0 1.0
103.35262115399999 0.0 0.0
104.328548154 1.0 0.0
105.304475154 0.0 0.0
106.280402154 1.0 1.0
107.256329154 0.0 0.0
108.232256154 1.0 0.0
109.208183154 0.0 0.0
110.184110154 1.0 1.0
111.160037154 0.0 0.0
112.13596415399999 1.0 0.0
113.11189115399999 0.0 0.0
114.08781815399999 1.0 1.0
115.063745154 0.0 0.0
116.039672154 1.0 0.0
117.015599154 0.0 0.0
117.991526154 1.0 1.0
118.967453154 0.0 0.0
119.943380154 1.0 0.0
120.919307154 0.0 0.0
121.895234154 1.0 1.0
122.87116115399999 0.0 0.0
123.84708815399999 1.0 0.0
124.82301515399999 0.0 0.0
125.79894215399999 1.0 1.0
126.77486915399999 0.0 0.0
127.75079615399999 1.0 0.0
128.72672315399998 0.0 0.0
129.70265015399997 1.0 1.0
130.67857715399998 0.0 0.0
131.654504154 1.0 0.0
132.63043115399998 0.0 0.0
133.606358154 1.0 1.0
134.58228515399998 0.0 0.0
135.558212154 1.0 0.0
136.53413915399997 0.0 0.0
137.510066154 1.0 1.0
138.48599315399997 0.0 0.0
139.46192015399998 1.0 0.0
140.43784715399997 0.0 0.0
141.41377415399998 1.0 1.0
142.389701154 0.0 0.0
143.36562815399998 1.0 0.0
144.341555154 0.0 0.0
145.31748215399998 1.0 1.0
146.293409154 0.0 0.0
147.26933615399997 1.0 1.0
148.24526315399999 0.0 0.0
149.22119015399997 1.0 0.0
150.19711715399998 0.0 0.0
151.17304415399997 1.0 1.0
152.14897115399998 0.0 0.0
153.124898154 1.0 0.0
154.10082515399998 0.0 0.0
155.076752154 1.0 1.0
156.05267915399997 0.0 0.0
157.028606154 1.0 0.0
158.00453315399997 0.0 0.0
158.98046015399999 1.0 1.0
159.95638715399997 0.0 0.0
160.93231415399998 1.0 0.0
161.90824115399997 0.0 0.0
162.88416815399998 1.0 1.0
163.860095154 0.0 0.0
164.83602215399998 1.0 0.0
165.811949154 0.0 0.0
166.78787615399997 1.0 1.0
167.763803154 0.0 0.0
168.73973015399997 1.0 0.0
169.71565715399998 0.0 0.0
170.69158415399997 1.0 1.0
171.66751115399998 0.0 0.0
172.643438154 1.0 0.0
173.61936515399998 0.0 0.0
174.595292154 1.0 1.0
175.57121915399998 0.0 0.0
176.547146154 1.0 0.0
177.52307315399997 0.0 0.0
178.499000154 1.0 1.0
179.47492715399997 0.0 0.0
180.45085415399998 1.0 0.0
181.42678115399997 0.0 0.0
182.40270815399998 1.0 1.0
183.378635154 0.0 0.0
184.35456215399998 1.0 0.0
185.330489154 0.0 0.0
186.30641615399998 1.0 1.0
187.282343154 0.0 0.0
188.25827015399997 1.0 0.0
189.234197154 0.0 0.0
190.21012415399997 1.0 1.0
191.18605115399998 0.0 0.0
192.16197815399997 1.0 0.0
193.13790515399998 0.0 0.0
194.113832154 1.0 1.0
195.08975915399998 0.0 0.0
196.065686154 1.0 1.0
197.04161315399998 0.0 0.0
198.017540154 1.0 0.0
198.99346715399997 0.0 0.0
199.96939415399999 1.0 1.0
200.94532115399997 0.0 0.0
201.92124815399998 1.0 0.0
202.89717515399997 0.0 0.0
203.87310215399998 1.0 1.0
204.849029154 0.0 0.0
205.82495615399998 1.0 0.0
206.800883154 0.0 0.0
207.77681015399997 1.0 1.0
208.752737154 0.0 0.0
209.72866415399997 1.0 0.0
210.70459115399998 0.0 0.0
211.68051815399997 1.0 1.0
212.65644515399998 0.0 0.0
213.63237215399997 1.0 0.0
214.60829915399998 0.0 0.0
215.584226154 1.0 1.0
216.56015315399998 0.0 0.0
217.536080154 1.0 0.0
218.51200715399997 0.0 0.0
219.487934154 1.0 1.0
220.46386115399997 0.0 0.0
221.43978815399998 1.0 0.0
222.41571515399997 0.0 0.0
223.39164215399998 1.0 1.0
224.36756915399997 0.0 0.0
225.34349615399998 1.0 0.0
226.319423154 0.0 0.0
227.29535015399998 1.0 1.0
228.271277154 0.0 0.0
229.24720415399997 1.0 0.0
230.223131154 0.0 0.0
231.19905815399997 1.0 1.0
232.17498515399998 0.0 0.0
233.15091215399997 1.0 0.0
234.12683915399998 0.0 0.0
235.102766154 1.0 1.0
236.07869315399998 0.0 0.0
237.054620154 1.0 0.0
238.03054715399998 0.0 0.0
239.006474154 1.0 1.0
239.98240115399997 0.0 0.0
240.958328154 1.0 0.0
241.93425515399997 0.0 0.0
242.91018215399998 1.0 1.0
243.88610915399997 0.0 0.0
244.86203615399998 1.0 0.0
245.837963154 0.0 0.0
246.81389015399998 1.0 1.0
247.85074815599998 0.0 0.0
248.89422615599997 1.0 1.0
249.93770415599997 0.0 0.0
250.98118215599996 0.0 0.0
252.02466015599998 1.0 1.0
252.999824284 0.0 0.0
253.967566284 1.0 0.0
254.935308284 0.0 0.0
255.903050284 1.0 1.0
256.870792284 0.0 0.0
257.84563122000003 1.0 0.0
258.82124122 0.0 0.0
259.79685122 1.0 1.0
260.77246122 0.0 0.0
261.74807122000004 1.0 0.0
262.72368122 0.0 0.0
263.69929122 1.0 1.0
264.67490122000004 0.0 0.0
265.65051122 1.0 0.0
266.62612122 0.0 0.0
267.60173122000003 1.0 1.0
268.57734122 0.0 0.0
269.55295122 1.0 0.0
270.52856122000003 0.0 0.0
271.50417122000005 1.0 1.0
272.47978122 0.0 0.0
273.45539122 1.0 0.0
274.43100122000004 0.0 0.0
275.40661122 0.0 0.0