0.37510452000000005 1.0 0.0
1.2142645200000002 0.0 0.0
2.05342452 1.0 1.0
2.8925845199999998 0.0 0.0
3.73174452 1.0 0.0
4.57090452 0.0 0.0
5.41006452 1.0 1.0
6.24922452 0.0 0.0
7.088384519999999 1.0 0.0
7.92754452 0.0 0.0
8.76670452 1.0 1.0
9.605864519999999 0.0 0.0
10.445024519999999 1.0 0.0
11.284184519999998 0.0 0.0
12.12334452 1.0 1.0
12.96250452 0.0 0.0
13.80166452 1.0 0.0
14.640824519999999 0.0 0.0
15.479984519999999 1.0 1.0
16.31914452 0.0 0.0
17.158304519999998 1.0 0.0
17.997464519999998 0.0 0.0
18.83662452 1.0 1.0
19.67578452 0.0 0.0
20.51494452 1.0 0.0
21.35410452 0.0 0.0
22.19326452 1.0 1.0
23.03242452 0.0 0.0
23.87158452 1.0 0.0
24.71074452 0.0 0.0
25.54990452 1.0 1.0
26.389064519999998 0.0 0.0
27.22822452 1.0 0.0
28.06738452 0.0 0.0
28.906544520000004 1.0 1.0
29.745704520000004 0.0 0.0
30.584864520000004 1.0 0.0
31.424024520000003 0.0 0.0
32.26318452 1.0 1.0
33.10234452 0.0 0.0
33.94150452 1.0 0.0
34.78066452 0.0 0.0
35.61982452 1.0 1.0
36.45898452 0.0 0.0
37.29814452 1.0 0.0
38.13730452 0.0 0.0
38.97646452 1.0 1.0
39.81562452 0.0 0.0
40.65478452 1.0 0.0
41.49394452 0.0 0.0
42.333104520000006 1.0 1.0
43.17442306925 0.0 0.0
44.01830206925 1.0 0.0
44.86218106925 0.0 0.0
45.70606006925 1.0 1.0
46.54993906925 0.0 0.0
47.393818069249996 1.0 0.0
48.237148087916665 0.0 0.0
49.079843087916665 1.0 1.0
49.922538087916664 0.0 0.0
50.76523308791666 1.0 0.0
51.60792808791666 0.0 0.0
52.45062308791667 1.0 1.0
53.29331808791667 0.0 0.0
54.136013087916666 1.0 0.0
54.978708087916665 0.0 0.0
55.821403087916664 1.0 1.0
56.66409808791666 0.0 0.0
57.50679308791666 1.0 0.0
58.34948808791667 0.0 0.0
59.19218308791666 1.0 1.0
60.03487808791667 0.0 0.0
60.877573087916666 1.0 0.0
61.720268087916665 0.0 0.0
62.562963087916664 1.0 1.0
63.40565808791666 0.0 0.0
64.24835308791667 1.0 0.0
65.09104808791666 0.0 0.0
65.93374308791667 1.0 1.0
66.77643808791666 0.0 0.0
67.61913308791667 1.0 0.0
68.46182808791667 0.0 0.0
69.30452308791666 1.0 1.0
70.14721808791666 0.0 0.0
70.98991308791666 1.0 0.0
71.83260808791667 0.0 0.0
72.67530308791666 1.0 1.0
73.51799808791667 0.0 0.0
74.36069308791666 1.0 0.0
75.20338808791666 0.0 0.0
76.04608308791666 1.0 1.0
76.88877808791666 0.0 0.0
77.73147308791667 1.0 0.0
78.57416808791666 0.0 0.0
79.41686308791667 1.0 1.0
80.25955808791667 0.0 0.0
81.10225308791667 1.0 0.0
81.94494808791666 0.0 0.0
82.78764308791666 1.0 1.0
83.63033808791667 0.0 0.0
84.47303308791666 1.0 1.0
85.31572808791665 0.0 0.0
86.15842308791666 1.0 0.0
87.00111808791667 0.0 0.0
87.84381308791666 1.0 1.0
88.68650808791666 0.0 0.0
89.52920308791667 1.0 0.0
90.37189808791666 0.0 0.0
91.21459308791665 1.0 1.0
92.05728808791666 0.0 0.0
92.89998308791667 1.0 0.0
93.74267808791666 0.0 0.0
94.58537308791666 1.0 1.0
95.42806808791667 0.0 0.0
96.27076308791666 1.0 0.0
97.11345808791665 0.0 0.0
97.95615308791666 1.0 1.0
98.79884808791667 0.0 0.0
99.64154308791666 1.0 0.0
100.48423808791665 0.0 0.0
101.32693308791667 1.0 1.0
102.16962808791666 0.0 0.0
103.01232308791666 1.0 0.0
103.85501808791666 0.0 0.0
104.69771308791667 1.0 1.0
105.54040808791666 0.0 0.0
106.38310308791665 1.0 0.0
107.22579808791664 0.0 0.0
108.06849308791666 1.0 1.0
108.91118808791666 0.0 0.0
109.75388308791665 1.0 0.0
110.59657808791665 0.0 0.0
111.43927308791666 1.0 1.0
112.28196808791665 0.0 0.0
113.12466308791664 1.0 0.0
113.96735808791666 0.0 0.0
114.81005308791666 1.0 1.0
115.65274808791665 0.0 0.0
116.49544308791664 1.0 0.0
117.33813808791666 0.0 0.0
118.18083308791665 1.0 1.0
119.02352808791665 0.0 0.0
119.86622308791667 1.0 0.0
120.70891808791666 0.0 0.0
121.55161308791665 1.0 1.0
122.39430808791664 0.0 0.0
123.23700308791666 1.0 0.0
124.07969808791665 0.0 0.0
124.92239308791665 1.0 1.0
125.76508808791667 0.0 0.0
126.60778308791666 1.0 1.0
127.45047808791665 0.0 0.0
128.29317308791664 1.0 0.0
129.13586808791666 0.0 0.0
129.97856308791665 1.0 1.0
130.82125808791665 0.0 0.0
131.66395308791664 1.0 0.0
132.50664808791666 0.0 0.0
133.34934308791665 1.0 1.0
134.19203808791664 0.0 0.0
135.03473308791666 1.0 0.0
135.87742808791666 0.0 0.0
136.72012308791665 1.0 1.0
137.56281808791664 0.0 0.0
138.40551308791666 1.0 0.0
139.24820808791665 0.0 0.0
140.09090308791664 1.0 1.0
140.93359808791666 0.0 0.0
141.77629308791666 1.0 0.0
142.61898808791665 0.0 0.0
143.46168308791664 1.0 1.0
144.30437808791666 0.0 0.0
145.14707308791665 1.0 0.0
145.98976808791664 0.0 0.0
146.83246308791666 1.0 1.0
147.67515808791666 0.0 0.0
148.51785308791665 1.0 0.0
149.36054808791664 0.0 0.0
150.20324308791666 1.0 1.0
151.04593808791665 0.0 0.0
151.88863308791665 1.0 0.0
152.73132808791664 0.0 0.0
153.57402308791666 1.0 1.0
154.41671808791665 0.0 0.0
155.25941308791664 1.0 0.0
156.10210808791666 0.0 0.0
156.94480308791665 1.0 1.0
157.78749808791665 0.0 0.0
158.63019308791664 1.0 0.0
159.47288808791666 0.0 0.0
160.31558308791665 1.0 1.0
161.15827808791664 0.0 0.0
162.00097308791666 1.0 0.0
162.84366808791665 0.0 0.0
163.68636308791665 1.0 1.0
164.52905808791664 0.0 0.0
165.37175308791666 1.0 0.0
166.21444808791665 0.0 0.0
167.05714308791664 1.0 1.0
167.89983808791666 0.0 0.0
168.74253308791666 1.0 0.0
169.58522808791665 0.0 0.0
170.42792308791664 1.0 1.0
171.27061808791666 0.0 0.0
172.11331308791665 1.0 0.0
172.95600808791664 0.0 0.0
173.79870308791664 1.0 1.0
174.64139808791666 0.0 0.0
175.48409308791665 1.0 0.0
176.32678808791664 0.0 0.0
177.16948308791663 1.0 1.0
178.01217808791665 0.0 0.0
178.85487308791664 1.0 0.0
179.69756808791664 0.0 0.0
180.54026308791663 1.0 1.0
181.38295808791665 0.0 0.0
182.22565308791664 1.0 0.0
183.06834808791663 0.0 0.0
183.91104308791665 1.0 1.0
184.75373808791664 0.0 0.0
185.59643308791664 1.0 0.0
186.43912808791663 0.0 0.0
187.28182308791665 1.0 1.0
188.12451808791664 0.0 0.0
188.96721308791663 1.0 0.0
189.80990808791665 0.0 0.0
190.65260308791665 1.0 1.0
191.49529808791664 0.0 0.0
192.33799308791663 1.0 0.0
193.18068808791665 0.0 0.0
194.02338308791664 1.0 1.0
194.86607808791663 0.0 0.0
195.70877308791663 1.0 0.0
196.55146808791665 0.0 0.0
197.39416308791664 1.0 1.0
198.23685808791663 0.0 0.0
199.07955308791665 1.0 0.0
199.92224808791664 0.0 0.0
200.76494308791663 1.0 1.0
201.60763808791663 0.0 0.0
202.45033308791665 1.0 0.0
203.29302808791664 0.0 0.0
204.13462438366665 1.0 1.0
204.97496038366666 0.0 0.0
205.81208180049998 1.0 0.0
206.6477358005 0.0 0.0
207.48338980049996 1.0 1.0
208.31904380049997 0.0 0.0
209.15469780049997 1.0 0.0
209.99329376499998 0.0 0.0
210.83598876499997 1.0 1.0
211.67868376499996 0.0 0.0
212.52137876499998 1.0 0.0
213.36407376499997 0.0 0.0
214.20676876499996 1.0 1.0
215.04946376499998 0.0 0.0
215.89215876499998 1.0 0.0
216.73485376499997 0.0 0.0
217.57754876499996 1.0 1.0
218.42024376499998 0.0 0.0
219.26293876499997 1.0 0.0
220.10563376499996 0.0 0.0
220.94832876499999 1.0 1.0
221.79102376499998 0.0 0.0
222.63371876499997 1.0 0.0
223.47641376499996 0.0 0.0
224.31910876499998 1.0 1.0
225.16180376499997 0.0 0.0
226.00449876499997 0.0 0.0
226.847193765 1.0 1.0
227.68988876499998 0.0 0.0
228.53258376499997 1.0 1.0
229.37527876499996 0.0 0.0
230.21797376499998 0.0 0.0