1.08	1.0
1.74	2.0
2.41	3.0
3.08	4.0
3.74	1.0
4.41	2.0
5.07	3.0
5.74	4.0
6.41	1.0
7.08	2.0
7.74	3.0
8.41	4.0
9.08	1.0
9.75	2.0
10.41	3.0
11.08	4.0
11.75	1.0
12.41	2.0
13.08	3.0
13.75	4.0
14.41	1.0
15.08	2.0
15.75	3.0
16.42	4.0
17.08	1.0
17.75	2.0
18.41	3.0
19.08	4.0
19.75	1.0
20.42	2.0
21.08	3.0
21.75	4.0
22.42	1.0
23.09	2.0
23.75	3.0
24.4	4.0
25.08	1.0
25.75	2.0
26.41	3.0
27.08	4.0
27.74	1.0
28.41	2.0
29.08	3.0
29.74	4.0
30.41	1.0
31.08	2.0
31.75	3.0
32.41	4.0
33.08	1.0
33.75	2.0
34.41	3.0
35.08	4.0
35.75	1.0
36.42	2.0
37.08	3.0
37.75	4.0
38.42	1.0
39.09	2.0
39.75	3.0
40.42	4.0
41.08	1.0
41.76	2.0
42.42	3.0
43.09	4.0
43.75	1.0
44.42	2.0
45.09	3.0
45.75	4.0
46.42	1.0
47.08	2.0
47.75	3.0
48.42	4.0
49.09	1.0
49.75	2.0
50.42	3.0
51.09	4.0
51.75	1.0
52.42	2.0
53.09	3.0
53.75	4.0
54.42	1.0
55.08	2.0
55.75	3.0
56.42	4.0
57.09	1.0
57.75	2.0
58.42	3.0
59.08	4.0
59.75	1.0
60.42	2.0
61.09	3.0
61.75	4.0
62.42	1.0
63.09	2.0
63.75	3.0
64.42	4.0
65.09	1.0
65.75	2.0
66.42	3.0
67.09	4.0
67.76	1.0
68.42	2.0
69.09	3.0
69.75	4.0
70.42	1.0
71.09	2.0
71.75	3.0
72.43	4.0
73.09	1.0
73.76	2.0
74.42	3.0
75.09	4.0
75.75	1.0
76.42	2.0
77.09	3.0
77.76	4.0
78.42	1.0
79.09	2.0
79.76	3.0
80.43	4.0
81.09	1.0
81.77	2.0
82.42	3.0
83.1	4.0
83.76	1.0
84.43	2.0
85.09	3.0
85.76	4.0
86.42	1.0
87.1	2.0
87.76	3.0
88.43	4.0
89.09	1.0
89.77	2.0
90.42	3.0
91.1	4.0
91.76	1.0
92.43	2.0
93.09	3.0
93.76	4.0
94.42	1.0
95.09	2.0
95.76	3.0
96.43	4.0
97.09	1.0
97.76	2.0
98.42	3.0
99.1	4.0
99.76	1.0
100.44	2.0
101.09	3.0
101.77	4.0
102.43	1.0
103.09	2.0
103.76	3.0
104.43	4.0
105.09	1.0
105.76	2.0
106.43	3.0
107.09	4.0
107.76	1.0
108.43	2.0
109.09	3.0
109.76	4.0
110.42	1.0
111.09	2.0
111.76	3.0
112.43	4.0
113.1	1.0
113.76	2.0
114.44	3.0
115.09	4.0
115.76	1.0
116.43	2.0
117.09	3.0
117.76	4.0
118.43	1.0
119.14	2.0
119.79	3.0
120.44	4.0
121.09	1.0
121.77	2.0
122.43	3.0
123.1	4.0
123.76	1.0
124.43	2.0
125.09	3.0
125.77	4.0
126.43	1.0
127.1	2.0
127.76	3.0
128.43	4.0
129.1	1.0
129.76	2.0
130.43	3.0
131.1	4.0
131.76	1.0
132.43	2.0
133.09	3.0
133.76	4.0
134.43	1.0
135.1	2.0
135.76	3.0
136.43	4.0
137.1	1.0
137.77	2.0
138.43	3.0
139.1	4.0
139.76	1.0
140.43	2.0
141.1	3.0
141.77	4.0
142.43	1.0
143.1	2.0
143.76	3.0
144.44	4.0
145.1	1.0
145.77	2.0
146.43	3.0
147.1	4.0
147.76	1.0
148.43	2.0
149.09	3.0
149.77	4.0
150.43	1.0
151.1	2.0
151.76	3.0
152.43	4.0
153.1	1.0
153.77	2.0
154.43	3.0
155.11	4.0
155.76	1.0
156.43	2.0
157.1	3.0
157.77	4.0
158.43	1.0
159.1	2.0
159.77	3.0
160.44	4.0
161.1	1.0
161.77	2.0
162.43	3.0
163.1	4.0
163.77	1.0
164.44	2.0
165.1	3.0
165.78	4.0
166.43	1.0
167.1	2.0
167.77	3.0
168.44	4.0
169.1	1.0
169.77	2.0
170.43	3.0
171.1	4.0
171.77	1.0
172.45	2.0
173.1	3.0
173.78	4.0
174.43	1.0
175.1	2.0
175.77	3.0
176.44	4.0
177.1	1.0
177.77	2.0
178.43	3.0
179.1	4.0
179.77	1.0
180.44	2.0
181.1	3.0
181.78	4.0
182.43	1.0
183.11	2.0
183.77	3.0
184.44	4.0
185.1	1.0
185.77	2.0
186.44	3.0
187.11	4.0
187.77	1.0
188.45	2.0
189.1	3.0
189.76	4.0
190.44	1.0
191.1	2.0
191.75	3.0
192.44	4.0
193.11	1.0
193.77	2.0
194.44	3.0
195.1	4.0
195.77	1.0
196.44	2.0
197.11	3.0
197.77	4.0
198.43	1.0
199.11	2.0
199.77	3.0
200.45	4.0
201.1	1.0
201.77	2.0
202.44	3.0
203.11	4.0
203.77	1.0
204.44	2.0
205.1	3.0
205.77	4.0
206.44	1.0
207.12	2.0
207.77	3.0
208.44	4.0
209.1	1.0
209.78	2.0
210.44	3.0
211.11	4.0
211.77	1.0
212.44	2.0
213.1	3.0
213.77	4.0
214.44	1.0
215.11	2.0
215.77	3.0
216.44	4.0
217.11	1.0
217.78	2.0
218.44	3.0
219.11	4.0
219.77	1.0
220.44	2.0
221.11	3.0
221.78	4.0
222.44	1.0
223.11	2.0
223.77	3.0
224.44	4.0
225.1	1.0
225.78	2.0
226.44	3.0
227.12	4.0
227.79	1.0
228.44	2.0
229.11	3.0
229.78	4.0
230.45	1.0
231.11	2.0
231.77	3.0
232.44	4.0
233.11	1.0
233.77	2.0
234.44	3.0
235.13	4.0
235.77	1.0
236.44	2.0
237.1	3.0
237.76	4.0
238.39	1.0
