0.46466620200000003 0.0 0.0
1.131332202 1.0 1.0
1.797998202 0.0 0.0
2.464664202 1.0 0.0
3.131330202 0.0 0.0
3.797996202 1.0 1.0
4.464662202 0.0 0.0
5.131328202 1.0 0.0
5.797994201999999 0.0 0.0
6.464660201999999 1.0 1.0
7.1313262019999994 0.0 0.0
7.797992202 1.0 0.0
8.464658201999999 0.0 0.0
9.131324202 1.0 1.0
9.797990202 0.0 0.0
10.464656202 1.0 0.0
11.131322202 0.0 0.0
11.797988201999999 1.0 1.0
12.464654202 0.0 0.0
13.131320202 1.0 0.0
13.797986201999999 0.0 0.0
14.464652202 1.0 1.0
15.131318202 0.0 0.0
15.797984202 1.0 0.0
16.464650202 0.0 0.0
17.131316202 1.0 1.0
17.797982202 0.0 0.0
18.464648202 1.0 0.0
19.131314202 0.0 0.0
19.797980202 1.0 1.0
20.464646202 0.0 0.0
21.131312202 1.0 0.0
21.797978202000003 0.0 0.0
22.464644202000002 1.0 1.0
23.131310202 0.0 0.0
23.797976202 1.0 0.0
24.464642202000004 0.0 0.0
25.131308202000003 1.0 1.0
25.797974202000002 0.0 0.0
26.464640202000002 1.0 0.0
27.131306202 0.0 0.0
27.797972202000004 1.0 1.0
28.464638202000003 0.0 0.0
29.131304202000003 1.0 0.0
29.797970202000002 0.0 0.0
30.464636202 1.0 1.0
31.131302202000004 0.0 0.0
31.797968202000003 1.0 0.0
32.464634202000006 0.0 0.0
33.131300202000006 1.0 1.0
33.797966202000005 0.0 0.0
34.464632202000004 1.0 0.0
35.131298202 0.0 0.0
35.797964202 1.0 1.0
36.464630202 0.0 0.0
37.131296202 1.0 0.0
37.797962202 0.0 0.0
38.464628202 1.0 1.0
39.131294202 0.0 0.0
39.797960202000006 1.0 0.0
40.464626202000005 0.0 0.0
41.131292202000004 1.0 1.0
41.797958202000004 0.0 0.0
42.464624202 1.0 0.0
43.131290202 0.0 0.0
43.797956202 1.0 1.0
44.464622202 0.0 0.0
45.131288202 1.0 0.0
45.797954202 0.0 0.0
46.464620202 1.0 1.0
47.131286202 0.0 0.0
47.797952202 1.0 0.0
48.464618202 0.0 0.0
49.131284201999996 1.0 1.0
49.797950201999996 0.0 0.0
50.464616201999995 1.0 0.0
51.131282202 0.0 0.0
51.797948202 1.0 1.0
52.464614202 0.0 0.0
53.131280202 1.0 0.0
53.797946202 0.0 0.0
54.464612202 1.0 1.0
55.131278202 0.0 0.0
55.797944202 1.0 0.0
56.464610201999996 0.0 0.0
57.131276201999995 1.0 1.0
57.797942202 0.0 0.0
58.464608202 1.0 0.0
59.131274202 0.0 0.0
59.797940202 1.0 1.0
60.464606202 0.0 0.0
61.131272202 1.0 0.0
61.797938202 0.0 0.0
62.464604202 1.0 1.0
63.131270201999996 0.0 0.0
63.797936201999995 1.0 0.0
64.464602202 0.0 0.0
65.131268202 1.0 1.0
65.797934202 0.0 0.0
66.464600202 1.0 0.0
67.13126620199999 0.0 0.0
67.797932202 1.0 1.0
68.464598202 0.0 0.0
69.131264202 1.0 0.0
69.797930202 0.0 0.0
70.464596202 1.0 1.0
71.131262202 0.0 0.0
71.797928202 1.0 0.0
72.464594202 0.0 0.0
73.13126020199999 1.0 1.0
73.797926202 0.0 0.0
74.464592202 1.0 0.0
75.131258202 0.0 0.0
75.797924202 1.0 1.0
76.464590202 0.0 0.0
77.131256202 1.0 0.0
77.797922202 0.0 0.0
78.464588202 1.0 1.0
79.131254202 0.0 0.0
79.797920202 1.0 0.0
80.46458620199999 0.0 0.0
81.131252202 1.0 1.0
81.797918202 0.0 0.0
82.464584202 1.0 0.0
83.131250202 0.0 0.0
83.797916202 1.0 1.0
84.464582202 0.0 0.0
85.131248202 1.0 0.0
85.797914202 0.0 0.0
86.464580202 1.0 1.0
87.131246202 0.0 0.0
87.797912202 1.0 0.0
88.464578202 0.0 0.0
89.131244202 1.0 1.0
89.797910202 0.0 0.0
90.464576202 1.0 0.0
91.131242202 0.0 0.0
91.797908202 1.0 1.0
92.464574202 0.0 0.0
93.131240202 1.0 0.0
93.797906202 0.0 0.0
94.464572202 1.0 1.0
95.131238202 0.0 0.0
95.797904202 1.0 0.0
96.464570202 0.0 0.0
97.131236202 1.0 1.0
97.797902202 0.0 0.0
98.464568202 1.0 0.0
99.131234202 0.0 0.0
99.797900202 1.0 1.0
100.464566202 0.0 0.0
101.131232202 1.0 0.0
101.797898202 0.0 0.0
102.464564202 1.0 1.0
103.131230202 0.0 0.0
103.797896202 1.0 0.0
104.464562202 0.0 0.0
105.131228202 1.0 1.0
105.797894202 0.0 0.0
106.464560202 1.0 0.0
107.131226202 0.0 0.0
107.797892202 1.0 1.0
108.464558202 0.0 0.0
109.131224202 1.0 0.0
109.797890202 0.0 0.0
110.464556202 1.0 1.0
111.1322758095 0.0 0.0
111.8004268095 1.0 0.0
112.4685778095 0.0 0.0
113.1367288095 1.0 1.0
113.8048798095 0.0 0.0
114.4730308095 1.0 0.0
115.1411818095 0.0 0.0
115.8093328095 1.0 1.0
116.4774838095 0.0 0.0
117.1456348095 1.0 0.0
117.8137858095 0.0 0.0
118.4819368095 1.0 1.0
119.1500878095 0.0 0.0
119.8182388095 1.0 0.0
120.48536095200001 0.0 0.0
121.152026952 1.0 1.0
121.818692952 0.0 0.0
122.48535895200001 1.0 0.0
123.152024952 0.0 0.0
123.81869095200001 1.0 1.0
124.485356952 0.0 0.0
125.15202295200001 1.0 0.0
125.818688952 0.0 0.0
126.48535495200001 1.0 1.0
127.152020952 0.0 0.0
127.81868695200001 1.0 0.0
128.485352952 0.0 0.0
129.15201895200002 1.0 1.0
129.818684952 0.0 0.0
130.485350952 1.0 0.0
131.152016952 0.0 0.0
131.81868295200002 1.0 1.0
132.485348952 0.0 0.0
133.152014952 1.0 0.0
133.818680952 0.0 0.0
134.48534695200001 1.0 1.0
135.152012952 0.0 0.0
135.818678952 1.0 0.0
136.48534495200002 0.0 0.0
137.152010952 1.0 1.0
137.818676952 0.0 0.0
138.485342952 1.0 0.0
139.15200895200002 0.0 0.0
139.818674952 1.0 1.0
140.485340952 0.0 0.0
141.15200695200002 1.0 0.0
141.81867295200001 0.0 0.0
142.485338952 1.0 1.0
143.152004952 0.0 0.0
143.81867095200002 1.0 0.0
144.485336952 0.0 0.0
145.152002952 1.0 1.0
145.818668952 0.0 0.0
146.48533495200002 1.0 0.0
147.152000952 0.0 0.0
147.818666952 1.0 1.0
148.48533295200002 0.0 0.0
149.151998952 1.0 0.0
149.818664952 0.0 0.0
150.485330952 1.0 1.0
151.15199695200002 0.0 0.0
151.818662952 1.0 0.0
152.485328952 0.0 0.0
153.151994952 1.0 1.0
153.81866095200002 0.0 0.0
154.485326952 1.0 0.0
155.151992952 0.0 0.0
155.81865895200002 1.0 1.0
156.485324952 0.0 0.0
157.151990952 1.0 0.0
157.81865695200003 0.0 0.0
158.48532295200002 1.0 1.0
159.151988952 0.0 0.0
159.818654952 1.0 0.0
160.485320952 0.0 0.0
161.15198695200002 1.0 1.0
161.818652952 0.0 0.0
162.485318952 1.0 0.0
163.15198495200002 0.0 0.0
163.818650952 1.0 1.0
164.485316952 0.0 0.0
165.15198295200003 1.0 0.0
165.81864895200002 0.0 0.0
166.485314952 1.0 1.0
167.151980952 0.0 0.0
167.818646952 1.0 0.0
168.48531295200002 0.0 0.0
169.151978952 1.0 1.0
169.818644952 0.0 0.0
170.48531095200002 1.0 0.0
171.151976952 0.0 0.0
171.818642952 1.0 1.0
172.48530895200003 0.0 0.0
173.15197495200002 1.0 0.0
173.818640952 0.0 0.0
174.485306952 1.0 1.0
175.151972952 0.0 0.0
175.81863895200001 1.0 0.0
176.485304952 0.0 0.0
177.151970952 1.0 1.0
177.81863695200002 0.0 0.0
178.485302952 1.0 0.0
179.151968952 0.0 0.0
179.81863495200002 1.0 1.0
180.48530095200002 0.0 0.0
181.151966952 1.0 0.0
181.818632952 0.0 0.0
182.485298952 1.0 1.0
183.15196495200001 0.0 0.0
183.818630952 1.0 0.0
184.485296952 0.0 0.0
185.15196295200002 1.0 1.0
185.818628952 0.0 0.0
186.485294952 1.0 0.0
187.15196095200002 0.0 0.0
187.81862695200002 1.0 1.0
188.485292952 0.0 0.0
189.15195895200003 1.0 0.0
189.818624952 0.0 0.0
190.485290952 1.0 1.0
191.151956952 0.0 0.0
191.818622952 1.0 0.0
192.48528895200002 0.0 0.0
193.151954952 1.0 1.0
193.818620952 0.0 0.0
194.48528695200002 1.0 0.0
195.15195295200002 0.0 0.0
195.818618952 1.0 1.0
196.48528495200003 0.0 0.0
197.151950952 1.0 0.0
197.818616952 0.0 0.0
198.485282952 1.0 1.0
199.151948952 0.0 0.0
199.81861495200002 1.0 0.0
200.485280952 0.0 0.0
201.151946952 1.0 1.0
201.81861295200002 0.0 0.0
202.48527895200002 1.0 0.0
203.151944952 0.0 0.0
203.81861095200003 1.0 1.0
204.485276952 0.0 0.0
205.151942952 1.0 0.0
205.818608952 0.0 0.0
206.485274952 1.0 1.0
207.15194095200002 0.0 0.0
207.818606952 1.0 0.0
208.485272952 0.0 0.0
209.15193895200002 1.0 1.0
209.81860495200002 0.0 0.0
210.485270952 1.0 0.0
211.151936952 0.0 0.0
211.818602952 1.0 1.0
212.485268952 0.0 0.0
213.151934952 1.0 0.0
213.818600952 0.0 0.0
214.48526695200002 1.0 1.0
215.15193295199998 0.0 0.0
215.818598952 1.0 0.0
216.48526495200002 0.0 0.0
217.151930952 1.0 1.0
217.818596952 0.0 0.0
218.485262952 1.0 0.0
219.151928952 0.0 0.0
219.818594952 1.0 1.0
220.485260952 0.0 0.0
221.151926952 1.0 0.0
221.81859295200002 0.0 0.0
222.48525895199998 1.0 1.0
223.151924952 0.0 0.0
223.81859095200002 1.0 0.0
224.485256952 0.0 0.0
225.151922952 1.0 1.0
225.818588952 0.0 0.0
226.485254952 1.0 0.0
227.151920952 0.0 0.0
227.818586952 1.0 1.0
228.485252952 0.0 0.0
229.15191895200002 1.0 0.0
229.818584952 0.0 0.0
230.485250952 1.0 1.0
231.15191695200002 0.0 0.0
231.81858295199999 1.0 0.0
232.485248952 0.0 0.0
233.151914952 1.0 1.0
233.818580952 0.0 0.0
234.485246952 1.0 0.0
235.151912952 0.0 0.0
235.818578952 1.0 1.0
236.48524495200002 0.0 0.0
237.151910952 1.0 0.0
237.818576952 0.0 0.0
238.48524295200002 1.0 1.0
239.15190895199999 0.0 0.0
239.818574952 1.0 0.0
240.485240952 0.0 0.0
241.151906952 1.0 1.0
241.818572952 0.0 0.0
242.485238952 1.0 0.0
243.151904952 0.0 0.0