0.6758816320000001 0.0 0.0
1.558233632 1.0 1.0
2.4405856320000003 0.0 0.0
3.3229376320000004 1.0 1.0
4.2052896319999995 0.0 0.0
5.0876416319999995 0.0 0.0
5.9699936319999996 1.0 1.0
6.852345632 0.0 0.0
7.7346976320000005 1.0 0.0
8.617049632 0.0 0.0
9.499401632000001 1.0 1.0
10.381753632 0.0 0.0
11.264105632000001 1.0 0.0
12.146457632 0.0 0.0
13.028809632000002 1.0 1.0
13.911161632 0.0 0.0
14.793513632 1.0 0.0
15.675865631999997 0.0 0.0
16.558217631999998 1.0 1.0
17.440569632 0.0 0.0
18.322921631999996 1.0 0.0
19.205273631999997 0.0 0.0
20.087625631999998 1.0 1.0
20.969977632 0.0 0.0
21.852329631999996 1.0 0.0
22.734681631999997 0.0 0.0
23.617033632 1.0 1.0
24.499385632 0.0 0.0
25.381737631999997 1.0 0.0
26.264089631999997 0.0 0.0
27.146441632 1.0 1.0
28.028793631999996 0.0 0.0
28.911145631999997 1.0 0.0
29.793497631999998 0.0 0.0
30.675849632000002 1.0 0.0
31.558201632 0.0 0.0
32.440553632000004 1.0 1.0
33.322905632 0.0 0.0
34.205257632 1.0 0.0
35.087609632 0.0 0.0
35.969961632 1.0 1.0
36.852313632 0.0 0.0
37.734665632 1.0 0.0
38.617017632 0.0 0.0
39.499369632000004 1.0 1.0
40.381721632 0.0 0.0
41.264073632 1.0 0.0
42.146425632 0.0 0.0
43.028777632 1.0 1.0
43.911129632 0.0 0.0
44.793481632 1.0 0.0
45.675833632 0.0 0.0
46.558185632000004 1.0 1.0
47.440537632 0.0 0.0
48.322889632 1.0 0.0
49.205241632 0.0 0.0
50.087593632 1.0 1.0
50.969945632 0.0 0.0
51.852297632 1.0 0.0
52.734649632 0.0 0.0
53.617001632000004 1.0 1.0
54.499353632 0.0 0.0
55.381705632 1.0 0.0
56.264057632000004 0.0 0.0
57.14640963200001 1.0 1.0
58.028761632000005 0.0 0.0
58.91111363200001 1.0 0.0
59.79346563200001 0.0 0.0
60.675817632 1.0 1.0
61.558169632 0.0 0.0
62.440521632 1.0 0.0
63.322873632000004 0.0 0.0
64.205225632 1.0 1.0
65.087577632 0.0 0.0
65.969929632 1.0 0.0
66.852281632 0.0 0.0
67.734633632 1.0 1.0
68.62199220800001 0.0 0.0
69.510880208 1.0 0.0
70.399768208 0.0 0.0
71.288656208 1.0 1.0
72.177544208 0.0 0.0
73.06643220800001 1.0 0.0
73.955320208 0.0 0.0
74.844208208 1.0 1.0
75.733096208 0.0 0.0
76.621984208 1.0 0.0
77.510872208 0.0 0.0
78.399760208 1.0 1.0
79.288648208 0.0 0.0
80.177536208 1.0 0.0
81.066424208 0.0 0.0
81.95531220800001 1.0 1.0
82.844200208 0.0 0.0
83.733088208 1.0 0.0
84.621976208 0.0 0.0
85.510864208 1.0 1.0
86.399752208 0.0 0.0
87.288640208 1.0 0.0
88.167587826 0.0 0.0
89.043498826 1.0 1.0
89.919409826 0.0 0.0
90.79532082600001 1.0 0.0
91.67123182600001 0.0 0.0
92.54714282600001 1.0 1.0
93.423053826 0.0 0.0
94.298964826 1.0 0.0
95.174875826 0.0 0.0
96.050786826 1.0 1.0
96.92669782600001 0.0 0.0
97.80260882600001 1.0 0.0
98.67851982600001 0.0 0.0
99.554430826 1.0 1.0
100.430341826 0.0 0.0
101.306252826 1.0 0.0
102.187097632 0.0 0.0
103.06944963200002 1.0 1.0
103.95180163200001 0.0 0.0
104.83415363200001 1.0 0.0
105.71650563200001 0.0 0.0
106.598857632 1.0 1.0
107.48120963200002 0.0 0.0
108.36356163200001 1.0 0.0
109.24591363200001 0.0 0.0
110.12826563200001 1.0 1.0
111.010617632 0.0 0.0
111.89296963200002 1.0 0.0
112.77532163200001 0.0 0.0
113.657673632 1.0 1.0
114.540025632 0.0 0.0
115.422377632 1.0 0.0
116.304729632 0.0 0.0
117.187081632 1.0 1.0
118.069433632 0.0 0.0
118.951785632 1.0 0.0
119.834137632 0.0 0.0
120.71648963199999 1.0 1.0
121.601835926 0.0 0.0
122.48809692600001 1.0 0.0
123.37435792600002 0.0 0.0
124.260618926 1.0 1.0
125.14687992600001 0.0 0.0
126.03314092600002 1.0 0.0
126.919401926 0.0 0.0
127.80566292600001 1.0 1.0
128.69192392600002 0.0 0.0
129.578184926 1.0 0.0
130.464445926 0.0 0.0
131.35070692600002 1.0 1.0
132.236967926 0.0 0.0
133.123228926 1.0 0.0
134.00948992600001 0.0 0.0
134.894251864 1.0 1.0
135.778555864 0.0 0.0
136.662859864 1.0 0.0
137.547163864 0.0 0.0
138.431467864 1.0 1.0
139.315771864 0.0 0.0
140.200075864 1.0 0.0
141.084379864 0.0 0.0
141.968683864 1.0 1.0
142.852987864 0.0 0.0
143.737291864 1.0 0.0
144.621595864 0.0 0.0
145.505899864 1.0 1.0
146.390203864 0.0 0.0
147.27450786400001 1.0 0.0
148.158811864 0.0 0.0
149.04311586400001 1.0 1.0
149.927419864 0.0 0.0
150.81172386400002 1.0 0.0
151.695029766 0.0 0.0
152.57803076599998 1.0 1.0
153.461031766 0.0 0.0
154.344032766 1.0 0.0
155.227033766 0.0 0.0
156.11003476599998 1.0 1.0
156.988586838 0.0 0.0
157.865779838 1.0 0.0
158.74297283800001 0.0 0.0
159.62016583800002 1.0 1.0
160.497358838 0.0 0.0
161.374551838 1.0 0.0
162.251744838 0.0 0.0
163.128937838 1.0 1.0
164.00613083800002 0.0 0.0
164.88332383800002 1.0 0.0
165.760516838 0.0 0.0
166.637709838 1.0 1.0
167.514902838 0.0 0.0
168.396047632 1.0 0.0
169.278399632 0.0 0.0
170.160751632 1.0 1.0
171.043103632 0.0 0.0
171.925455632 1.0 0.0
172.807807632 0.0 0.0
173.690159632 1.0 1.0
174.572511632 0.0 0.0
175.454863632 1.0 0.0
176.337215632 0.0 0.0
177.219567632 1.0 1.0
178.101919632 0.0 0.0
178.984271632 1.0 0.0
179.866623632 0.0 0.0
180.748975632 1.0 1.0
181.631327632 0.0 0.0
182.513679632 1.0 0.0
183.396031632 0.0 0.0
184.278383632 1.0 1.0
185.160735632 0.0 0.0
186.043087632 1.0 0.0
186.925439632 0.0 0.0
187.807791632 1.0 1.0
188.690143632 0.0 0.0
189.572495632 1.0 0.0
190.454847632 0.0 0.0
191.337199632 1.0 1.0
192.219551632 0.0 0.0
193.101903632 1.0 0.0
193.98425563199999 0.0 0.0
194.866607632 1.0 1.0
195.748959632 0.0 0.0
196.631311632 1.0 0.0
197.513663632 0.0 0.0
198.396015632 1.0 1.0
199.278367632 0.0 0.0
200.160719632 1.0 0.0
201.043071632 0.0 0.0
201.925423632 1.0 1.0
202.80777563200002 0.0 0.0
203.69012763199999 1.0 0.0
204.572479632 0.0 0.0
205.454831632 1.0 1.0
206.337183632 0.0 0.0
207.219535632 1.0 0.0
208.101887632 0.0 0.0
208.984239632 1.0 1.0
209.866591632 0.0 0.0
210.748943632 1.0 0.0
211.631295632 0.0 0.0
212.51364763200002 1.0 1.0
213.39599963199998 0.0 0.0
214.278351632 1.0 0.0
215.160703632 0.0 0.0
216.043055632 1.0 1.0
216.92740153 0.0 0.0
217.81235653 1.0 0.0
218.69731153 0.0 0.0
219.58226653 1.0 1.0
220.46722153 0.0 0.0
221.35217653 1.0 0.0
222.23713153 0.0 0.0
223.12208653 1.0 1.0
224.00704152999998 0.0 0.0
224.89199653 1.0 0.0
225.77695153 0.0 0.0
226.66190653 1.0 1.0
227.54686153000003 0.0 0.0
228.43181653000002 1.0 0.0
229.31677153 0.0 0.0
230.20172653000003 1.0 1.0
231.08668153000002 0.0 0.0
231.97163653 1.0 0.0
232.85659153000003 0.0 0.0
233.74154653000002 1.0 1.0
234.62650153 0.0 0.0
235.51145653000003 1.0 0.0
236.39641153000002 0.0 0.0
237.28136653 1.0 1.0
238.16632153000003 0.0 0.0
239.05127653000002 1.0 0.0
239.93623153000001 0.0 0.0
240.82118653000003 1.0 1.0
241.70414763200003 0.0 0.0
242.58649963200003 1.0 0.0
243.46885163200002 0.0 0.0
244.35120363200002 1.0 1.0
245.23355563200002 0.0 0.0
246.11590763200002 1.0 0.0
246.998259632 0.0 0.0
247.880611632 1.0 1.0
248.762963632 0.0 0.0
249.645315632 1.0 0.0
250.52766763200003 0.0 0.0
251.41001963200003 1.0 1.0
252.29237163200003 0.0 0.0
253.17472363200002 1.0 0.0
254.05707563200002 0.0 0.0
254.93942763200002 1.0 1.0
255.82177963200002 0.0 0.0
256.70413163200004 1.0 0.0
257.586483632 0.0 0.0
258.46883563200004 1.0 1.0
259.351187632 0.0 0.0
260.23353963200003 1.0 0.0
261.115891632 0.0 0.0
261.998243632 1.0 1.0
262.880595632 0.0 0.0
263.762947632 1.0 0.0
264.64529963200005 0.0 0.0
265.527651632 1.0 1.0
266.41000363200004 0.0 0.0
267.292355632 1.0 0.0
268.17470763200004 0.0 0.0
269.057059632 1.0 1.0
269.93941163200003 0.0 0.0
270.821763632 1.0 0.0
271.704115632 0.0 0.0
272.586467632 1.0 1.0
273.468819632 0.0 0.0
274.35117163200005 1.0 0.0
275.233523632 0.0 0.0
276.11587563200004 1.0 1.0
276.998227632 0.0 0.0
277.88057963200004 1.0 0.0
278.762931632 0.0 0.0
279.64528363200003 1.0 1.0
280.527635632 0.0 0.0
281.409987632 1.0 0.0
282.292339632 0.0 0.0
283.174691632 1.0 1.0
284.05704363200005 0.0 0.0
284.939395632 1.0 0.0
285.82174763200004 0.0 0.0
286.704099632 1.0 1.0
287.58645163200003 0.0 0.0
288.468803632 1.0 0.0
289.35115563200003 0.0 0.0
290.233507632 1.0 1.0
291.115859632 0.0 0.0
291.998211632 1.0 0.0
292.880563632 0.0 0.0
293.76291563200004 1.0 1.0
294.645267632 0.0 0.0
295.52761963200004 1.0 0.0
296.409971632 0.0 0.0
297.29232363200003 1.0 1.0
298.174675632 0.0 0.0
299.05702763200003 1.0 0.0
299.939379632 0.0 0.0
300.821731632 1.0 1.0
301.704083632 0.0 0.0
302.586435632 1.0 0.0
303.46878763200004 0.0 0.0
304.351139632 1.0 1.0
305.233491632 0.0 0.0
306.115843632 1.0 0.0
306.99819563200003 0.0 0.0
307.880547632 1.0 1.0
308.762899632 0.0 0.0
309.645251632 1.0 0.0
310.527603632 0.0 0.0
311.409955632 1.0 1.0
312.292307632 0.0 0.0
313.17465963200004 1.0 0.0
314.057011632 0.0 0.0
314.939363632 1.0 1.0
315.821715632 0.0 0.0
316.70406763200003 1.0 0.0
317.586419632 0.0 0.0
318.468771632 1.0 1.0
319.351123632 0.0 0.0
320.233475632 1.0 0.0
321.115827632 0.0 0.0
321.998179632 1.0 0.0
322.88053163200004 0.0 0.0