0.40111071 1.0 1.0
0.9566657099999999 0.0 0.0
1.51222071 1.0 1.0
2.06777571 0.0 0.0
2.62333071 0.0 0.0
3.17888571 1.0 0.0
3.73444071 0.0 0.0
4.28999571 1.0 1.0
4.8455507099999995 0.0 0.0
5.4011057099999995 1.0 0.0
5.9566607099999995 0.0 0.0
6.5122157099999995 1.0 1.0
7.06777071 0.0 0.0
7.62332571 1.0 0.0
8.17888071 0.0 0.0
8.73443571 1.0 1.0
9.28999071 0.0 0.0
9.845545710000001 1.0 0.0
10.401100710000001 0.0 0.0
10.956655710000001 1.0 1.0
11.512210710000002 0.0 0.0
12.067765710000002 1.0 0.0
12.623320710000002 0.0 0.0
13.178875710000002 1.0 1.0
13.734430710000002 0.0 0.0
14.289985710000002 1.0 0.0
14.845540710000002 0.0 0.0
15.401095710000002 1.0 1.0
15.956650710000002 0.0 0.0
16.51220571 1.0 0.0
17.06776071 0.0 0.0
17.62331571 1.0 1.0
18.17887071 0.0 0.0
18.73442571 1.0 0.0
19.289980710000002 0.0 0.0
19.84553571 1.0 1.0
20.401090710000002 0.0 0.0
20.95664571 1.0 0.0
21.512200710000002 0.0 0.0
22.06775571 1.0 1.0
22.623310710000002 0.0 0.0
23.17886571 1.0 0.0
23.734420710000002 0.0 0.0
24.28997571 1.0 1.0
24.845530710000002 0.0 0.0
25.40108571 1.0 0.0
25.956640710000002 0.0 0.0
26.51219571 1.0 1.0
27.067750710000002 0.0 0.0
27.62330571 1.0 0.0
28.178860710000002 0.0 0.0
28.73441571 1.0 1.0
29.289970710000002 0.0 0.0
29.84552571 1.0 0.0
30.401080710000002 0.0 0.0
30.95663571 1.0 1.0
31.512190710000002 0.0 0.0
32.067745710000004 1.0 0.0
32.62330071 0.0 0.0
33.17885571 1.0 1.0
33.73441071 0.0 0.0
34.289965710000004 1.0 0.0
34.84552071 0.0 0.0
35.40107571 1.0 1.0
35.95663071 0.0 0.0
36.51218571 1.0 0.0
37.067740709999995 0.0 0.0
37.62329571 1.0 1.0
38.17885071 0.0 0.0
38.73440571 1.0 0.0
39.289960709999995 0.0 0.0
39.84551571 1.0 1.0
40.40107071 0.0 0.0
40.95662571 1.0 0.0
41.512180709999996 0.0 0.0
42.06773571 1.0 1.0
42.62329071 0.0 0.0
43.17884571 1.0 0.0
43.734400709999996 0.0 0.0
44.289955709999994 1.0 1.0
44.84551071 0.0 0.0
45.40106571 1.0 0.0
45.956620709999996 0.0 0.0
46.512175709999994 1.0 1.0
47.06773071 0.0 0.0
47.62328571 1.0 0.0
48.178840709999996 0.0 0.0
48.734395709999994 1.0 1.0
49.28995071 0.0 0.0
49.84550571 1.0 0.0
50.401060709999996 0.0 0.0
50.956615709999994 1.0 1.0
51.51217071 0.0 0.0
52.06772571 1.0 0.0
52.623280709999996 0.0 0.0
53.178835709999994 1.0 1.0
53.73439071 0.0 0.0
54.28994571 1.0 0.0
54.845500709999996 0.0 0.0
55.401055709999994 1.0 1.0
55.95661071 0.0 0.0
56.51216571 1.0 0.0
57.067720709999996 0.0 0.0
57.623275709999994 1.0 1.0
58.17883071 0.0 0.0
58.73438571 1.0 0.0
59.289940709999996 0.0 0.0
59.845495709999994 1.0 1.0
60.40105071 0.0 0.0
60.95660571 1.0 0.0
61.512160709999996 0.0 0.0
62.067715709999995 1.0 1.0
62.62327071 0.0 0.0
63.17882571 1.0 0.0
63.734380709999996 0.0 0.0
64.28993571 1.0 1.0
64.84549070999999 0.0 0.0
65.40104570999999 1.0 0.0
65.95660071 0.0 0.0
66.51215571 1.0 1.0
67.06771071 0.0 0.0
67.62326571 1.0 0.0
68.17882071 0.0 0.0
68.73437571 1.0 1.0
69.28993071 0.0 0.0
69.84548570999999 1.0 0.0
70.40104071 0.0 0.0
70.95659571 1.0 1.0
71.51215071 0.0 0.0
72.06770571000001 1.0 0.0
72.62326071000001 0.0 0.0
73.17881571000001 1.0 1.0
73.73437071000001 0.0 0.0
74.28992571 1.0 0.0
74.84548071 0.0 0.0
75.40103571 1.0 1.0
75.95659071 0.0 0.0
76.51214571 1.0 0.0
77.06770071 0.0 0.0
77.62325571 1.0 1.0
78.17881071 0.0 0.0
78.73436570999999 1.0 0.0
79.28992071 0.0 0.0
79.84547571 1.0 1.0
80.40103071 0.0 0.0
80.95658571 1.0 0.0
81.51214071 0.0 0.0
82.06769571 1.0 1.0
82.62325071 0.0 0.0
83.17880570999999 1.0 0.0
83.73436071 0.0 0.0
84.28991571 1.0 1.0
84.84547071 0.0 0.0
85.40102571 1.0 0.0
85.95658071 0.0 0.0
86.51213571 1.0 1.0
87.06769071 0.0 0.0
87.62324570999999 1.0 0.0
88.17880071 0.0 0.0
88.73435571 1.0 1.0
89.28991071 0.0 0.0
89.84546571 1.0 0.0
90.40102071 0.0 0.0
90.95657571 1.0 1.0
91.51213071 0.0 0.0
92.06768570999999 1.0 0.0
92.62324071 0.0 0.0
93.17879571 1.0 1.0
93.73435071 0.0 0.0
94.28990571 1.0 0.0
94.84546071 0.0 0.0
95.40101571 1.0 1.0
95.95657071 0.0 0.0
96.51212570999999 1.0 0.0
97.06768070999999 0.0 0.0
97.62323571 1.0 1.0
98.17879071 0.0 0.0
98.73434571 1.0 0.0
99.28990071 0.0 0.0
99.84545571 1.0 1.0
100.40101071 0.0 0.0
100.95656570999999 1.0 0.0
101.51212070999999 0.0 0.0
102.06767571 1.0 1.0
102.62323071 0.0 0.0
103.17878571 1.0 0.0
103.73434071 0.0 0.0
104.28989571 1.0 1.0
104.84545071 0.0 0.0
105.40100570999999 1.0 0.0
105.95656070999999 0.0 0.0
106.51211571 1.0 1.0
107.06767071 0.0 0.0
107.62322571 1.0 0.0
108.17878071 0.0 0.0
108.73433571 1.0 1.0
109.28989071 0.0 0.0
109.84544570999999 1.0 0.0
110.40100070999999 0.0 0.0
110.95655571 1.0 1.0
111.51211071 0.0 0.0
112.06766571 1.0 0.0
112.62322071 0.0 0.0
113.17877571 1.0 1.0
113.73433071 0.0 0.0
114.28988571 1.0 0.0
114.84544070999999 0.0 0.0
115.40099571 1.0 1.0
115.95655071 0.0 0.0
116.51210571 1.0 0.0
117.06766071 0.0 0.0
117.62321571 1.0 1.0
118.17877071 0.0 0.0
118.73432571 1.0 0.0
119.28988070999999 0.0 0.0
119.84543571 1.0 1.0
120.40099071 0.0 0.0
120.95654571 1.0 0.0
121.51210071 0.0 0.0
122.06765571 1.0 1.0
122.62321071 0.0 0.0
123.17876571 1.0 0.0
123.73432070999999 0.0 0.0
124.28987571 1.0 1.0
124.84543071 0.0 0.0
125.40098571 1.0 0.0
125.95654071 0.0 0.0
126.51209571 1.0 1.0
127.06765071 0.0 0.0
127.62320571 1.0 0.0
128.17876071 0.0 0.0
128.73431571 1.0 1.0
129.28987071 0.0 0.0
129.84542571 1.0 0.0
130.40098071 0.0 0.0
130.95653571 1.0 1.0
131.51209071 0.0 0.0
132.06764571 1.0 0.0
132.62320071 0.0 0.0
133.17875571 1.0 1.0
133.73431071 0.0 0.0
134.28986571 1.0 0.0
134.84542070999998 0.0 0.0
135.40097571 1.0 1.0
135.95653071 0.0 0.0
136.51208571 1.0 0.0
137.06764071 0.0 0.0
137.62319571 1.0 1.0
138.17875071 0.0 0.0
138.73430571 1.0 0.0
139.28986071 0.0 0.0
139.84541571 1.0 1.0
140.40097071 0.0 0.0
140.95652571 1.0 0.0
141.51208071 0.0 0.0
142.06763571 1.0 1.0
142.62319071 0.0 0.0
143.17874571 1.0 0.0
143.73430070999999 0.0 0.0
144.28985571 1.0 1.0
144.84541071 0.0 0.0
145.40096571 1.0 0.0
145.95652071 0.0 0.0
146.51207571 1.0 1.0
147.06763071 0.0 0.0
147.62318571 1.0 0.0
148.17971164925 0.0 0.0
148.73655564925002 1.0 1.0
149.29339964925 0.0 0.0
149.85024364925002 1.0 0.0
150.40708764925 0.0 0.0
150.96393164925001 1.0 1.0
151.52077564925 0.0 0.0
152.07761964925 1.0 0.0
152.63446364925002 0.0 0.0
153.19130764925 1.0 1.0
153.74815164925002 0.0 0.0
154.30499564925 1.0 0.0
154.86183964925002 0.0 0.0
155.41868364925 1.0 1.0
155.97552764925 0.0 0.0
156.53237164925002 1.0 0.0
157.08921564925 0.0 0.0
157.64605964925002 1.0 1.0
158.20387641008335 0.0 0.0
158.76201541008336 1.0 0.0
159.32015441008335 0.0 0.0
159.87829341008336 1.0 1.0
160.43643241008334 0.0 0.0
160.99273806208336 1.0 0.0
161.54829306208336 0.0 0.0
162.10384806208336 1.0 1.0
162.65940306208336 0.0 0.0
163.21495806208335 1.0 0.0
163.77051306208335 0.0 0.0
164.32606806208335 1.0 1.0
164.88162306208335 0.0 0.0
165.43717806208338 1.0 0.0
165.99273306208337 0.0 0.0
166.54828806208337 1.0 1.0
167.10384306208337 0.0 0.0
167.65939806208337 1.0 0.0
168.21495306208337 0.0 0.0
168.77050806208337 1.0 1.0
169.32606306208336 0.0 0.0
169.88161806208336 1.0 0.0
170.43717306208336 0.0 0.0
170.99272806208336 1.0 1.0
171.54828306208336 0.0 0.0
172.10383806208335 1.0 0.0
172.65939306208335 0.0 0.0
173.21494806208335 1.0 1.0
173.77050306208335 0.0 0.0
174.32605806208335 1.0 0.0
174.88161306208337 0.0 0.0
175.43716806208337 1.0 1.0
175.99272306208337 0.0 0.0
176.54827806208337 1.0 0.0
177.10383306208337 0.0 0.0
177.65938806208337 1.0 1.0
178.21494306208336 0.0 0.0
178.77049806208336 1.0 0.0
179.32605306208336 0.0 0.0
179.88160806208336 1.0 1.0
180.43716306208336 0.0 0.0
180.99271806208336 1.0 0.0
181.54827306208335 0.0 0.0
182.10382806208335 1.0 1.0
182.65938306208335 0.0 0.0
183.21493806208335 1.0 0.0
183.77049306208335 0.0 0.0
184.32604806208337 1.0 1.0
184.88160306208337 0.0 0.0
185.43715806208337 1.0 0.0
185.99271306208337 0.0 0.0
186.54826806208337 1.0 1.0
187.10382306208336 0.0 0.0
187.65937806208336 1.0 0.0
188.21493306208336 0.0 0.0
188.77048806208336 1.0 1.0
189.32604306208336 0.0 0.0
189.88159806208336 1.0 0.0
190.43715306208335 0.0 0.0
190.99270806208335 1.0 1.0
191.54826306208335 0.0 0.0
192.10381806208335 1.0 0.0
192.65937306208338 0.0 0.0
193.21492806208335 1.0 1.0
193.77048306208337 0.0 0.0
194.32603806208337 1.0 0.0
194.88159306208337 0.0 0.0
195.43714806208337 1.0 1.0
195.99270306208336 0.0 0.0
196.54825806208336 1.0 0.0
197.10381306208336 0.0 0.0
197.65936806208336 1.0 1.0
198.21492306208336 0.0 0.0
198.77047806208336 1.0 0.0
199.32603306208335 0.0 0.0
199.88158806208335 1.0 1.0
200.43714306208335 0.0 0.0
200.99269806208338 1.0 0.0
201.54825306208335 0.0 0.0
202.10380806208337 1.0 1.0
202.65936306208334 0.0 0.0
203.21491806208337 1.0 0.0
203.77047306208337 0.0 0.0
204.32602806208337 1.0 1.0
204.88158306208337 0.0 0.0
205.43713806208336 1.0 0.0
205.99269306208336 0.0 0.0
206.54824806208336 1.0 1.0
207.10380306208336 0.0 0.0
207.65935806208336 1.0 0.0
208.21491306208335 0.0 0.0
208.77046806208335 1.0 1.0
209.32602306208335 0.0 0.0
209.88157806208335 1.0 0.0
210.43713306208338 0.0 0.0
210.99268806208335 1.0 1.0
211.54824306208337 0.0 0.0
212.10379806208334 1.0 0.0
212.65935306208337 0.0 0.0
213.21490806208337 1.0 1.0
213.77046306208337 0.0 0.0
214.32601806208336 1.0 0.0
214.88157306208336 0.0 0.0
215.43712806208336 1.0 1.0
215.99268306208336 0.0 0.0
216.54823806208336 1.0 0.0
217.10379306208335 0.0 0.0
217.65934806208335 1.0 1.0
218.21490306208335 0.0 0.0
218.77045806208335 1.0 0.0
219.32601306208335 0.0 0.0
219.88156806208337 1.0 1.0
220.43712306208334 0.0 0.0
220.99267806208337 1.0 0.0
221.54823306208337 0.0 0.0
222.10378806208337 1.0 1.0
222.65934306208337 0.0 0.0
223.21489806208336 1.0 0.0
223.77045306208336 0.0 0.0
224.32600806208336 1.0 1.0
224.88156306208336 0.0 0.0
225.43711806208336 1.0 0.0
225.99267306208336 0.0 0.0
226.54822806208335 1.0 1.0
227.10378306208338 0.0 0.0
227.65933806208335 1.0 0.0
228.21489306208338 0.0 0.0
228.77044806208335 1.0 1.0
229.32600306208337 0.0 0.0
229.88155806208334 1.0 0.0
230.43711306208337 0.0 0.0
230.99266806208334 1.0 1.0
231.54822306208337 0.0 0.0
232.10377806208336 1.0 0.0
232.65933306208336 0.0 0.0
233.21488806208336 1.0 1.0
233.77044306208336 0.0 0.0
234.32599806208336 1.0 0.0
234.88155306208336 0.0 0.0
235.43710806208335 1.0 1.0
235.99266306208335 0.0 0.0
236.54821806208338 1.0 0.0
237.10377306208335 0.0 0.0
237.65932806208338 1.0 1.0
238.21488306208337 0.0 0.0
238.77043806208337 1.0 0.0
239.32599306208337 0.0 0.0
239.88154806208337 1.0 1.0
240.43710306208337 0.0 0.0
240.99265806208336 1.0 0.0
241.54821306208336 0.0 0.0
242.10376806208336 1.0 1.0
242.6593230620834 0.0 0.0
243.21487806208336 1.0 0.0
243.77043306208338 0.0 0.0
244.32598806208335 1.0 1.0
244.88154306208338 0.0 0.0
245.43709806208335 1.0 0.0
245.99265306208338 0.0 0.0
246.54820806208335 1.0 1.0
247.10376306208337 0.0 0.0
247.65931806208337 1.0 0.0
248.21487306208337 0.0 0.0
248.77042806208337 1.0 1.0
249.32598306208337 0.0 0.0
249.88153806208337 1.0 0.0
250.43709306208336 0.0 0.0
250.99264806208336 1.0 1.0
251.54820306208336 0.0 0.0
252.1037580620834 1.0 0.0
252.65931306208336 0.0 0.0
253.21486806208338 1.0 1.0
253.77042306208335 0.0 0.0
254.32597806208338 1.0 0.0
254.88153306208335 0.0 0.0
255.43708806208338 1.0 0.0