0.9113786420000002 0.0 0.0
1.9458606420000004 1.0 1.0
2.980342642000001 0.0 0.0
4.014824642000001 1.0 0.0
5.049306642000001 0.0 0.0
6.083788642000001 1.0 1.0
7.1182706420000015 0.0 0.0
8.152752642000001 1.0 0.0
9.187234642000002 0.0 0.0
10.221716642000002 1.0 1.0
11.256198642000003 0.0 0.0
12.290680642000002 1.0 0.0
13.325162642000002 0.0 0.0
14.359644642000003 1.0 1.0
15.394126642000003 0.0 0.0
16.428608642000004 1.0 0.0
17.463090642000004 0.0 0.0
18.497572642000005 1.0 1.0
19.532054642000006 0.0 0.0
20.566536642000006 1.0 0.0
21.601018642000007 0.0 0.0
22.635500642000007 1.0 1.0
23.669982642000008 0.0 0.0
24.704464642000005 1.0 0.0
25.738946642000005 0.0 0.0
26.773428642000006 1.0 1.0
27.807910642000007 0.0 0.0
28.842392642000007 1.0 0.0
29.876874642000008 0.0 0.0
30.91135664200001 1.0 1.0
31.94583864200001 0.0 0.0
32.98032064200001 1.0 0.0
34.01480264200001 0.0 0.0
35.04928464200001 1.0 1.0
36.08376664200001 0.0 0.0
37.11824864200001 1.0 0.0
38.15273064200001 0.0 0.0
39.187212642000006 1.0 1.0
40.22169464200001 0.0 0.0
41.25617664200001 1.0 0.0
42.29065864200001 0.0 0.0
43.32514064200001 1.0 1.0
44.35962264200001 0.0 0.0
45.39410464200001 1.0 0.0
46.42858664200001 0.0 0.0
47.46306864200001 1.0 1.0
48.497550642000014 0.0 0.0
49.53203264200001 1.0 0.0
50.56651464200001 0.0 0.0
51.60099664200001 1.0 1.0
52.63547864200001 0.0 0.0
53.669960642000014 1.0 0.0
54.70444264200001 0.0 0.0
55.738924642000015 1.0 1.0
56.77340664200001 0.0 0.0
57.807888642000016 1.0 0.0
58.84237064200001 0.0 0.0
59.87685264200001 1.0 1.0
60.911334642000014 0.0 0.0
61.94581664200001 1.0 0.0
62.980298642000015 0.0 0.0
64.01478064200002 1.0 1.0
65.04926264200002 0.0 0.0
66.08374464200001 1.0 0.0
67.11822664200001 0.0 0.0
68.15270864200001 1.0 1.0
69.18719064200002 0.0 0.0
70.22167264200002 1.0 0.0
71.25615464200001 0.0 0.0
72.29063664200001 1.0 1.0
73.325118642 0.0 0.0
74.359600642 1.0 0.0
75.39408264200001 0.0 0.0
76.42856464200001 1.0 1.0
77.46304664200001 0.0 0.0
78.497528642 1.0 0.0
79.532010642 0.0 0.0
80.56649264200001 1.0 1.0
81.60097464200001 0.0 0.0
82.63545664200001 1.0 0.0
83.669938642 0.0 0.0
84.70442064200002 1.0 1.0
85.73890264200001 0.0 0.0
86.77338464200001 1.0 0.0
87.80786664200001 0.0 0.0
88.842348642 1.0 1.0
89.87683064200002 0.0 0.0
90.91131264200001 1.0 0.0
91.94579464200001 0.0 0.0
92.980276642 1.0 1.0
94.01475864200002 0.0 0.0
95.04924064200002 1.0 0.0
96.08372264200001 0.0 0.0
97.11820464200001 1.0 1.0
98.152686642 0.0 0.0
99.18716864200002 1.0 0.0
100.22165064200001 0.0 0.0
101.25613264200001 1.0 1.0
102.29061464200001 0.0 0.0
103.32509664200002 1.0 0.0
104.35957864200002 0.0 0.0
105.39406064200001 1.0 1.0
106.42854264200001 0.0 0.0
107.46302464200001 1.0 0.0
108.49750664200002 0.0 0.0
109.53198864200002 1.0 1.0
110.56647064200001 0.0 0.0
111.60095264200001 1.0 0.0
112.63543464200002 0.0 0.0
113.66991664200002 1.0 1.0
114.70439864200002 0.0 0.0
115.73888064200001 1.0 0.0
116.77336264200001 0.0 0.0
117.80784464200002 1.0 1.0
118.84232664200002 0.0 0.0
119.87680864200001 1.0 0.0
120.91129064200001 0.0 0.0
121.94577264200002 1.0 1.0
122.98025464200002 0.0 0.0
124.01473664200002 1.0 0.0
125.04921864200001 0.0 0.0
126.08370064200001 1.0 1.0
127.11818264200002 0.0 0.0
128.15266464200002 1.0 0.0
129.18714664200002 0.0 0.0
130.221628642 1.0 1.0
131.256110642 0.0 0.0
132.290592642 1.0 0.0
133.32507464200003 0.0 0.0
134.35955664200003 1.0 1.0
135.39403864200003 0.0 0.0
136.42852064200002 1.0 0.0
137.46300264200002 0.0 0.0
138.49748464200002 1.0 1.0
139.53196664200001 0.0 0.0
140.566448642 1.0 0.0
141.60093064200004 0.0 0.0
142.63541264200003 1.0 1.0
143.66989464200003 0.0 0.0
144.70437664200003 1.0 0.0
145.73885864200003 0.0 0.0
146.77334064200005 1.0 1.0
147.80782264200005 0.0 0.0
148.84230464200004 1.0 0.0
149.87678664200004 0.0 0.0
150.91126864200004 1.0 1.0
151.94575064200004 0.0 0.0
152.98023264200003 1.0 0.0
154.01471464200003 0.0 0.0
155.04919664200003 1.0 1.0
156.08367864200005 0.0 0.0
157.11816064200005 1.0 0.0
158.15264264200005 0.0 0.0
159.18712464200004 1.0 1.0
160.22160664200004 0.0 0.0
161.25608864200004 1.0 0.0
162.29057064200003 0.0 0.0
163.32505264200003 1.0 1.0
164.35953464200003 0.0 0.0
165.39401664200005 1.0 0.0
166.42849864200005 0.0 0.0
167.46298064200005 1.0 1.0
168.49746264200004 0.0 0.0
169.53194464200004 1.0 0.0
170.56642664200004 0.0 0.0
171.60090864200004 1.0 1.0
172.63539064200003 0.0 0.0
173.66987264200003 1.0 0.0
174.70435464200006 0.0 0.0
175.73883664200005 1.0 1.0
176.77331864200005 0.0 0.0
177.80780064200005 1.0 0.0
178.84228264200004 0.0 0.0
179.87676464200004 1.0 1.0
180.91124664200004 0.0 0.0
181.94572864200003 1.0 0.0
182.98021064200003 0.0 0.0
184.01469264200006 1.0 1.0
185.04917464200005 0.0 0.0
186.08365664200005 1.0 0.0
187.11813864200005 0.0 0.0
188.15262064200004 1.0 1.0
189.18710264200004 0.0 0.0
190.22158464200004 1.0 0.0
191.25606664200004 0.0 0.0
192.29054864200003 1.0 1.0
193.32503064200006 0.0 0.0
194.35951264200006 1.0 0.0
195.39399464200005 0.0 0.0
196.42847664200005 1.0 1.0
197.46295864200005 0.0 0.0
198.49744064200004 1.0 0.0
199.53192264200004 0.0 0.0
200.56640464200004 1.0 0.0
201.60088664200003 0.0 0.0
202.63536864200006 1.0 1.0
203.66985064200006 0.0 0.0
204.70433264200005 1.0 0.0
205.73881464200005 0.0 0.0
206.77329664200005 1.0 1.0
207.80777864200005 0.0 0.0
208.84226064200004 1.0 0.0
209.87674264200004 0.0 0.0
210.91122464200004 1.0 1.0
211.94570664200006 0.0 0.0
212.98018864200006 1.0 0.0
214.01467064200006 0.0 0.0
215.04915264200005 1.0 1.0
216.08363464200005 0.0 0.0
217.11811664200005 1.0 0.0
218.15259864200004 0.0 0.0
219.18708064200004 1.0 1.0
220.22156264200004 0.0 0.0
221.25604464200006 1.0 0.0
222.29052664200006 0.0 0.0
223.32500864200006 1.0 1.0
224.35949064200005 0.0 0.0
225.39397264200005 1.0 0.0
226.42845464200005 0.0 0.0
227.46293664200005 1.0 1.0
228.49741864200004 0.0 0.0
229.53190064200004 1.0 0.0
230.56638264200006 0.0 0.0
231.60086464200006 1.0 1.0
232.63534664200006 0.0 0.0
233.66982864200006 1.0 0.0
234.70431064200005 0.0 0.0
235.73879264200005 1.0 1.0
236.77327464200005 0.0 0.0
237.80775664200004 1.0 0.0
238.84223864200004 0.0 0.0
239.87672064200007 1.0 1.0
240.91120264200006 0.0 0.0
241.94568464200006 1.0 0.0
242.98016664200006 0.0 0.0
244.01464864200005 1.0 1.0
245.04913064200005 0.0 0.0
246.08361264200005 1.0 0.0
247.11809464200005 0.0 0.0
248.15257664200004 1.0 1.0
249.18705864200007 0.0 0.0
250.22154064200006 1.0 0.0
251.25602264200006 0.0 0.0
252.29050464200006 1.0 1.0
253.32498664200006 0.0 0.0
254.35946864200005 1.0 0.0
255.39395064200005 0.0 0.0
256.4284326420001 1.0 1.0
257.46291464200004 0.0 0.0
258.49739664200007 0.0 0.0
259.53187864200004 1.0 1.0
260.56636064200006 0.0 0.0
261.60084264200003 1.0 1.0
262.63532464200006 0.0 0.0