0.553157318 1.0 0.0
1.505235318 0.0 0.0
2.4573133179999997 1.0 1.0
3.409391318 0.0 0.0
4.361469317999999 1.0 0.0
5.3135473179999995 0.0 0.0
6.265625318 1.0 1.0
7.217703317999999 0.0 0.0
8.169781318 1.0 0.0
9.121859318 0.0 0.0
10.073937318 1.0 1.0
11.026015318 0.0 0.0
11.978093318 1.0 0.0
12.930171318000001 0.0 0.0
13.882249318 1.0 1.0
14.834327318 0.0 0.0
15.786405318 1.0 0.0
16.738483318 0.0 0.0
17.690561318 1.0 1.0
18.642639317999997 0.0 0.0
19.594717317999997 1.0 0.0
20.546795317999997 0.0 0.0
21.498873317999998 1.0 1.0
22.450951317999998 0.0 0.0
23.403029317999998 1.0 0.0
24.355107317999998 0.0 0.0
25.307185318 1.0 1.0
26.259263318 0.0 0.0
27.211341318 1.0 0.0
28.163419318 0.0 0.0
29.115497318 1.0 1.0
30.067575318 0.0 0.0
31.019653318000003 1.0 0.0
31.971731318000003 0.0 0.0
32.923809318 1.0 1.0
33.875887318000004 0.0 0.0
34.827965318000004 1.0 0.0
35.780043318000004 0.0 0.0
36.732121318000004 1.0 1.0
37.684199318000005 0.0 0.0
38.636277318000005 1.0 0.0
39.588355318000005 0.0 0.0
40.540433318000005 1.0 1.0
41.492511318000005 0.0 0.0
42.444589318000006 1.0 0.0
43.396667318000006 0.0 0.0
44.348745318000006 1.0 1.0
45.300823318 0.0 0.0
46.252901318 1.0 0.0
47.204979318 0.0 0.0
48.157057318 1.0 0.0
49.109135318 0.0 0.0
50.061213318 1.0 1.0
51.013291318 0.0 0.0
51.965369318 1.0 0.0
52.917447318 0.0 0.0
53.869525318 1.0 1.0
54.821603318 0.0 0.0
55.773681318 1.0 0.0
56.725759318 0.0 0.0
57.677837318 1.0 1.0
58.629915318 0.0 0.0
59.581993318 1.0 0.0
60.534071318 0.0 0.0
61.486149318 1.0 1.0
62.438227318 0.0 0.0
63.390305318 1.0 0.0
64.342383318 0.0 0.0
65.294461318 1.0 1.0
66.246539318 0.0 0.0
67.198617318 1.0 0.0
68.150695318 0.0 0.0
69.102773318 1.0 1.0
70.054851318 0.0 0.0
71.006929318 1.0 0.0
71.959007318 0.0 0.0
72.911085318 1.0 1.0
73.863163318 0.0 0.0
74.815241318 1.0 0.0
75.767319318 0.0 0.0
76.719397318 1.0 1.0
77.671475318 0.0 0.0
78.623553318 1.0 0.0
79.575631318 0.0 0.0
80.527709318 1.0 1.0
81.479787318 0.0 0.0
82.431865318 1.0 0.0
83.38394331800001 0.0 0.0
84.33602131800001 1.0 1.0
85.28809931800001 0.0 0.0
86.24017731800001 1.0 0.0
87.19225531800001 0.0 0.0
88.14433331800001 1.0 1.0
89.09641131800001 0.0 0.0
90.04848931800001 1.0 0.0
91.00056731800001 0.0 0.0
91.95264531800001 1.0 1.0
92.90472331800001 0.0 0.0
93.85680131800001 1.0 0.0
94.80887931800001 0.0 0.0
95.76095731800001 1.0 0.0
96.71303531800001 0.0 0.0
97.66511331800001 1.0 1.0
98.61719131800001 0.0 0.0
99.56926931800001 1.0 0.0
100.52134731800001 0.0 0.0
101.47342531800001 1.0 1.0
102.42550331800001 0.0 0.0
103.37758131800001 1.0 0.0
104.32965931800001 0.0 0.0
105.28173731800001 1.0 1.0
106.23381531800001 0.0 0.0
107.18589331800001 1.0 0.0
108.13797131800001 0.0 0.0
109.09004931800001 1.0 1.0
110.04212731800001 0.0 0.0
110.97326143 1.0 0.0
111.88929143 0.0 0.0
112.80532142999999 1.0 1.0
113.72135143 0.0 0.0
114.63738143 1.0 0.0
115.55341143 0.0 0.0
116.46944143 1.0 1.0
117.38547143 0.0 0.0
118.30150143 1.0 0.0
119.21753143 0.0 0.0
120.13356143 1.0 1.0
121.04959142999999 0.0 0.0
121.96562142999998 1.0 0.0
122.88165142999999 0.0 0.0
123.79768142999998 1.0 1.0
124.71371142999999 0.0 0.0
125.62974142999998 1.0 0.0
126.54577142999999 0.0 0.0
127.46180142999998 1.0 1.0
128.37783143 0.0 0.0
129.29386143 1.0 0.0
130.20989143 0.0 0.0
131.12592142999998 1.0 1.0
132.04195142999998 0.0 0.0
132.95798143 1.0 0.0
133.87401143 0.0 0.0
134.79004142999997 1.0 1.0
135.70607142999998 0.0 0.0
136.62210143 1.0 0.0
137.53813143 0.0 0.0
138.45416143 1.0 1.0
139.11464439 0.0 0.0
139.85047573699998 1.0 0.0
140.773552737 0.0 0.0
141.713655361 1.0 1.0
142.666036361 0.0 0.0
143.61841736099998 1.0 0.0
144.570798361 0.0 0.0
145.523179361 1.0 1.0
146.475560361 0.0 0.0
147.427941361 1.0 0.0
148.380322361 0.0 0.0
149.332703361 1.0 1.0
150.285084361 0.0 0.0
151.237465361 1.0 0.0
152.189846361 0.0 0.0
153.142227361 1.0 1.0
154.09460836099998 0.0 0.0
155.046989361 1.0 0.0
155.999370361 0.0 0.0
156.951751361 1.0 1.0
157.904132361 0.0 0.0
158.856513361 1.0 0.0
159.808894361 0.0 0.0
160.761275361 1.0 1.0
161.713656361 0.0 0.0
162.666037361 1.0 0.0
163.618418361 0.0 0.0
164.570799361 1.0 1.0
165.523180361 0.0 0.0
166.475561361 1.0 0.0
167.427942361 0.0 0.0
168.380323361 1.0 1.0
169.332704361 0.0 0.0
170.285085361 1.0 0.0
171.237466361 0.0 0.0
172.189847361 1.0 1.0
173.142228361 0.0 0.0
174.094609361 1.0 0.0
175.04699036099998 0.0 0.0
175.999371361 1.0 1.0
176.951752361 0.0 0.0
177.904133361 1.0 0.0
178.856514361 0.0 0.0
179.808895361 1.0 1.0
180.761276361 0.0 0.0
181.713657361 1.0 0.0
182.666038361 0.0 0.0
183.618419361 1.0 1.0
184.570800361 0.0 0.0
185.523181361 1.0 0.0
186.47556236100002 0.0 0.0
187.42794336100002 1.0 1.0
188.380324361 0.0 0.0
189.332705361 1.0 1.0
190.285086361 0.0 0.0
191.237467361 1.0 0.0
192.189848361 0.0 0.0
193.142229361 1.0 1.0
194.094610361 0.0 0.0
195.046991361 1.0 0.0
195.99937236099998 0.0 0.0
196.951753361 1.0 1.0
197.904134361 0.0 0.0
198.856515361 1.0 0.0
199.808896361 0.0 0.0
200.761277361 1.0 1.0
201.713658361 0.0 0.0
202.666039361 1.0 0.0
203.618420361 0.0 0.0
204.570801361 1.0 1.0
205.523182361 0.0 0.0
206.475563361 1.0 0.0
207.42794436100002 0.0 0.0
208.38032536100002 1.0 1.0
209.33270636100002 0.0 0.0
210.285087361 1.0 0.0
211.237468361 0.0 0.0
212.189849361 1.0 1.0
213.142230361 0.0 0.0
214.094611361 1.0 0.0
215.04699236099998 0.0 0.0
215.99937336099998 1.0 1.0
216.95175436099998 0.0 0.0
217.904135361 1.0 0.0
218.856516361 0.0 0.0
219.808897361 1.0 1.0
220.761278361 0.0 0.0
221.713659361 1.0 0.0
222.666040361 0.0 0.0
223.618421361 1.0 1.0
224.570802361 0.0 0.0
225.523183361 1.0 0.0
226.475564361 0.0 0.0
227.427945361 1.0 1.0
228.38032636100002 0.0 0.0
229.33270736100002 1.0 0.0
230.28508836100002 0.0 0.0
231.237469361 1.0 1.0
232.189850361 0.0 0.0
233.142231361 1.0 0.0
234.094612361 0.0 0.0
235.046993361 1.0 1.0
235.99937436099998 0.0 0.0
236.95175536099998 1.0 0.0
237.90413636099998 0.0 0.0
238.856517361 1.0 1.0
239.808898361 0.0 0.0
240.761279361 1.0 0.0
241.713660361 0.0 0.0
242.66604136100003 1.0 1.0
243.61842236100003 0.0 0.0
244.57080336100003 1.0 0.0
245.52318436100003 0.0 0.0
246.475565361 1.0 1.0
247.427946361 0.0 0.0
248.380327361 1.0 0.0
249.33270836100002 0.0 0.0
250.28508936100002 1.0 1.0
251.23747036100002 0.0 0.0
252.18985136100002 1.0 0.0
253.14223236100003 0.0 0.0
254.09461336100003 1.0 1.0
255.04699436100003 0.0 0.0
255.99937536100003 1.0 0.0
256.95175636100004 0.0 0.0
257.90413736100004 1.0 1.0
258.85651836100004 0.0 0.0
259.80889936100004 0.0 0.0