0.21437499999999998 1.0 1.0
0.839375 0.0 0.0
1.4643749999999998 0.0 0.0
2.089375 1.0 0.0
2.714375 0.0 0.0
3.339375 1.0 1.0
3.964375 0.0 0.0
4.5893749999999995 1.0 0.0
5.2143749999999995 0.0 0.0
5.839375 1.0 1.0
6.464375 0.0 0.0
7.089375 1.0 0.0
7.714375 0.0 0.0
8.339375 1.0 1.0
8.964375 0.0 0.0
9.589375 1.0 0.0
10.214375 0.0 0.0
10.839374999999999 1.0 1.0
11.464374999999999 0.0 0.0
12.089374999999999 1.0 0.0
12.714374999999999 0.0 0.0
13.339374999999999 1.0 1.0
13.964374999999999 0.0 0.0
14.589374999999999 1.0 0.0
15.214374999999999 0.0 0.0
15.839374999999999 1.0 1.0
16.464375 0.0 0.0
17.089375 1.0 0.0
17.714375 0.0 0.0
18.339375 1.0 1.0
18.964375 0.0 0.0
19.589375 1.0 0.0
20.214375 0.0 0.0
20.839375 1.0 1.0
21.464375000000004 0.0 0.0
22.089375000000004 1.0 0.0
22.714375000000004 0.0 0.0
23.339375000000004 1.0 1.0
23.964375000000004 0.0 0.0
24.589375000000004 1.0 0.0
25.214375000000004 0.0 0.0
25.839375000000004 1.0 1.0
26.464375000000004 0.0 0.0
27.089375000000004 1.0 0.0
27.714375000000004 0.0 0.0
28.339375000000004 1.0 1.0
28.964375000000004 0.0 0.0
29.589375000000004 1.0 0.0
30.214375000000004 0.0 0.0
30.839375000000004 1.0 1.0
31.464375000000004 0.0 0.0
32.089375000000004 1.0 0.0
32.714375000000004 0.0 0.0
33.339375000000004 1.0 1.0
33.964375000000004 0.0 0.0
34.589375000000004 1.0 0.0
35.214375000000004 0.0 0.0
35.839375000000004 1.0 1.0
36.464375000000004 0.0 0.0
37.089375000000004 1.0 0.0
37.714375000000004 0.0 0.0
38.339375000000004 1.0 1.0
38.964375000000004 0.0 0.0
39.589375000000004 1.0 0.0
40.214375000000004 0.0 0.0
40.839375000000004 1.0 1.0
41.464375000000004 0.0 0.0
42.089375000000004 1.0 0.0
42.714375 0.0 0.0
43.339375 1.0 1.0
43.964375 0.0 0.0
44.589375 1.0 0.0
45.214375 0.0 0.0
45.839375 1.0 1.0
46.464375 0.0 0.0
47.089375 1.0 0.0
47.714375 0.0 0.0
48.339375 1.0 1.0
48.964375 0.0 0.0
49.589375 1.0 0.0
50.214375 0.0 0.0
50.839375 1.0 1.0
51.464375 0.0 0.0
52.089375 1.0 0.0
52.714375 0.0 0.0
53.339375 1.0 1.0
53.964375 0.0 0.0
54.589375 1.0 0.0
55.214375 0.0 0.0
55.839375 1.0 1.0
56.464375 0.0 0.0
57.089375 1.0 0.0
57.714375 0.0 0.0
58.339375 1.0 1.0
58.964375 0.0 0.0
59.589375 1.0 0.0
60.214375 0.0 0.0
60.839375 1.0 1.0
61.464375 0.0 0.0
62.089375 1.0 0.0
62.714375 0.0 0.0
63.339375 1.0 0.0
63.964375 0.0 0.0
64.589375 1.0 0.0
65.214375 0.0 0.0
65.839375 1.0 1.0
66.464375 0.0 0.0
67.089375 1.0 0.0
67.714375 0.0 0.0
68.339375 1.0 1.0
68.964375 0.0 0.0
69.589375 1.0 0.0
70.214375 0.0 0.0
70.839375 1.0 1.0
71.464375 0.0 0.0
72.089375 1.0 0.0
72.714375 0.0 0.0
73.339375 1.0 1.0
73.964375 0.0 0.0
74.589375 1.0 0.0
75.214375 0.0 0.0
75.839375 1.0 1.0
76.464375 0.0 0.0
77.089375 1.0 0.0
77.714375 0.0 0.0
78.339375 1.0 1.0
78.964375 0.0 0.0
79.589375 1.0 0.0
80.21437499999999 0.0 0.0
80.83937499999999 1.0 1.0
81.46437499999999 0.0 0.0
82.08937499999999 1.0 0.0
82.71437499999999 0.0 0.0
83.33937499999999 1.0 1.0
83.96437499999999 0.0 0.0
84.58937499999999 1.0 0.0
85.21437499999999 0.0 0.0
85.839375 1.0 1.0
86.464375 0.0 0.0
87.089375 1.0 0.0
87.714375 0.0 0.0
88.339375 1.0 0.0
88.964375 0.0 0.0
89.589375 1.0 1.0
90.214375 0.0 0.0
90.839375 1.0 0.0
91.464375 0.0 0.0
92.089375 1.0 1.0
92.714375 0.0 0.0
93.339375 1.0 0.0
93.964375 0.0 0.0
94.589375 1.0 1.0
95.214375 0.0 0.0
95.839375 1.0 1.0
96.464375 0.0 0.0
97.089375 1.0 0.0
97.714375 0.0 0.0
98.339375 1.0 1.0
98.964375 0.0 0.0
99.589375 1.0 0.0
100.214375 0.0 0.0
100.839375 1.0 1.0
101.464375 0.0 0.0
102.089375 1.0 0.0
102.714375 0.0 0.0
103.339375 1.0 1.0
103.964375 0.0 0.0
104.589375 1.0 0.0
105.214375 0.0 0.0
105.839375 1.0 1.0
106.464375 0.0 0.0
107.089375 1.0 0.0
107.714375 0.0 0.0
108.339375 1.0 1.0
108.964375 0.0 0.0
109.589375 1.0 0.0
110.214375 0.0 0.0
110.839375 1.0 0.0
111.464375 0.0 0.0
112.089375 1.0 1.0
112.714375 0.0 0.0
113.339375 1.0 0.0
113.964375 0.0 0.0
114.589375 1.0 1.0
115.214375 0.0 0.0
115.839375 1.0 0.0
116.464375 0.0 0.0
117.089375 1.0 1.0
117.714375 0.0 0.0
118.339375 1.0 0.0
118.964375 0.0 0.0
119.589375 1.0 1.0
120.214375 0.0 0.0
120.839375 1.0 0.0
121.464375 0.0 0.0
122.089375 1.0 1.0
122.714375 0.0 0.0
123.339375 1.0 0.0
123.964375 0.0 0.0
124.589375 1.0 1.0
125.214375 0.0 0.0
125.839375 1.0 0.0
126.464375 0.0 0.0
127.089375 1.0 0.0
127.714375 0.0 0.0
128.339375 1.0 1.0
128.964375 0.0 0.0
129.589375 1.0 0.0
130.214375 0.0 0.0
130.839375 1.0 1.0
131.464375 0.0 0.0
132.089375 1.0 0.0
132.714375 0.0 0.0
133.339375 1.0 1.0
133.964375 0.0 0.0
134.589375 1.0 0.0
135.214375 0.0 0.0
135.839375 1.0 1.0
136.464375 0.0 0.0
137.089375 1.0 0.0
137.714375 0.0 0.0
138.339375 1.0 1.0
138.964375 0.0 0.0
139.589375 1.0 0.0
140.214375 0.0 0.0
140.839375 1.0 1.0
141.464375 0.0 0.0
142.089375 1.0 0.0
142.714375 0.0 0.0
143.339375 1.0 1.0
143.964375 0.0 0.0
144.589375 1.0 0.0
145.214375 0.0 0.0
145.839375 1.0 1.0
146.464375 0.0 0.0
147.089375 1.0 0.0
147.714375 0.0 0.0
148.339375 1.0 1.0
148.964375 0.0 0.0
149.589375 1.0 0.0
150.214375 0.0 0.0
150.839375 1.0 1.0
151.464375 0.0 0.0
152.089375 1.0 0.0
152.714375 0.0 0.0
153.339375 1.0 1.0
153.964375 0.0 0.0
154.589375 1.0 0.0
155.214375 0.0 0.0
155.839375 1.0 1.0
156.464375 0.0 0.0
157.089375 1.0 0.0
157.714375 0.0 0.0
158.339375 1.0 1.0
158.964375 0.0 0.0
159.589375 1.0 0.0
160.21437500000002 0.0 0.0
160.83937500000002 1.0 1.0
161.46437500000002 0.0 0.0
162.08937500000002 1.0 0.0
162.71437500000002 0.0 0.0
163.33937500000002 1.0 1.0
163.96437500000002 0.0 0.0
164.58937500000002 1.0 0.0
165.21437500000002 0.0 0.0
165.83937500000002 1.0 1.0
166.46437500000002 0.0 0.0
167.08937500000002 1.0 0.0
167.71437500000002 0.0 0.0
168.33937500000002 1.0 1.0
168.96437500000002 0.0 0.0
169.58937500000002 1.0 0.0
170.21437500000002 0.0 0.0
170.83937500000002 1.0 1.0
171.46437500000002 0.0 0.0
172.08937500000002 1.0 0.0
172.71437500000002 0.0 0.0
173.33937500000002 1.0 1.0
173.96437500000002 0.0 0.0
174.58937500000002 1.0 0.0
175.21437500000002 0.0 0.0
175.83937500000002 1.0 1.0
176.46437500000002 0.0 0.0
177.08937500000002 1.0 0.0
177.71437500000002 0.0 0.0
178.33937500000002 1.0 0.0
178.96437500000002 0.0 0.0
179.58937500000002 1.0 1.0
180.21437500000002 0.0 0.0
180.83937500000002 1.0 0.0
181.46437500000002 0.0 0.0
182.08937500000002 1.0 1.0
182.71437500000002 0.0 0.0
183.33937500000002 1.0 0.0
183.96437500000002 0.0 0.0
184.58937500000002 1.0 1.0
185.21437500000002 0.0 0.0
185.83937500000002 1.0 0.0
186.46437500000002 0.0 0.0
187.08937500000002 1.0 1.0
187.71437500000002 0.0 0.0
188.33937500000002 1.0 0.0
188.96437500000002 0.0 0.0
189.58937500000002 1.0 0.0
190.21437500000002 0.0 0.0
190.83937500000002 1.0 1.0
191.46437500000002 0.0 0.0
192.08937500000002 1.0 0.0
192.71437500000002 0.0 0.0
193.33937500000002 1.0 1.0
193.96437500000002 0.0 0.0
194.58937500000002 1.0 0.0
195.21437500000002 0.0 0.0
195.83937500000002 1.0 1.0
196.46437500000002 0.0 0.0
197.08937500000002 1.0 0.0
197.71437500000002 0.0 0.0
198.33937500000002 1.0 0.0
198.96437500000002 0.0 0.0
199.58937500000002 1.0 1.0
200.21437500000002 0.0 0.0
200.83937500000002 1.0 0.0
201.46437500000002 0.0 0.0
202.08937500000002 1.0 1.0
202.71437500000002 0.0 0.0
203.33937500000002 1.0 0.0
203.96437500000002 0.0 0.0
204.58937500000002 1.0 1.0
205.21437500000002 0.0 0.0
205.83937500000002 1.0 0.0
206.46437500000002 0.0 0.0
207.08937500000002 1.0 1.0
207.71437500000002 0.0 0.0
208.33937500000002 1.0 0.0
208.96437500000002 0.0 0.0
209.58937500000002 1.0 1.0
210.21437500000002 0.0 0.0
210.83937500000002 1.0 0.0
211.46437500000002 0.0 0.0
212.08937500000002 1.0 1.0
212.71437500000002 0.0 0.0
213.33937500000002 1.0 0.0
213.96437500000002 0.0 0.0
214.58937500000002 1.0 1.0
215.21437500000002 0.0 0.0
215.83937500000002 1.0 0.0
216.46437500000002 0.0 0.0
217.08937500000002 1.0 1.0
217.71437500000002 0.0 0.0
218.33937500000002 1.0 0.0
218.96437500000002 0.0 0.0
219.58937500000002 1.0 1.0
220.21437500000002 0.0 0.0
220.83937500000002 1.0 0.0
221.46437500000002 0.0 0.0
222.08937500000002 1.0 1.0
222.71437500000002 0.0 0.0
223.33937500000002 1.0 0.0
223.96437500000002 0.0 0.0
224.58937500000002 1.0 1.0
225.21437500000002 0.0 0.0
225.83937500000002 1.0 0.0
226.46437500000002 0.0 0.0
227.08937500000002 1.0 1.0
227.71437500000002 0.0 0.0
228.33937500000002 1.0 0.0
228.96437500000002 0.0 0.0
229.58937500000002 1.0 1.0
230.21437500000002 0.0 0.0
230.83937500000002 1.0 0.0
231.46437500000002 0.0 0.0
232.08937500000002 1.0 1.0
232.71437500000002 0.0 0.0
233.33937500000002 1.0 0.0
233.96437500000002 0.0 0.0
234.58937500000002 1.0 1.0
235.21437500000002 0.0 0.0
235.83937500000002 1.0 0.0
236.46437500000002 0.0 0.0
237.08937500000002 1.0 1.0
237.71437500000002 0.0 0.0
238.33937500000002 1.0 0.0
238.96437500000002 0.0 0.0
239.58937500000002 1.0 1.0
240.21437500000002 0.0 0.0
240.83937500000002 1.0 0.0
241.46437500000002 0.0 0.0
242.08937500000002 1.0 1.0
242.71437500000002 0.0 0.0
243.33937500000002 1.0 0.0
243.96437500000002 0.0 0.0
244.58937500000002 1.0 1.0
245.21437500000002 0.0 0.0
245.83937500000002 1.0 0.0
246.46437500000002 0.0 0.0
247.08937500000002 1.0 1.0
247.71437500000002 0.0 0.0
248.33937500000002 1.0 0.0
248.96437500000002 0.0 0.0
249.58937500000002 1.0 1.0
250.21437500000002 0.0 0.0
250.83937500000002 1.0 0.0
251.46437500000002 0.0 0.0
252.08937500000002 1.0 1.0
252.71437500000002 0.0 0.0
253.33937500000002 1.0 0.0
253.96437500000002 0.0 0.0
254.58937500000002 1.0 1.0
255.21437500000002 0.0 0.0
255.83937500000002 1.0 0.0
256.464375 0.0 0.0
257.089375 1.0 1.0
257.714375 0.0 0.0
258.339375 1.0 0.0
258.964375 0.0 0.0
259.589375 1.0 1.0
260.214375 0.0 0.0
260.839375 1.0 0.0
261.464375 0.0 0.0
262.089375 1.0 1.0
262.714375 0.0 0.0
263.339375 1.0 0.0
263.964375 0.0 0.0
264.589375 1.0 1.0
265.214375 0.0 0.0
265.839375 1.0 0.0
266.464375 0.0 0.0
267.089375 1.0 1.0
267.714375 0.0 0.0
268.339375 1.0 0.0
268.964375 0.0 0.0
269.589375 1.0 1.0
270.214375 0.0 0.0
270.839375 1.0 0.0
271.464375 0.0 0.0
272.089375 1.0 1.0
272.714375 0.0 0.0
273.339375 1.0 0.0
273.964375 0.0 0.0
274.589375 1.0 1.0
275.214375 0.0 0.0
275.839375 1.0 0.0
276.464375 0.0 0.0
277.089375 1.0 0.0
277.714375 0.0 0.0