0.8218235180000001 1.0 1.0
1.7990215180000002 0.0 0.0
2.7762195180000004 1.0 0.0
3.7534175180000005 0.0 0.0
4.730615518000001 1.0 1.0
5.707813518000002 0.0 0.0
6.685011518000001 1.0 0.0
7.662209518000002 0.0 0.0
8.639407518 1.0 1.0
9.616605518 0.0 0.0
10.593803518 1.0 0.0
11.571001518000001 0.0 0.0
12.548199518 1.0 1.0
13.525397518 0.0 0.0
14.502595518000001 1.0 0.0
15.479793518000001 0.0 0.0
16.456991518000002 1.0 1.0
17.434189518000004 0.0 0.0
18.411387518 1.0 0.0
19.388585518000003 0.0 0.0
20.365783518000004 1.0 1.0
21.342981518000002 0.0 0.0
22.320179518000003 1.0 0.0
23.297377518000005 0.0 0.0
24.274575518000002 1.0 1.0
25.251773518000004 0.0 0.0
26.228971518000005 1.0 0.0
27.206169518000003 0.0 0.0
28.183367518000004 1.0 1.0
29.160565518000006 0.0 0.0
30.137763518000003 1.0 0.0
31.114961518000005 0.0 0.0
32.092159518 1.0 1.0
33.069357518000004 0.0 0.0
34.046555518000005 1.0 0.0
35.02375351800001 0.0 0.0
36.00095151800001 1.0 1.0
36.97814951800001 0.0 0.0
37.955347518 1.0 0.0
38.932545518000005 0.0 0.0
39.909743518000006 1.0 1.0
40.88694151800001 0.0 0.0
41.86413951800001 1.0 0.0
42.84133751800001 0.0 0.0
43.818535518000004 1.0 1.0
44.795733518000006 0.0 0.0
45.77293151800001 1.0 0.0
46.75012951800001 0.0 0.0
47.72732751800001 1.0 1.0
48.70452551800001 0.0 0.0
49.681723518000005 1.0 0.0
50.65892151800001 0.0 0.0
51.63611951800001 1.0 1.0
52.61331751800001 0.0 0.0
53.59051551800001 1.0 0.0
54.567713518000005 0.0 0.0
55.544911518000006 1.0 1.0
56.52210951800001 0.0 0.0
57.49930751800001 1.0 0.0
58.47650551800001 0.0 0.0
59.45370351800001 1.0 1.0
60.430901518000006 0.0 0.0
61.40809951800001 1.0 0.0
62.38529751800001 0.0 0.0
63.362495518 1.0 1.0
64.339693518 0.0 0.0
65.316891518 1.0 0.0
66.294089518 0.0 0.0
67.27128751800001 1.0 1.0
68.24848551800001 0.0 0.0
69.22568351800001 1.0 0.0
70.20288151800001 0.0 0.0
71.18007951800001 1.0 1.0
72.15727751800001 0.0 0.0
73.13447551800002 1.0 0.0
74.11167351800002 0.0 0.0
75.088871518 1.0 1.0
76.066069518 0.0 0.0
77.04326751800001 1.0 0.0
78.02046551800001 0.0 0.0
78.99766351800001 1.0 1.0
79.97486151800001 0.0 0.0
80.95205951800001 1.0 0.0
81.92925751800001 0.0 0.0
82.90645551800002 1.0 1.0
83.88365351800002 0.0 0.0
84.86085151800002 1.0 0.0
85.83804951800002 0.0 0.0
86.815247518 1.0 1.0
87.79244551800001 0.0 0.0
88.76964351800001 1.0 0.0
89.74684151800001 0.0 0.0
90.72403951800001 1.0 1.0
91.70123751800001 0.0 0.0
92.67843551800001 1.0 0.0
93.65563351800002 0.0 0.0
94.63283151800002 1.0 1.0
95.61002951800002 0.0 0.0
96.58722751800002 1.0 0.0
97.56442551800002 0.0 0.0
98.54162351800001 1.0 1.0
99.51882151800001 0.0 0.0
100.49601951800001 1.0 0.0
101.47321751800001 0.0 0.0
102.45041551800001 1.0 1.0
103.42761351800002 0.0 0.0
104.40481151800002 1.0 0.0
105.38200951800002 0.0 0.0
106.35920751800002 1.0 1.0
107.33640551800002 0.0 0.0
108.31360351800002 1.0 0.0
109.29080151800002 0.0 0.0
110.26799951800001 1.0 1.0
111.24519751800001 0.0 0.0
112.22239551800001 1.0 0.0
113.19959351800001 0.0 0.0
114.17679151800002 1.0 1.0
115.15398951800002 0.0 0.0
116.13118751800002 1.0 0.0
117.10838551800002 0.0 0.0
118.08558351800002 1.0 1.0
119.06278151800002 0.0 0.0
120.03997951800002 1.0 0.0
121.01717751800001 0.0 0.0
121.99437551800001 1.0 1.0
122.97157351800001 0.0 0.0
123.94877151800002 1.0 0.0
124.92596951800002 0.0 0.0
125.90316751800003 1.0 1.0
126.88036551800003 0.0 0.0
127.85756351800003 1.0 0.0
128.83476151800002 0.0 0.0
129.81195951800004 1.0 1.0
130.78915751800002 0.0 0.0
131.76635551800004 1.0 0.0
132.74355351800003 0.0 0.0
133.72075151800004 1.0 1.0
134.69794951800003 0.0 0.0
135.67514751800005 1.0 0.0
136.65234551800003 0.0 0.0
137.62954351800005 1.0 1.0
138.60674151800004 0.0 0.0
139.58393951800002 1.0 0.0
140.56113751800004 0.0 0.0
141.53833551800003 1.0 1.0
142.51553351800004 0.0 0.0
143.49273151800003 1.0 0.0
144.46992951800004 0.0 0.0
145.44712751800003 1.0 1.0
146.42432551800005 0.0 0.0
147.40152351800003 1.0 0.0
148.37872151800005 0.0 0.0
149.35591951800004 1.0 1.0
150.33311751800002 0.0 0.0
151.31031551800004 1.0 0.0
152.28751351800003 0.0 0.0
153.26471151800004 1.0 1.0
154.24190951800003 0.0 0.0
155.21910751800004 1.0 0.0
156.19630551800003 0.0 0.0
157.17350351800005 1.0 1.0
158.15070151800003 0.0 0.0
159.12789951800005 1.0 0.0
160.10509751800004 0.0 0.0
161.08229551800005 1.0 1.0
162.05949351800004 0.0 0.0
163.03669151800003 1.0 0.0
164.01388951800004 0.0 0.0
164.99108751800003 1.0 1.0
165.96828551800004 0.0 0.0
166.94548351800003 1.0 0.0
167.92268151800005 0.0 0.0
168.89987951800003 1.0 1.0
169.87707751800005 0.0 0.0
170.85427551800004 1.0 0.0
171.83147351800005 0.0 0.0
172.80867151800004 1.0 1.0
173.78586951800003 0.0 0.0
174.76306751800004 1.0 0.0
175.74026551800003 0.0 0.0
176.71746351800005 1.0 1.0
177.69466151800003 0.0 0.0
178.67185951800005 1.0 0.0
179.64905751800003 0.0 0.0
180.62625551800005 1.0 1.0
181.60345351800004 0.0 0.0
182.58065151800005 1.0 0.0
183.55784951800004 0.0 0.0
184.53504751800006 1.0 1.0
185.51224551800004 0.0 0.0
186.48944351800003 1.0 0.0
187.46664151800005 0.0 0.0
188.44383951800003 1.0 1.0
189.42103751800005 0.0 0.0
190.39823551800004 1.0 0.0
191.37543351800005 0.0 0.0
192.35263151800004 1.0 1.0
193.32982951800005 0.0 0.0
194.30702751800004 1.0 0.0
195.28422551800006 0.0 0.0
196.26142351800004 1.0 1.0
197.23862151800003 0.0 0.0
198.21581951800005 1.0 0.0
199.19301751800003 0.0 0.0
200.17021551800005 1.0 1.0
201.14741351800004 0.0 0.0
202.12461151800005 1.0 0.0
203.10180951800004 0.0 0.0
204.07900751800005 1.0 1.0
205.05620551800004 0.0 0.0
206.03340351800006 1.0 0.0
207.01060151800004 0.0 0.0
207.98779951800006 1.0 1.0
208.96499751800005 0.0 0.0
209.94219551800003 1.0 0.0
210.91939351800005 0.0 0.0
211.89659151800004 1.0 1.0
212.87378951800005 0.0 0.0
213.85098751800004 1.0 0.0
214.82818551800005 0.0 0.0
215.80538351800004 1.0 1.0
216.78258151800006 0.0 0.0
217.75977951800004 1.0 0.0
218.73697751800006 0.0 0.0
219.71417551800005 1.0 1.0
220.69137351800003 0.0 0.0
221.66857151800005 0.0 0.0
222.64576951800004 1.0 1.0
223.62296751800005 0.0 0.0
224.60016551800004 1.0 1.0