0.09599985600000001 1.0 1.0
0.727577856 0.0 0.0
1.3591558559999999 1.0 0.0
1.9907338559999999 0.0 0.0
2.622311856 1.0 1.0
3.253889856 0.0 0.0
3.885467856 1.0 0.0
4.517045856 0.0 0.0
5.1486238559999995 1.0 1.0
5.780201856 0.0 0.0
6.411779856 1.0 0.0
7.043357856 0.0 0.0
7.674935855999999 1.0 1.0
8.306513856 0.0 0.0
8.938091856 1.0 0.0
9.569669855999999 0.0 0.0
10.201247856 1.0 1.0
10.832825856000001 0.0 0.0
11.464403856 1.0 0.0
12.095981856 0.0 0.0
12.727559856000001 1.0 1.0
13.359137856 0.0 0.0
13.990715856000001 1.0 0.0
14.622293856 0.0 0.0
15.253871856 1.0 1.0
15.885449856000001 0.0 0.0
16.517027856000002 1.0 0.0
17.148605856 0.0 0.0
17.780183856 1.0 1.0
18.411761856000002 0.0 0.0
19.043339856 1.0 0.0
19.674917856 0.0 0.0
20.306495856 1.0 1.0
20.938073856 0.0 0.0
21.569651855999997 1.0 0.0
22.201229855999998 0.0 0.0
22.832807856 1.0 1.0
23.464385855999996 0.0 0.0
24.095963855999997 1.0 0.0
24.727541856 0.0 0.0
25.359119855999996 1.0 1.0
25.990697855999997 0.0 0.0
26.622275855999998 1.0 0.0
27.253853856 0.0 0.0
27.885431855999997 1.0 1.0
28.517009855999998 0.0 0.0
29.148587856 1.0 0.0
29.780165855999996 0.0 0.0
30.411743855999998 1.0 1.0
31.043321856 0.0 0.0
31.674899855999996 1.0 0.0
32.306477855999994 0.0 0.0
32.938055856 1.0 1.0
33.569633855999996 0.0 0.0
34.201211856 1.0 0.0
34.832789856 0.0 0.0
35.464367855999996 1.0 1.0
36.095945856 0.0 0.0
36.727523856 1.0 0.0
37.359101855999995 0.0 0.0
37.990679856 1.0 1.0
38.622257856 0.0 0.0
39.253835855999995 1.0 0.0
39.885413856 0.0 0.0
40.516991856 1.0 1.0
41.148569855999995 0.0 0.0
41.780147856 1.0 0.0
42.411725856 0.0 0.0
43.043303855999994 1.0 1.0
43.674881856 0.0 0.0
44.306459856 1.0 0.0
44.938037855999994 0.0 0.0
45.569615856 1.0 1.0
46.201193855999996 0.0 0.0
46.832771855999994 1.0 0.0
47.464349856 0.0 0.0
48.095927855999996 1.0 1.0
48.72750585599999 0.0 0.0
49.359083856 1.0 0.0
49.990661855999996 0.0 0.0
50.62223985599999 1.0 1.0
51.253817856 0.0 0.0
51.885395855999995 1.0 0.0
52.51697385599999 0.0 0.0
53.148551856 1.0 1.0
53.780129855999995 0.0 0.0
54.411707856 1.0 0.0
55.043285856 0.0 0.0
55.674863855999995 1.0 1.0
56.306441856 0.0 0.0
56.938019856 1.0 0.0
57.569597855999994 0.0 0.0
58.201175856 1.0 1.0
58.832753856 0.0 0.0
59.464331855999994 1.0 0.0
60.095909856 0.0 0.0
60.727487855999996 1.0 1.0
61.359065855999994 0.0 0.0
61.990643856 1.0 0.0
62.622221855999996 0.0 0.0
63.25379985599999 1.0 1.0
63.885377856 0.0 0.0
64.516955856 1.0 0.0
65.148533856 0.0 0.0
65.78011185599999 1.0 1.0
66.411689856 0.0 0.0
67.043267856 1.0 0.0
67.67484585599999 0.0 0.0
68.306423856 1.0 1.0
68.938001856 0.0 0.0
69.56957985599999 1.0 0.0
70.201157856 0.0 0.0
70.832735856 1.0 1.0
71.46431385599999 0.0 0.0
72.095891856 1.0 0.0
72.727469856 0.0 0.0
73.35904785599999 1.0 1.0
73.990625856 0.0 0.0
74.622203856 1.0 0.0
75.25378185599999 0.0 0.0
75.885359856 1.0 1.0
76.516937856 0.0 0.0
77.14851585599999 1.0 0.0
77.780093856 0.0 0.0
78.411671856 1.0 1.0
79.04324985599999 0.0 0.0
79.674827856 1.0 0.0
80.306405856 0.0 0.0
80.93798385599999 1.0 1.0
81.56956185599998 0.0 0.0
82.20113985599998 1.0 0.0
82.83271785599999 0.0 0.0
83.46429585599998 1.0 1.0
84.09587385599998 0.0 0.0
84.72745185599999 1.0 0.0
85.35902985599998 0.0 0.0
85.99060785599998 1.0 1.0
86.62218585599999 0.0 0.0
87.25376385599998 1.0 0.0
87.88534185599998 0.0 0.0
88.51691985599999 1.0 1.0
89.14849785599999 0.0 0.0
89.78007585599998 1.0 0.0
90.41165385599999 0.0 0.0
91.04323185599999 1.0 1.0
91.67480985599998 0.0 0.0
92.30638785599999 1.0 0.0
92.93796585599999 0.0 0.0
93.56954385599998 1.0 1.0
94.20112185599999 0.0 0.0
94.83269985599999 1.0 0.0
95.46427785599998 0.0 0.0
96.09585585599999 1.0 1.0
96.72743385599999 0.0 0.0
97.35901185599998 1.0 0.0
97.99058985599999 0.0 0.0
98.62216785599999 1.0 1.0
99.25374585599998 0.0 0.0
99.88532385599999 1.0 0.0
100.51690185599999 0.0 0.0
101.14847985599998 1.0 1.0
101.78005785599998 0.0 0.0
102.41163585599999 1.0 0.0
103.04321385599998 0.0 0.0
103.67479185599998 1.0 1.0
104.30636985599999 0.0 0.0
104.93794785599998 1.0 0.0
105.56952585599998 0.0 0.0
106.20110385599999 1.0 1.0
106.83268185599998 0.0 0.0
107.46425985599998 1.0 0.0
108.09583785599999 0.0 0.0
108.72741585599998 1.0 1.0
109.35899385599998 0.0 0.0
109.99057185599999 1.0 0.0
110.62214985599998 0.0 0.0
111.25372785599998 1.0 1.0
111.88530585599999 0.0 0.0
112.51688385599998 1.0 0.0
113.14846185599998 0.0 0.0
113.78003985599999 1.0 1.0
114.41161785599998 0.0 0.0
115.04319585599998 1.0 0.0
115.67477385599999 0.0 0.0
116.30635185599998 1.0 1.0
116.93792985599998 0.0 0.0
117.56950785599999 1.0 0.0
118.20108585599998 0.0 0.0
118.83266385599998 1.0 1.0
119.46424185599999 0.0 0.0
120.09581985599998 1.0 0.0
120.72739785599998 0.0 0.0
121.35897585599999 1.0 1.0
121.99055385599998 0.0 0.0
122.62213185599998 1.0 0.0
123.25370985599999 0.0 0.0
123.88528785599998 1.0 1.0
124.51686585599998 0.0 0.0
125.14844385599999 1.0 0.0
125.78002185599998 0.0 0.0
126.41159985599998 1.0 0.0
127.04317785599999 0.0 0.0
127.67475585599998 1.0 1.0
128.30633385599998 0.0 0.0
128.93791185599997 1.0 0.0
129.569489856 0.0 0.0
130.20106785599998 1.0 1.0
130.83264585599997 0.0 0.0
131.464223856 1.0 0.0
132.09580185599998 0.0 0.0
132.72737985599997 1.0 1.0
133.358957856 0.0 0.0
133.99053585599998 1.0 0.0
134.62211385599997 0.0 0.0
135.253691856 1.0 1.0
135.88526985599998 0.0 0.0
136.51684785599997 1.0 0.0
137.148425856 0.0 0.0
137.78000385599998 1.0 1.0
138.41158185599997 0.0 0.0
139.043159856 1.0 0.0
139.67473785599998 0.0 0.0
140.30631585599997 1.0 1.0
140.937893856 0.0 0.0
141.56947185599998 1.0 0.0
142.20104985599997 0.0 0.0
142.832627856 1.0 1.0
143.46420585599998 0.0 0.0
144.09578385599997 1.0 0.0
144.727361856 0.0 0.0
145.35893985599998 1.0 1.0
145.99051785599997 0.0 0.0
146.622095856 1.0 0.0
147.25367385599998 0.0 0.0
147.88525185599997 1.0 1.0
148.516829856 0.0 0.0
149.14840785599998 1.0 0.0
149.77998585599997 0.0 0.0
150.411563856 1.0 1.0
151.04314185599998 0.0 0.0
151.67471985599997 1.0 0.0
152.306297856 0.0 0.0
152.93787585599998 1.0 1.0
153.569453856 0.0 0.0
154.201031856 1.0 0.0
154.83260985599998 0.0 0.0
155.464187856 1.0 1.0
156.09576585599999 0.0 0.0
156.72734385599998 1.0 0.0
157.358921856 0.0 0.0
157.99049985599999 1.0 1.0
158.62207785599998 0.0 0.0
159.253655856 1.0 0.0
159.88523385599999 0.0 0.0
160.51681185599998 1.0 1.0
161.148389856 0.0 0.0
161.77996785599998 1.0 0.0
162.41154585599998 0.0 0.0
163.043123856 1.0 1.0
163.67470185599998 0.0 0.0
164.30627985599997 1.0 0.0
164.937857856 0.0 0.0
165.56943585599998 1.0 1.0
166.20101385599997 0.0 0.0
166.832591856 1.0 0.0
167.46416985599998 0.0 0.0
168.09574785599997 1.0 1.0
168.727325856 0.0 0.0
169.35890385599998 1.0 0.0
169.99048185599997 0.0 0.0
170.622059856 1.0 1.0
171.25363785599998 0.0 0.0
171.88521585599997 1.0 0.0
172.516793856 0.0 0.0
173.14837185599998 1.0 1.0
173.77994985599997 0.0 0.0
174.411527856 1.0 0.0
175.04310585599998 0.0 0.0
175.67468385599997 1.0 1.0
176.306261856 0.0 0.0
176.93783985599998 1.0 0.0
177.56941785599997 0.0 0.0
178.200995856 1.0 1.0
178.83257385599998 0.0 0.0
179.46415185599997 1.0 0.0
180.095729856 0.0 0.0
180.72730785599998 1.0 1.0
181.35888585599997 0.0 0.0
181.990463856 1.0 0.0
182.62204185599998 0.0 0.0
183.25361985599997 1.0 1.0
183.885197856 0.0 0.0
184.51677585599998 1.0 0.0
185.14835385599997 0.0 0.0
185.779931856 1.0 0.0
186.41150985599998 0.0 0.0
187.04308785599997 1.0 1.0
187.674665856 0.0 0.0
188.30624385599998 0.0 0.0