0.06600000000000006 0.0 0.0
1.066 1.0 1.0
2.066 0.0 0.0
3.066 1.0 0.0
4.066 0.0 0.0
5.066 1.0 1.0
6.066 0.0 0.0
7.066 1.0 0.0
8.066 0.0 0.0
9.066 1.0 1.0
10.066 0.0 0.0
11.066 1.0 0.0
12.066 0.0 0.0
13.066 1.0 1.0
14.066 0.0 0.0
15.066 1.0 0.0
16.066 0.0 0.0
17.066 1.0 1.0
18.066 0.0 0.0
19.066 1.0 0.0
20.066 0.0 0.0
21.066 1.0 1.0
22.066 0.0 0.0
23.066 1.0 0.0
24.066 0.0 0.0
25.066 1.0 1.0
26.066 0.0 0.0
27.066 1.0 0.0
28.066 0.0 0.0
29.066 1.0 1.0
30.066 0.0 0.0
31.066 1.0 0.0
32.066 0.0 0.0
33.066 1.0 1.0
34.066 0.0 0.0
35.066 1.0 0.0
36.066 0.0 0.0
37.066 1.0 1.0
38.066 0.0 0.0
39.066 1.0 0.0
40.066 0.0 0.0
41.066 1.0 1.0
42.066 0.0 0.0
43.066 1.0 0.0
44.066 0.0 0.0
45.066 1.0 1.0
46.066 0.0 0.0
47.066 1.0 0.0
48.066 0.0 0.0
49.066 1.0 1.0
50.066 0.0 0.0
51.066 1.0 0.0
52.066 0.0 0.0
53.066 1.0 1.0
54.066 0.0 0.0
55.066 1.0 0.0
56.066 0.0 0.0
57.066 1.0 1.0
58.066 0.0 0.0
59.066 1.0 0.0
60.066 0.0 0.0
61.066 1.0 1.0
62.066 0.0 0.0
63.066 1.0 0.0
64.066 0.0 0.0
65.066 1.0 1.0
66.066 0.0 0.0
67.066 1.0 0.0
68.066 0.0 0.0
69.066 1.0 1.0
70.066 0.0 0.0
71.066 1.0 0.0
72.066 0.0 0.0
73.066 1.0 1.0
74.066 0.0 0.0
75.066 1.0 0.0
76.066 0.0 0.0
77.066 1.0 1.0
78.066 0.0 0.0
79.066 1.0 0.0
80.066 0.0 0.0
81.066 1.0 1.0
82.066 0.0 0.0
83.066 1.0 0.0
84.066 0.0 0.0
85.066 1.0 1.0
86.066 0.0 0.0
87.066 1.0 0.0
88.066 0.0 0.0
89.066 1.0 1.0
90.066 0.0 0.0
91.066 1.0 0.0
92.066 0.0 0.0
93.066 1.0 1.0
94.066 0.0 0.0
95.066 1.0 0.0
96.066 0.0 0.0
97.066 1.0 1.0
98.066 0.0 0.0
99.066 1.0 0.0
100.066 0.0 0.0
101.066 1.0 1.0
102.066 0.0 0.0
103.066 1.0 0.0
104.066 0.0 0.0
105.066 1.0 1.0
106.066 0.0 0.0
107.066 1.0 0.0
108.066 0.0 0.0
109.066 1.0 1.0
110.066 0.0 0.0
111.066 1.0 0.0
112.066 0.0 0.0
113.066 1.0 1.0
114.066 0.0 0.0
115.066 1.0 0.0
116.066 0.0 0.0
117.066 1.0 1.0
118.066 0.0 0.0
119.066 1.0 0.0
120.066 0.0 0.0
121.066 1.0 1.0
122.066 0.0 0.0
123.066 1.0 0.0
124.066 0.0 0.0
125.066 1.0 1.0
126.066 0.0 0.0
127.066 1.0 0.0
128.066 0.0 0.0
129.066 1.0 1.0
130.066 0.0 0.0
131.066 1.0 0.0
132.066 0.0 0.0
133.066 1.0 1.0
134.066 0.0 0.0
135.066 1.0 0.0
136.066 0.0 0.0
137.066 1.0 1.0
138.066 0.0 0.0
139.066 1.0 0.0
140.066 0.0 0.0
141.066 1.0 1.0
142.066 0.0 0.0
143.066 1.0 0.0
144.066 0.0 0.0
145.066 1.0 1.0
146.066 0.0 0.0
147.066 1.0 0.0
148.066 0.0 0.0
149.066 1.0 1.0
150.066 0.0 0.0
151.066 1.0 0.0
152.066 0.0 0.0
153.066 1.0 1.0
154.066 0.0 0.0
155.066 1.0 0.0
156.066 0.0 0.0
157.066 1.0 1.0
158.066 0.0 0.0
159.066 1.0 0.0
160.066 0.0 0.0
161.066 1.0 1.0
162.066 0.0 0.0
163.066 1.0 0.0
164.066 0.0 0.0
165.066 1.0 1.0
166.066 0.0 0.0
167.066 1.0 0.0
168.066 0.0 0.0
169.066 1.0 1.0
170.066 0.0 0.0
171.066 1.0 0.0
172.066 0.0 0.0
173.066 1.0 1.0
174.066 0.0 0.0
175.066 1.0 0.0
176.066 0.0 0.0
177.066 1.0 1.0
178.066 0.0 0.0
179.066 1.0 0.0
180.066 0.0 0.0
181.066 1.0 1.0
182.066 0.0 0.0
183.066 1.0 0.0
184.066 0.0 0.0
185.066 1.0 1.0
186.066 0.0 0.0
187.066 1.0 0.0
188.066 0.0 0.0
189.066 1.0 1.0
190.066 0.0 0.0
191.066 1.0 0.0
192.066 0.0 0.0
193.066 1.0 1.0
194.066 0.0 0.0
195.066 1.0 0.0
196.066 0.0 0.0
197.066 1.0 1.0
198.066 0.0 0.0
199.066 1.0 0.0
200.066 0.0 0.0
201.066 1.0 1.0
202.066 0.0 0.0
203.066 1.0 0.0
204.066 0.0 0.0
205.066 1.0 1.0
206.066 0.0 0.0
207.066 1.0 0.0
208.066 0.0 0.0
209.066 1.0 1.0
210.066 0.0 0.0
211.066 1.0 0.0
212.066 0.0 0.0
213.066 1.0 1.0
214.066 0.0 0.0
215.066 1.0 0.0
216.066 0.0 0.0
217.066 1.0 1.0
218.066 0.0 0.0
219.066 1.0 0.0
220.066 0.0 0.0
221.066 1.0 1.0
222.066 0.0 0.0
223.066 1.0 0.0
224.066 0.0 0.0
225.066 1.0 1.0
226.066 0.0 0.0
227.066 1.0 0.0
228.066 0.0 0.0
229.066 1.0 1.0
230.066 0.0 0.0
231.066 1.0 0.0
232.066 0.0 0.0
233.066 1.0 1.0
234.066 0.0 0.0
235.066 1.0 0.0
236.066 0.0 0.0
237.066 1.0 1.0
238.066 0.0 0.0
239.066 1.0 0.0
240.066 0.0 0.0
241.066 1.0 1.0
242.066 0.0 0.0
243.066 1.0 0.0
244.066 0.0 0.0
245.066 1.0 1.0
246.066 0.0 0.0
247.066 1.0 0.0
248.066 0.0 0.0
249.066 1.0 1.0
250.066 0.0 0.0
251.066 1.0 0.0
252.066 0.0 0.0
253.066 1.0 1.0
254.066 0.0 0.0
255.066 1.0 0.0
256.066 0.0 0.0
257.066 1.0 1.0
258.066 0.0 0.0
259.066 1.0 0.0
260.066 0.0 0.0
261.066 1.0 1.0
262.066 0.0 0.0
263.066 1.0 0.0
264.066 0.0 0.0
265.066 1.0 1.0
266.066 0.0 0.0
267.066 1.0 1.0
268.066 0.0 0.0
269.066 0.0 0.0
270.066 1.0 1.0
271.066 0.0 0.0
272.066 1.0 0.0
273.066 0.0 0.0
274.066 1.0 0.0