1.05	3.0
1.83	4.0
2.56	1.0
3.36	2.0
4.12	3.0
4.84	4.0
5.63	1.0
6.36	2.0
7.17	3.0
7.96	4.0
8.75	1.0
9.6	2.0
10.36	3.0
11.17	4.0
11.83	1.0
12.46	2.0
13.14	3.0
13.76	4.0
14.44	1.0
15.08	2.0
15.79	3.0
16.43	4.0
17.04	1.0
17.61	2.0
18.17	3.0
18.7	4.0
19.28	1.0
19.85	2.0
20.4	3.0
20.96	4.0
21.5	1.0
22.06	2.0
22.62	3.0
23.18	4.0
23.77	1.0
24.3	2.0
24.81	3.0
25.33	4.0
25.86	1.0
26.4	2.0
26.95	3.0
27.45	4.0
28.01	1.0
28.53	2.0
29.03	3.0
29.54	4.0
30.05	1.0
30.54	2.0
31.05	3.0
31.54	4.0
32.05	1.0
32.52	2.0
33.03	3.0
33.53	4.0
34.07	1.0
34.58	2.0
35.09	3.0
35.63	4.0
36.15	1.0
36.64	2.0
37.16	3.0
37.69	4.0
38.23	1.0
38.79	2.0
39.38	3.0
39.94	4.0
40.49	1.0
40.99	2.0
41.5	3.0
42.01	4.0
42.51	1.0
43.0	2.0
43.52	3.0
43.99	4.0
44.51	1.0
44.98	2.0
45.49	3.0
46.01	4.0
46.5	1.0
47.02	2.0
47.54	3.0
48.04	4.0
48.51	1.0
49.01	2.0
49.52	3.0
50.04	4.0
50.56	1.0
51.03	2.0
51.53	3.0
52.04	4.0
52.54	1.0
53.04	2.0
53.53	3.0
54.02	4.0
54.5	1.0
55.01	2.0
55.5	3.0
55.98	4.0
56.45	1.0
56.93	2.0
57.44	3.0
57.91	4.0
58.4	1.0
58.93	2.0
59.42	3.0
59.9	4.0
60.38	1.0
60.86	2.0
61.33	3.0
61.81	4.0
62.29	1.0
62.79	2.0
63.3	3.0
63.78	4.0
64.25	1.0
64.73	2.0
65.2	3.0
65.71	4.0
66.22	1.0
66.71	2.0
67.18	3.0
67.68	4.0
68.19	1.0
68.66	2.0
69.16	3.0
69.66	4.0
70.18	1.0
70.65	2.0
71.15	3.0
71.62	4.0
72.11	1.0
72.61	2.0
73.1	3.0
73.61	4.0
74.1	1.0
74.56	2.0
75.06	3.0
75.55	4.0
76.02	1.0
76.5	2.0
77.01	3.0
77.49	4.0
77.98	1.0
78.48	2.0
78.96	3.0
79.44	4.0
79.94	1.0
80.41	2.0
80.91	3.0
81.39	4.0
81.87	1.0
82.36	2.0
82.82	3.0
83.3	4.0
83.8	1.0
84.3	2.0
84.78	3.0
85.28	4.0
85.78	1.0
86.26	2.0
86.74	3.0
87.23	4.0
87.71	1.0
88.21	2.0
88.69	3.0
89.18	4.0
89.69	1.0
90.16	2.0
90.64	3.0
91.12	4.0
91.62	1.0
92.1	2.0
92.58	3.0
93.05	4.0
93.54	1.0
94.04	2.0
94.52	3.0
95.03	4.0
95.5	1.0
95.96	2.0
96.43	3.0
96.87	4.0
97.33	1.0
97.81	2.0
98.29	3.0
98.79	4.0
99.3	1.0
99.79	2.0
100.27	3.0
100.74	4.0
101.23	1.0
101.76	2.0
102.29	3.0
102.85	4.0
103.37	1.0
103.89	2.0
104.4	3.0
104.89	4.0
105.39	1.0
105.88	2.0
106.39	3.0
106.93	4.0
107.41	1.0
107.91	2.0
108.4	3.0
108.9	4.0
109.39	1.0
109.85	2.0
110.34	3.0
110.84	4.0
111.33	1.0
111.83	2.0
112.3	3.0
112.82	4.0
113.3	1.0
113.78	2.0
114.25	3.0
114.74	4.0
115.22	1.0
115.72	2.0
116.19	3.0
116.68	4.0
117.18	1.0
117.65	2.0
118.1	3.0
118.57	4.0
119.06	1.0
119.58	2.0
120.07	3.0
120.53	4.0
121.05	1.0
121.54	2.0
122.02	3.0
122.49	4.0
122.98	1.0
123.44	2.0
123.94	3.0
124.41	4.0
124.93	1.0
125.41	2.0
125.88	3.0
126.36	4.0
126.85	1.0
127.31	2.0
127.79	3.0
128.29	4.0
128.77	1.0
129.22	2.0
129.69	3.0
130.18	4.0
130.67	1.0
131.14	2.0
131.59	3.0
132.06	4.0
132.55	1.0
133.02	2.0
133.49	3.0
133.97	4.0
134.47	1.0
134.97	2.0
135.43	3.0
135.94	4.0
136.42	1.0
136.89	2.0
137.38	3.0
137.84	4.0
138.32	1.0
138.82	2.0
139.29	3.0
139.77	4.0
140.26	1.0
140.74	2.0
141.22	3.0
141.69	4.0
142.18	1.0
142.65	2.0
143.15	3.0
143.63	4.0
144.13	1.0
144.6	2.0
145.07	3.0
145.55	4.0
146.05	1.0
146.52	2.0
146.99	3.0
147.46	4.0
147.94	1.0
148.41	2.0
148.88	3.0
149.36	4.0
149.85	1.0
150.32	2.0
150.81	3.0
151.29	4.0
151.78	1.0
152.26	2.0
152.72	3.0
153.2	4.0
153.69	1.0
154.17	2.0
154.64	3.0
155.1	4.0
155.58	1.0
156.06	2.0
156.53	3.0
156.99	4.0
157.47	1.0
157.96	2.0
158.44	3.0
158.9	4.0
159.4	1.0
159.88	2.0
160.35	3.0
160.82	4.0
161.32	1.0
161.78	2.0
162.26	3.0
162.71	4.0
163.2	1.0
163.68	2.0
164.15	3.0
164.63	4.0
165.12	1.0
165.6	2.0
166.09	3.0
166.56	4.0
167.05	1.0
167.53	2.0
168.0	3.0
168.47	4.0
168.96	1.0
169.44	2.0
169.92	3.0
170.39	4.0
170.88	1.0
171.34	2.0
171.81	3.0
172.31	4.0
172.79	1.0
173.28	2.0
173.74	3.0
174.22	4.0
174.68	1.0
175.17	2.0
175.65	3.0
176.12	4.0
176.62	1.0
177.08	2.0
177.54	3.0
178.0	4.0
178.47	1.0
178.92	2.0
179.38	3.0
179.83	4.0
180.31	1.0
180.77	2.0
181.25	3.0
181.71	4.0
182.2	1.0
182.65	2.0
183.14	3.0
183.59	4.0
184.07	1.0
184.53	2.0
185.01	3.0
185.48	4.0
185.96	1.0
186.43	2.0
186.88	3.0
187.35	4.0
187.81	1.0
188.29	2.0
188.75	3.0
189.22	4.0
189.71	1.0
190.18	2.0
190.65	3.0
191.1	4.0
191.58	1.0
192.05	2.0
192.52	3.0
192.97	4.0
193.45	1.0
193.9	2.0
194.36	3.0
194.81	4.0
195.28	1.0
195.78	2.0
196.26	3.0
196.73	4.0
197.22	1.0
197.68	2.0
198.13	3.0
198.58	4.0
199.05	1.0
199.51	2.0
199.96	3.0
200.43	4.0
200.9	1.0
201.36	2.0
201.8	3.0
202.29	4.0
202.75	1.0
203.23	2.0
203.69	3.0
204.15	4.0
204.63	1.0
205.09	2.0
205.55	3.0
206.0	4.0
206.48	1.0
206.94	2.0
207.42	3.0
207.88	4.0
208.34	1.0
208.83	2.0
209.3	3.0
209.76	4.0
210.25	1.0
210.75	2.0
211.27	3.0
211.79	4.0
212.3	1.0
212.78	2.0
213.23	3.0
213.68	4.0
214.15	1.0
214.63	2.0
215.08	3.0
215.55	4.0
216.02	1.0
216.51	2.0
216.97	3.0
217.43	4.0
217.92	1.0
218.39	2.0
218.85	3.0
219.31	4.0
219.83	1.0
220.32	2.0
220.8	3.0
221.27	4.0
221.78	1.0
222.25	2.0
222.71	3.0
223.18	4.0
223.66	1.0
224.13	2.0
224.59	3.0
225.05	4.0
225.53	1.0
226.01	2.0
226.48	3.0
226.96	4.0
227.44	1.0
227.92	2.0
228.4	3.0
228.87	4.0
229.35	1.0
229.82	2.0
230.3	3.0
230.78	4.0
231.28	1.0
231.75	2.0
232.23	3.0
232.69	4.0
233.16	1.0
233.65	2.0
234.14	3.0
234.61	4.0
235.09	1.0
235.58	2.0
236.05	3.0
236.52	4.0
237.02	1.0
237.48	2.0
237.94	3.0
238.38	4.0
238.82	1.0
239.3	2.0
239.74	3.0
240.22	4.0
240.72	1.0
241.19	2.0
241.7	3.0
242.17	4.0
242.67	1.0
243.14	2.0
243.64	3.0
244.12	4.0
244.58	1.0
245.08	2.0
245.54	3.0
246.04	4.0
246.51	1.0
246.99	2.0
247.46	3.0
247.94	4.0
248.44	1.0
248.92	2.0
249.38	3.0
249.88	4.0
250.34	1.0
250.9	2.0
251.45	3.0
252.01	4.0
252.56	1.0
253.12	2.0
253.6	3.0
254.09	4.0
254.6	1.0
255.09	2.0
255.6	3.0
256.11	4.0
256.61	1.0
257.13	2.0
257.65	3.0
258.18	4.0
258.69	1.0
259.21	2.0
259.72	3.0
260.19	4.0
260.7	1.0
261.2	2.0
261.69	3.0
262.24	4.0
262.75	1.0
263.28	2.0
263.79	3.0
264.31	4.0
264.84	1.0
265.36	2.0
265.84	3.0
266.33	4.0
266.87	1.0
267.42	2.0
268.01	3.0
268.57	4.0
269.11	1.0
269.86	2.0
270.66	3.0
271.42	4.0
272.17	1.0
272.89	2.0
273.64	3.0
274.36	4.0
275.1	1.0
275.88	2.0
276.58	3.0
277.34	4.0
278.11	1.0
278.87	2.0
279.6	3.0
280.41	4.0
281.4	1.0
282.41	2.0
283.33	3.0
284.21	4.0
285.15	1.0
286.13	2.0
287.26	3.0
288.35	4.0
