0.14812500000000003 0.0 0.0
1.0856249999999998 1.0 0.0
2.023125 0.0 0.0
2.960625 1.0 1.0
3.8981250000000003 0.0 0.0
4.835625 1.0 0.0
5.773125 0.0 0.0
6.710625 1.0 1.0
7.648124999999999 0.0 0.0
8.585625 1.0 0.0
9.523125 0.0 0.0
10.460625 1.0 1.0
11.398125 0.0 0.0
12.335625 1.0 0.0
13.273125 0.0 0.0
14.210625 1.0 1.0
15.148125 0.0 0.0
16.085625 1.0 0.0
17.023125 0.0 0.0
17.960625 1.0 1.0
18.898125 0.0 0.0
19.835625 1.0 0.0
20.773125 0.0 0.0
21.710625 1.0 1.0
22.648125 0.0 0.0
23.585625 1.0 0.0
24.523125 0.0 0.0
25.460625 1.0 1.0
26.398125 0.0 0.0
27.335625 1.0 0.0
28.273125 0.0 0.0
29.210625 1.0 1.0
30.148125 0.0 0.0
31.085625 1.0 0.0
32.023125 0.0 0.0
32.960625 1.0 1.0
33.898125 0.0 0.0
34.835625 1.0 0.0
35.773125 0.0 0.0
36.710625 1.0 1.0
37.648125 0.0 0.0
38.585625 1.0 0.0
39.523125 0.0 0.0
40.460625 1.0 1.0
41.398125 0.0 0.0
42.335625 1.0 0.0
43.273125 0.0 0.0
44.210625 1.0 1.0
45.148125 0.0 0.0
46.085625 1.0 0.0
47.023125 0.0 0.0
47.960625 1.0 1.0
48.898125 0.0 0.0
49.835625 1.0 0.0
50.773125 0.0 0.0
51.710625 1.0 1.0
52.648125 0.0 0.0
53.585625 1.0 0.0
54.523125 0.0 0.0
55.460625 1.0 1.0
56.398125 0.0 0.0
57.335625 1.0 0.0
58.273125 0.0 0.0
59.210625 1.0 1.0
60.148125 0.0 0.0
61.085625 1.0 0.0
62.023125 0.0 0.0
62.960625 1.0 1.0
63.898125 0.0 0.0
64.83562500000001 1.0 0.0
65.77312500000001 0.0 0.0
66.71062500000001 1.0 1.0
67.64812500000001 0.0 0.0
68.58562500000001 1.0 0.0
69.52312500000001 0.0 0.0
70.46062500000001 1.0 1.0
71.39812500000001 0.0 0.0
72.33562500000001 1.0 0.0
73.27312500000001 0.0 0.0
74.21062500000001 1.0 1.0
75.14812500000001 0.0 0.0
76.08562500000001 1.0 0.0
77.02312500000001 0.0 0.0
77.96062500000001 1.0 1.0
78.89812500000001 0.0 0.0
79.83562500000001 1.0 0.0
80.77312500000001 0.0 0.0
81.71062500000001 1.0 1.0
82.64812500000001 0.0 0.0
83.58562500000001 1.0 0.0
84.52312500000001 0.0 0.0
85.46062500000001 1.0 1.0
86.39812500000001 0.0 0.0
87.33562500000001 1.0 0.0
88.27312500000001 0.0 0.0
89.21062500000001 1.0 1.0
90.14812500000001 0.0 0.0
91.08562500000001 1.0 0.0
92.02312500000001 0.0 0.0
92.96062500000001 1.0 0.0
93.89812500000001 0.0 0.0
94.83562500000001 1.0 1.0
95.77312500000001 0.0 0.0
96.71062500000001 1.0 0.0
97.64812500000001 0.0 0.0
98.58562500000001 1.0 1.0
99.52312500000001 0.0 0.0
100.46062500000001 1.0 0.0
101.39812500000001 0.0 0.0
102.33562500000001 1.0 1.0
103.27312500000001 0.0 0.0
104.21062500000001 1.0 0.0
105.14812500000001 0.0 0.0
106.08562500000001 1.0 1.0
107.02312500000001 0.0 0.0
107.96062500000001 1.0 0.0
108.89812500000001 0.0 0.0
109.83562500000001 1.0 1.0
110.77312500000001 0.0 0.0
111.71062500000001 1.0 0.0
112.64812500000001 0.0 0.0
113.58562500000001 1.0 1.0
114.52312500000001 0.0 0.0
115.46062500000001 1.0 0.0
116.39812500000001 0.0 0.0
117.33562500000001 1.0 1.0
118.27312500000001 0.0 0.0
119.21062500000001 1.0 0.0
120.148125 0.0 0.0
121.085625 1.0 1.0
122.023125 0.0 0.0
122.960625 1.0 0.0
123.898125 0.0 0.0
124.835625 1.0 1.0
125.773125 0.0 0.0
126.710625 1.0 0.0
127.648125 0.0 0.0
128.585625 1.0 0.0
129.523125 0.0 0.0
130.460625 1.0 1.0
131.398125 0.0 0.0
132.335625 1.0 0.0
133.273125 0.0 0.0
134.210625 1.0 1.0
135.148125 0.0 0.0
136.085625 1.0 0.0
137.023125 0.0 0.0
137.960625 1.0 1.0
138.898125 0.0 0.0
139.835625 1.0 0.0
140.773125 0.0 0.0
141.710625 1.0 1.0
142.648125 0.0 0.0
143.585625 1.0 0.0
144.523125 0.0 0.0
145.460625 1.0 1.0
146.398125 0.0 0.0
147.335625 1.0 0.0
148.273125 0.0 0.0
149.210625 1.0 1.0
150.148125 0.0 0.0
151.085625 1.0 0.0
152.023125 0.0 0.0
152.960625 1.0 1.0
153.898125 0.0 0.0
154.835625 1.0 0.0
155.773125 0.0 0.0
156.710625 1.0 1.0
157.648125 0.0 0.0
158.585625 1.0 0.0
159.523125 0.0 0.0
160.460625 1.0 1.0
161.398125 0.0 0.0
162.335625 1.0 0.0
163.273125 0.0 0.0
164.210625 1.0 1.0
165.148125 0.0 0.0
166.085625 1.0 0.0
167.023125 0.0 0.0
167.960625 1.0 1.0
168.898125 0.0 0.0
169.835625 1.0 0.0
170.773125 0.0 0.0
171.710625 1.0 1.0
172.648125 0.0 0.0
173.585625 1.0 0.0
174.523125 0.0 0.0
175.460625 1.0 1.0
176.398125 0.0 0.0
177.335625 1.0 0.0
178.273125 0.0 0.0
179.210625 1.0 1.0
180.148125 0.0 0.0
181.085625 1.0 0.0
182.023125 0.0 0.0
182.960625 1.0 1.0
183.898125 0.0 0.0
184.835625 1.0 0.0
185.773125 0.0 0.0
186.710625 1.0 0.0
187.648125 0.0 0.0
188.585625 1.0 1.0
189.523125 0.0 0.0
190.460625 1.0 0.0
191.398125 0.0 0.0
192.335625 1.0 1.0
193.273125 0.0 0.0
194.210625 1.0 0.0
195.148125 0.0 0.0
196.085625 1.0 1.0
197.023125 0.0 0.0
197.960625 1.0 0.0
198.898125 0.0 0.0
199.835625 1.0 1.0
200.773125 0.0 0.0
201.710625 1.0 0.0
202.648125 0.0 0.0
203.585625 1.0 1.0
204.523125 0.0 0.0
205.460625 1.0 0.0
206.398125 0.0 0.0
207.335625 1.0 1.0
208.273125 0.0 0.0
209.210625 1.0 0.0
210.148125 0.0 0.0
211.085625 1.0 1.0
212.023125 0.0 0.0
212.960625 1.0 0.0
213.898125 0.0 0.0
214.835625 1.0 1.0
215.773125 0.0 0.0
216.710625 1.0 0.0
217.648125 0.0 0.0
218.585625 1.0 1.0
219.523125 0.0 0.0
220.460625 1.0 0.0
221.398125 0.0 0.0
222.335625 1.0 1.0
223.273125 0.0 0.0
224.210625 1.0 0.0
225.148125 0.0 0.0
226.085625 1.0 1.0
227.023125 0.0 0.0
227.960625 1.0 0.0
228.898125 0.0 0.0
229.835625 1.0 1.0
230.773125 0.0 0.0
231.710625 1.0 0.0
232.648125 0.0 0.0
233.585625 1.0 1.0
234.523125 0.0 0.0
235.460625 1.0 0.0
236.398125 0.0 0.0
237.335625 1.0 1.0
238.273125 0.0 0.0
239.210625 1.0 0.0
240.14812500000002 0.0 0.0
241.08562500000002 1.0 1.0
242.02312500000002 0.0 0.0
242.96062500000002 1.0 0.0
243.89812500000002 0.0 0.0
244.83562500000002 1.0 1.0
245.77312500000002 0.0 0.0
246.71062500000002 1.0 0.0
247.64812500000002 0.0 0.0
248.58562500000002 1.0 1.0
249.52312500000002 0.0 0.0
250.46062500000002 1.0 0.0
251.39812500000002 0.0 0.0
252.33562500000002 1.0 1.0
253.27312500000002 0.0 0.0
254.21062500000002 1.0 0.0
255.14812500000002 0.0 0.0
256.085625 1.0 1.0
257.023125 0.0 0.0
257.960625 1.0 0.0
258.898125 0.0 0.0
259.835625 1.0 1.0
260.773125 0.0 0.0
261.710625 1.0 0.0
262.648125 0.0 0.0
263.585625 1.0 1.0
264.523125 0.0 0.0
265.460625 1.0 0.0
266.398125 0.0 0.0
267.335625 1.0 1.0
268.273125 0.0 0.0
269.210625 1.0 1.0
270.148125 0.0 0.0
271.085625 0.0 0.0
272.023125 1.0 0.0
272.960625 0.0 0.0
273.898125 1.0 1.0
274.835625 0.0 0.0
275.773125 1.0 0.0
276.710625 0.0 0.0