0.7786848790000002 1.0 0.0
1.6545958790000002 0.0 0.0
2.5305068790000003 1.0 1.0
3.406417879 0.0 0.0
4.2823288790000005 1.0 0.0
5.158239879000001 0.0 0.0
6.034150879000001 1.0 1.0
6.9100618790000015 0.0 0.0
7.785972878999999 1.0 0.0
8.661883879 0.0 0.0
9.537794879 1.0 1.0
10.413705879 0.0 0.0
11.289616879 1.0 0.0
12.165527879 0.0 0.0
13.041438879 1.0 1.0
13.917349879 0.0 0.0
14.793260879 1.0 0.0
15.669171879 0.0 0.0
16.545082879 1.0 1.0
17.420993879 0.0 0.0
18.296904879 1.0 0.0
19.172815879 0.0 0.0
20.048726879 1.0 1.0
20.924637879000002 0.0 0.0
21.800548879 1.0 0.0
22.676459879 0.0 0.0
23.552370879 1.0 1.0
24.428281879 0.0 0.0
25.304192879000002 1.0 0.0
26.197170351750003 0.0 0.0
27.092692351750003 1.0 1.0
27.988214351750003 0.0 0.0
28.883736351750006 1.0 0.0
29.767274936916674 0.0 0.0
30.649625936916674 1.0 1.0
31.531976936916674 0.0 0.0
32.41432793691667 1.0 0.0
33.29667893691667 0.0 0.0
34.17902993691667 1.0 1.0
35.06138093691667 0.0 0.0
35.94373193691667 0.0 0.0
36.82608293691668 1.0 1.0
37.70843393691668 0.0 0.0
38.59078493691668 1.0 0.0
39.47313593691668 0.0 0.0
40.35548693691668 1.0 1.0
41.23783793691668 0.0 0.0
42.120188936916676 1.0 0.0
43.002539936916676 0.0 0.0
43.884890936916676 1.0 1.0
44.767241936916676 0.0 0.0
45.649592936916676 1.0 0.0
46.531943936916676 0.0 0.0
47.414294936916676 1.0 1.0
48.296645936916676 0.0 0.0
49.16762929391667 1.0 0.0
50.03719329391667 0.0 0.0
50.90675729391667 1.0 1.0
51.77632129391667 0.0 0.0
52.64588529391667 1.0 0.0
53.51544929391667 0.0 0.0
54.38501329391667 1.0 1.0
55.25457729391667 0.0 0.0
56.135562216083336 1.0 0.0
57.01791321608333 0.0 0.0
57.90026421608333 1.0 1.0
58.78261521608333 0.0 0.0
59.66496621608333 1.0 0.0
60.54731721608333 0.0 0.0
61.42966821608333 1.0 1.0
62.31201921608333 0.0 0.0
63.19437021608333 1.0 0.0
64.07672121608333 0.0 0.0
64.95907221608333 1.0 1.0
65.84142321608333 0.0 0.0
66.72377421608333 1.0 0.0
67.60612521608333 0.0 0.0
68.48847621608333 1.0 1.0
69.37082721608333 0.0 0.0
70.25317821608333 1.0 0.0
71.13552921608333 0.0 0.0
72.01788021608333 1.0 1.0
72.90023121608333 0.0 0.0
73.78258221608333 1.0 0.0
74.66493321608333 0.0 0.0
75.54728421608333 1.0 1.0
76.42963521608333 0.0 0.0
77.31198621608333 1.0 0.0
78.19433721608333 0.0 0.0
79.07668821608333 1.0 1.0
79.95903921608333 0.0 0.0
80.83777469183333 1.0 0.0
81.70733869183333 0.0 0.0
82.57690269183333 1.0 1.0
83.44646669183334 0.0 0.0
84.32742497441667 1.0 0.0
85.20977597441667 0.0 0.0
86.09212697441667 1.0 1.0
86.97447797441667 0.0 0.0
87.85682897441667 1.0 0.0
88.73917997441667 0.0 0.0
89.62153097441667 1.0 1.0
90.50388197441667 0.0 0.0
91.38623297441667 1.0 0.0
92.26858397441667 0.0 0.0
93.15093497441667 1.0 1.0
94.03328597441667 0.0 0.0
94.91563697441667 1.0 0.0
95.79798797441667 0.0 0.0
96.68033897441667 1.0 1.0
97.56268997441667 0.0 0.0
98.44504097441667 1.0 0.0
99.32739197441667 0.0 0.0
100.20974297441667 1.0 1.0
101.09209397441667 0.0 0.0
101.97444497441667 1.0 0.0
102.85326036891666 0.0 0.0
103.72282436891666 1.0 1.0
104.59341985358333 0.0 0.0
105.47577085358333 1.0 0.0
106.35812185358333 0.0 0.0
107.24047285358333 1.0 1.0
108.12282385358333 0.0 0.0
109.00517485358333 1.0 0.0
109.88752585358333 0.0 0.0
110.76987685358333 1.0 1.0
111.65222785358333 0.0 0.0
112.53457885358333 1.0 0.0
113.41692985358335 0.0 0.0
114.29928085358335 1.0 1.0
115.18163185358335 0.0 0.0
116.06398285358335 1.0 0.0
116.94633385358335 0.0 0.0
117.82504268975002 1.0 1.0
118.69460668975002 0.0 0.0
119.56417068975001 1.0 0.0
120.43373468975001 0.0 0.0
121.30329868975002 1.0 1.0
122.18068726816668 0.0 0.0
123.06303826816668 1.0 0.0
123.94538926816668 0.0 0.0
124.82774026816668 1.0 1.0
125.71009126816668 0.0 0.0
126.59244226816668 1.0 0.0
127.47479326816668 0.0 0.0
128.35714426816668 1.0 1.0
129.23949526816668 0.0 0.0
130.12184626816668 1.0 0.0
131.00419726816668 0.0 0.0
131.88654826816668 1.0 1.0
132.76889926816668 0.0 0.0
133.65125026816668 1.0 0.0
134.53360126816668 0.0 0.0
135.41595226816668 1.0 1.0
136.29830326816668 0.0 0.0
137.18065426816668 1.0 0.0
138.06300526816668 0.0 0.0
138.94535626816668 1.0 1.0
139.82770726816668 0.0 0.0
140.70433310816668 1.0 0.0
141.58024410816668 0.0 0.0
142.45615510816668 1.0 1.0
143.33206610816669 0.0 0.0
144.2079771081667 1.0 0.0
145.0838881081667 0.0 0.0
145.9597991081667 1.0 1.0
146.8357101081667 0.0 0.0
147.7116211081667 1.0 0.0
148.5875321081667 0.0 0.0
149.4634431081667 1.0 1.0
150.3393541081667 0.0 0.0
151.2152651081667 1.0 0.0
152.09117610816668 0.0 0.0
152.9728122681667 1.0 1.0
153.8551632681667 0.0 0.0
154.7375142681667 1.0 0.0
155.6198652681667 0.0 0.0
156.5022162681667 1.0 1.0
157.3845672681667 0.0 0.0
158.2669182681667 1.0 0.0
159.1492692681667 0.0 0.0
160.0316202681667 1.0 1.0
160.9139712681667 0.0 0.0
161.7963222681667 1.0 0.0
162.6786732681667 0.0 0.0
163.5610242681667 1.0 1.0
164.4433752681667 0.0 0.0
165.3257262681667 1.0 0.0
166.2080772681667 0.0 0.0
167.0904282681667 1.0 1.0
167.9727792681667 0.0 0.0
168.8551302681667 1.0 0.0
169.7374812681667 0.0 0.0
170.6198322681667 1.0 1.0
171.5021832681667 0.0 0.0
172.3845342681667 1.0 0.0
173.2668852681667 0.0 0.0
174.1492362681667 1.0 1.0
175.0315872681667 0.0 0.0
175.9139382681667 1.0 0.0
176.7962892681667 0.0 0.0
177.6786402681667 1.0 1.0
178.5609912681667 0.0 0.0
179.4433422681667 1.0 0.0
180.3256932681667 0.0 0.0
181.2080442681667 1.0 1.0
182.0903952681667 0.0 0.0
182.9727462681667 1.0 0.0
183.8550972681667 0.0 0.0
184.7374482681667 1.0 1.0
185.61521380616668 0.0 0.0
186.49240680616668 1.0 0.0
187.3695998061667 0.0 0.0
188.2467928061667 1.0 1.0
189.1239858061667 0.0 0.0
190.00117880616668 1.0 0.0
190.87837180616668 0.0 0.0
191.7555648061667 1.0 1.0
192.6327578061667 0.0 0.0
193.5099508061667 1.0 0.0
194.38714380616668 0.0 0.0
195.26433680616668 1.0 1.0
196.1415298061667 0.0 0.0
197.0187228061667 1.0 0.0
197.8959158061667 0.0 0.0
198.7731088061667 1.0 1.0
199.65030180616668 0.0 0.0
200.5274948061667 1.0 0.0
201.4046878061667 0.0 0.0
202.2818808061667 1.0 1.0
203.1590738061667 0.0 0.0
204.03626680616668 1.0 0.0
204.91521911400002 0.0 0.0
205.79757011400002 1.0 1.0
206.67992111400002 0.0 0.0
207.56227211400002 1.0 0.0
208.44462311400002 0.0 0.0
209.32697411400002 1.0 1.0
210.20932511400002 0.0 0.0
211.09167611400002 1.0 0.0
211.97402711400002 0.0 0.0
212.85637811400002 1.0 1.0
213.73872911400002 0.0 0.0
214.62108011400002 1.0 0.0
215.50343111400002 0.0 0.0
216.38578211400002 1.0 1.0
217.26813311400002 0.0 0.0
218.15048411400002 1.0 0.0
219.03283511400002 0.0 0.0
219.91518611400002 1.0 1.0
220.79753711400002 0.0 0.0
221.67988811400002 1.0 0.0
222.56223911400002 0.0 0.0
223.44459011400002 1.0 1.0
224.32694111400002 0.0 0.0
225.20929211400002 1.0 0.0
226.09164311400002 0.0 0.0
226.97399411400002 1.0 1.0
227.85634511400002 0.0 0.0
228.73869611400002 1.0 0.0
229.62104711400002 0.0 0.0
230.50339811400002 1.0 1.0
231.38574911400002 0.0 0.0
232.26810011400002 1.0 0.0
233.15045111400002 0.0 0.0
234.03280211400002 1.0 1.0
234.91515311400002 0.0 0.0
235.79750411400002 1.0 0.0
236.67985511400002 0.0 0.0
237.56220611400002 1.0 1.0
238.44455711400002 0.0 0.0
239.32690811400002 1.0 0.0
240.20925911400002 0.0 0.0
241.09161011400002 1.0 1.0
241.97396111400002 0.0 0.0
242.85631211400002 1.0 0.0
243.73866311400002 0.0 0.0
244.62101411400002 1.0 1.0
245.50336511400002 0.0 0.0
246.38571611400002 1.0 0.0
247.26806711400002 0.0 0.0
248.15041811400002 1.0 1.0
249.03276911400002 0.0 0.0
249.91512011400002 1.0 0.0
250.79747111400002 0.0 0.0
251.67982211400002 1.0 1.0
252.56217311400002 0.0 0.0
253.44452411400002 1.0 0.0
254.32687511400002 0.0 0.0
255.20922611400002 1.0 1.0
256.091577114 0.0 0.0
256.97392811400005 1.0 0.0
257.856279114 0.0 0.0
258.73863011400005 1.0 0.0