0.838928124 1.0 1.0
1.9103561239999998 0.0 0.0
2.981784124 1.0 0.0
4.053212124 0.0 0.0
5.124640124 1.0 1.0
6.196068124 0.0 0.0
7.267496124 1.0 0.0
8.338924124 0.0 0.0
9.410352124000001 1.0 1.0
10.481780124 0.0 0.0
11.553208124000001 1.0 0.0
12.624636124 0.0 0.0
13.696064124000001 1.0 1.0
14.767492124 0.0 0.0
15.838920124 1.0 0.0
16.910348124 0.0 0.0
17.981776124 1.0 1.0
19.053204124 0.0 0.0
20.124632124 1.0 0.0
21.196060124 0.0 0.0
22.267488124 1.0 1.0
23.338916124 0.0 0.0
24.410344124 1.0 0.0
25.481772124 0.0 0.0
26.553200124 1.0 1.0
27.624628124 0.0 0.0
28.696056124000002 1.0 0.0
29.767484124 0.0 0.0
30.838912124 1.0 1.0
31.910340124 0.0 0.0
32.981768124 1.0 0.0
34.053196124 0.0 0.0
35.124624124 1.0 1.0
36.196052124 0.0 0.0
37.267480124 1.0 0.0
38.338908124 0.0 0.0
39.410336124 1.0 1.0
40.481764124 0.0 0.0
41.553192124 1.0 0.0
42.624620124 0.0 0.0
43.696048124 1.0 1.0
44.767476124 0.0 0.0
45.838904124 1.0 0.0
46.910332124 0.0 0.0
47.981760124 1.0 1.0
49.053188124 0.0 0.0
50.124616124 1.0 0.0
51.196044124000004 0.0 0.0
52.267472124 1.0 1.0
53.338900124 0.0 0.0
54.410328124 1.0 0.0
55.481756124 0.0 0.0
56.553184124 1.0 1.0
57.624612124 0.0 0.0
58.696040124 1.0 0.0
59.767468124 0.0 0.0
60.838896124 1.0 1.0
61.910324124 0.0 0.0
62.981752124 1.0 0.0
64.053180124 0.0 0.0
65.124608124 1.0 1.0
66.196036124 0.0 0.0
67.267464124 1.0 0.0
68.338892124 0.0 0.0
69.410320124 1.0 1.0
70.481748124 0.0 0.0
71.553176124 1.0 0.0
72.624604124 0.0 0.0
73.69603212400001 1.0 1.0
74.76746012400001 0.0 0.0
75.83888812400001 1.0 0.0
76.910316124 0.0 0.0
77.981744124 1.0 1.0
79.05317212400001 0.0 0.0
80.12460012400001 1.0 0.0
81.19602812400001 0.0 0.0
82.267456124 1.0 1.0
83.338884124 0.0 0.0
84.41031212400001 1.0 0.0
85.48174012400001 0.0 0.0
86.55316812400001 1.0 1.0
87.624596124 0.0 0.0
88.696024124 1.0 0.0
89.767452124 0.0 0.0
90.83888012400001 1.0 1.0
91.91030812400001 0.0 0.0
92.98173612400001 1.0 0.0
94.053164124 0.0 0.0
95.124592124 1.0 1.0
96.19602012400001 0.0 0.0
97.26744812400001 1.0 0.0
98.33887612400001 0.0 0.0
99.410304124 1.0 1.0
100.481732124 0.0 0.0
101.553160124 1.0 0.0
102.62458812400001 0.0 0.0
103.69601612400001 1.0 1.0
104.76744412400001 0.0 0.0
105.838872124 1.0 0.0
106.910300124 0.0 0.0
107.98172812400001 1.0 1.0
109.05315612400001 0.0 0.0
110.12458412400001 1.0 0.0
111.196012124 0.0 0.0
112.267440124 1.0 1.0
113.33886812400002 0.0 0.0
114.41029612400001 1.0 0.0
115.48172412400001 0.0 0.0
116.55315212400001 1.0 1.0
117.624580124 0.0 0.0
118.696008124 1.0 0.0
119.76743612400001 0.0 0.0
120.83886412400001 1.0 1.0
121.91029212400001 0.0 0.0
122.981720124 1.0 0.0
124.053148124 0.0 0.0
125.12457612400001 1.0 1.0
126.19600412400001 0.0 0.0
127.26743212400001 1.0 0.0
128.338860124 0.0 0.0
129.410288124 1.0 1.0
130.481716124 0.0 0.0
131.553144124 1.0 0.0
132.624572124 0.0 0.0
133.69600012400002 1.0 1.0
134.76742812400002 0.0 0.0
135.83885612400002 1.0 0.0
136.91028412400001 0.0 0.0
137.98171212399998 1.0 1.0
139.05314012399998 0.0 0.0
140.12456812399998 1.0 0.0
141.195996124 0.0 0.0
142.267424124 1.0 1.0
143.338852124 0.0 0.0
144.410280124 1.0 0.0
145.481708124 0.0 0.0
146.553136124 1.0 1.0
147.624564124 0.0 0.0
148.69599212399999 1.0 0.0
149.76742012399998 0.0 0.0
150.83884812399998 1.0 1.0
151.910276124 0.0 0.0
152.981704124 1.0 0.0
154.053132124 0.0 0.0
155.124560124 1.0 1.0
156.195988124 0.0 0.0
157.267416124 1.0 0.0
158.338844124 0.0 0.0
159.410272124 1.0 1.0
160.48170012399999 0.0 0.0
161.55312812399998 1.0 0.0
162.62455612399998 0.0 0.0
163.695984124 1.0 1.0
164.767412124 0.0 0.0
165.838840124 1.0 0.0
166.910268124 0.0 0.0
167.981696124 1.0 1.0
169.053124124 0.0 0.0
170.124552124 1.0 0.0
171.195980124 0.0 0.0
172.26740812399999 1.0 1.0
173.33883612399998 0.0 0.0
174.41026412399998 1.0 0.0
175.481692124 0.0 0.0
176.553120124 1.0 1.0
177.624548124 0.0 0.0
178.695976124 1.0 0.0
179.767404124 0.0 0.0
180.838832124 1.0 1.0
181.910260124 0.0 0.0
182.981688124 1.0 0.0
184.05311612399998 0.0 0.0
185.12454412399998 1.0 1.0
186.19597212399998 0.0 0.0
187.267400124 1.0 0.0
188.338828124 0.0 0.0
189.410256124 1.0 1.0
190.481684124 0.0 0.0
191.553112124 1.0 0.0
192.624540124 0.0 0.0
193.695968124 1.0 1.0
194.767396124 0.0 0.0
195.83882412399998 1.0 0.0
196.91025212399998 0.0 0.0
197.98168012399998 1.0 1.0
199.053108124 0.0 0.0
200.124536124 1.0 0.0
201.195964124 0.0 0.0
202.267392124 1.0 1.0
203.338820124 0.0 0.0
204.410248124 1.0 0.0
205.481676124 0.0 0.0
206.553104124 1.0 1.0
207.62453212399998 0.0 0.0
208.69596012399998 1.0 0.0
209.76738812399998 0.0 0.0
210.838816124 1.0 1.0
211.910244124 0.0 0.0
212.981672124 1.0 0.0
214.053100124 0.0 0.0
215.124528124 1.0 1.0
216.195956124 0.0 0.0
217.267384124 1.0 0.0
218.338812124 0.0 0.0
219.41024012399998 1.0 1.0
220.48166812399998 0.0 0.0
221.55309612399998 1.0 0.0
222.624524124 0.0 0.0
223.695952124 1.0 1.0
224.767380124 0.0 0.0
225.838808124 1.0 0.0
226.910236124 0.0 0.0
227.981664124 1.0 1.0
229.053092124 0.0 0.0
230.124520124 1.0 0.0
231.19594812399998 0.0 0.0
232.26737612399998 1.0 1.0
233.338804124 0.0 0.0
234.410232124 1.0 0.0
235.481660124 0.0 0.0
236.553088124 1.0 1.0
237.624516124 0.0 0.0
238.695944124 1.0 0.0
239.767372124 0.0 0.0
240.838800124 1.0 1.0
241.91022812399999 0.0 0.0
242.98165612399998 1.0 0.0
244.249898788 0.0 0.0
245.66501958499998 1.0 1.0
246.7996299635833 0.0 0.0
247.8710579635833 1.0 0.0
248.9424859635833 0.0 0.0
250.01391396358332 1.0 1.0
251.08534196358332 0.0 0.0
252.15676996358332 1.0 0.0
253.2281979635833 0.0 0.0
254.2996259635833 1.0 1.0
255.3710539635833 0.0 0.0
256.4424819635833 1.0 0.0
257.51390996358333 0.0 0.0
258.5853379635833 1.0 1.0
259.6567659635833 0.0 0.0
260.7281939635833 1.0 0.0
261.7996219635833 0.0 0.0
262.8710499635833 1.0 1.0
263.9424779635833 0.0 0.0
265.0139059635833 1.0 0.0
266.0853339635833 0.0 0.0
267.15676196358334 1.0 1.0
268.2281899635833 0.0 0.0
269.29961796358333 1.0 0.0
270.3710459635833 0.0 0.0
271.4424739635833 1.0 1.0
272.5139019635833 0.0 0.0
273.5853299635833 1.0 0.0
274.6567579635833 0.0 0.0