0.7272727999999999 0.0 0.0
1.6363638 1.0 0.0
2.5454548 0.0 0.0
3.4545458 1.0 1.0
4.3636368 0.0 0.0
5.2727278 1.0 0.0
6.181818799999999 0.0 0.0
7.0909097999999995 1.0 1.0
8.0000008 0.0 0.0
8.9090918 1.0 0.0
9.818182799999999 0.0 0.0
10.727273799999999 1.0 1.0
11.636364799999999 0.0 0.0
12.5454558 1.0 0.0
13.4545468 0.0 0.0
14.3636378 1.0 0.0
15.2727288 0.0 0.0
16.1818198 1.0 1.0
17.0909108 0.0 0.0
18.0000018 1.0 0.0
18.9090928 0.0 0.0
19.8181838 1.0 1.0
20.7272748 0.0 0.0
21.6363658 1.0 0.0
22.5454568 0.0 0.0
23.4545478 1.0 1.0
24.3636388 0.0 0.0
25.2727298 1.0 0.0
26.1818208 0.0 0.0
27.0909118 1.0 1.0
28.0000028 0.0 0.0
28.9090938 1.0 0.0
29.818184799999997 0.0 0.0
30.727275799999997 1.0 1.0
31.636366799999998 0.0 0.0
32.5454578 1.0 0.0
33.4545488 0.0 0.0
34.3636398 1.0 1.0
35.2727308 0.0 0.0
36.1818218 1.0 0.0
37.0909128 0.0 0.0
38.0000038 1.0 1.0
38.9090948 0.0 0.0
39.8181858 1.0 0.0
40.7272768 0.0 0.0
41.6363678 1.0 1.0
42.5454588 0.0 0.0
43.4545498 1.0 0.0
44.3636408 0.0 0.0
45.272731799999995 1.0 1.0
46.1818228 0.0 0.0
47.090913799999996 1.0 0.0
48.0000048 0.0 0.0
48.909095799999996 1.0 1.0
49.8181868 0.0 0.0
50.727277799999996 1.0 0.0
51.6363688 0.0 0.0
52.545459799999996 1.0 1.0
53.4545508 0.0 0.0
54.363641799999996 1.0 0.0
55.2727328 0.0 0.0
56.1818238 1.0 1.0
57.0909148 0.0 0.0
58.0000058 1.0 0.0
58.9090968 0.0 0.0
59.8181878 1.0 1.0
60.7272788 0.0 0.0
61.6363698 1.0 0.0
62.5454608 0.0 0.0
63.4545518 1.0 1.0
64.3636428 0.0 0.0
65.2727338 1.0 0.0
66.1818248 0.0 0.0
67.0909158 1.0 1.0
68.0000068 0.0 0.0
68.9090978 1.0 0.0
69.8181888 0.0 0.0
70.72727979999999 1.0 1.0
71.6363708 0.0 0.0
72.5454618 1.0 0.0
73.4545528 0.0 0.0
74.36364379999999 1.0 1.0
75.2727348 0.0 0.0
76.1818258 1.0 0.0
77.0909168 0.0 0.0
78.00000779999999 1.0 1.0
78.9090988 0.0 0.0
79.8181898 1.0 0.0
80.7272808 0.0 0.0
81.63637179999999 1.0 1.0
82.5454628 0.0 0.0
83.4545538 1.0 0.0
84.3636448 0.0 0.0
85.27273579999999 1.0 1.0
86.1818268 0.0 0.0
87.0909178 1.0 0.0
88.0000088 0.0 0.0
88.90909979999999 1.0 1.0
89.8181908 0.0 0.0
90.7272818 1.0 0.0
91.6363728 0.0 0.0
92.5454638 1.0 1.0
93.4545548 0.0 0.0
94.3636458 1.0 0.0
95.2727368 0.0 0.0
96.1818278 1.0 1.0
97.0909188 0.0 0.0
98.0000098 1.0 0.0
98.90910079999999 0.0 0.0
99.8181918 1.0 1.0
100.7272828 0.0 0.0
101.6363738 1.0 0.0
102.54546479999999 0.0 0.0
103.4545558 1.0 1.0
104.3636468 0.0 0.0
105.2727378 1.0 0.0
106.18182879999999 0.0 0.0
107.0909198 1.0 1.0
108.0000108 0.0 0.0
108.9091018 1.0 0.0
109.81819279999999 0.0 0.0
110.7272838 1.0 1.0
111.6363748 0.0 0.0
112.5454658 1.0 0.0
113.45455679999999 0.0 0.0
114.3636478 1.0 1.0
115.2727388 0.0 0.0
116.1818298 1.0 0.0
117.0909208 0.0 0.0
118.00001180000001 1.0 1.0
118.90910280000001 0.0 0.0
119.81819380000002 1.0 0.0
120.7272848 0.0 0.0
121.63637580000001 1.0 1.0
122.54546680000001 0.0 0.0
123.4545578 1.0 0.0
124.36364879999999 0.0 0.0
125.2727398 1.0 1.0
126.1818308 0.0 0.0
127.09092179999999 1.0 0.0
128.0000128 0.0 0.0
128.9091038 1.0 1.0
129.8181948 0.0 0.0
130.7272858 1.0 0.0
131.6363768 0.0 0.0
132.54546779999998 1.0 1.0
133.4545588 0.0 0.0
134.3636498 1.0 0.0
135.2727408 0.0 0.0
136.1818318 1.0 1.0
137.0909228 0.0 0.0
138.0000138 1.0 0.0
138.9091048 0.0 0.0
139.81819579999998 1.0 1.0
140.7272868 0.0 0.0
141.6363778 1.0 0.0
142.5454688 0.0 0.0
143.4545598 1.0 1.0
144.3636508 0.0 0.0
145.2727418 1.0 0.0
146.1818328 0.0 0.0
147.09092379999998 1.0 1.0
148.0000148 0.0 0.0
148.9091058 1.0 0.0
149.8181968 0.0 0.0
150.7272878 1.0 1.0
151.6363788 0.0 0.0
152.5454698 1.0 0.0
153.4545608 0.0 0.0
154.36365179999999 1.0 1.0
155.2727428 0.0 0.0
156.1818338 1.0 0.0
157.09092479999998 0.0 0.0
158.0000158 1.0 1.0
158.9091068 0.0 0.0
159.8181978 1.0 0.0
160.7272888 0.0 0.0
161.6363798 1.0 1.0
162.5454708 0.0 0.0
163.4545618 1.0 0.0
164.36365279999998 0.0 0.0
165.2727438 1.0 1.0
166.1818348 0.0 0.0
167.0909258 1.0 0.0
168.0000168 0.0 0.0
168.9091078 1.0 1.0
169.8181988 0.0 0.0
170.7272898 1.0 0.0
171.63638079999998 0.0 0.0
172.5454718 1.0 1.0
173.4545628 0.0 0.0
174.3636538 1.0 0.0
175.2727448 0.0 0.0
176.1818358 1.0 1.0
177.0909268 0.0 0.0
178.0000178 1.0 0.0
178.90910879999998 0.0 0.0
179.8181998 1.0 1.0
180.7272908 0.0 0.0
181.63638179999998 1.0 0.0
182.5454728 0.0 0.0
183.4545638 1.0 1.0
184.3636548 0.0 0.0
185.2727458 1.0 0.0
186.18183679999999 0.0 0.0
187.0909278 1.0 1.0
188.0000188 0.0 0.0
188.90910979999998 1.0 0.0
189.8182008 0.0 0.0
190.7272918 1.0 1.0
191.6363828 0.0 0.0
192.5454738 1.0 0.0
193.45456479999999 0.0 0.0
194.3636558 1.0 1.0
195.2727468 0.0 0.0
196.18183779999998 1.0 0.0
197.0909288 0.0 0.0
198.0000198 1.0 1.0
198.9091108 0.0 0.0
199.8182018 1.0 0.0
200.7272928 0.0 0.0
201.6363838 1.0 1.0
202.5454748 0.0 0.0
203.45456579999998 1.0 0.0
204.3636568 0.0 0.0
205.2727478 1.0 1.0
206.1818388 0.0 0.0
207.0909298 1.0 0.0
208.0000208 0.0 0.0
208.9091118 1.0 1.0
209.8182028 0.0 0.0
210.72729379999998 1.0 0.0
211.6363848 0.0 0.0
212.5454758 1.0 1.0
213.45456679999998 0.0 0.0
214.3636578 1.0 0.0
215.2727488 0.0 0.0
216.1818398 1.0 1.0
217.0909308 0.0 0.0
218.00002179999998 1.0 0.0
218.9091128 0.0 0.0
219.8182038 1.0 1.0
220.72729479999998 0.0 0.0
221.6363858 1.0 0.0
222.5454768 0.0 0.0
223.4545678 1.0 1.0
224.3636588 0.0 0.0
225.27274979999999 1.0 0.0
226.1818408 0.0 0.0
227.0909318 1.0 1.0
228.00002279999998 0.0 0.0
228.9091138 1.0 0.0
229.8182048 0.0 0.0
230.7272958 1.0 1.0
231.6363868 0.0 0.0
232.5454778 1.0 0.0
233.4545688 0.0 0.0
234.3636598 1.0 1.0
235.27275079999998 0.0 0.0
236.1818418 1.0 0.0
237.0909328 0.0 0.0
238.00002379999998 1.0 1.0
238.9091148 0.0 0.0
239.8182058 1.0 0.0
240.7272968 0.0 0.0
241.6363878 1.0 1.0
242.54547879999998 0.0 0.0
243.4545698 1.0 0.0
244.3636608 0.0 0.0
245.27275179999998 1.0 1.0
246.1818428 0.0 0.0
247.0909338 1.0 0.0
248.0000248 0.0 0.0
248.9091158 1.0 1.0
249.81820679999998 0.0 0.0
250.7272978 1.0 0.0
251.6363888 0.0 0.0
252.54547979999998 1.0 1.0
253.4545708 0.0 0.0
254.3636618 1.0 0.0
255.2727528 0.0 0.0
256.18184379999997 1.0 1.0
257.0909348 0.0 0.0
258.0000258 1.0 0.0
258.9091168 0.0 0.0
259.8182078 1.0 1.0
260.72729879999997 0.0 0.0
261.6363898 1.0 0.0
262.5454808 0.0 0.0
263.4545718 1.0 1.0
264.3636628 0.0 0.0
265.2727538 1.0 0.0
266.18184479999996 0.0 0.0
267.0909358 1.0 1.0
268.0000268 0.0 0.0
268.9091178 1.0 0.0
269.8182088 0.0 0.0
270.72729979999997 1.0 1.0
271.6363908 0.0 0.0
272.5454818 1.0 0.0
273.4545728 0.0 0.0
274.3636638 1.0 1.0
275.2727548 0.0 0.0
276.1818458 1.0 1.0
277.0909368 0.0 0.0
278.0000278 0.0 0.0
278.9091188 1.0 1.0
279.8182098 0.0 0.0
280.72730079999997 0.0 0.0