0.25180288 1.0 1.0
1.2354078800000001 0.0 0.0
2.21901288 1.0 0.0
3.2026178800000005 0.0 0.0
4.186222880000001 1.0 1.0
5.169827880000001 0.0 0.0
6.15343288 1.0 0.0
7.13703788 0.0 0.0
8.12064288 1.0 1.0
9.10424788 0.0 0.0
10.087852880000002 1.0 0.0
11.07145788 0.0 0.0
12.055062880000001 1.0 1.0
13.03866788 0.0 0.0
14.022272880000001 1.0 0.0
15.005877880000002 0.0 0.0
15.98948288 1.0 1.0
16.97308788 0.0 0.0
17.956692880000002 1.0 0.0
18.940297880000003 0.0 0.0
19.923902880000004 1.0 1.0
20.907507880000004 0.0 0.0
21.89111288 1.0 0.0
22.874717880000002 0.0 0.0
23.858322880000003 1.0 1.0
24.841927880000004 0.0 0.0
25.825532880000004 1.0 0.0
26.809137880000005 0.0 0.0
27.792742880000002 1.0 1.0
28.776347880000003 0.0 0.0
29.759952880000004 1.0 0.0
30.743557880000004 0.0 0.0
31.727162880000005 1.0 1.0
32.710767880000006 0.0 0.0
33.69437288 1.0 0.0
34.67797788000001 0.0 0.0
35.661582880000005 1.0 1.0
36.64518788 0.0 0.0
37.628792880000006 1.0 0.0
38.61239788 0.0 0.0
39.59600288000001 1.0 1.0
40.579607880000005 0.0 0.0
41.56321288 1.0 0.0
42.546817880000006 0.0 0.0
43.53042288 1.0 1.0
44.51402788000001 0.0 0.0
45.497632880000005 1.0 0.0
46.48123788 0.0 0.0
47.464842880000006 1.0 1.0
48.44844788 0.0 0.0
49.43205288000001 1.0 1.0
50.415657880000005 0.0 0.0
51.39926288 1.0 0.0
52.382867880000006 0.0 0.0
53.36647288 1.0 1.0
54.35007788000001 0.0 0.0
55.333682880000005 1.0 0.0
56.31728788 0.0 0.0
57.300892880000006 1.0 1.0
58.28449788 0.0 0.0
59.26810288000001 1.0 0.0
60.251707880000005 0.0 0.0
61.23531288 1.0 1.0
62.21891788000001 0.0 0.0
63.202522880000004 1.0 0.0
64.18612788 0.0 0.0
65.16973288000001 1.0 1.0
66.15333788000001 0.0 0.0
67.13694288 1.0 0.0
68.12054788 0.0 0.0
69.10415288 1.0 1.0
70.08775788 0.0 0.0
71.07136288 1.0 0.0
72.05496787999999 0.0 0.0
73.03857288 1.0 1.0
74.02217788 0.0 0.0
75.00578288 1.0 0.0
75.98938788 0.0 0.0
76.97299287999999 1.0 1.0
77.95659788 0.0 0.0
78.94020288 1.0 0.0
79.92380788 0.0 0.0
80.90741288 1.0 1.0
81.89101787999999 0.0 0.0
82.87462288 1.0 0.0
83.85822788 0.0 0.0
84.84183288 1.0 1.0
85.82543788 0.0 0.0
86.80904287999999 1.0 0.0
87.79264788 0.0 0.0
88.77625288 1.0 1.0
89.75985788 0.0 0.0
90.74346288 1.0 0.0
91.72706787999999 0.0 0.0
92.71067288 1.0 1.0
93.69427788 0.0 0.0
94.67788288 1.0 0.0
95.66148788 0.0 0.0
96.64509287999999 1.0 1.0
97.62869788 0.0 0.0
98.61230288 1.0 1.0
99.59590788 0.0 0.0
100.57951288 1.0 0.0
101.56311788 0.0 0.0
102.54672288 1.0 1.0
103.53032788 0.0 0.0
104.51393288 1.0 0.0
105.49753788 0.0 0.0
106.48114288 1.0 1.0
107.46474788 0.0 0.0
108.44835288 1.0 0.0
109.43195788 0.0 0.0
110.41556288 1.0 1.0
111.39916788000001 0.0 0.0
112.38277288 1.0 0.0
113.36637788 0.0 0.0
114.34998288 1.0 1.0
115.33358788 0.0 0.0
116.31719288000001 1.0 0.0
117.30079788 0.0 0.0
118.28440288 1.0 1.0
119.26800788 0.0 0.0
120.25161288 1.0 0.0
121.23521788000001 0.0 0.0
122.21882288 1.0 1.0
123.20242788 0.0 0.0
124.18603288 1.0 0.0
125.16963788 0.0 0.0
126.15324288000001 1.0 1.0
127.13684788 0.0 0.0
128.12045288 1.0 0.0
129.10405788 0.0 0.0
130.08766288 1.0 1.0
131.07126788 0.0 0.0
132.05487288 1.0 0.0
133.03847788 0.0 0.0
134.02208288 1.0 1.0
135.00568788 0.0 0.0
135.98929288000002 1.0 0.0
136.97289788 0.0 0.0
137.95650288000002 1.0 1.0
138.94010788000003 0.0 0.0
139.92371288 1.0 0.0
140.90731788000002 0.0 0.0
141.89092288 1.0 1.0
142.87452788000002 0.0 0.0
143.85813288000003 1.0 0.0
144.84173788 0.0 0.0
145.82534288000002 1.0 1.0
146.80894788 0.0 0.0
147.79255288000002 1.0 0.0
148.77615788000003 0.0 0.0
149.75976288 1.0 1.0
150.74336788000002 0.0 0.0
151.72697288 1.0 0.0
152.71057788000002 0.0 0.0
153.69418288000003 1.0 1.0
154.67778788 0.0 0.0
155.66139288000002 1.0 0.0
156.64499788 0.0 0.0
157.62860288000002 1.0 1.0
158.61220788000003 0.0 0.0
159.59581288 1.0 0.0
160.57941788000002 0.0 0.0
161.56302288 1.0 1.0
162.54662788000002 0.0 0.0
163.53023288000003 1.0 0.0
164.51383788 0.0 0.0
165.49744288000002 1.0 1.0
166.48104788 0.0 0.0
167.46465288000002 1.0 0.0
168.44825788000003 0.0 0.0
169.43186288 1.0 1.0
170.41546788000002 0.0 0.0
171.39907288 1.0 0.0
172.38267788000002 0.0 0.0
173.36628288000003 1.0 1.0
174.34988788 0.0 0.0
175.33349288000002 1.0 0.0
176.31709788 0.0 0.0
177.30070288000002 1.0 1.0
178.28430788000003 0.0 0.0
179.26791288 1.0 0.0
180.25151788000002 0.0 0.0
181.23512288 1.0 1.0
182.21872788000002 0.0 0.0
183.20233288000003 1.0 0.0
184.18593788 0.0 0.0
185.16954288000002 1.0 1.0
186.15314788 0.0 0.0
187.13675288000002 1.0 0.0
188.12035788000003 0.0 0.0
189.10396288 1.0 1.0
190.08756788000002 0.0 0.0
191.07117288 1.0 0.0
192.05477788000002 0.0 0.0
193.03838288000003 1.0 1.0
194.02198788 0.0 0.0
195.00559288000002 1.0 0.0
195.98919788 0.0 0.0
196.97280288000002 1.0 1.0
197.95640788000003 0.0 0.0
198.94001288 1.0 0.0
199.92361788000002 0.0 0.0
200.90722288 1.0 1.0
201.89082788000002 0.0 0.0
202.87443288000003 1.0 0.0
203.85803788 0.0 0.0
204.84164288000002 1.0 1.0
205.82524788 0.0 0.0
206.80885288000002 1.0 0.0
207.79245788000003 0.0 0.0
208.77606288 1.0 1.0
209.75966788000002 0.0 0.0
210.74327288 1.0 0.0
211.72687788000002 0.0 0.0
212.71048288000003 1.0 1.0
213.69408788 0.0 0.0
214.67769288000002 1.0 0.0
215.66129788 0.0 0.0
216.64490288000002 1.0 1.0
217.62850788000003 0.0 0.0
218.61211288 1.0 0.0
219.59571788000002 0.0 0.0
220.57932288000003 1.0 1.0
221.56292788000002 0.0 0.0
222.54653288000003 1.0 0.0
223.53013788 0.0 0.0
224.51374288000002 1.0 1.0
225.49734788000004 0.0 0.0
226.48095288000002 1.0 0.0
227.46455788000003 0.0 0.0
228.44816288 1.0 1.0
229.43176788000002 0.0 0.0
230.41537288000004 1.0 0.0
231.39897788000002 0.0 0.0
232.38258288000003 1.0 1.0
233.36618788 0.0 0.0
234.34979288000002 1.0 0.0
235.33339788000004 0.0 0.0
236.31700288000002 0.0 0.0