0.231175962 0.0 0.0
1.113526962 1.0 1.0
1.995877962 0.0 0.0
2.8782289619999997 1.0 0.0
3.7605799620000004 0.0 0.0
4.642930962 1.0 1.0
5.525281962 0.0 0.0
6.407632962 1.0 0.0
7.289983962 0.0 0.0
8.172334962 1.0 1.0
9.054685962 0.0 0.0
9.937036962 1.0 0.0
10.819387962 0.0 0.0
11.701738962 1.0 1.0
12.584089962 0.0 0.0
13.466440962 1.0 0.0
14.348791962 0.0 0.0
15.231142962 1.0 1.0
16.113493962 0.0 0.0
16.995844962 1.0 0.0
17.878195962 0.0 0.0
18.760546962 1.0 1.0
19.642897962 0.0 0.0
20.525248962 1.0 0.0
21.407599962 0.0 0.0
22.289950962 1.0 1.0
23.172301962 0.0 0.0
24.054652962 1.0 0.0
24.937003962 0.0 0.0
25.819354962 1.0 1.0
26.701705962 0.0 0.0
27.584056962 1.0 0.0
28.466407961999998 0.0 0.0
29.348758961999998 1.0 1.0
30.231109962 0.0 0.0
31.113460962 1.0 0.0
31.995811962 0.0 0.0
32.878162962000005 1.0 1.0
33.760513962000005 0.0 0.0
34.642864962000004 1.0 0.0
35.525215962000004 0.0 0.0
36.407566962000004 1.0 1.0
37.289917962000004 0.0 0.0
38.172268962000004 1.0 0.0
39.054619962000004 0.0 0.0
39.936970962000004 1.0 1.0
40.819321962000004 0.0 0.0
41.701672962 1.0 0.0
42.584023962 0.0 0.0
43.466374962 1.0 1.0
44.348725962 0.0 0.0
45.231076962 1.0 0.0
46.113427962 0.0 0.0
46.995778962 1.0 1.0
47.878129962 0.0 0.0
48.760480962 1.0 0.0
49.642831962 0.0 0.0
50.525182962 1.0 1.0
51.407533962 0.0 0.0
52.289884962 1.0 0.0
53.172235962 0.0 0.0
54.054586962 1.0 1.0
54.936937962 0.0 0.0
55.819288962 1.0 0.0
56.701639962 0.0 0.0
57.583990962 1.0 1.0
58.466341962 0.0 0.0
59.348692962 1.0 0.0
60.231043962 0.0 0.0
61.113394962 1.0 1.0
61.995745962 0.0 0.0
62.878096962 1.0 0.0
63.760447962 0.0 0.0
64.642798962 1.0 1.0
65.525149962 0.0 0.0
66.407500962 1.0 0.0
67.289851962 0.0 0.0
68.172202962 1.0 1.0
69.054553962 0.0 0.0
69.936904962 1.0 0.0
70.819255962 0.0 0.0
71.701606962 1.0 1.0
72.583957962 0.0 0.0
73.466308962 1.0 0.0
74.348659962 0.0 0.0
75.231010962 1.0 1.0
76.113361962 0.0 0.0
76.995712962 1.0 0.0
77.878063962 0.0 0.0
78.760414962 1.0 1.0
79.642765962 0.0 0.0
80.525116962 1.0 0.0
81.407467962 0.0 0.0
82.289818962 1.0 1.0
83.172169962 0.0 0.0
84.054520962 1.0 0.0
84.936871962 0.0 0.0
85.819222962 1.0 1.0
86.701573962 0.0 0.0
87.583924962 1.0 1.0
88.466275962 0.0 0.0
89.348626962 1.0 0.0
90.230977962 0.0 0.0
91.113328962 1.0 1.0
91.995679962 0.0 0.0
92.878030962 1.0 0.0
93.760381962 0.0 0.0
94.642732962 1.0 1.0
95.525083962 0.0 0.0
96.407434962 1.0 0.0
97.289785962 0.0 0.0
98.172136962 1.0 1.0
99.054487962 0.0 0.0
99.936838962 1.0 0.0
100.819189962 0.0 0.0
101.701540962 1.0 1.0
102.583891962 0.0 0.0
103.466242962 1.0 0.0
104.348593962 0.0 0.0
105.230944962 1.0 1.0
106.113295962 0.0 0.0
106.995646962 1.0 0.0
107.877997962 0.0 0.0
108.760348962 1.0 1.0
109.642699962 0.0 0.0
110.525050962 1.0 0.0
111.407401962 0.0 0.0
112.289752962 1.0 1.0
113.172103962 0.0 0.0
114.054454962 1.0 0.0
114.936805962 0.0 0.0
115.819156962 1.0 1.0
116.701507962 0.0 0.0
117.583858962 1.0 0.0
118.466209962 0.0 0.0
119.348560962 1.0 1.0
120.230911962 0.0 0.0
121.11326296199998 1.0 0.0
121.99561396199998 0.0 0.0
122.87796496199998 1.0 1.0
123.76031596199998 0.0 0.0
124.64266696199998 1.0 0.0
125.52501796199998 0.0 0.0
126.40736896199998 1.0 1.0
127.28971996199998 0.0 0.0
128.172070962 1.0 0.0
129.054421962 0.0 0.0
129.936772962 1.0 1.0
130.819123962 0.0 0.0
131.701474962 1.0 1.0
132.583825962 0.0 0.0
133.466176962 1.0 0.0
134.348527962 0.0 0.0
135.230878962 1.0 1.0
136.113229962 0.0 0.0
136.995580962 1.0 0.0
137.877931962 0.0 0.0
138.760282962 1.0 1.0
139.642633962 0.0 0.0
140.524984962 1.0 0.0
141.407335962 0.0 0.0
142.289686962 1.0 1.0
143.172037962 0.0 0.0
144.054388962 1.0 0.0
144.936739962 0.0 0.0
145.819090962 1.0 1.0
146.701441962 0.0 0.0
147.583792962 1.0 0.0
148.466143962 0.0 0.0
149.348494962 1.0 1.0
150.230845962 0.0 0.0
151.113196962 1.0 0.0
151.995547962 0.0 0.0
152.877898962 1.0 1.0
153.760249962 0.0 0.0
154.642600962 1.0 0.0
155.524951962 0.0 0.0
156.407302962 1.0 1.0
157.289653962 0.0 0.0
158.172004962 1.0 0.0
159.054355962 0.0 0.0
159.936706962 1.0 1.0
160.819057962 0.0 0.0
161.701408962 1.0 0.0
162.583759962 0.0 0.0
163.466110962 1.0 1.0
164.348461962 0.0 0.0
165.230812962 1.0 0.0
166.113163962 0.0 0.0
166.995514962 1.0 1.0
167.877865962 0.0 0.0
168.760216962 1.0 0.0
169.642567962 0.0 0.0
170.524918962 1.0 1.0
171.407269962 0.0 0.0
172.289620962 1.0 0.0
173.171971962 0.0 0.0
174.054322962 1.0 1.0
174.936673962 0.0 0.0
175.819024962 1.0 0.0
176.701375962 0.0 0.0
177.583726962 1.0 1.0
178.46607796199999 0.0 0.0
179.34842896199999 1.0 0.0
180.23077996199999 0.0 0.0
181.11313096199999 1.0 1.0
181.99548196199999 0.0 0.0
182.87783296199999 1.0 0.0
183.76018396199999 0.0 0.0
184.64253496199998 1.0 1.0
185.52488596199998 0.0 0.0
186.40723696199998 1.0 0.0
187.28958796199998 0.0 0.0
188.17193896199998 1.0 1.0
189.05428996199998 0.0 0.0
189.93664096199998 1.0 0.0
190.81899196199998 0.0 0.0
191.70134296199998 1.0 1.0
192.58369396199998 0.0 0.0
193.46604496199998 1.0 0.0
194.34839596199998 0.0 0.0
195.23074696199998 1.0 1.0
196.11309796199998 0.0 0.0
196.99544896199998 1.0 0.0
197.87779996199998 0.0 0.0
198.76015096199998 1.0 1.0
199.64250196199998 0.0 0.0
200.52485296199998 1.0 0.0
201.40720396199998 0.0 0.0
202.28955496199998 1.0 1.0
203.17190596199998 0.0 0.0
204.05425696199998 1.0 0.0
204.93660796199998 0.0 0.0
205.81895896199998 1.0 1.0
206.70130996199998 0.0 0.0
207.58366096199998 1.0 0.0
208.46601196199998 0.0 0.0
209.34836296199998 1.0 1.0
210.23071396199998 0.0 0.0
211.11306496199998 1.0 0.0
211.99541596199998 0.0 0.0
212.87776696199998 1.0 1.0
213.76011796199998 0.0 0.0
214.64246896199998 1.0 0.0
215.52481996199998 0.0 0.0
216.40717096199998 1.0 1.0
217.28952196199998 0.0 0.0
218.17187296199998 1.0 0.0
219.05422396199998 0.0 0.0
219.93657496199998 1.0 0.0
220.81892596199998 0.0 0.0
221.70127696199998 1.0 1.0
222.58362796199998 0.0 0.0
223.46597896199998 1.0 0.0
224.34832996199998 0.0 0.0
225.23068096199998 1.0 1.0
226.11303196199998 0.0 0.0
226.99538296199998 1.0 0.0
227.87773396199998 0.0 0.0
228.76008496199998 1.0 1.0
229.64243596199998 0.0 0.0
230.52478696199998 1.0 0.0
231.40713796199998 0.0 0.0
232.28948896199998 1.0 1.0
233.17183996199998 0.0 0.0
234.05419096199998 1.0 0.0
234.93654196199998 0.0 0.0
235.81889296199998 1.0 1.0
236.70124396199998 0.0 0.0
237.58359496199998 1.0 0.0
238.46594596199998 0.0 0.0
239.34829696199998 1.0 1.0
240.23064796199998 0.0 0.0
241.112998962 1.0 0.0
241.995349962 0.0 0.0
242.877700962 1.0 1.0
243.760051962 0.0 0.0
244.642402962 1.0 0.0
245.524753962 0.0 0.0
246.407104962 1.0 1.0
247.289455962 0.0 0.0
248.171806962 1.0 0.0
249.054157962 0.0 0.0
249.936508962 1.0 1.0
250.818859962 0.0 0.0
251.701210962 1.0 0.0
252.583561962 0.0 0.0
253.465912962 1.0 1.0
254.348263962 0.0 0.0
255.230614962 1.0 0.0
256.11296596200003 0.0 0.0
256.995316962 1.0 1.0
257.87766796200003 0.0 0.0
258.760018962 1.0 0.0
259.64236996200003 0.0 0.0
260.524720962 1.0 1.0
261.40707196200003 0.0 0.0
262.289422962 1.0 0.0
263.17177396200003 0.0 0.0
264.054124962 1.0 1.0
264.93647596200003 0.0 0.0
265.818826962 1.0 0.0
266.70117796200003 0.0 0.0
267.583528962 1.0 1.0
268.46587996200003 0.0 0.0
269.348230962 1.0 0.0
270.23058196200003 0.0 0.0
271.112932962 1.0 1.0
271.99528396200003 0.0 0.0
272.877634962 1.0 0.0
273.75998596200003 0.0 0.0
274.642336962 1.0 1.0
275.52468796200003 0.0 0.0
276.407038962 1.0 0.0
277.28938996200003 0.0 0.0
278.171740962 1.0 1.0
279.05409196200003 0.0 0.0
279.936442962 1.0 0.0
280.81879396200003 0.0 0.0
281.701144962 1.0 1.0
282.58349596200003 0.0 0.0
283.465846962 1.0 0.0
284.34819796200003 0.0 0.0
285.230548962 1.0 1.0
286.11289996200003 0.0 0.0
286.995250962 1.0 1.0
287.877601962 0.0 0.0
288.759952962 0.0 0.0
289.642303962 1.0 1.0
290.524654962 0.0 0.0
291.407005962 1.0 0.0
292.289356962 0.0 0.0
293.171707962 1.0 1.0
294.054058962 0.0 0.0
294.936409962 1.0 0.0