0.4974545040000001 0.0 0.0
1.5883635040000004 1.0 1.0
2.679272504 0.0 0.0
3.7701815040000004 1.0 0.0
4.861090504 0.0 0.0
5.951999504000001 1.0 1.0
7.042908504000001 0.0 0.0
8.133817504000001 1.0 0.0
9.224726504000001 0.0 0.0
10.315635504000003 1.0 1.0
11.406544504000003 0.0 0.0
12.497453504000003 1.0 0.0
13.588362504000003 0.0 0.0
14.679271504000003 1.0 1.0
15.770180504000002 0.0 0.0
16.861089504000002 1.0 0.0
17.951998504000002 0.0 0.0
19.042907504000002 1.0 1.0
20.133816504000002 0.0 0.0
21.224725504000002 1.0 0.0
22.315634504000002 0.0 0.0
23.406543504000002 1.0 1.0
24.497452504 0.0 0.0
25.588361504 0.0 0.0
26.679270504 1.0 1.0
27.770179504 0.0 0.0
28.861088504000005 1.0 0.0
29.951997504000005 0.0 0.0
31.042906504000005 1.0 1.0
32.133815504000005 0.0 0.0
33.224724504 1.0 0.0
34.315633504000004 0.0 0.0
35.40654250400001 1.0 1.0
36.49745150400001 0.0 0.0
37.58836050400001 1.0 0.0
38.67926950400001 0.0 0.0
39.77017850400001 1.0 1.0
40.86108750400001 0.0 0.0
41.95199650400001 1.0 0.0
43.04290550400001 0.0 0.0
44.13381450400001 1.0 1.0
45.22472350400001 0.0 0.0
46.315632504000014 1.0 0.0
47.40654150400001 0.0 0.0
48.497450504000014 1.0 1.0
49.58835950400001 0.0 0.0
50.679268504000014 1.0 0.0
51.77017750400001 0.0 0.0
52.86108650400001 1.0 1.0
53.95199550400001 0.0 0.0
55.04290450400001 1.0 0.0
56.13381350400001 0.0 0.0
57.22472250400001 1.0 1.0
58.31563150400001 0.0 0.0
59.40654050400001 1.0 0.0
60.497449504000016 0.0 0.0
61.58835850400001 1.0 1.0
62.679267504000016 0.0 0.0
63.77017650400001 1.0 0.0
64.86108550400002 0.0 0.0
65.95199450400001 1.0 1.0
67.04290350400001 0.0 0.0
68.13381250400002 1.0 0.0
69.22472150400002 0.0 0.0
70.31563050400001 1.0 1.0
71.40653950400001 0.0 0.0
72.49744850400002 1.0 0.0
73.58835750400002 0.0 0.0
74.67926650400003 1.0 1.0
75.77017550400002 0.0 0.0
76.86108450400002 1.0 0.0
77.95199350400003 0.0 0.0
79.04290250400003 1.0 1.0
80.13381150400002 0.0 0.0
81.22472050400002 1.0 0.0
82.31562950400003 0.0 0.0
83.40653850400003 1.0 1.0
84.49744750400002 0.0 0.0
85.58835650400003 1.0 0.0
86.67926550400003 0.0 0.0
87.77017450400002 1.0 1.0
88.86108350400002 0.0 0.0
89.95199250400003 1.0 0.0
91.04290150400003 0.0 0.0
92.13381050400002 1.0 1.0
93.22471950400002 0.0 0.0
94.31562850400003 1.0 0.0
95.40653750400003 0.0 0.0
96.49744650400002 1.0 1.0
97.58835550400003 0.0 0.0
98.67926450400003 1.0 0.0
99.77017350400003 0.0 0.0
100.86108250400002 1.0 1.0
101.95199150400003 0.0 0.0
103.04290050400003 1.0 0.0
104.13380950400003 0.0 0.0
105.22471850400002 1.0 1.0
106.31562750400003 0.0 0.0
107.40653650400003 1.0 0.0
108.49744550400003 0.0 0.0
109.58835450400004 1.0 1.0
110.67926350400003 0.0 0.0
111.77017250400003 1.0 0.0
112.86108150400003 0.0 0.0
113.95199050400004 1.0 1.0
115.04289950400003 0.0 0.0
116.13380850400003 1.0 0.0
117.22471750400003 0.0 0.0
118.31562650400004 1.0 1.0
119.40653550400003 0.0 0.0
120.49744450400003 1.0 0.0
121.58835350400003 0.0 0.0
122.67926250400004 1.0 1.0
123.77017150400003 0.0 0.0
124.86108050400003 1.0 0.0
125.95198950400004 0.0 0.0
127.04289850400004 1.0 1.0
128.13380750400003 0.0 0.0
129.22471650400004 1.0 0.0
130.31562550400002 0.0 0.0
131.40653450400004 1.0 1.0
132.49744350400005 0.0 0.0
133.58835250400003 1.0 0.0
134.67926150400004 0.0 0.0
135.77017050400002 1.0 1.0
136.86107950400003 0.0 0.0
137.95198850400004 1.0 0.0
139.04289750400002 0.0 0.0
140.133806504 1.0 1.0
141.22471550400002 0.0 0.0
142.31562450400003 1.0 0.0
143.406533504 0.0 0.0
144.49744250400002 1.0 1.0
145.58835150400003 0.0 0.0
146.679260504 1.0 0.0
147.77016950400002 0.0 0.0
148.86107850400003 1.0 1.0
149.95198750400002 0.0 0.0
151.042896504 1.0 0.0
152.133805504 0.0 0.0
153.224714504 1.0 1.0
154.315623504 0.0 0.0
155.406532504 1.0 0.0
156.497441504 0.0 0.0
157.588350504 1.0 1.0
158.67925950400002 0.0 0.0
159.770168504 1.0 0.0
160.861077504 0.0 0.0
161.95198650400002 1.0 0.0
163.042895504 0.0 0.0
164.133804504 1.0 1.0
165.224713504 0.0 0.0
166.315622504 1.0 0.0
167.40653150400001 0.0 0.0
168.497440504 1.0 1.0
169.588349504 0.0 0.0
170.67925850400002 1.0 0.0
171.770167504 0.0 0.0
172.861076504 1.0 1.0
173.95198550400002 0.0 0.0
175.042894504 1.0 0.0
176.133803504 0.0 0.0
177.224712504 1.0 1.0
178.315621504 0.0 0.0
179.40653050400002 1.0 0.0
180.497439504 0.0 0.0
181.588348504 1.0 1.0
182.67925750400002 0.0 0.0
183.770166504 1.0 0.0
184.861075504 0.0 0.0
185.95198450400002 1.0 1.0
187.042893504 0.0 0.0
188.13380250400002 0.0 0.0