0.836485364 1.0 0.0
1.9075293640000002 0.0 0.0
2.9785733640000003 1.0 1.0
4.049617364 0.0 0.0
5.120661363999999 1.0 0.0
6.191705363999999 0.0 0.0
7.2627493639999985 1.0 1.0
8.333793363999998 0.0 0.0
9.404837364 1.0 0.0
10.475881364 0.0 0.0
11.546925364 1.0 1.0
12.617969364 0.0 0.0
13.689013364 1.0 0.0
14.760057364 0.0 0.0
15.831101364 1.0 1.0
16.902145364 0.0 0.0
17.973189363999996 1.0 0.0
19.044233363999997 0.0 0.0
20.115277363999997 1.0 1.0
21.186321363999998 0.0 0.0
22.257365363999998 1.0 0.0
23.328409364 0.0 0.0
24.399453363999996 1.0 1.0
25.470497363999996 0.0 0.0
26.541541363999997 1.0 0.0
27.612585363999997 0.0 0.0
28.683629363999998 1.0 1.0
29.754673364 0.0 0.0
30.825717363999996 1.0 0.0
31.896761363999996 0.0 0.0
32.967805364 1.0 1.0
34.038849363999994 0.0 0.0
35.109893363999994 1.0 0.0
36.180937363999995 0.0 0.0
37.251981364 1.0 1.0
38.323025364 0.0 0.0
39.394069364 1.0 0.0
40.465113364 0.0 0.0
41.536157364 1.0 1.0
42.607201364 0.0 0.0
43.678245364 1.0 0.0
44.749289364 0.0 0.0
45.820333364 1.0 1.0
46.891377364 0.0 0.0
47.962421364 1.0 0.0
49.033465364 0.0 0.0
50.104509364 1.0 1.0
51.175553364 0.0 0.0
52.246597364 1.0 0.0
53.317641363999996 0.0 0.0
54.388685364 1.0 1.0
55.459729364 0.0 0.0
56.530773364 1.0 0.0
57.601817364 0.0 0.0
58.672861364 1.0 1.0
59.743905364 0.0 0.0
60.814949364 1.0 0.0
61.885993364 0.0 0.0
62.957037364 1.0 1.0
64.028081364 0.0 0.0
65.099125364 1.0 0.0
66.170169364 0.0 0.0
67.241213364 1.0 1.0
68.312257364 0.0 0.0
69.383301364 1.0 0.0
70.454345364 0.0 0.0
71.525389364 1.0 1.0
72.596433364 0.0 0.0
73.667477364 1.0 0.0
74.73852136400001 0.0 0.0
75.80956536400001 1.0 1.0
76.88060936400001 0.0 0.0
77.95165336400001 1.0 0.0
79.02269736400001 0.0 0.0
80.09374136400001 1.0 1.0
81.16478536400001 0.0 0.0
82.23582936400001 1.0 0.0
83.30687336400001 0.0 0.0
84.37791736400001 1.0 1.0
85.44896136400001 0.0 0.0
86.52000536400001 1.0 0.0
87.591049364 0.0 0.0
88.662093364 1.0 1.0
89.733137364 0.0 0.0
90.804181364 1.0 0.0
91.875225364 0.0 0.0
92.946269364 1.0 1.0
94.017313364 0.0 0.0
95.088357364 1.0 0.0
96.159401364 0.0 0.0
97.230445364 1.0 1.0
98.301489364 0.0 0.0
99.372533364 1.0 0.0
100.443577364 0.0 0.0
101.514621364 1.0 1.0
102.58566536400001 0.0 0.0
103.65670936400001 1.0 0.0
104.72775336400001 0.0 0.0
105.79879736400001 1.0 1.0
106.86984136400001 0.0 0.0
107.94088536400001 1.0 0.0
109.01192936400001 0.0 0.0
110.08297336400001 1.0 1.0
111.15401736400001 0.0 0.0
112.225061364 1.0 0.0
113.296105364 0.0 0.0
114.367149364 1.0 1.0
115.438193364 0.0 0.0
116.509237364 1.0 0.0
117.580281364 0.0 0.0
118.651325364 1.0 1.0
119.722369364 0.0 0.0
120.793413364 1.0 0.0
121.864457364 0.0 0.0
122.935501364 1.0 1.0
124.006545364 0.0 0.0
125.077589364 1.0 0.0
126.148633364 0.0 0.0
127.219677364 1.0 1.0
128.290721364 0.0 0.0
129.361765364 1.0 0.0
130.432809364 0.0 0.0
131.503853364 1.0 1.0
132.574897364 0.0 0.0
133.645941364 1.0 0.0
134.716985364 0.0 0.0
135.788029364 1.0 1.0
136.859073364 0.0 0.0
137.930117364 1.0 0.0
139.001161364 0.0 0.0
140.072205364 1.0 1.0
141.143249364 0.0 0.0
142.214293364 1.0 0.0
143.28533736400001 0.0 0.0
144.35638136400001 1.0 1.0
145.42742536400002 0.0 0.0
146.49846936400002 1.0 0.0
147.56951336400002 0.0 0.0
148.64055736400002 1.0 1.0
149.71160136400002 0.0 0.0
150.782645364 1.0 0.0
151.853689364 0.0 0.0
152.924733364 1.0 1.0
153.995777364 0.0 0.0
155.066821364 1.0 0.0
156.137865364 0.0 0.0
157.208909364 1.0 1.0
158.279953364 0.0 0.0
159.350997364 1.0 0.0
160.422041364 0.0 0.0
161.493085364 1.0 1.0
162.564129364 0.0 0.0
163.635173364 1.0 0.0
164.706217364 0.0 0.0
165.777261364 1.0 1.0
166.848305364 0.0 0.0
167.919349364 1.0 0.0
168.990393364 0.0 0.0
170.061437364 1.0 1.0
171.132481364 0.0 0.0
172.203525364 1.0 0.0
173.274569364 0.0 0.0
174.345613364 1.0 1.0
175.416657364 0.0 0.0
176.487701364 1.0 0.0
177.558745364 0.0 0.0
178.629789364 1.0 1.0
179.700833364 0.0 0.0
180.771877364 1.0 0.0
181.842921364 0.0 0.0
182.913965364 1.0 1.0
183.985009364 0.0 0.0
185.056053364 1.0 0.0
186.127097364 0.0 0.0
187.198141364 1.0 1.0
188.269185364 0.0 0.0
189.340229364 1.0 0.0
190.411273364 0.0 0.0
191.482317364 1.0 1.0
192.553361364 0.0 0.0
193.624405364 1.0 0.0
194.695449364 0.0 0.0
195.766493364 1.0 1.0
196.837537364 0.0 0.0
197.908581364 1.0 0.0
198.97962536400001 0.0 0.0
200.05066936400002 1.0 1.0
201.121713364 0.0 0.0
202.192757364 1.0 0.0
203.263801364 0.0 0.0
204.334845364 1.0 1.0
205.405889364 0.0 0.0
206.476933364 1.0 0.0
207.547977364 0.0 0.0
208.619021364 1.0 1.0
209.690065364 0.0 0.0
210.761109364 1.0 0.0
211.832153364 0.0 0.0
212.903197364 1.0 1.0
213.974241364 0.0 0.0
215.045285364 1.0 0.0
216.116329364 0.0 0.0
217.187373364 1.0 1.0
218.258417364 0.0 0.0
219.329461364 1.0 0.0
220.400505364 0.0 0.0
221.471549364 1.0 1.0
222.542593364 0.0 0.0
223.613637364 0.0 0.0