0.44516132 1.0 0.0
1.41290332 0.0 0.0
2.38064532 1.0 1.0
3.34838732 0.0 0.0
4.316129320000001 1.0 0.0
5.283871320000001 0.0 0.0
6.251613320000001 1.0 1.0
7.219355320000001 0.0 0.0
8.187097320000001 1.0 0.0
9.15483932 0.0 0.0
10.122581320000002 1.0 1.0
11.090323320000001 0.0 0.0
12.05806532 1.0 0.0
13.025807320000002 0.0 0.0
13.993549320000001 1.0 1.0
14.961291320000003 0.0 0.0
15.929033320000002 1.0 0.0
16.896775320000003 0.0 0.0
17.864517320000004 1.0 1.0
18.832259320000006 0.0 0.0
19.800001320000003 1.0 0.0
20.767743320000005 0.0 0.0
21.735485320000006 1.0 1.0
22.703227320000003 0.0 0.0
23.670969320000005 1.0 0.0
24.638711320000006 0.0 0.0
25.606453320000004 1.0 1.0
26.574195320000005 0.0 0.0
27.541937320000006 1.0 0.0
28.509679320000004 0.0 0.0
29.477421320000005 1.0 1.0
30.445163320000006 0.0 0.0
31.412905320000007 1.0 0.0
32.38064732000001 0.0 0.0
33.34838932 1.0 1.0
34.316131320000004 0.0 0.0
35.283873320000005 1.0 0.0
36.25161532 0.0 0.0
37.21935732 1.0 1.0
38.18709932 0.0 0.0
39.15484132 1.0 0.0
40.122583320000004 0.0 0.0
41.090325320000005 1.0 1.0
42.058067320000006 0.0 0.0
43.02580932 1.0 0.0
43.99355132 0.0 0.0
44.96129332 1.0 1.0
45.929035320000004 0.0 0.0
46.896777320000005 1.0 0.0
47.86451932000001 0.0 0.0
48.83226132 1.0 1.0
49.80000332 0.0 0.0
50.76774532 1.0 0.0
51.735487320000004 0.0 0.0
52.703229320000005 1.0 1.0
53.67097132000001 0.0 0.0
54.63871332 1.0 0.0
55.60645532 0.0 0.0
56.57419732 1.0 1.0
57.541939320000004 0.0 0.0
58.509681320000006 1.0 0.0
59.47742332000001 0.0 0.0
60.44516532000001 1.0 1.0
61.41290732 0.0 0.0
62.380649319999996 1.0 0.0
63.34839132 0.0 0.0
64.31613331999999 1.0 1.0
65.28387531999999 0.0 0.0
66.25161732 1.0 0.0
67.21935932 0.0 0.0
68.18710132 1.0 1.0
69.15484332 0.0 0.0
70.12258532 1.0 0.0
71.09032732 0.0 0.0
72.05806932 1.0 1.0
73.02581132 0.0 0.0
73.99355332 1.0 0.0
74.96129532 0.0 0.0
75.92903732 1.0 1.0
76.89677932 0.0 0.0
77.86452132 1.0 0.0
78.83226332 0.0 0.0
79.80000532 1.0 1.0
80.76774732 0.0 0.0
81.73548932 1.0 0.0
82.70323132 0.0 0.0
83.67097332 1.0 1.0
84.63871532 0.0 0.0
85.60645732 1.0 0.0
86.57419932 0.0 0.0
87.54194132 1.0 1.0
88.50968332 0.0 0.0
89.47742532 1.0 0.0
90.44516732 0.0 0.0
91.41290932 1.0 1.0
92.38065132 0.0 0.0
93.34839332 1.0 0.0
94.31613532 0.0 0.0
95.28387732 1.0 1.0
96.25161932 0.0 0.0
97.21936132 1.0 0.0
98.18710332 0.0 0.0
99.15484532 1.0 1.0
100.12258732000001 0.0 0.0
101.09032932 1.0 0.0
102.05807132 0.0 0.0
103.02581332 1.0 1.0
103.99355532 0.0 0.0
104.96129732 1.0 0.0
105.92903932 0.0 0.0
106.89678132 1.0 1.0
107.86452332 0.0 0.0
108.83226532 1.0 0.0
109.80000732 0.0 0.0
110.76774932000001 1.0 1.0
111.73549132000001 0.0 0.0
112.70323332000001 1.0 0.0
113.67097532 0.0 0.0
114.63871732 1.0 1.0
115.60645932 0.0 0.0
116.57420132 1.0 0.0
117.54194332 0.0 0.0
118.50968532 1.0 1.0
119.47742732 0.0 0.0
120.44516932 1.0 0.0
121.41291132 0.0 0.0
122.38065332000001 1.0 1.0
123.34839532000001 0.0 0.0
124.31613732000002 1.0 0.0
125.28387932000003 0.0 0.0
126.25162132000001 1.0 1.0
127.21936332000001 0.0 0.0
128.18710532000003 1.0 0.0
129.15484732000002 0.0 0.0
130.12258932000003 1.0 1.0
131.09033132000002 0.0 0.0
132.05807332000003 1.0 0.0
133.02581532000002 0.0 0.0
133.99355732 1.0 0.0
134.96129932000002 0.0 0.0
135.92904132 1.0 1.0
136.89678332000003 0.0 0.0
137.86452532 1.0 0.0
138.83226732000003 0.0 0.0
139.80000932000002 1.0 1.0
140.76775132000003 0.0 0.0
141.73549332000002 1.0 0.0
142.70323532000003 0.0 0.0
143.67097732000002 1.0 1.0
144.63871932 0.0 0.0
145.60646132000002 1.0 1.0
146.57420332 0.0 0.0
147.54194532000002 1.0 0.0
148.50968732 0.0 0.0
149.47742932000003 1.0 1.0
150.44517132000001 0.0 0.0
151.41291332000003 1.0 0.0
152.38065532000002 0.0 0.0
153.34839732000003 1.0 1.0
154.31613932000002 0.0 0.0
155.28388132000003 1.0 0.0
156.25162332000002 0.0 0.0
157.21936532 1.0 1.0
158.18710732000002 0.0 0.0
159.15484932 1.0 0.0
160.12259132000003 0.0 0.0
161.09033332 1.0 1.0
162.05807532000003 0.0 0.0
163.02581732000002 1.0 0.0
163.99355932000003 0.0 0.0
164.96130132000002 1.0 1.0
165.92904332000003 0.0 0.0
166.89678532000002 1.0 0.0
167.86452732000004 0.0 0.0
168.83226932000002 1.0 1.0
169.80001132 0.0 0.0
170.76775332000003 1.0 0.0
171.73549532 0.0 0.0
172.70323732000003 1.0 1.0
173.67097932000001 0.0 0.0
174.63872132000003 1.0 0.0
175.60646332000002 0.0 0.0
176.57420532000003 1.0 1.0
177.54194732000002 0.0 0.0
178.50968932000004 1.0 0.0
179.47743132000002 0.0 0.0
180.44517332000004 1.0 1.0
181.41291532000002 0.0 0.0
182.38065732 1.0 0.0
183.34839932000003 0.0 0.0
184.31614132 1.0 1.0
185.28388332000003 0.0 0.0
186.25162532000002 1.0 0.0
187.21936732000003 0.0 0.0
188.18710932000002 1.0 1.0
189.15485132000003 0.0 0.0
190.12259332000002 1.0 0.0
191.09033532000004 0.0 0.0
192.05807732000002 1.0 0.0
193.02581932000004 0.0 0.0
193.99356132000003 1.0 1.0
194.96130332 0.0 0.0
195.92904532000003 1.0 0.0
196.89678732000002 0.0 0.0
197.86452932000003 1.0 1.0
198.83227132000002 0.0 0.0
199.80001332000003 1.0 0.0
200.76775532000002 0.0 0.0
201.73549732000004 1.0 1.0
202.70323932000002 0.0 0.0
203.67098132000004 1.0 0.0
204.63872332000003 0.0 0.0
205.60646532000004 1.0 1.0
206.57420732000003 0.0 0.0
207.54194932000001 1.0 0.0
208.50969132000003 0.0 0.0
209.47743332000002 1.0 1.0
210.44517532000003 0.0 0.0
211.41291732000002 1.0 0.0
212.38065932000003 0.0 0.0
213.34840132000002 1.0 1.0
214.31614332000004 0.0 0.0
215.28388532000002 1.0 0.0
216.25162732000004 0.0 0.0
217.21936932000003 1.0 1.0
218.18711132000004 0.0 0.0
219.15485332000003 1.0 0.0
220.12259532000002 0.0 0.0
221.09033732000003 1.0 1.0
222.05807932000002 0.0 0.0
223.02582132000003 1.0 0.0
223.99356332000002 0.0 0.0
224.96130532000004 1.0 1.0
225.92904732000002 0.0 0.0
226.89678932000004 1.0 0.0
227.86453132000003 0.0 0.0
228.83227332000004 1.0 1.0
229.80001532000003 0.0 0.0
230.76775732000004 1.0 1.0
231.73549932000003 0.0 0.0
232.70324132000002 0.0 0.0
233.67098332000003 1.0 0.0
234.63872532000002 0.0 0.0
235.60646732000004 1.0 1.0
236.57420932000002 0.0 0.0
237.54195132000004 1.0 0.0
238.50969332000003 0.0 0.0
239.47743532000004 1.0 1.0
240.44517732000003 0.0 0.0
241.41291932000004 1.0 0.0
242.38066132000003 0.0 0.0
243.34840332000005 1.0 1.0
244.31614532000003 0.0 0.0
245.28388732000002 1.0 0.0
246.25162932000003 0.0 0.0
247.21937132000002 1.0 1.0
248.18711332 0.0 0.0
249.15485532 1.0 0.0
250.12259732 0.0 0.0
251.09033932 1.0 1.0
252.05808132 0.0 0.0
253.02582332 1.0 0.0
253.99356532000002 0.0 0.0
254.96130732 1.0 1.0
255.92904932 0.0 0.0
256.89679132 1.0 0.0
257.86453332 0.0 0.0
258.83227532 1.0 1.0
259.80001732 0.0 0.0
260.76775932 1.0 0.0
261.73550132 0.0 0.0
262.70324332 1.0 1.0
263.67098532 0.0 0.0
264.63872732 1.0 0.0
265.60646932000003 0.0 0.0
266.57421132 1.0 0.0
267.54195332 0.0 0.0