0.293999706 1.0 0.0
0.839453706 0.0 0.0
1.3849077060000001 1.0 1.0
1.930361706 0.0 0.0
2.4758157059999997 1.0 0.0
3.021269706 0.0 0.0
3.566723706 1.0 1.0
4.112177706 0.0 0.0
4.657631706 1.0 0.0
5.203085706 0.0 0.0
5.748539706000001 1.0 1.0
6.293993706 0.0 0.0
6.8394477060000005 1.0 0.0
7.384901706 0.0 0.0
7.930355706 1.0 0.0
8.475809706 0.0 0.0
9.021263706000001 1.0 1.0
9.566717706000002 0.0 0.0
10.112171706000002 1.0 0.0
10.657625706000001 0.0 0.0
11.203079706000002 1.0 1.0
11.748533706000002 0.0 0.0
12.293987706000001 1.0 0.0
12.839441706000002 0.0 0.0
13.384895706000002 1.0 1.0
13.930349706000001 0.0 0.0
14.475803706 1.0 0.0
15.021257706000002 0.0 0.0
15.566711706000001 1.0 1.0
16.112165706000003 0.0 0.0
16.657619706000002 1.0 0.0
17.203073706 0.0 0.0
17.748527706 1.0 1.0
18.293981706 0.0 0.0
18.839435706000003 1.0 0.0
19.384889706000003 0.0 0.0
19.930343706000002 1.0 1.0
20.475797706 0.0 0.0
21.021251706 1.0 0.0
21.566705706 0.0 0.0
22.112159706 1.0 1.0
22.657613706000003 0.0 0.0
23.203067706000002 1.0 0.0
23.748521706000002 0.0 0.0
24.293975706 1.0 1.0
24.839429706 0.0 0.0
25.384883706 1.0 0.0
25.930337706000003 0.0 0.0
26.475791706000003 1.0 1.0
27.021245706000002 0.0 0.0
27.566699706 1.0 0.0
28.112153706 0.0 0.0
28.657607706 1.0 1.0
29.203061706000003 0.0 0.0
29.748515706000003 1.0 0.0
30.293969706000002 0.0 0.0
30.839423706 1.0 1.0
31.384877706 0.0 0.0
31.930331706 1.0 0.0
32.475785706 0.0 0.0
33.021239706 1.0 1.0
33.566693706 0.0 0.0
34.112147706 1.0 0.0
34.657601706 0.0 0.0
35.203055706 1.0 1.0
35.748509706 0.0 0.0
36.293963706 1.0 0.0
36.839417706 0.0 0.0
37.384871706 1.0 1.0
37.930325706000005 0.0 0.0
38.475779706000004 1.0 0.0
39.021233706000004 0.0 0.0
39.566687706 1.0 1.0
40.112141706 0.0 0.0
40.657595706 1.0 0.0
41.203049706 0.0 0.0
41.748503706 1.0 1.0
42.293957706 0.0 0.0
42.839411706 1.0 0.0
43.384865706 0.0 0.0
43.930319706 1.0 1.0
44.475773706000005 0.0 0.0
45.021227706000005 1.0 0.0
45.566681706000004 0.0 0.0
46.112135706000004 1.0 1.0
46.657589706 0.0 0.0
47.203043706 1.0 0.0
47.748497706 0.0 0.0
48.293951706 1.0 1.0
48.839405706 0.0 0.0
49.384859706 1.0 0.0
49.930313706 0.0 0.0
50.475767706 1.0 1.0
51.021221706 0.0 0.0
51.566675706000005 1.0 0.0
52.112129706000005 0.0 0.0
52.657583706000004 1.0 1.0
53.203037706 0.0 0.0
53.748491706 1.0 0.0
54.293945706 0.0 0.0
54.839399706 1.0 1.0
55.384853706 0.0 0.0
55.930307706 0.0 0.0
56.475761706 1.0 0.0
57.021215706 0.0 0.0
57.566669706 1.0 1.0
58.112123706000006 0.0 0.0
58.657577706000005 1.0 0.0
59.203031706000004 0.0 0.0
59.748485706000004 1.0 1.0
60.293939706 0.0 0.0
60.839393706 1.0 0.0
61.384847706 0.0 0.0
61.930301706 1.0 1.0
62.475755706 0.0 0.0
63.021209706 1.0 0.0
63.566663706 0.0 0.0
64.112117706 1.0 1.0
64.657571706 0.0 0.0
65.203025706 1.0 0.0
65.748479706 0.0 0.0
66.293933706 1.0 1.0
66.839387706 0.0 0.0
67.384841706 1.0 0.0
67.930295706 0.0 0.0
68.475749706 1.0 1.0
69.02120370600001 0.0 0.0
69.566657706 1.0 0.0
70.112111706 0.0 0.0
70.657565706 1.0 1.0
71.20301970599999 0.0 0.0
71.748473706 1.0 0.0
72.29392770599999 0.0 0.0
72.839381706 1.0 1.0
73.38483570599999 0.0 0.0
73.930289706 1.0 0.0
74.475743706 0.0 0.0
75.02119770600001 1.0 1.0
75.566651706 0.0 0.0
76.11210570600001 1.0 0.0
76.657559706 0.0 0.0
77.20301370600001 1.0 1.0
77.748467706 0.0 0.0
78.293921706 1.0 0.0
78.839375706 0.0 0.0
79.384829706 1.0 1.0
79.930283706 0.0 0.0
80.475737706 1.0 0.0
81.021191706 0.0 0.0
81.566645706 1.0 1.0
82.11209970600001 0.0 0.0
82.657553706 1.0 0.0
83.20300770600001 0.0 0.0
83.748461706 1.0 1.0
84.293915706 0.0 0.0
84.839369706 1.0 0.0
85.384823706 0.0 0.0
85.930277706 1.0 1.0
86.475731706 0.0 0.0
87.021185706 1.0 0.0
87.566639706 0.0 0.0
88.112093706 1.0 1.0
88.657547706 0.0 0.0
89.20300170600001 1.0 0.0
89.748455706 0.0 0.0
90.29390970600001 1.0 1.0
90.839363706 0.0 0.0
91.384817706 1.0 0.0
91.930271706 0.0 0.0
92.475725706 1.0 1.0
93.021179706 0.0 0.0
93.566633706 1.0 0.0
94.112087706 0.0 0.0
94.657541706 1.0 1.0
95.202995706 0.0 0.0
95.748449706 1.0 0.0
96.29390370600001 0.0 0.0
96.839357706 1.0 1.0
97.38481170600001 0.0 0.0
97.930265706 1.0 0.0
98.475719706 0.0 0.0
99.021173706 1.0 1.0
99.566627706 0.0 0.0
100.112081706 1.0 0.0
100.657535706 0.0 0.0
101.202989706 1.0 1.0
101.748443706 0.0 0.0
102.29389770600001 1.0 0.0
102.839351706 0.0 0.0
103.38480570600001 1.0 1.0
103.930259706 0.0 0.0
104.47571370600001 1.0 0.0
105.021167706 0.0 0.0
105.566621706 1.0 1.0
106.112075706 0.0 0.0
106.657529706 1.0 0.0
107.202983706 0.0 0.0
107.748437706 1.0 1.0
108.293891706 0.0 0.0
108.839345706 1.0 0.0
109.38479970600001 0.0 0.0
109.930253706 1.0 1.0
110.47570770600001 0.0 0.0
111.021161706 1.0 0.0
111.56661570600001 0.0 0.0
112.112069706 1.0 1.0
112.657523706 0.0 0.0
113.202977706 1.0 0.0
113.748431706 0.0 0.0
114.293885706 1.0 1.0
114.839339706 0.0 0.0
115.384793706 1.0 0.0
115.930247706 0.0 0.0
116.47570170600001 1.0 1.0
117.021155706 0.0 0.0
117.56660970600001 1.0 0.0
118.112063706 0.0 0.0
118.65751770600001 1.0 1.0
119.202971706 0.0 0.0
119.748425706 1.0 0.0
120.293879706 0.0 0.0
120.839333706 1.0 1.0
121.384787706 0.0 0.0
121.930241706 1.0 0.0
122.475695706 0.0 0.0
123.021149706 1.0 1.0
123.56660370600001 0.0 0.0
124.112057706 1.0 0.0
124.65751170600001 0.0 0.0
125.202965706 1.0 1.0
125.748419706 0.0 0.0
126.293873706 1.0 0.0
126.839327706 0.0 0.0
127.384781706 1.0 1.0
127.930235706 0.0 0.0
128.475689706 1.0 0.0
129.021143706 0.0 0.0
129.566597706 1.0 1.0
130.11205170600002 0.0 0.0
130.657505706 1.0 0.0
131.202959706 0.0 0.0
131.748413706 1.0 1.0
132.29386770600001 0.0 0.0
132.839321706 1.0 0.0
133.384775706 0.0 0.0
133.930229706 1.0 1.0
134.475683706 0.0 0.0
135.021137706 1.0 0.0
135.566591706 0.0 0.0
136.112045706 1.0 1.0
136.657499706 0.0 0.0
137.20295370600002 1.0 0.0
137.748407706 0.0 0.0
138.293861706 1.0 1.0
138.839315706 0.0 0.0
139.38476970600001 1.0 0.0
139.930223706 0.0 0.0
140.475677706 1.0 1.0
141.021131706 0.0 0.0
141.566585706 1.0 0.0
142.112039706 0.0 0.0
142.657493706 1.0 1.0
143.202947706 0.0 0.0
143.748401706 1.0 0.0
144.29385570600002 0.0 0.0
144.839309706 1.0 1.0
145.384763706 0.0 0.0
145.930217706 1.0 0.0
146.475671706 0.0 0.0
147.021125706 1.0 1.0
147.566579706 0.0 0.0
148.112033706 1.0 0.0
148.657487706 0.0 0.0
149.202941706 1.0 1.0
149.748395706 0.0 0.0
150.293849706 1.0 0.0
150.839303706 0.0 0.0
151.38475770600002 1.0 1.0
151.930211706 0.0 0.0
152.475665706 1.0 0.0
153.021119706 0.0 0.0
153.566573706 1.0 1.0
154.112027706 0.0 0.0
154.657481706 1.0 0.0
155.202935706 0.0 0.0
155.748389706 1.0 1.0
156.293843706 0.0 0.0
156.839297706 1.0 0.0
157.384751706 0.0 0.0
157.930205706 1.0 1.0
158.47565970600002 0.0 0.0
159.021113706 1.0 0.0
159.566567706 0.0 0.0
160.112021706 1.0 1.0
160.657475706 0.0 0.0
161.202929706 1.0 0.0
161.748383706 0.0 0.0
162.293837706 1.0 1.0
162.839291706 0.0 0.0
163.384745706 1.0 0.0
163.930199706 0.0 0.0
164.475653706 1.0 1.0
165.021107706 0.0 0.0
165.56656170600002 1.0 0.0
166.112015706 0.0 0.0
166.657469706 1.0 1.0
167.202923706 0.0 0.0
167.748377706 1.0 0.0
168.293831706 0.0 0.0
168.839285706 1.0 1.0
169.384739706 0.0 0.0
169.930193706 1.0 0.0
170.47564770600002 0.0 0.0
171.021101706 1.0 1.0
171.566555706 0.0 0.0
172.112009706 1.0 0.0
172.65746370600002 0.0 0.0
173.202917706 1.0 1.0
173.748371706 0.0 0.0
174.293825706 1.0 0.0
174.839279706 0.0 0.0
175.384733706 1.0 1.0
175.930187706 0.0 0.0
176.475641706 1.0 0.0
177.021095706 0.0 0.0
177.56654970600002 1.0 1.0
178.112003706 0.0 0.0
178.657457706 1.0 0.0
179.202911706 0.0 0.0
179.74836570600002 1.0 1.0
180.293819706 0.0 0.0
180.839273706 1.0 0.0
181.384727706 0.0 0.0
181.930181706 1.0 1.0
182.475635706 0.0 0.0
183.021089706 1.0 0.0
183.566543706 0.0 0.0
184.111997706 1.0 1.0
184.65745170600002 0.0 0.0
185.202905706 1.0 0.0
185.748359706 0.0 0.0
186.293813706 1.0 1.0
186.83926770600002 0.0 0.0
187.384721706 1.0 0.0
187.930175706 0.0 0.0
188.475629706 1.0 1.0
189.021083706 0.0 0.0
189.566537706 1.0 0.0
190.111991706 0.0 0.0
190.657445706 1.0 1.0
191.202899706 0.0 0.0
191.74835370600002 1.0 0.0
192.293807706 0.0 0.0
192.839261706 1.0 1.0
193.384715706 0.0 0.0
193.93016970600002 1.0 0.0
194.475623706 0.0 0.0
195.021077706 1.0 1.0
195.566531706 0.0 0.0
196.111985706 1.0 0.0
196.657439706 0.0 0.0
197.202893706 1.0 1.0
197.748347706 0.0 0.0
198.293801706 1.0 0.0
198.83925570600002 0.0 0.0
199.384709706 1.0 1.0
199.930163706 0.0 0.0
200.475617706 1.0 0.0
201.02107170600001 0.0 0.0
201.566525706 1.0 1.0
202.111979706 0.0 0.0
202.657433706 1.0 0.0
203.202887706 0.0 0.0
203.748341706 1.0 1.0
204.293795706 0.0 0.0
204.839249706 1.0 0.0
205.384703706 0.0 0.0
205.93015770600002 1.0 1.0
206.475611706 0.0 0.0
207.021065706 1.0 0.0
207.566519706 0.0 0.0
208.11197370600001 1.0 1.0
208.657427706 0.0 0.0
209.202881706 1.0 0.0
209.748335706 0.0 0.0
210.293789706 1.0 1.0
210.839243706 0.0 0.0
211.384697706 1.0 0.0
211.930151706 0.0 0.0
212.475605706 1.0 1.0
213.02105970600002 0.0 0.0
213.566513706 1.0 0.0
214.111967706 0.0 0.0
214.657421706 1.0 1.0
215.20287570600001 0.0 0.0
215.748329706 1.0 0.0
216.293783706 0.0 0.0
216.839237706 1.0 1.0
217.384691706 0.0 0.0
217.930145706 1.0 0.0
218.475599706 0.0 0.0
219.021053706 1.0 1.0
219.566507706 0.0 0.0
220.11196170600002 1.0 0.0
220.657415706 0.0 0.0
221.202869706 1.0 1.0
221.748323706 0.0 0.0
222.29377770600001 1.0 0.0
222.839231706 0.0 0.0
223.384685706 1.0 1.0
223.930139706 0.0 0.0
224.475593706 1.0 0.0
225.02104770600002 0.0 0.0
225.566501706 1.0 1.0
226.111955706 0.0 0.0
226.657409706 1.0 0.0
227.20286370600002 0.0 0.0
227.748317706 1.0 1.0
228.293771706 0.0 0.0
228.839225706 1.0 0.0
229.38467970600001 0.0 0.0
229.930133706 1.0 1.0
230.475587706 0.0 0.0
231.021041706 1.0 0.0
231.566495706 0.0 0.0
232.11194970600002 1.0 1.0
232.657403706 0.0 0.0
233.202857706 1.0 0.0
233.748311706 0.0 0.0
234.29376570600002 1.0 1.0
234.839219706 0.0 0.0
235.384673706 1.0 0.0
235.930127706 0.0 0.0
236.475581706 1.0 1.0
237.021035706 0.0 0.0
237.566489706 1.0 0.0
238.111943706 0.0 0.0
238.657397706 0.0 0.0