0.08899999999999997 0.0 0.0
1.089 1.0 0.0
2.089 0.0 0.0
3.089 1.0 1.0
4.089 0.0 0.0
5.089 1.0 0.0
6.089 0.0 0.0
7.089 1.0 1.0
8.089 0.0 0.0
9.089 1.0 0.0
10.089 0.0 0.0
11.089 1.0 1.0
12.089 0.0 0.0
13.089 1.0 0.0
14.089 0.0 0.0
15.089 1.0 1.0
16.089 0.0 0.0
17.089 1.0 0.0
18.089 0.0 0.0
19.089 1.0 1.0
20.089 0.0 0.0
21.089 1.0 0.0
22.089 0.0 0.0
23.089 1.0 1.0
24.089 0.0 0.0
25.089 1.0 0.0
26.089 0.0 0.0
27.089 1.0 1.0
28.089 0.0 0.0
29.089 1.0 0.0
30.089 0.0 0.0
31.089 1.0 1.0
32.089 0.0 0.0
33.089 1.0 0.0
34.089 0.0 0.0
35.089000000000006 1.0 1.0
36.089000000000006 0.0 0.0
37.089000000000006 1.0 0.0
38.089000000000006 0.0 0.0
39.089000000000006 1.0 1.0
40.089000000000006 0.0 0.0
41.089000000000006 1.0 0.0
42.089000000000006 0.0 0.0
43.089000000000006 1.0 1.0
44.089000000000006 0.0 0.0
45.089000000000006 1.0 0.0
46.089000000000006 0.0 0.0
47.089000000000006 1.0 1.0
48.089000000000006 0.0 0.0
49.089000000000006 1.0 0.0
50.089000000000006 0.0 0.0
51.089000000000006 1.0 0.0
52.089000000000006 0.0 0.0
53.089000000000006 1.0 1.0
54.089000000000006 0.0 0.0
55.089000000000006 1.0 0.0
56.089000000000006 0.0 0.0
57.089000000000006 1.0 1.0
58.089000000000006 0.0 0.0
59.089000000000006 1.0 0.0
60.089000000000006 0.0 0.0
61.089000000000006 1.0 1.0
62.089000000000006 0.0 0.0
63.089000000000006 1.0 0.0
64.089 0.0 0.0
65.089 1.0 1.0
66.089 0.0 0.0
67.089 1.0 0.0
68.089 0.0 0.0
69.089 1.0 1.0
70.089 0.0 0.0
71.089 1.0 0.0
72.089 0.0 0.0
73.089 1.0 1.0
74.089 0.0 0.0
75.089 1.0 0.0
76.089 0.0 0.0
77.089 1.0 1.0
78.089 0.0 0.0
79.089 1.0 0.0
80.089 0.0 0.0
81.089 1.0 1.0
82.089 0.0 0.0
83.089 1.0 0.0
84.089 0.0 0.0
85.089 1.0 1.0
86.089 0.0 0.0
87.089 1.0 0.0
88.089 0.0 0.0
89.089 1.0 1.0
90.089 0.0 0.0
91.089 1.0 0.0
92.089 0.0 0.0
93.089 1.0 1.0
94.089 0.0 0.0
95.089 1.0 0.0
96.089 0.0 0.0
97.089 1.0 1.0
98.089 0.0 0.0
99.089 1.0 0.0
100.089 0.0 0.0
101.089 1.0 0.0
102.089 0.0 0.0
103.089 1.0 1.0
104.089 0.0 0.0
105.089 1.0 0.0
106.089 0.0 0.0
107.089 1.0 1.0
108.089 0.0 0.0
109.089 1.0 0.0
110.089 0.0 0.0
111.089 1.0 1.0
112.089 0.0 0.0
113.089 1.0 0.0
114.089 0.0 0.0
115.089 1.0 1.0
116.089 0.0 0.0
117.089 1.0 0.0
118.089 0.0 0.0
119.089 1.0 1.0
120.089 0.0 0.0
121.089 1.0 0.0
122.089 0.0 0.0
123.089 1.0 1.0
124.089 0.0 0.0
125.089 1.0 0.0
126.089 0.0 0.0
127.089 1.0 1.0
128.089 0.0 0.0
129.089 1.0 0.0
130.089 0.0 0.0
131.089 1.0 1.0
132.089 0.0 0.0
133.089 1.0 0.0
134.089 0.0 0.0
135.089 1.0 1.0
136.089 0.0 0.0
137.089 1.0 0.0
138.089 0.0 0.0
139.089 1.0 1.0
140.089 0.0 0.0
141.089 1.0 0.0
142.089 0.0 0.0
143.089 1.0 1.0
144.089 0.0 0.0
145.089 1.0 0.0
146.089 0.0 0.0
147.089 1.0 1.0
148.089 0.0 0.0
149.089 1.0 0.0
150.089 0.0 0.0
151.089 1.0 0.0
152.089 0.0 0.0
153.089 1.0 1.0
154.089 0.0 0.0
155.089 1.0 0.0
156.089 0.0 0.0
157.089 1.0 1.0
158.089 0.0 0.0
159.089 1.0 0.0
160.089 0.0 0.0
161.089 1.0 1.0
162.089 0.0 0.0
163.089 1.0 0.0
164.089 0.0 0.0
165.089 1.0 1.0
166.089 0.0 0.0
167.089 1.0 0.0
168.089 0.0 0.0
169.089 1.0 1.0
170.089 0.0 0.0
171.089 1.0 0.0
172.089 0.0 0.0
173.089 1.0 1.0
174.089 0.0 0.0
175.089 1.0 0.0
176.089 0.0 0.0
177.089 1.0 1.0
178.089 0.0 0.0
179.089 1.0 0.0
180.089 0.0 0.0
181.089 1.0 1.0
182.089 0.0 0.0
183.089 1.0 0.0
184.089 0.0 0.0
185.089 1.0 1.0
186.089 0.0 0.0
187.089 1.0 0.0
188.089 0.0 0.0
189.089 1.0 1.0
190.089 0.0 0.0
191.089 1.0 0.0
192.089 0.0 0.0
193.089 1.0 1.0
194.089 0.0 0.0
195.089 1.0 0.0
196.089 0.0 0.0
197.089 1.0 1.0
198.089 0.0 0.0
199.089 1.0 0.0
200.089 0.0 0.0
201.089 1.0 1.0
202.089 0.0 0.0
203.089 1.0 0.0
204.089 0.0 0.0
205.089 1.0 1.0
206.089 0.0 0.0
207.089 1.0 0.0
208.089 0.0 0.0
209.089 1.0 1.0
210.089 0.0 0.0
211.089 1.0 0.0
212.089 0.0 0.0
213.089 1.0 1.0
214.089 0.0 0.0
215.089 1.0 0.0
216.089 0.0 0.0
217.089 1.0 1.0
218.089 0.0 0.0
219.089 1.0 0.0
220.089 0.0 0.0
221.089 1.0 1.0
222.089 0.0 0.0
223.089 1.0 0.0
224.089 0.0 0.0
225.089 1.0 1.0
226.089 0.0 0.0
227.089 1.0 0.0
228.089 0.0 0.0
229.089 1.0 1.0
230.089 0.0 0.0
231.089 1.0 0.0
232.089 0.0 0.0
233.089 1.0 1.0
234.089 0.0 0.0
235.089 1.0 0.0
236.089 0.0 0.0
237.089 1.0 1.0
238.089 0.0 0.0
239.089 1.0 0.0
240.089 0.0 0.0
241.089 1.0 1.0
242.089 0.0 0.0
243.089 1.0 0.0
244.089 0.0 0.0
245.089 1.0 1.0
246.089 0.0 0.0
247.089 1.0 0.0
248.089 0.0 0.0
249.089 1.0 1.0
250.089 0.0 0.0
251.089 1.0 0.0
252.089 0.0 0.0
253.089 1.0 1.0
254.089 0.0 0.0
255.089 1.0 0.0
256.089 0.0 0.0
257.089 1.0 1.0
258.089 0.0 0.0
259.089 1.0 0.0
260.089 0.0 0.0