0.10772724400000001 1.0 1.0
0.7895452439999998 0.0 0.0
1.4713632439999997 1.0 0.0
2.1531812439999998 0.0 0.0
2.834999244 1.0 1.0
3.516817244 0.0 0.0
4.198635244 1.0 0.0
4.880453244 0.0 0.0
5.562271244 1.0 1.0
6.2440892439999995 0.0 0.0
6.925907244 1.0 0.0
7.607725244 0.0 0.0
8.289543243999999 1.0 1.0
8.971361244 0.0 0.0
9.653179244 1.0 0.0
10.334997244 0.0 0.0
11.016815244 1.0 1.0
11.698633244 0.0 0.0
12.380451244 1.0 0.0
13.062269244 0.0 0.0
13.744087244 1.0 1.0
14.425905243999999 0.0 0.0
15.107723243999999 1.0 0.0
15.789541243999999 0.0 0.0
16.471359244 1.0 1.0
17.153177244 0.0 0.0
17.834995243999998 1.0 0.0
18.516813243999998 0.0 0.0
19.198631243999998 1.0 1.0
19.880449243999998 0.0 0.0
20.562267244 1.0 0.0
21.244085244 0.0 0.0
21.925903244 1.0 1.0
22.607721244 0.0 0.0
23.289539244 1.0 0.0
23.971357244 0.0 0.0
24.653175244 1.0 1.0
25.334993244 0.0 0.0
26.016811244 1.0 0.0
26.698629244 0.0 0.0
27.380447244 1.0 1.0
28.062265244 0.0 0.0
28.744083244 1.0 0.0
29.425901244 0.0 0.0
30.107719244 1.0 1.0
30.789537243999998 0.0 0.0
31.471355243999998 1.0 0.0
32.153173244 0.0 0.0
32.834991244 1.0 1.0
33.516809244 0.0 0.0
34.198627244 1.0 0.0
34.880445244 0.0 0.0
35.562263244 1.0 1.0
36.244081244 0.0 0.0
36.925899244 1.0 0.0
37.607717244 0.0 0.0
38.289535244 1.0 1.0
38.971353244 0.0 0.0
39.653171244 1.0 0.0
40.334989244 0.0 0.0
41.016807244 1.0 1.0
41.698625244 0.0 0.0
42.380443244 1.0 0.0
43.062261244 0.0 0.0
43.744079244 1.0 1.0
44.425897244 0.0 0.0
45.107715244 1.0 0.0
45.789533244 0.0 0.0
46.471351244 1.0 1.0
47.153169244000004 0.0 0.0
47.834987244000004 1.0 0.0
48.516805244000004 0.0 0.0
49.198623244000004 1.0 1.0
49.880441244000004 0.0 0.0
50.562259244 1.0 0.0
51.244077244 0.0 0.0
51.925895244 1.0 1.0
52.607713244 0.0 0.0
53.289531244 1.0 0.0
53.971349244 0.0 0.0
54.653167244 1.0 1.0
55.334985244 0.0 0.0
56.016803244 1.0 0.0
56.698621244 0.0 0.0
57.380439244 1.0 1.0
58.062257244 0.0 0.0
58.744075244 1.0 0.0
59.425893244 0.0 0.0
60.107711244 1.0 1.0
60.789529244 0.0 0.0
61.471347244 1.0 0.0
62.153165244 0.0 0.0
62.834983244 1.0 1.0
63.516801244 0.0 0.0
64.198619244 1.0 0.0
64.880437244 0.0 0.0
65.562255244 1.0 1.0
66.244073244 0.0 0.0
66.925891244 1.0 0.0
67.607709244 0.0 0.0
68.289527244 1.0 1.0
68.971345244 0.0 0.0
69.653163244 1.0 0.0
70.334981244 0.0 0.0
71.016799244 1.0 1.0
71.698617244 0.0 0.0
72.380435244 1.0 0.0
73.062253244 0.0 0.0
73.744071244 1.0 1.0
74.425889244 0.0 0.0
75.107707244 1.0 0.0
75.789525244 0.0 0.0
76.471343244 1.0 1.0
77.153161244 0.0 0.0
77.834979244 1.0 0.0
78.516797244 0.0 0.0
79.198615244 1.0 0.0
79.880433244 0.0 0.0
80.562251244 1.0 1.0
81.244069244 0.0 0.0
81.925887244 1.0 0.0
82.607705244 0.0 0.0
83.28952324400001 1.0 1.0
83.971341244 0.0 0.0
84.65315924400001 1.0 0.0
85.334977244 0.0 0.0
86.01679524400001 1.0 1.0
86.698613244 0.0 0.0
87.380431244 1.0 0.0
88.06224924399999 0.0 0.0
88.744067244 1.0 1.0
89.42588524399999 0.0 0.0
90.10770324399999 1.0 0.0
90.78952124399999 0.0 0.0
91.47133924399999 1.0 1.0
92.15315724399998 0.0 0.0
92.83497524399999 1.0 0.0
93.51679324399998 0.0 0.0
94.19861124399999 1.0 1.0
94.88042924399998 0.0 0.0
95.56224724399999 1.0 0.0
96.24406524399998 0.0 0.0
96.92588324399999 1.0 1.0
97.607701244 0.0 0.0
98.28951924399999 1.0 0.0
98.971337244 0.0 0.0
99.65315524399999 1.0 1.0
100.334973244 0.0 0.0
101.01679124399999 1.0 0.0
101.698609244 0.0 0.0
102.38042724399999 1.0 1.0
103.062245244 0.0 0.0
103.74406324399999 1.0 0.0
104.425881244 0.0 0.0
105.10769924399999 1.0 1.0
105.789517244 0.0 0.0
106.47133524399999 1.0 0.0
107.153153244 0.0 0.0
107.83497124399999 1.0 1.0
108.516789244 0.0 0.0
109.19860724399999 1.0 0.0
109.880425244 0.0 0.0
110.56224324399999 1.0 1.0
111.244061244 0.0 0.0
111.92587924399999 1.0 0.0
112.607697244 0.0 0.0
113.28951524399999 1.0 1.0
113.971333244 0.0 0.0
114.65315124399999 1.0 0.0
115.33496924399999 0.0 0.0
116.01678724399999 1.0 1.0
116.69860524399999 0.0 0.0
117.38042324399999 1.0 0.0
118.06224124399999 0.0 0.0
118.74405924399998 1.0 1.0
119.42587724399999 0.0 0.0
120.10769524399998 1.0 0.0
120.78951324399999 0.0 0.0
121.47133124399998 1.0 1.0
122.15314924399999 0.0 0.0
122.83496724399998 1.0 0.0
123.51678524399999 0.0 0.0
124.19860324399998 1.0 1.0
124.88042124399999 0.0 0.0
125.56223924399998 1.0 0.0
126.24405724399999 0.0 0.0
126.92587524399998 1.0 1.0
127.60769324399999 0.0 0.0
128.28951124399998 1.0 0.0
128.971329244 0.0 0.0
129.653147244 1.0 1.0
130.334965244 0.0 0.0
131.01678324399998 1.0 0.0
131.698601244 0.0 0.0
132.380419244 1.0 1.0
133.062237244 0.0 0.0
133.74405524399998 1.0 0.0
134.425873244 0.0 0.0
135.107691244 1.0 1.0
135.789509244 0.0 0.0
136.47132724399998 1.0 0.0
137.153145244 0.0 0.0
137.834963244 1.0 1.0
138.516781244 0.0 0.0
139.19859924399998 1.0 0.0
139.880417244 0.0 0.0
140.562235244 1.0 1.0
141.24405324399999 0.0 0.0
141.92587124399998 1.0 0.0
142.607689244 0.0 0.0
143.289507244 1.0 1.0
143.97132524399998 0.0 0.0
144.65314324399998 1.0 0.0
145.334961244 0.0 0.0
146.016779244 1.0 1.0
146.69859724399998 0.0 0.0
147.38041524399998 1.0 0.0
148.062233244 0.0 0.0
148.744051244 1.0 1.0
149.42586924399998 0.0 0.0
150.10768724399998 1.0 0.0
150.789505244 0.0 0.0
151.471323244 1.0 1.0
152.15314124399998 0.0 0.0
152.83495924399998 1.0 0.0
153.516777244 0.0 0.0
154.198595244 1.0 1.0
154.88041324399998 0.0 0.0
155.56223124399997 1.0 0.0
156.244049244 0.0 0.0
156.925867244 1.0 1.0
157.60768524399998 0.0 0.0
158.28950324399997 1.0 0.0
158.971321244 0.0 0.0
159.653139244 1.0 1.0
160.33495724399998 0.0 0.0
161.016775244 1.0 0.0
161.698593244 0.0 0.0
162.380411244 1.0 1.0
163.06222924399998 0.0 0.0
163.744047244 1.0 0.0
164.425865244 0.0 0.0
165.107683244 1.0 1.0
165.78950124399998 0.0 0.0
166.471319244 1.0 0.0
167.153137244 0.0 0.0
167.83495524399999 1.0 1.0
168.51677324399998 0.0 0.0
169.198591244 1.0 0.0
169.880409244 0.0 0.0
170.56222724399998 1.0 0.0
171.24404524399998 0.0 0.0
171.925863244 1.0 1.0
172.607681244 0.0 0.0
173.28949924399998 1.0 0.0
173.97131724399998 0.0 0.0
174.653135244 1.0 1.0
175.33495324400002 0.0 0.0
176.016771244 1.0 0.0
176.698589244 0.0 0.0
177.380407244 1.0 1.0
178.06222524400002 0.0 0.0
178.744043244 1.0 0.0
179.425861244 0.0 0.0
180.107679244 1.0 1.0
180.78949724400002 0.0 0.0
181.471315244 1.0 0.0
182.153133244 0.0 0.0
182.834951244 1.0 1.0
183.51676924400002 0.0 0.0
184.198587244 1.0 0.0
184.880405244 0.0 0.0
185.562223244 1.0 1.0
186.244041244 0.0 0.0
186.92585924399998 1.0 0.0
187.60767724399997 0.0 0.0
188.289495244 1.0 1.0
188.971313244 0.0 0.0
189.65313124399998 1.0 0.0
190.334949244 0.0 0.0
191.016767244 1.0 1.0
191.698585244 0.0 0.0
192.38040324399998 1.0 0.0
193.062221244 0.0 0.0
193.744039244 1.0 1.0
194.42585724399999 0.0 0.0
195.10767524399998 1.0 0.0
195.789493244 0.0 0.0
196.471311244 1.0 1.0
197.15312924399998 0.0 0.0
197.83494724399998 1.0 0.0
198.516765244 0.0 0.0
199.198583244 1.0 1.0
199.88040124399998 0.0 0.0
200.56221924399998 1.0 0.0
201.244037244 0.0 0.0
201.925855244 1.0 1.0
202.60767324399998 0.0 0.0
203.28949124399998 1.0 0.0
203.971309244 0.0 0.0
204.653127244 1.0 1.0
205.33494524399998 0.0 0.0
206.01676324399997 1.0 0.0
206.698581244 0.0 0.0
207.380399244 1.0 1.0
208.06221724399998 0.0 0.0
208.74403524399997 1.0 0.0
209.425853244 0.0 0.0
210.107671244 1.0 1.0
210.78948924399998 0.0 0.0
211.47130724399997 1.0 0.0
212.153125244 0.0 0.0
212.834943244 1.0 1.0
213.51676124399998 0.0 0.0
214.19857924399997 1.0 0.0
214.880397244 0.0 0.0
215.562215244 1.0 1.0
216.24403324399998 0.0 0.0
216.92585124399997 1.0 0.0
217.607669244 0.0 0.0
218.289487244 1.0 1.0
218.97130524399998 0.0 0.0
219.65312324399997 1.0 0.0
220.334941244 0.0 0.0
221.01675924399999 1.0 1.0
221.69857724399998 0.0 0.0
222.380395244 1.0 0.0
223.062213244 0.0 0.0
223.74403124399998 1.0 1.0
224.42584924399998 0.0 0.0
225.107667244 1.0 0.0
225.789485244 0.0 0.0
226.47130324399998 1.0 1.0
227.15312124399998 0.0 0.0
227.834939244 1.0 0.0
228.516757244 0.0 0.0
229.19857524399998 1.0 1.0
229.88039324399998 0.0 0.0
230.562211244 1.0 1.0
231.244029244 0.0 0.0
231.92584724399998 0.0 0.0
232.60766524399997 1.0 1.0
233.289483244 0.0 0.0
233.971301244 1.0 1.0