0.44588250900000004 0.0 0.0
1.6223535089999999 1.0 0.0
2.846835505833333 0.0 0.0
4.071325505833333 1.0 1.0
5.434938314833333 0.0 0.0
6.8983366849999985 1.0 0.0
8.122866505833333 0.0 0.0
9.322870587499999 1.0 1.0
10.5994538215 0.0 0.0
11.876049821499999 1.0 0.0
13.152645821499998 0.0 0.0
14.352658587499999 1.0 1.0
15.552658587499998 0.0 0.0
16.684744908333332 1.0 0.0
17.861208509 0.0 0.0
19.111196254166664 1.0 1.0
20.243290908333336 0.0 0.0
21.467765505833334 1.0 0.0
22.621623279833333 0.0 0.0
23.954926365333336 1.0 1.0
25.288259365333335 0.0 0.0
26.4882815875 1.0 0.0
27.6882815875 0.0 0.0
28.8882815875 1.0 1.0
30.0882815875 0.0 0.0
31.288281587500002 1.0 0.0
32.4882815875 0.0 0.0
33.6882815875 1.0 1.0
34.8882815875 0.0 0.0
36.0882815875 1.0 0.0
37.338273254166666 0.0 0.0
38.588273254166666 1.0 1.0
39.69940740233333 0.0 0.0
40.92387850583333 1.0 0.0
42.05596890833333 0.0 0.0
43.18804390833333 1.0 1.0
44.32011890833333 0.0 0.0
45.45219390833333 1.0 0.0
46.628657509 0.0 0.0
47.805128509 1.0 1.0
48.95897827983333 0.0 0.0
50.11282427983333 1.0 0.0
51.26667027983333 0.0 0.0
52.42051627983333 1.0 1.0
53.57436227983333 0.0 0.0
54.72820827983333 1.0 0.0
55.882054279833326 0.0 0.0
57.03590027983333 1.0 1.0
58.18974627983333 0.0 0.0
59.34359227983333 1.0 0.0
60.49743827983333 0.0 0.0
61.65128427983333 1.0 1.0
62.80513027983333 0.0 0.0
63.95897627983333 1.0 0.0
65.11282227983332 0.0 0.0
66.26666827983333 1.0 1.0
67.42051427983333 0.0 0.0
68.57436027983333 1.0 0.0
69.72820627983333 0.0 0.0
70.88205227983333 1.0 1.0
72.03589827983333 0.0 0.0
73.18974427983333 1.0 0.0
74.34359027983334 0.0 0.0
75.49743627983332 1.0 1.0
76.65128227983334 0.0 0.0
77.80512827983333 1.0 0.0
78.95897427983334 0.0 0.0
80.11282027983333 1.0 1.0
81.26666627983333 0.0 0.0
82.42051227983333 1.0 0.0
83.57435827983333 0.0 0.0
84.72820427983334 1.0 1.0
85.88205027983334 0.0 0.0
87.03589627983334 1.0 0.0
88.18974227983334 0.0 0.0
89.34358827983334 1.0 1.0
90.49743427983333 0.0 0.0
91.65128027983334 1.0 0.0
92.827747509 0.0 0.0
94.00421850900001 1.0 1.0
95.180689509 0.0 0.0
96.35716050900001 1.0 0.0
97.533631509 0.0 0.0
98.71010250900001 1.0 1.0
99.886573509 0.0 0.0
101.01865590833334 1.0 0.0
102.15073090833334 0.0 0.0
103.28280590833334 1.0 1.0
104.43664827983335 0.0 0.0
105.59049427983334 1.0 0.0
106.74434027983334 0.0 0.0
107.89818627983334 1.0 1.0
109.05203227983334 0.0 0.0
110.20587827983334 1.0 0.0
111.382345509 0.0 0.0
112.55881650900001 1.0 1.0
113.7588125875 0.0 0.0
114.9588125875 1.0 0.0
116.13528750900001 0.0 0.0
117.31175850900001 1.0 1.0
118.488229509 0.0 0.0
119.66470050900001 1.0 0.0
120.81855027983335 0.0 0.0
121.97239627983333 1.0 1.0
123.12624227983333 0.0 0.0
124.28008827983334 1.0 0.0
125.43393427983334 0.0 0.0
126.58778027983334 1.0 1.0
127.74162627983334 0.0 0.0
128.89547227983334 1.0 0.0
130.04931827983333 0.0 0.0
131.20316427983335 1.0 1.0
132.35701027983333 0.0 0.0
133.51085627983335 1.0 0.0
134.66470227983334 0.0 0.0
135.81854827983335 1.0 1.0
136.97239427983334 0.0 0.0
138.12624027983333 1.0 0.0
139.28008627983334 0.0 0.0
140.43393227983333 1.0 1.0
141.58777827983334 0.0 0.0
142.74162427983333 1.0 0.0
143.89547027983335 0.0 0.0
145.04931627983333 1.0 1.0
146.20316227983335 0.0 0.0
147.35700827983334 1.0 0.0
148.51085427983332 0.0 0.0
149.66470027983334 1.0 1.0
150.81854627983333 0.0 0.0
151.97239227983331 1.0 0.0
153.12623827983333 0.0 0.0
154.28008427983332 1.0 1.0
155.4339302798333 0.0 0.0
156.58777627983332 1.0 0.0
157.74162227983334 0.0 0.0
158.89546827983332 1.0 1.0
160.0493142798333 0.0 0.0
161.20316027983333 1.0 0.0
162.3570062798333 0.0 0.0
163.51085227983333 1.0 1.0
164.66469827983332 0.0 0.0
165.8185442798333 1.0 0.0
166.97239027983332 0.0 0.0
168.12623627983334 1.0 1.0
169.28008227983332 0.0 0.0
170.4339282798333 1.0 0.0
171.58777427983333 0.0 0.0
172.7416202798333 1.0 1.0
173.89546627983333 0.0 0.0
175.04931227983332 1.0 0.0
176.22577950899998 0.0 0.0
177.402250509 1.0 1.0
178.578721509 0.0 0.0
179.75519250899998 1.0 0.0
180.90904227983333 0.0 0.0
182.06288827983332 1.0 1.0
183.21673427983333 0.0 0.0
184.37058027983332 1.0 0.0
185.5244262798333 0.0 0.0
186.67827227983332 1.0 1.0
187.8321182798333 0.0 0.0
188.98596427983333 1.0 0.0
190.1398102798333 0.0 0.0
191.29365627983333 1.0 1.0
192.44750227983332 0.0 0.0
193.60134827983333 1.0 0.0
194.75519427983332 0.0 0.0
195.90904027983333 1.0 1.0
197.06288627983332 0.0 0.0
198.2167322798333 1.0 0.0
199.37057827983332 0.0 0.0
200.5244242798333 1.0 1.0
201.67827027983333 0.0 0.0
202.83211627983331 1.0 0.0
203.98596227983333 0.0 0.0
205.13980827983332 1.0 1.0
206.29365427983333 0.0 0.0
207.44750027983332 1.0 0.0
208.6013462798333 0.0 0.0
209.75519227983332 1.0 1.0
210.9090382798333 0.0 0.0
212.06288427983333 1.0 0.0
213.2167302798333 0.0 0.0
214.37057627983333 1.0 1.0
215.52442227983332 0.0 0.0
216.67826827983333 1.0 0.0
217.83211427983332 0.0 0.0
218.9859602798333 1.0 1.0
220.13980627983332 0.0 0.0
221.2936522798333 1.0 0.0
222.49364458749997 0.0 0.0
223.6936445875 1.0 1.0
224.89364458749998 0.0 0.0
226.0936445875 1.0 0.0
227.24749827983334 0.0 0.0
228.40134427983332 1.0 1.0
229.55519027983334 0.0 0.0
230.70903627983333 1.0 0.0
231.86288227983331 0.0 0.0
233.01672827983333 1.0 1.0
234.17057427983332 0.0 0.0
235.32442027983333 1.0 0.0
236.47826627983332 0.0 0.0
237.63211227983334 1.0 1.0
238.78595827983332 0.0 0.0
239.93980427983334 1.0 0.0
241.11627150899997 0.0 0.0
242.292742509 1.0 1.0
243.46921350899999 0.0 0.0
244.64568450899998 1.0 0.0
245.79953427983332 0.0 0.0
246.9533802798333 1.0 1.0
248.10722627983333 0.0 0.0
249.26107227983331 1.0 0.0
250.4149182798333 0.0 0.0
251.56876427983332 1.0 1.0
252.7226102798333 0.0 0.0
253.87645627983332 1.0 0.0
255.0303022798333 0.0 0.0
256.1841482798333 1.0 1.0
257.3379942798333 0.0 0.0
258.4918402798333 1.0 0.0
259.6456862798333 0.0 0.0
260.79953227983333 1.0 1.0
261.9533782798333 0.0 0.0
263.1072242798333 1.0 0.0
264.2610702798333 0.0 0.0
265.41491627983334 1.0 1.0
266.5687622798333 0.0 0.0
267.7226082798333 1.0 0.0
268.8764542798333 0.0 0.0
270.03030027983334 1.0 1.0
271.1841462798333 0.0 0.0
272.3379922798333 1.0 0.0
273.4918382798333 0.0 0.0
274.6456842798333 1.0 1.0
275.79953027983333 0.0 0.0
276.9533762798333 1.0 0.0
278.1072222798333 0.0 0.0