0.74545216 0.0 0.0
1.65454016 1.0 1.0
2.56362816 0.0 0.0
3.47271616 1.0 0.0
4.3818041600000015 0.0 0.0
5.290892160000001 1.0 1.0
6.199980160000002 0.0 0.0
7.109068160000001 1.0 0.0
8.018156160000002 0.0 0.0
8.92724416 1.0 1.0
9.836332160000001 0.0 0.0
10.745420160000002 1.0 0.0
11.654508160000002 0.0 0.0
12.563596160000001 1.0 1.0
13.472684160000002 0.0 0.0
14.381772160000002 1.0 0.0
15.290860160000003 0.0 0.0
16.19994816 1.0 1.0
17.109036160000002 0.0 0.0
18.018124160000003 1.0 0.0
18.927212160000003 0.0 0.0
19.836300160000004 1.0 1.0
20.745388160000005 0.0 0.0
21.65447616 1.0 0.0
22.563564160000002 0.0 0.0
23.472652160000003 1.0 1.0
24.381740160000003 0.0 0.0
25.290828160000004 1.0 0.0
26.199916160000004 0.0 0.0
27.109004160000005 1.0 1.0
28.018092160000002 0.0 0.0
28.927180160000002 1.0 0.0
29.836268160000003 0.0 0.0
30.745356160000004 1.0 1.0
31.65444416 0.0 0.0
32.56353216 1.0 0.0
33.47262016 0.0 0.0
34.38170816 1.0 1.0
35.29079616 0.0 0.0
36.19988416 1.0 0.0
37.10897216 0.0 0.0
38.018060160000005 1.0 1.0
38.92714816 0.0 0.0
39.83623616 1.0 0.0
40.74532416 0.0 0.0
41.65441216 1.0 1.0
42.563500160000004 0.0 0.0
43.47258816 1.0 0.0
44.381676160000005 0.0 0.0
45.29076416 1.0 1.0
46.19985216 0.0 0.0
47.10894016 1.0 0.0
48.01802816 0.0 0.0
48.927116160000004 1.0 1.0
49.83620416 0.0 0.0
50.745292160000005 1.0 0.0
51.65438016 0.0 0.0
52.56346816 1.0 1.0
53.47255616 0.0 0.0
54.38164416 1.0 0.0
55.290732160000005 0.0 0.0
56.19982016 1.0 1.0
57.108908160000006 0.0 0.0
58.01799616 1.0 0.0
58.92708416000001 0.0 0.0
59.836172160000004 1.0 1.0
60.74526016 0.0 0.0
61.654348160000005 1.0 0.0
62.56343616 0.0 0.0
63.472524160000006 1.0 1.0
64.38161216 0.0 0.0
65.29070016 1.0 0.0
66.19978816 0.0 0.0
67.10887616000001 1.0 1.0
68.01796416 0.0 0.0
68.92705216 1.0 0.0
69.83614016 0.0 0.0
70.74522816000001 1.0 1.0
71.65431616000001 0.0 0.0
72.56340416 1.0 0.0
73.47249216 0.0 0.0
74.38158016 1.0 1.0
75.29066816000001 0.0 0.0
76.19975616 1.0 0.0
77.10884416 0.0 0.0
78.01793216 1.0 1.0
78.92702016000001 0.0 0.0
79.83610816000001 1.0 0.0
80.74519616 0.0 0.0
81.65428416 1.0 1.0
82.56337216 0.0 0.0
83.47246016000001 1.0 0.0
84.38154816000001 0.0 0.0
85.29063616 1.0 1.0
86.19972416 0.0 0.0
87.10881216 1.0 0.0
88.01790016000001 0.0 0.0
88.92698816000001 1.0 1.0
89.83607616 0.0 0.0
90.74516416 1.0 0.0
91.65425216000001 0.0 0.0
92.56334016000001 1.0 1.0
93.47242816 0.0 0.0
94.38151616 1.0 0.0
95.29060416 0.0 0.0
96.19969216000001 1.0 1.0
97.10878016000001 0.0 0.0
98.01786816 1.0 0.0
98.92695616 0.0 0.0
99.83604416000001 1.0 1.0
100.74513216000001 0.0 0.0
101.65422016000001 1.0 0.0
102.56330816 0.0 0.0
103.47239616 1.0 1.0
104.38148416000001 0.0 0.0
105.29057216000001 1.0 0.0
106.19966016000001 0.0 0.0
107.10874816 1.0 1.0
108.01783616 0.0 0.0
108.92692416000001 1.0 0.0
109.83601216000001 0.0 0.0
110.74510016 1.0 1.0
111.65418816 0.0 0.0
112.56327616000002 1.0 0.0
113.47236416000001 0.0 0.0
114.38145216000001 1.0 1.0
115.29054016 0.0 0.0
116.19962816 1.0 0.0
117.10871616000001 0.0 0.0
118.01780416000001 1.0 1.0
118.92689216000001 0.0 0.0
119.83598016 1.0 0.0
120.74506816000002 0.0 0.0
121.65415616000001 1.0 1.0
122.56324416000001 0.0 0.0
123.47233216000001 1.0 0.0
124.38142015999999 0.0 0.0
125.29050816 1.0 1.0
126.19959616 0.0 0.0
127.10868416 1.0 0.0
128.01777216 0.0 0.0
128.92686016 1.0 1.0
129.83594816 0.0 0.0
130.74503615999998 1.0 0.0
131.65412416 0.0 0.0
132.56321216 1.0 1.0
133.47230016 0.0 0.0
134.38138816 1.0 0.0
135.29047616 0.0 0.0
136.19956416 1.0 1.0
137.10865216 0.0 0.0
138.01774016 1.0 0.0
138.92682815999999 0.0 0.0
139.83591616 1.0 1.0
140.74500416 0.0 0.0
141.65409216 1.0 0.0
142.56318016 0.0 0.0
143.47226816 1.0 1.0
144.38135616 0.0 0.0
145.29044416 1.0 0.0
146.19953216 0.0 0.0
147.10862016 1.0 1.0
148.01770816 0.0 0.0
148.92679616 1.0 0.0
149.83588416 0.0 0.0
150.74497216 1.0 1.0
151.65406016 0.0 0.0
152.56314816 1.0 0.0
153.47223616 0.0 0.0
154.38132416 1.0 1.0
155.29041216 0.0 0.0
156.19950016 1.0 0.0
157.10858816 0.0 0.0
158.01767616 1.0 1.0
158.92676416 0.0 0.0
159.83585216 1.0 0.0
160.74494016 0.0 0.0
161.65402816 1.0 1.0
162.56311616 0.0 0.0
163.47220416 1.0 0.0
164.38129216 0.0 0.0
165.29038016 1.0 1.0
166.19946816 0.0 0.0
167.10855616 1.0 0.0
168.01764416 0.0 0.0
168.92673216 1.0 1.0
169.83582016 0.0 0.0
170.74490816 1.0 0.0
171.65399616 0.0 0.0
172.56308416 1.0 1.0
173.47217216 0.0 0.0
174.38126016 1.0 0.0
175.29034816 0.0 0.0
176.19943616 1.0 1.0
177.10852416 0.0 0.0
178.01761216 1.0 0.0
178.92670016 0.0 0.0
179.83578816 1.0 1.0
180.74487616 0.0 0.0
181.65396416000002 1.0 0.0
182.56305216 0.0 0.0
183.47214016 1.0 1.0
184.38122816 0.0 0.0
185.29031616 1.0 0.0
186.19940416 0.0 0.0
187.10849216 1.0 1.0
188.01758016 0.0 0.0
188.92666816 1.0 0.0
189.83575616000002 0.0 0.0
190.74484416 1.0 1.0
191.65393216 0.0 0.0
192.56302016 1.0 0.0
193.47210816 0.0 0.0
194.38119616 1.0 1.0
195.29028416 0.0 0.0
196.19937216 1.0 0.0
197.10846016 0.0 0.0
198.01754816000002 1.0 1.0
198.92663616000002 0.0 0.0
199.83572416 1.0 0.0
200.74481216 0.0 0.0
201.65390016 1.0 1.0
202.56298816 0.0 0.0
203.47207616 1.0 0.0
204.38116416 0.0 0.0
205.29025216 1.0 1.0
206.19934016 0.0 0.0
207.10842816000002 1.0 0.0
208.01751616 0.0 0.0
208.92660416 1.0 1.0
209.83569216 0.0 0.0
210.74478016 1.0 0.0
211.65386816 0.0 0.0
212.56295616 1.0 0.0
213.47204416 0.0 0.0