0.417999582 0.0 0.0
1.0846655820000002 1.0 1.0
1.7513315819999997 0.0 0.0
2.417997582 1.0 0.0
3.084663582 0.0 0.0
3.7513295820000003 1.0 1.0
4.4179955820000005 0.0 0.0
5.084661582 1.0 0.0
5.751327582 0.0 0.0
6.417993582 1.0 1.0
7.0846595820000005 0.0 0.0
7.751325582000001 1.0 0.0
8.417991582 0.0 0.0
9.084657582 1.0 1.0
9.751323582 0.0 0.0
10.417989582 1.0 0.0
11.084655582 0.0 0.0
11.751321582 1.0 1.0
12.417987581999999 0.0 0.0
13.084653582 1.0 0.0
13.751319581999999 0.0 0.0
14.417985582 1.0 1.0
15.084651582 0.0 0.0
15.751317581999999 1.0 0.0
16.417983581999998 0.0 0.0
17.084649582 1.0 1.0
17.751315582 0.0 0.0
18.417981582 1.0 0.0
19.084647582 0.0 0.0
19.751313581999998 1.0 1.0
20.417979582 0.0 0.0
21.084645582 1.0 0.0
21.751311582000003 0.0 0.0
22.417977582000002 1.0 1.0
23.084643582000005 0.0 0.0
23.751309582000005 1.0 0.0
24.417975582000004 0.0 0.0
25.084641582000003 1.0 1.0
25.751307582000006 0.0 0.0
26.417973582000005 1.0 0.0
27.084639582000005 0.0 0.0
27.751305582000004 1.0 1.0
28.417971582000003 0.0 0.0
29.084637582000006 1.0 0.0
29.751303582000006 0.0 0.0
30.417969582000005 1.0 1.0
31.084635582000004 0.0 0.0
31.751301582000004 1.0 0.0
32.417967582 0.0 0.0
33.084633582 1.0 1.0
33.751299582 0.0 0.0
34.41796558200001 1.0 0.0
35.08463158200001 0.0 0.0
35.75129758200001 1.0 1.0
36.417963582000006 0.0 0.0
37.084629582000005 1.0 0.0
37.751295582000004 0.0 0.0
38.417961582000004 1.0 1.0
39.084627582 0.0 0.0
39.751293582 1.0 0.0
40.417959582 0.0 0.0
41.08462558200001 1.0 1.0
41.75129158200001 0.0 0.0
42.41795758200001 1.0 0.0
43.084623582 0.0 0.0
43.751289582 1.0 1.0
44.417955582 0.0 0.0
45.084621582 1.0 0.0
45.751287582 0.0 0.0
46.417953582 1.0 1.0
47.084619582 0.0 0.0
47.751285582 1.0 0.0
48.417951582 0.0 0.0
49.084617582 1.0 1.0
49.751283582 0.0 0.0
50.417949582 1.0 0.0
51.084615582 0.0 0.0
51.751281582 1.0 1.0
52.417947582000004 0.0 0.0
53.084613582 1.0 0.0
53.751279582 0.0 0.0
54.417945582 1.0 1.0
55.084611582 0.0 0.0
55.751277582 1.0 0.0
56.417943582 0.0 0.0
57.084609582 1.0 1.0
57.751275582 0.0 0.0
58.417941582 1.0 0.0
59.084607582000004 0.0 0.0
59.751273582 1.0 1.0
60.417939582 0.0 0.0
61.084605582 1.0 0.0
61.751271582 0.0 0.0
62.417937582 1.0 1.0
63.084603582 0.0 0.0
63.751269582 1.0 0.0
64.417935582 0.0 0.0
65.084601582 1.0 1.0
65.751267582 0.0 0.0
66.417933582 1.0 0.0
67.084599582 0.0 0.0
67.751265582 1.0 1.0
68.417931582 0.0 0.0
69.084597582 1.0 0.0
69.751263582 0.0 0.0
70.417929582 1.0 1.0
71.084595582 0.0 0.0
71.751261582 1.0 0.0
72.417927582 0.0 0.0
73.084593582 1.0 1.0
73.751259582 0.0 0.0
74.417925582 1.0 0.0
75.084591582 0.0 0.0
75.75125758200001 1.0 1.0
76.417923582 0.0 0.0
77.084589582 1.0 0.0
77.751255582 0.0 0.0
78.417921582 1.0 1.0
79.084587582 0.0 0.0
79.751253582 1.0 0.0
80.417919582 0.0 0.0
81.084585582 1.0 1.0
81.751251582 0.0 0.0
82.417917582 1.0 0.0
83.08458358200001 0.0 0.0
83.751249582 1.0 1.0
84.417915582 0.0 0.0
85.084581582 1.0 0.0
85.751247582 0.0 0.0
86.41791358200001 1.0 1.0
87.08457958200002 0.0 0.0
87.75124558200001 1.0 0.0
88.41791158200002 0.0 0.0
89.08457758200001 1.0 1.0
89.75124358200001 0.0 0.0
90.41790958200001 1.0 0.0
91.08457558200001 0.0 0.0
91.751241582 1.0 1.0
92.41790758200001 0.0 0.0
93.08457358200002 1.0 0.0
93.75123958200001 0.0 0.0
94.41790558200002 1.0 1.0
95.08457158200001 0.0 0.0
95.75123758200002 1.0 0.0
96.41790358200001 0.0 0.0
97.08456958200001 1.0 1.0
97.751235582 0.0 0.0
98.41790158200001 1.0 0.0
99.084567582 0.0 0.0
99.75123358200001 1.0 1.0
100.41789958200002 0.0 0.0
101.08456558200001 1.0 0.0
101.75123158200002 0.0 0.0
102.41789758200001 1.0 1.0
103.08456358200002 0.0 0.0
103.75122958200001 1.0 0.0
104.41789558200001 0.0 0.0
105.084561582 1.0 1.0
105.75122758200001 0.0 0.0
106.417893582 1.0 0.0
107.08455958200001 0.0 0.0
107.75122558200002 1.0 1.0
108.41789158200001 0.0 0.0
109.08455758200002 1.0 0.0
109.75122358200001 0.0 0.0
110.41788958200002 1.0 1.0
111.08455558200001 0.0 0.0
111.75122158200001 1.0 0.0
112.417887582 0.0 0.0
113.08455358200001 1.0 1.0
113.75121958200002 0.0 0.0
114.41788558200001 1.0 0.0
115.08455158200002 0.0 0.0
115.75121758200001 1.0 1.0
116.41788358200002 0.0 0.0
117.08454958200001 1.0 0.0
117.75121558200001 0.0 0.0
118.417881582 1.0 1.0
119.08454758200001 0.0 0.0
119.751213582 1.0 0.0
120.41787958200001 0.0 0.0
121.08454558200002 1.0 1.0
121.75121158200001 0.0 0.0
122.41787758200002 1.0 0.0
123.08454358200001 0.0 0.0
123.75120958200002 1.0 1.0
124.41787558200001 0.0 0.0
125.08454158200001 1.0 0.0
125.751207582 0.0 0.0
126.41787358200001 1.0 1.0
127.08453958200002 0.0 0.0
127.75120558200001 1.0 0.0
128.417871582 0.0 0.0
129.08453758200002 1.0 1.0
129.75120358200002 0.0 0.0
130.417869582 1.0 0.0
131.084535582 0.0 0.0
131.75120158200002 1.0 1.0
132.417867582 0.0 0.0
133.084533582 1.0 0.0
133.75119958200003 0.0 0.0
134.41786558200002 1.0 1.0
135.084531582 0.0 0.0
135.751197582 1.0 0.0
136.41786358200002 0.0 0.0
137.08452958200002 1.0 1.0
137.751195582 0.0 0.0
138.417861582 1.0 0.0
139.08452758200002 0.0 0.0
139.751193582 1.0 1.0
140.417859582 0.0 0.0
141.08452558200003 1.0 0.0
141.75119158200002 0.0 0.0
142.417857582 1.0 1.0
143.084523582 0.0 0.0
143.75118958200002 1.0 0.0
144.41785558200002 0.0 0.0
145.084521582 1.0 1.0
145.751187582 0.0 0.0
146.41785358200002 1.0 0.0
147.084519582 0.0 0.0
147.751185582 1.0 1.0
148.41785158200003 0.0 0.0
149.08451758200002 1.0 0.0
149.751183582 0.0 0.0
150.417849582 1.0 1.0
151.08451558200002 0.0 0.0
151.75118158200002 1.0 0.0
152.417847582 0.0 0.0
153.084513582 1.0 1.0
153.75117958200002 0.0 0.0
154.417845582 1.0 0.0
155.084511582 0.0 0.0
155.75117758200003 1.0 1.0
156.41784358200002 0.0 0.0
157.084509582 1.0 0.0
157.751175582 0.0 0.0
158.41784158200002 1.0 1.0
159.08450758200001 0.0 0.0
159.751173582 1.0 0.0
160.41783958200003 0.0 0.0
161.08450558200002 1.0 1.0
161.751171582 0.0 0.0
162.417837582 1.0 0.0
163.08450358200002 0.0 0.0
163.75116958200002 1.0 1.0
164.417835582 0.0 0.0
165.084501582 1.0 0.0
165.75116758200002 0.0 0.0
166.41783358200001 1.0 1.0
167.084499582 0.0 0.0
167.75116558200003 1.0 0.0
168.41783158200002 0.0 0.0
169.084497582 1.0 1.0
169.751163582 0.0 0.0
170.41782958200002 1.0 0.0
171.08449558200002 0.0 0.0
171.751161582 1.0 1.0
172.417827582 0.0 0.0
173.08449358200002 1.0 0.0
173.751159582 0.0 0.0
174.417825582 1.0 1.0
175.08449158200003 0.0 0.0
175.75115758200002 1.0 0.0
176.417823582 0.0 0.0
177.084489582 1.0 1.0
177.75115558200002 0.0 0.0
178.41782158200002 1.0 0.0
179.084487582 0.0 0.0
179.751153582 1.0 1.0
180.41781958200002 0.0 0.0
181.084485582 1.0 0.0
181.751151582 0.0 0.0
182.417817582 1.0 1.0
183.084483582 0.0 0.0
183.75114958199998 1.0 0.0
184.417815582 0.0 0.0
185.084481582 1.0 1.0
185.751147582 0.0 0.0
186.417813582 1.0 0.0
187.084479582 0.0 0.0
187.751145582 1.0 1.0
188.41781158199998 0.0 0.0
189.084477582 1.0 0.0
189.751143582 0.0 0.0
190.417809582 1.0 1.0
191.08447558199998 0.0 0.0
191.751141582 1.0 0.0
192.417807582 0.0 0.0
193.084473582 1.0 1.0
193.751139582 0.0 0.0
194.417805582 1.0 0.0
195.084471582 0.0 0.0
195.75113758199998 1.0 1.0
196.417803582 0.0 0.0
197.084469582 1.0 0.0
197.751135582 0.0 0.0
198.41780158199998 1.0 1.0
199.084467582 0.0 0.0
199.751133582 1.0 0.0
200.417799582 0.0 0.0
201.084465582 1.0 1.0
201.751131582 0.0 0.0
202.417797582 1.0 0.0
203.08446358199998 0.0 0.0
203.751129582 1.0 1.0
204.417795582 0.0 0.0
205.084461582 1.0 0.0
205.75112758199998 0.0 0.0
206.417793582 1.0 1.0
207.084459582 0.0 0.0
207.751125582 1.0 0.0
208.417791582 0.0 0.0
209.084457582 1.0 1.0
209.751123582 0.0 0.0
210.41778958199998 1.0 0.0
211.084455582 0.0 0.0
211.751121582 1.0 1.0
212.417787582 0.0 0.0
213.084453582 1.0 0.0
213.751119582 0.0 0.0
214.417785582 1.0 1.0
215.08445158199999 0.0 0.0
215.751117582 1.0 0.0
216.417783582 0.0 0.0
217.084449582 1.0 1.0
217.75111558199998 0.0 0.0
218.417781582 1.0 0.0
219.084447582 0.0 0.0
219.751113582 1.0 1.0
220.417779582 0.0 0.0
221.084445582 1.0 0.0
221.751111582 0.0 0.0
222.41777758199999 1.0 1.0
223.084443582 0.0 0.0
223.751109582 1.0 0.0
224.417775582 0.0 0.0
225.08444158199998 1.0 1.0
225.751107582 0.0 0.0
226.417773582 1.0 0.0
227.084439582 0.0 0.0
227.751105582 1.0 1.0
228.417771582 0.0 0.0
229.084437582 1.0 0.0
229.75110358199998 0.0 0.0
230.417769582 1.0 1.0
231.084435582 0.0 0.0
231.751101582 1.0 0.0
232.41776758199998 0.0 0.0
233.084433582 1.0 1.0
233.751099582 0.0 0.0
234.417765582 1.0 0.0
235.084431582 0.0 0.0
235.751097582 1.0 1.0
236.417763582 0.0 0.0
237.08442958199998 1.0 0.0
237.751095582 0.0 0.0
238.417761582 1.0 1.0
239.084427582 0.0 0.0
239.75109358199998 1.0 0.0
240.417759582 0.0 0.0
241.084425582 1.0 1.0
241.751091582 0.0 0.0
242.417757582 1.0 0.0
243.084423582 0.0 0.0
243.751089582 1.0 1.0
244.41775558199998 0.0 0.0
245.084421582 1.0 0.0
245.751087582 0.0 0.0
246.417753582 1.0 1.0
247.084419582 0.0 0.0
247.751085582 1.0 0.0
248.417751582 0.0 0.0
249.084417582 1.0 1.0
249.751083582 0.0 0.0
250.417749582 1.0 0.0
251.084415582 0.0 0.0
251.75108158199998 1.0 1.0
252.417747582 0.0 0.0
253.084413582 1.0 0.0
253.751079582 0.0 0.0
254.417745582 1.0 1.0
255.084411582 0.0 0.0
255.751077582 1.0 0.0
256.417743582 0.0 0.0
257.084409582 1.0 1.0
257.751075582 0.0 0.0
258.417741582 1.0 0.0
259.084407582 0.0 0.0
259.751073582 1.0 1.0
260.417739582 0.0 0.0
261.084405582 1.0 0.0
261.751071582 0.0 0.0
262.417737582 1.0 1.0
263.084403582 0.0 0.0
263.751069582 1.0 0.0
264.417735582 0.0 0.0
265.084401582 1.0 1.0
265.751067582 0.0 0.0
266.417733582 1.0 0.0
267.084399582 0.0 0.0
267.751065582 1.0 1.0
268.417731582 0.0 0.0
269.084397582 1.0 0.0
269.751063582 0.0 0.0
270.417729582 1.0 1.0
271.084395582 0.0 0.0
271.751061582 1.0 0.0
272.417727582 0.0 0.0
273.084393582 1.0 0.0