0.08650522499999995 1.0 0.0
1.239908225 0.0 0.0
2.393311225 1.0 1.0
3.546714225 0.0 0.0
4.700117225 1.0 0.0
5.853520225 0.0 0.0
7.0069232249999995 1.0 1.0
8.160326225 0.0 0.0
9.313729225 1.0 0.0
10.467132225 0.0 0.0
11.620535225 1.0 1.0
12.773938225 0.0 0.0
13.927341225 1.0 0.0
15.080744225 0.0 0.0
16.234147225 1.0 1.0
17.387550225 0.0 0.0
18.540953225 1.0 0.0
19.694356225 0.0 0.0
20.847759225 1.0 1.0
22.001162225 0.0 0.0
23.154565225 1.0 0.0
24.307968225 0.0 0.0
25.461371225 1.0 1.0
26.614774225 0.0 0.0
27.768177225 1.0 0.0
28.921580225 0.0 0.0
30.074983225 1.0 1.0
31.228386225 0.0 0.0
32.381789225 1.0 0.0
33.535192225 0.0 0.0
34.688595225 1.0 1.0
35.841998225 0.0 0.0
36.995401225 1.0 0.0
38.148804225000006 0.0 0.0
39.302207225000004 1.0 1.0
40.455610225 0.0 0.0
41.609013225 1.0 0.0
42.762416225 0.0 0.0
43.915819225 1.0 1.0
45.069222225 0.0 0.0
46.222625225 1.0 0.0
47.376028225 0.0 0.0
48.529431225 1.0 1.0
49.682834225 0.0 0.0
50.836237225 1.0 0.0
51.989640225 0.0 0.0
53.143043225 1.0 1.0
54.296446225 0.0 0.0
55.449849225 1.0 0.0
56.603252225 0.0 0.0
57.756655225 1.0 1.0
58.910058225 0.0 0.0
60.063461225 1.0 0.0
61.216864225 0.0 0.0
62.370267225 1.0 1.0
63.523670225 0.0 0.0
64.677073225 1.0 0.0
65.830476225 0.0 0.0
66.983879225 1.0 1.0
68.13728222499999 0.0 0.0
69.290685225 1.0 0.0
70.444088225 0.0 0.0
71.597491225 1.0 1.0
72.750894225 0.0 0.0
73.904297225 1.0 0.0
75.057700225 0.0 0.0
76.211103225 1.0 1.0
77.364506225 0.0 0.0
78.517909225 1.0 0.0
79.671312225 0.0 0.0
80.824715225 1.0 1.0
81.978118225 0.0 0.0
83.131521225 1.0 0.0
84.284924225 0.0 0.0
85.438327225 1.0 1.0
86.591730225 0.0 0.0
87.745133225 1.0 0.0
88.898536225 0.0 0.0
90.051939225 1.0 1.0
91.205342225 0.0 0.0
92.35874522499999 1.0 0.0
93.512148225 0.0 0.0
94.665551225 1.0 1.0
95.818954225 0.0 0.0
96.972357225 1.0 0.0
98.125760225 0.0 0.0
99.279163225 1.0 1.0
100.432566225 0.0 0.0
101.585969225 1.0 0.0
102.739372225 0.0 0.0
103.892775225 1.0 1.0
105.046178225 0.0 0.0
106.199581225 1.0 0.0
107.352984225 0.0 0.0
108.506387225 1.0 1.0
109.659790225 0.0 0.0
110.813193225 1.0 0.0
111.966596225 0.0 0.0
113.119999225 1.0 1.0
114.273402225 0.0 0.0
115.426805225 1.0 0.0
116.58020822499999 0.0 0.0
117.733611225 1.0 1.0
118.887014225 0.0 0.0
120.040417225 1.0 0.0
121.193820225 0.0 0.0
122.347223225 1.0 1.0
123.500626225 0.0 0.0
124.654029225 1.0 0.0
125.807432225 0.0 0.0
126.960835225 1.0 1.0
128.114238225 0.0 0.0
129.267641225 1.0 0.0
130.421044225 0.0 0.0
131.574447225 1.0 1.0
132.727850225 0.0 0.0
133.881253225 1.0 0.0
135.034656225 0.0 0.0
136.188059225 1.0 1.0
137.341462225 0.0 0.0
138.494865225 1.0 0.0
139.648268225 0.0 0.0
140.801671225 1.0 1.0
141.955074225 0.0 0.0
143.108477225 1.0 0.0
144.261880225 0.0 0.0
145.415283225 1.0 1.0
146.568686225 0.0 0.0
147.722089225 1.0 0.0
148.875492225 0.0 0.0
150.02889522499999 1.0 1.0
151.18229822499998 0.0 0.0
152.33570122499998 1.0 0.0
153.48910422499998 0.0 0.0
154.64250722499997 1.0 1.0
155.79591022499997 0.0 0.0
156.94931322499997 1.0 0.0
158.102716225 0.0 0.0
159.256119225 1.0 1.0
160.409522225 0.0 0.0
161.562925225 1.0 0.0
162.716328225 0.0 0.0
163.869731225 1.0 1.0
165.023134225 0.0 0.0
166.176537225 1.0 0.0
167.329940225 0.0 0.0
168.483343225 1.0 1.0
169.636746225 0.0 0.0
170.790149225 1.0 0.0
171.943552225 0.0 0.0
173.096955225 1.0 1.0
174.25035822499999 0.0 0.0
175.403761225 1.0 0.0
176.557164225 0.0 0.0
177.710567225 1.0 1.0
178.863970225 0.0 0.0
180.017373225 1.0 0.0
181.170776225 0.0 0.0
182.324179225 1.0 1.0
183.477582225 0.0 0.0
184.630985225 1.0 0.0
185.784388225 0.0 0.0
186.937791225 1.0 1.0
188.091194225 0.0 0.0
189.244597225 1.0 0.0
190.398000225 0.0 0.0
191.551403225 1.0 1.0
192.704806225 0.0 0.0
193.858209225 1.0 0.0
195.011612225 0.0 0.0
196.165015225 1.0 1.0
197.318418225 0.0 0.0
198.47182122499999 1.0 0.0
199.625224225 0.0 0.0
200.778627225 1.0 1.0
201.932030225 0.0 0.0
203.085433225 1.0 0.0
204.238836225 0.0 0.0
205.392239225 1.0 1.0
206.545642225 0.0 0.0
207.699045225 1.0 0.0
208.852448225 0.0 0.0
210.005851225 1.0 1.0
211.159254225 0.0 0.0
212.312657225 1.0 0.0
213.466060225 0.0 0.0
214.619463225 1.0 1.0
215.772866225 0.0 0.0
216.926269225 1.0 0.0
218.079672225 0.0 0.0
219.233075225 1.0 1.0
220.386478225 0.0 0.0
221.539881225 1.0 0.0
222.69328422499999 0.0 0.0
223.846687225 1.0 1.0
225.000090225 0.0 0.0
226.153493225 1.0 0.0
227.306896225 0.0 0.0
228.460299225 1.0 1.0
229.613702225 0.0 0.0
230.767105225 1.0 0.0
231.920508225 0.0 0.0
233.073911225 1.0 1.0
234.227314225 0.0 0.0
235.380717225 1.0 0.0
236.534120225 0.0 0.0
237.687523225 1.0 1.0
238.840926225 0.0 0.0
239.994329225 1.0 0.0
241.147732225 0.0 0.0
242.301135225 1.0 1.0
243.454538225 0.0 0.0
244.607941225 1.0 0.0
245.761344225 0.0 0.0
246.91474722499999 1.0 1.0
248.068150225 0.0 0.0
249.221553225 1.0 0.0
250.374956225 0.0 0.0
251.528359225 1.0 1.0
252.681762225 0.0 0.0
253.835165225 1.0 0.0
254.988568225 0.0 0.0
256.141971225 1.0 1.0
257.295374225 0.0 0.0
258.448777225 1.0 0.0
259.602180225 0.0 0.0
260.755583225 1.0 1.0
261.908986225 0.0 0.0
263.062389225 1.0 1.0
264.215792225 0.0 0.0
265.369195225 0.0 0.0