0.12461512500000003 0.0 0.0
1.047690125 1.0 1.0
1.970765125 0.0 0.0
2.893840125 1.0 0.0
3.8169151250000004 0.0 0.0
4.739990125 1.0 1.0
5.663065125 0.0 0.0
6.586140125 1.0 0.0
7.509215125 0.0 0.0
8.432290125000002 1.0 1.0
9.355365125 0.0 0.0
10.278440125000001 1.0 0.0
11.201515125000002 0.0 0.0
12.124590125000001 1.0 1.0
13.047665125000002 0.0 0.0
13.970740125 1.0 0.0
14.893815125000003 0.0 0.0
15.816890125000004 1.0 1.0
16.739965125000005 0.0 0.0
17.663040125000002 1.0 0.0
18.586115125000003 0.0 0.0
19.509190125000003 1.0 1.0
20.432265125000004 0.0 0.0
21.355340125000005 1.0 0.0
22.278415125000006 0.0 0.0
23.201490125000003 1.0 1.0
24.124565125000004 0.0 0.0
25.047640125000004 1.0 0.0
25.970715125000005 0.0 0.0
26.893790125000006 1.0 1.0
27.816865125000003 0.0 0.0
28.739940125000004 1.0 0.0
29.663015125 0.0 0.0
30.586090125000002 1.0 1.0
31.509165125000003 0.0 0.0
32.432240125 1.0 0.0
33.355315125000004 0.0 0.0
34.278390125 1.0 1.0
35.201465125 0.0 0.0
36.124540125 1.0 0.0
37.047615125 0.0 0.0
37.970690125000004 1.0 1.0
38.893765125 0.0 0.0
39.816840125 1.0 0.0
40.739915125 0.0 0.0
41.662990125 1.0 1.0
42.586065125000005 0.0 0.0
43.509140125 1.0 0.0
44.432215125 0.0 0.0
45.355290125 1.0 1.0
46.278365125 0.0 0.0
47.201440125000005 1.0 0.0
48.124515125 0.0 0.0
49.047590125000006 1.0 1.0
49.970665125000004 0.0 0.0
50.893740125 1.0 0.0
51.816815125000005 0.0 0.0
52.739890125 1.0 1.0
53.66296512500001 0.0 0.0
54.586040125000004 1.0 0.0
55.509115125 0.0 0.0
56.432190125000005 1.0 1.0
57.355265125 0.0 0.0
58.27834012500001 1.0 0.0
59.20141512500001 0.0 0.0
60.12449012500001 1.0 1.0
61.04756512500001 0.0 0.0
61.97064012500001 1.0 0.0
62.893715125000014 0.0 0.0
63.81679012500001 1.0 1.0
64.73986512500001 0.0 0.0
65.662940125 1.0 0.0
66.58601512500002 0.0 0.0
67.50909012500001 1.0 1.0
68.43216512500001 0.0 0.0
69.35524012500001 1.0 0.0
70.278315125 0.0 0.0
71.20139012500002 1.0 1.0
72.12446512500001 0.0 0.0
73.04754012500001 1.0 0.0
73.97061512500001 0.0 0.0
74.893690125 1.0 1.0
75.81676512500002 0.0 0.0
76.73984012500001 1.0 0.0
77.66291512500001 0.0 0.0
78.58599012500001 1.0 1.0
79.509065125 0.0 0.0
80.43214012500002 1.0 0.0
81.35521512500002 0.0 0.0
82.27829012500001 1.0 1.0
83.20136512500001 0.0 0.0
84.124440125 1.0 0.0
85.04751512500002 0.0 0.0
85.97059012500002 1.0 1.0
86.89366512500001 0.0 0.0
87.81674012500001 1.0 0.0
88.739815125 0.0 0.0
89.66289012500002 1.0 1.0
90.58596512500002 0.0 0.0
91.50904012500001 1.0 0.0
92.43211512500001 0.0 0.0
93.35519012500001 1.0 1.0
94.27826512500002 0.0 0.0
95.20134012500002 1.0 0.0
96.12441512500001 0.0 0.0
97.04749012500001 1.0 1.0
97.97056512500001 0.0 0.0
98.89364012500002 1.0 0.0
99.81671512500002 0.0 0.0
100.73979012500001 1.0 1.0
101.66286512500001 0.0 0.0
102.58594012500001 1.0 0.0
103.50901512500002 0.0 0.0
104.43209012500002 1.0 1.0
105.35516512500001 0.0 0.0
106.27824012500001 1.0 0.0
107.20131512500001 0.0 0.0
108.12439012500002 1.0 1.0
109.04746512500002 0.0 0.0
109.97054012500001 1.0 0.0
110.89361512500001 0.0 0.0
111.81669012500002 1.0 1.0
112.73976512500002 0.0 0.0
113.66284012500002 1.0 0.0
114.58591512500001 0.0 0.0
115.50899012500001 1.0 1.0
116.43206512500002 0.0 0.0
117.35514012500002 1.0 0.0
118.278215125 0.0 0.0
119.201290125 1.0 1.0
120.124365125 0.0 0.0
121.04744012500001 1.0 0.0
121.970515125 0.0 0.0
122.893590125 1.0 1.0
123.816665125 0.0 0.0
124.739740125 1.0 0.0
125.66281512500001 0.0 0.0
126.58589012499999 1.0 1.0
127.50896512499999 0.0 0.0
128.432040125 1.0 0.0
129.355115125 0.0 0.0
130.27819012499998 1.0 1.0
131.201265125 0.0 0.0
132.12434012499997 1.0 0.0
133.047415125 0.0 0.0
133.970490125 1.0 1.0
134.89356512499998 0.0 0.0
135.816640125 1.0 0.0
136.73971512499998 0.0 0.0
137.662790125 1.0 1.0
138.585865125 0.0 0.0
139.50894012499998 1.0 0.0
140.432015125 0.0 0.0
141.355090125 1.0 1.0
142.278165125 0.0 0.0
143.201240125 1.0 0.0
144.12431512499998 0.0 0.0
145.047390125 1.0 1.0
145.970465125 0.0 0.0
146.893540125 1.0 0.0
147.816615125 0.0 0.0
148.73969012499998 1.0 1.0
149.662765125 0.0 0.0
150.585840125 1.0 0.0
151.508915125 0.0 0.0
152.431990125 1.0 1.0
153.35506512499998 0.0 0.0
154.278140125 1.0 0.0
155.201215125 0.0 0.0
156.124290125 1.0 1.0
157.047365125 0.0 0.0
157.97044012499998 1.0 0.0
158.893515125 0.0 0.0
159.816590125 1.0 1.0
160.739665125 0.0 0.0
161.662740125 1.0 0.0
162.58581512499998 0.0 0.0
163.508890125 1.0 1.0
164.431965125 0.0 0.0
165.355040125 1.0 0.0
166.278115125 0.0 0.0
167.20119012499998 1.0 1.0
168.124265125 0.0 0.0
169.047340125 1.0 0.0
169.970415125 0.0 0.0
170.893490125 1.0 1.0
171.81656512499998 0.0 0.0
172.739640125 1.0 0.0
173.662715125 0.0 0.0
174.585790125 1.0 1.0
175.508865125 0.0 0.0
176.43194012499998 1.0 0.0
177.355015125 0.0 0.0
178.278090125 1.0 1.0
179.201165125 0.0 0.0
180.124240125 1.0 0.0
181.04731512499998 0.0 0.0
181.970390125 1.0 1.0
182.893465125 0.0 0.0
183.816540125 1.0 0.0
184.739615125 0.0 0.0
185.66269012499998 1.0 1.0
186.585765125 0.0 0.0
187.508840125 1.0 0.0
188.431915125 0.0 0.0
189.354990125 1.0 1.0
190.27806512499998 0.0 0.0
191.201140125 1.0 0.0
192.124215125 0.0 0.0
193.047290125 1.0 1.0
193.970365125 0.0 0.0
194.89344012499998 1.0 0.0
195.816515125 0.0 0.0
196.739590125 1.0 1.0
197.662665125 0.0 0.0
198.585740125 1.0 0.0
199.50881512499998 0.0 0.0
200.431890125 1.0 1.0
201.354965125 0.0 0.0
202.278040125 1.0 0.0
203.201115125 0.0 0.0
204.12419012499998 1.0 1.0
205.047265125 0.0 0.0
205.970340125 1.0 0.0
206.893415125 0.0 0.0
207.816490125 1.0 1.0
208.73956512499998 0.0 0.0
209.662640125 1.0 0.0
210.585715125 0.0 0.0
211.508790125 1.0 1.0
212.431865125 0.0 0.0
213.35494012499998 1.0 0.0
214.278015125 0.0 0.0
215.201090125 1.0 1.0
216.124165125 0.0 0.0
217.047240125 1.0 0.0
217.97031512499998 0.0 0.0
218.893390125 1.0 1.0
219.816465125 0.0 0.0
220.739540125 1.0 0.0
221.662615125 0.0 0.0
222.58569012499999 1.0 1.0
223.508765125 0.0 0.0
224.431840125 1.0 0.0
225.354915125 0.0 0.0
226.277990125 1.0 1.0
227.20106512499999 0.0 0.0
228.124140125 1.0 0.0
229.047215125 0.0 0.0
229.970290125 1.0 1.0
230.893365125 0.0 0.0
231.81644012499999 1.0 0.0
232.739515125 0.0 0.0
233.662590125 1.0 1.0
234.585665125 0.0 0.0
235.508740125 1.0 0.0
236.43181512499999 0.0 0.0
237.354890125 1.0 1.0
238.277965125 0.0 0.0
239.201040125 1.0 0.0
240.124115125 0.0 0.0
241.047190125 1.0 1.0
241.970265125 0.0 0.0
242.893340125 1.0 0.0
243.816415125 0.0 0.0
244.739490125 0.0 0.0