0.356 0.0 0.0
0.856 1.0 0.0
1.3559999999999997 0.0 0.0
1.8559999999999997 1.0 1.0
2.356 0.0 0.0
2.856 1.0 0.0
3.356 0.0 0.0
3.856 1.0 1.0
4.356 0.0 0.0
4.856 1.0 0.0
5.356 0.0 0.0
5.856 1.0 1.0
6.356 0.0 0.0
6.856 1.0 0.0
7.356 0.0 0.0
7.856 1.0 1.0
8.356 0.0 0.0
8.856 1.0 0.0
9.356 0.0 0.0
9.856 1.0 1.0
10.356 0.0 0.0
10.856 1.0 0.0
11.356 0.0 0.0
11.856 1.0 1.0
12.356 0.0 0.0
12.856 1.0 0.0
13.356 0.0 0.0
13.856 1.0 1.0
14.356 0.0 0.0
14.856 1.0 0.0
15.356 0.0 0.0
15.856 1.0 1.0
16.356 0.0 0.0
16.856 1.0 0.0
17.356 0.0 0.0
17.856 1.0 1.0
18.356 0.0 0.0
18.856 1.0 0.0
19.356 0.0 0.0
19.856 1.0 1.0
20.356 0.0 0.0
20.856 1.0 0.0
21.356 0.0 0.0
21.856 1.0 1.0
22.356 0.0 0.0
22.856 1.0 0.0
23.356 0.0 0.0
23.856 1.0 1.0
24.356 0.0 0.0
24.856 1.0 0.0
25.356 0.0 0.0
25.856 1.0 1.0
26.356 0.0 0.0
26.856 1.0 0.0
27.356 0.0 0.0
27.856 1.0 1.0
28.356 0.0 0.0
28.856 1.0 0.0
29.356 0.0 0.0
29.856 1.0 1.0
30.356 0.0 0.0
30.856 1.0 0.0
31.356 0.0 0.0
31.856 1.0 1.0
32.356 0.0 0.0
32.856 1.0 0.0
33.356 0.0 0.0
33.856 1.0 1.0
34.356 0.0 0.0
34.856 1.0 0.0
35.356 0.0 0.0
35.856 1.0 1.0
36.356 0.0 0.0
36.856 1.0 0.0
37.356 0.0 0.0
37.856 1.0 1.0
38.356 0.0 0.0
38.856 1.0 0.0
39.356 0.0 0.0
39.856 1.0 1.0
40.356 0.0 0.0
40.856 1.0 0.0
41.356 0.0 0.0
41.856 1.0 1.0
42.356 0.0 0.0
42.856 1.0 0.0
43.356 0.0 0.0
43.856 1.0 1.0
44.356 0.0 0.0
44.856 1.0 0.0
45.356 0.0 0.0
45.856 1.0 1.0
46.356 0.0 0.0
46.856 1.0 0.0
47.356 0.0 0.0
47.856 1.0 1.0
48.356 0.0 0.0
48.856 1.0 0.0
49.356 0.0 0.0
49.856 1.0 1.0
50.356 0.0 0.0
50.856 1.0 0.0
51.356 0.0 0.0
51.856 1.0 1.0
52.356 0.0 0.0
52.856 1.0 0.0
53.356 0.0 0.0
53.856 1.0 1.0
54.356 0.0 0.0
54.856 1.0 0.0
55.356 0.0 0.0
55.856 1.0 1.0
56.356 0.0 0.0
56.856 1.0 0.0
57.356 0.0 0.0
57.856 1.0 1.0
58.356 0.0 0.0
58.856 1.0 0.0
59.356 0.0 0.0
59.856 1.0 1.0
60.356 0.0 0.0
60.856 1.0 0.0
61.356 0.0 0.0
61.856 1.0 1.0
62.356 0.0 0.0
62.856 1.0 0.0
63.356 0.0 0.0
63.856 1.0 1.0
64.356 0.0 0.0
64.856 1.0 0.0
65.356 0.0 0.0
65.856 1.0 1.0
66.356 0.0 0.0
66.856 1.0 0.0
67.356 0.0 0.0
67.856 1.0 1.0
68.356 0.0 0.0
68.856 1.0 0.0
69.356 0.0 0.0
69.856 1.0 1.0
70.356 0.0 0.0
70.856 1.0 0.0
71.356 0.0 0.0
71.856 1.0 1.0
72.356 0.0 0.0
72.856 1.0 0.0
73.356 0.0 0.0
73.856 1.0 1.0
74.356 0.0 0.0
74.856 1.0 0.0
75.356 0.0 0.0
75.856 1.0 1.0
76.356 0.0 0.0
76.856 1.0 0.0
77.356 0.0 0.0
77.856 1.0 1.0
78.356 0.0 0.0
78.856 1.0 0.0
79.356 0.0 0.0
79.856 1.0 1.0
80.356 0.0 0.0
80.856 1.0 0.0
81.356 0.0 0.0
81.856 1.0 1.0
82.356 0.0 0.0
82.856 1.0 0.0
83.356 0.0 0.0
83.856 1.0 1.0
84.356 0.0 0.0
84.856 1.0 0.0
85.356 0.0 0.0
85.856 1.0 1.0
86.356 0.0 0.0
86.856 1.0 0.0
87.356 0.0 0.0
87.856 1.0 1.0
88.356 0.0 0.0
88.856 1.0 0.0
89.356 0.0 0.0
89.856 1.0 1.0
90.356 0.0 0.0
90.856 1.0 0.0
91.356 0.0 0.0
91.856 1.0 1.0
92.356 0.0 0.0
92.856 1.0 0.0
93.356 0.0 0.0
93.856 1.0 1.0
94.356 0.0 0.0
94.856 1.0 0.0
95.356 0.0 0.0
95.856 1.0 1.0
96.356 0.0 0.0
96.856 1.0 0.0
97.356 0.0 0.0
97.856 1.0 1.0
98.356 0.0 0.0
98.856 1.0 0.0
99.356 0.0 0.0
99.856 1.0 1.0
100.356 0.0 0.0
100.856 1.0 0.0
101.356 0.0 0.0
101.856 1.0 1.0
102.356 0.0 0.0
102.856 1.0 0.0
103.356 0.0 0.0
103.856 1.0 1.0
104.356 0.0 0.0
104.856 1.0 0.0
105.356 0.0 0.0
105.856 1.0 1.0
106.356 0.0 0.0
106.856 1.0 0.0
107.356 0.0 0.0
107.856 1.0 1.0
108.356 0.0 0.0
108.856 1.0 0.0
109.356 0.0 0.0
109.856 1.0 1.0
110.356 0.0 0.0
110.856 1.0 0.0
111.356 0.0 0.0
111.856 1.0 1.0
112.356 0.0 0.0
112.856 1.0 0.0
113.356 0.0 0.0
113.856 1.0 1.0
114.356 0.0 0.0
114.856 1.0 0.0
115.356 0.0 0.0
115.856 1.0 1.0
116.356 0.0 0.0
116.856 1.0 0.0
117.356 0.0 0.0
117.856 1.0 1.0
118.356 0.0 0.0
118.856 1.0 0.0
119.356 0.0 0.0
119.856 1.0 1.0
120.356 0.0 0.0
120.856 1.0 0.0
121.356 0.0 0.0
121.856 1.0 1.0
122.356 0.0 0.0
122.856 1.0 0.0
123.356 0.0 0.0
123.856 1.0 1.0
124.356 0.0 0.0
124.856 1.0 0.0
125.356 0.0 0.0
125.856 1.0 1.0
126.356 0.0 0.0
126.856 1.0 0.0
127.356 0.0 0.0
127.856 1.0 1.0
128.356 0.0 0.0
128.856 1.0 0.0
129.356 0.0 0.0
129.856 1.0 1.0
130.356 0.0 0.0
130.856 1.0 0.0
131.356 0.0 0.0
131.856 1.0 1.0
132.356 0.0 0.0
132.856 1.0 0.0
133.356 0.0 0.0
133.856 1.0 1.0
134.356 0.0 0.0
134.856 1.0 0.0
135.356 0.0 0.0
135.856 1.0 1.0
136.356 0.0 0.0
136.85600000000002 1.0 0.0
137.35600000000002 0.0 0.0
137.85600000000002 1.0 1.0
138.35600000000002 0.0 0.0
138.85600000000002 1.0 0.0
139.35600000000002 0.0 0.0
139.85600000000002 1.0 1.0
140.35600000000002 0.0 0.0
140.85600000000002 1.0 0.0
141.35600000000002 0.0 0.0
141.85600000000002 1.0 1.0
142.35600000000002 0.0 0.0
142.85600000000002 1.0 0.0
143.35600000000002 0.0 0.0
143.85600000000002 1.0 1.0
144.35600000000002 0.0 0.0
144.85600000000002 1.0 0.0
145.35600000000002 0.0 0.0
145.85600000000002 1.0 1.0
146.35600000000002 0.0 0.0
146.85600000000002 1.0 0.0
147.35600000000002 0.0 0.0
147.85600000000002 1.0 1.0
148.35600000000002 0.0 0.0
148.85600000000002 1.0 0.0
149.35600000000002 0.0 0.0
149.85600000000002 1.0 1.0
150.35600000000002 0.0 0.0
150.85600000000002 1.0 0.0
151.35600000000002 0.0 0.0
151.85600000000002 1.0 1.0
152.35600000000002 0.0 0.0
152.85600000000002 1.0 0.0
153.35600000000002 0.0 0.0
153.85600000000002 1.0 1.0
154.35600000000002 0.0 0.0
154.85600000000002 1.0 0.0
155.35600000000002 0.0 0.0
155.85600000000002 1.0 1.0
156.35600000000002 0.0 0.0
156.85600000000002 1.0 0.0
157.35600000000002 0.0 0.0
157.85600000000002 1.0 1.0
158.35600000000002 0.0 0.0
158.85600000000002 1.0 0.0
159.35600000000002 0.0 0.0
159.85600000000002 1.0 1.0
160.35600000000002 0.0 0.0
160.85600000000002 1.0 0.0
161.35600000000002 0.0 0.0
161.85600000000002 1.0 1.0
162.35600000000002 0.0 0.0
162.85600000000002 1.0 0.0
163.35600000000002 0.0 0.0
163.85600000000002 1.0 1.0
164.35600000000002 0.0 0.0
164.85600000000002 1.0 0.0
165.35600000000002 0.0 0.0
165.85600000000002 1.0 1.0
166.35600000000002 0.0 0.0
166.85600000000002 1.0 0.0
167.35600000000002 0.0 0.0
167.85600000000002 1.0 1.0
168.35600000000002 0.0 0.0
168.85600000000002 1.0 0.0
169.35600000000002 0.0 0.0
169.85600000000002 1.0 1.0
170.35600000000002 0.0 0.0
170.85600000000002 1.0 0.0
171.35600000000002 0.0 0.0
171.85600000000002 1.0 1.0
172.35600000000002 0.0 0.0
172.85600000000002 1.0 0.0
173.35600000000002 0.0 0.0
173.85600000000002 1.0 1.0
174.35600000000002 0.0 0.0
174.85600000000002 1.0 0.0
175.35600000000002 0.0 0.0
175.85600000000002 1.0 1.0
176.35600000000002 0.0 0.0
176.85600000000002 1.0 0.0
177.35600000000002 0.0 0.0
177.85600000000002 1.0 1.0
178.35600000000002 0.0 0.0
178.85600000000002 1.0 0.0
179.35600000000002 0.0 0.0
179.85600000000002 1.0 1.0
180.3037871195 0.0 0.0
180.7515481195 1.0 0.0
181.1993091195 0.0 0.0
181.6470701195 1.0 1.0
182.147044 0.0 0.0
182.647044 1.0 0.0
183.147044 0.0 0.0
183.647044 1.0 1.0
184.147044 0.0 0.0
184.647044 1.0 0.0
185.147044 0.0 0.0
185.647044 1.0 1.0
186.147044 0.0 0.0
186.647044 1.0 0.0
187.147044 0.0 0.0
187.647044 1.0 1.0
188.147044 0.0 0.0
188.647044 1.0 0.0
189.147044 0.0 0.0
189.647044 1.0 1.0
190.147044 0.0 0.0
190.647044 1.0 0.0
191.147044 0.0 0.0
191.647044 1.0 1.0
192.147044 0.0 0.0
192.647044 1.0 0.0
193.147044 0.0 0.0
193.647044 1.0 1.0
194.147044 0.0 0.0
194.647044 1.0 0.0
195.147044 0.0 0.0
195.647044 1.0 1.0
196.147044 0.0 0.0
196.647044 1.0 0.0
197.147044 0.0 0.0
197.647044 1.0 1.0
198.147044 0.0 0.0
198.647044 1.0 0.0
199.147044 0.0 0.0
199.647044 1.0 1.0
200.147044 0.0 0.0
200.647044 1.0 0.0
201.147044 0.0 0.0
201.647044 1.0 1.0
202.147044 0.0 0.0
202.647044 1.0 0.0
203.147044 0.0 0.0
203.647044 1.0 1.0
204.147044 0.0 0.0
204.647044 1.0 0.0
205.147044 0.0 0.0
205.647044 1.0 1.0
206.147044 0.0 0.0
206.647044 1.0 0.0
207.147044 0.0 0.0
207.647044 1.0 1.0
208.147044 0.0 0.0
208.647044 1.0 0.0
209.147044 0.0 0.0
209.647044 1.0 1.0
210.147044 0.0 0.0
210.647044 1.0 0.0
211.147044 0.0 0.0
211.647044 1.0 1.0
212.147044 0.0 0.0
212.647044 1.0 0.0
213.147044 0.0 0.0
213.647044 1.0 1.0
214.147044 0.0 0.0
214.647044 1.0 0.0
215.147044 0.0 0.0
215.647044 1.0 1.0
216.147044 0.0 0.0
216.647044 1.0 0.0
217.147044 0.0 0.0
217.647044 1.0 1.0
218.147044 0.0 0.0
218.647044 1.0 0.0
219.147044 0.0 0.0
219.647044 1.0 1.0
220.147044 0.0 0.0
220.647044 1.0 0.0
221.147044 0.0 0.0
221.647044 1.0 1.0
222.147044 0.0 0.0
222.647044 1.0 0.0
223.147044 0.0 0.0
223.647044 1.0 1.0
224.147044 0.0 0.0
224.647044 1.0 0.0
225.147044 0.0 0.0
225.647044 1.0 1.0
226.147044 0.0 0.0
226.647044 1.0 0.0
227.147044 0.0 0.0
227.647044 1.0 1.0
228.147044 0.0 0.0
228.647044 1.0 0.0
229.147044 0.0 0.0
229.647044 1.0 1.0
230.147044 0.0 0.0
230.647044 1.0 0.0
231.147044 0.0 0.0
231.647044 1.0 1.0
232.147044 0.0 0.0
232.647044 1.0 0.0
233.147044 0.0 0.0
233.647044 1.0 1.0
234.147044 0.0 0.0
234.647044 1.0 0.0
235.147044 0.0 0.0
235.647044 1.0 1.0
236.147044 0.0 0.0
236.647044 1.0 0.0
237.147044 0.0 0.0
237.647044 1.0 1.0
238.147044 0.0 0.0
238.647044 1.0 0.0
239.147044 0.0 0.0
239.647044 1.0 1.0
240.147044 0.0 0.0
240.647044 1.0 0.0
241.147044 0.0 0.0
241.647044 1.0 1.0
242.147044 0.0 0.0
242.647044 1.0 0.0
243.147044 0.0 0.0
243.647044 1.0 1.0
244.147044 0.0 0.0
244.647044 1.0 0.0
245.147044 0.0 0.0
245.647044 1.0 1.0
246.147044 0.0 0.0
246.647044 1.0 0.0
247.147044 0.0 0.0
247.647044 1.0 1.0
248.147044 0.0 0.0
248.647044 1.0 0.0
249.147044 0.0 0.0
249.647044 1.0 1.0
250.147044 0.0 0.0
250.647044 1.0 0.0
251.147044 0.0 0.0
251.647044 1.0 1.0
252.147044 0.0 0.0
252.647044 1.0 0.0
253.147044 0.0 0.0
253.647044 1.0 1.0
254.147044 0.0 0.0
254.647044 1.0 0.0
255.147044 0.0 0.0
255.647044 1.0 1.0
256.147044 0.0 0.0
256.647044 1.0 0.0
257.147044 0.0 0.0
257.647044 1.0 1.0
258.147044 0.0 0.0
258.647044 1.0 0.0
259.147044 0.0 0.0
259.647044 1.0 1.0
260.147044 0.0 0.0
260.647044 1.0 0.0
261.147044 0.0 0.0
261.647044 1.0 1.0
262.147044 0.0 0.0
262.647044 1.0 0.0
263.147044 0.0 0.0
263.647044 1.0 1.0
264.147044 0.0 0.0
264.647044 1.0 0.0
265.147044 0.0 0.0
265.647044 1.0 1.0
266.147044 0.0 0.0
266.647044 1.0 0.0
267.147044 0.0 0.0
267.647044 1.0 1.0
268.147044 0.0 0.0
268.647044 1.0 0.0
269.147044 0.0 0.0
269.647044 1.0 1.0
270.147044 0.0 0.0
270.647044 0.0 0.0
271.147044 1.0 0.0
271.647044 0.0 0.0
272.147044 1.0 1.0
272.647044 0.0 0.0
273.147044 1.0 0.0
273.647044 0.0 0.0
274.147044 1.0 1.0
274.647044 0.0 0.0
275.147044 1.0 0.0
275.647044 0.0 0.0
276.147044 0.0 0.0