0.34153745399999996 0.0 0.0
0.8543564539999998 1.0 1.0
1.3671754539999998 0.0 0.0
1.8799944539999998 1.0 0.0
2.392813454 0.0 0.0
2.905632454 1.0 1.0
3.418451454 0.0 0.0
3.931270454 1.0 0.0
4.444089454 0.0 0.0
4.956908454 1.0 1.0
5.469727454 0.0 0.0
5.9825464539999995 1.0 0.0
6.495365454 0.0 0.0
7.008184453999999 1.0 1.0
7.522565613749999 0.0 0.0
8.03758561375 1.0 0.0
8.55260561375 0.0 0.0
9.06762561375 1.0 1.0
9.58264561375 0.0 0.0
10.09766561375 1.0 0.0
10.614169426833332 0.0 0.0
11.131410426833332 1.0 1.0
11.648651426833332 0.0 0.0
12.165892426833333 1.0 0.0
12.683133426833333 0.0 0.0
13.200374426833333 1.0 1.0
13.717615426833333 0.0 0.0
14.234856426833334 1.0 0.0
14.752097426833334 0.0 0.0
15.269338426833333 1.0 1.0
15.785063224166667 0.0 0.0
16.300083224166666 1.0 0.0
16.815103224166666 0.0 0.0
17.330123224166666 1.0 1.0
17.845143224166666 0.0 0.0
18.360163224166666 1.0 0.0
18.875183224166665 0.0 0.0
19.390203224166665 1.0 1.0
19.905223224166665 0.0 0.0
20.420243224166665 1.0 0.0
20.935263224166665 0.0 0.0
21.450283224166665 1.0 1.0
21.965303224166664 0.0 0.0
22.480323224166664 1.0 0.0
22.995343224166664 0.0 0.0
23.510363224166667 1.0 1.0
24.025383224166667 0.0 0.0
24.540403224166667 1.0 0.0
25.055423224166667 0.0 0.0
25.570443224166667 1.0 1.0
26.085463224166666 0.0 0.0
26.600483224166666 1.0 0.0
27.115503224166666 0.0 0.0
27.630523224166666 1.0 1.0
28.145543224166666 0.0 0.0
28.660563224166665 1.0 0.0
29.175583224166665 0.0 0.0
29.690603224166665 1.0 1.0
30.205623224166665 0.0 0.0
30.720643224166665 1.0 0.0
31.235663224166665 0.0 0.0
31.750683224166668 1.0 1.0
32.265703224166664 0.0 0.0
32.780723224166664 1.0 0.0
33.295743224166664 0.0 0.0
33.810763224166664 1.0 1.0
34.32578322416666 0.0 0.0
34.84080322416666 1.0 0.0
35.35582322416666 0.0 0.0
35.87084322416666 1.0 1.0
36.38586322416666 0.0 0.0
36.90088322416666 1.0 0.0
37.41590322416666 0.0 0.0
37.93092322416666 1.0 1.0
38.44594322416666 0.0 0.0
38.96096322416666 1.0 0.0
39.47598322416666 0.0 0.0
39.99100322416666 1.0 1.0
40.50602322416666 0.0 0.0
41.02104322416666 1.0 0.0
41.53606322416667 0.0 0.0
42.05108322416666 1.0 1.0
42.56610322416667 0.0 0.0
43.08112322416666 1.0 0.0
43.59614322416667 0.0 0.0
44.11116322416666 1.0 1.0
44.62618322416667 0.0 0.0
45.14120322416666 1.0 0.0
45.656223224166666 0.0 0.0
46.17124322416666 1.0 1.0
46.68768688516667 0.0 0.0
47.20492788516667 1.0 0.0
47.72216888516667 0.0 0.0
48.239409885166666 1.0 1.0
48.75665088516667 0.0 0.0
49.27389188516667 1.0 0.0
49.79113288516667 0.0 0.0
50.30837388516667 1.0 1.0
50.825614885166665 0.0 0.0
51.34285588516667 1.0 0.0
51.86009688516667 0.0 0.0
52.37733788516667 1.0 1.0
52.894578885166666 0.0 0.0
53.411819885166665 1.0 0.0
53.92906088516667 0.0 0.0
54.44630188516667 1.0 1.0
54.96354288516667 0.0 0.0
55.48078388516667 1.0 0.0
55.99802488516667 0.0 0.0
56.51526588516667 1.0 1.0
57.03250688516667 0.0 0.0
57.54974788516667 1.0 0.0
58.066988885166666 0.0 0.0
58.58422988516667 1.0 1.0
59.10147088516667 0.0 0.0
59.61871188516667 1.0 0.0
60.135952885166674 0.0 0.0
60.65319388516667 1.0 1.0
61.17043488516667 0.0 0.0
61.68767588516667 1.0 0.0
62.20491688516667 0.0 0.0
62.722157885166666 1.0 1.0
63.239398885166665 0.0 0.0
63.75663988516667 1.0 0.0
64.27388088516668 0.0 0.0
64.79112188516667 1.0 1.0
65.30836288516667 0.0 0.0
65.82560388516667 1.0 0.0
66.34284488516667 0.0 0.0
66.86008588516667 1.0 1.0
67.37732688516667 0.0 0.0
67.89456788516668 1.0 0.0
68.41180888516666 0.0 0.0
68.92904988516668 1.0 1.0
69.44629088516668 0.0 0.0
69.96353188516667 1.0 0.0
70.48077288516667 0.0 0.0
70.99677417466667 1.0 1.0
71.51223717466667 0.0 0.0
72.02770017466666 1.0 0.0
72.54316317466666 0.0 0.0
73.05862617466666 1.0 1.0
73.57408917466667 0.0 0.0
74.08955217466666 1.0 0.0
74.60501517466666 0.0 0.0
75.12047817466666 1.0 1.0
75.63594117466667 0.0 0.0
76.15140417466667 1.0 0.0
76.66686717466666 0.0 0.0
77.18233017466666 1.0 1.0
77.69779317466666 0.0 0.0
78.21325617466667 1.0 0.0
78.72871917466667 0.0 0.0
79.24418217466666 1.0 1.0
79.75964517466666 0.0 0.0
80.27510817466667 1.0 0.0
80.79057117466667 0.0 0.0
81.30603417466666 1.0 1.0
81.82149717466666 0.0 0.0
82.33696017466667 1.0 0.0
82.85242317466667 0.0 0.0
83.36788617466667 1.0 1.0
83.88334917466666 0.0 0.0
84.39881217466666 1.0 0.0
84.91427517466667 0.0 0.0
85.42973817466667 1.0 1.0
85.94520117466666 0.0 0.0
86.46066417466666 1.0 0.0
86.97612717466666 0.0 0.0
87.49159017466667 1.0 1.0
88.00705317466667 0.0 0.0
88.52251617466666 1.0 0.0
89.03797917466667 0.0 0.0
89.55344217466667 1.0 1.0
90.06890517466667 0.0 0.0
90.58436817466666 1.0 0.0
91.09983117466666 0.0 0.0
91.61529417466667 1.0 1.0
92.13075717466667 0.0 0.0
92.64622017466667 1.0 0.0
93.16168317466666 0.0 0.0
93.67714617466666 1.0 1.0
94.19260917466667 0.0 0.0
94.70807217466667 1.0 0.0
95.22353517466667 0.0 0.0
95.73899817466666 1.0 1.0
96.25446117466666 0.0 0.0
96.76992417466667 1.0 0.0
97.28538717466667 0.0 0.0
97.80085017466666 1.0 1.0
98.31631317466667 0.0 0.0
98.83177617466667 1.0 0.0
99.34723917466667 0.0 0.0
99.86270217466667 1.0 1.0
100.37816517466666 0.0 0.0
100.89362817466667 1.0 0.0
101.40909117466667 0.0 0.0
101.92455417466667 1.0 1.0
102.44001717466666 0.0 0.0
102.95548017466666 1.0 0.0
103.47094317466667 0.0 0.0
103.98640617466667 1.0 1.0
104.50186917466667 0.0 0.0
105.01733217466668 1.0 0.0
105.53279517466666 0.0 0.0
106.04825817466667 1.0 1.0
106.56372117466667 0.0 0.0
107.07918417466666 1.0 0.0
107.59464717466668 0.0 0.0
108.11011017466666 1.0 1.0
108.62557317466667 0.0 0.0
109.14103617466667 1.0 0.0
109.65649917466666 0.0 0.0
110.17196217466667 1.0 1.0
110.68742517466666 0.0 0.0
111.20288817466667 1.0 0.0
111.71835117466667 0.0 0.0
112.23381417466666 1.0 1.0
112.74927717466667 0.0 0.0
113.26474017466667 1.0 0.0
113.78020317466667 0.0 0.0
114.29566617466666 1.0 1.0
114.81112917466666 0.0 0.0
115.32659217466667 1.0 0.0
115.84205517466667 0.0 0.0
116.35751817466667 1.0 1.0
116.87298117466668 0.0 0.0
117.38844417466666 1.0 0.0
117.90390717466667 0.0 0.0
118.41937017466667 1.0 1.0
118.93483317466666 0.0 0.0
119.45029617466668 1.0 0.0
119.96575917466666 0.0 0.0
120.48122217466667 1.0 1.0
120.99668517466667 0.0 0.0
121.51214817466666 1.0 0.0
122.02761117466667 0.0 0.0
122.54307417466667 1.0 1.0
123.05853717466667 0.0 0.0
123.57400017466666 1.0 0.0
124.08946317466666 0.0 0.0
124.60492617466667 1.0 1.0
125.12038917466667 0.0 0.0
125.63585217466667 1.0 0.0
126.15131517466668 0.0 0.0
126.66677817466666 1.0 1.0
127.18318101166666 0.0 0.0
127.69997601166666 1.0 0.0
128.21677101166665 0.0 0.0
128.73356601166665 1.0 1.0
129.25036101166666 0.0 0.0
129.76715601166666 1.0 0.0
130.28395101166666 0.0 0.0
130.80074601166666 1.0 1.0
131.31754101166666 0.0 0.0
131.83433601166666 1.0 0.0
132.35113101166667 0.0 0.0
132.86792601166667 1.0 1.0
133.38472101166667 0.0 0.0
133.90151601166667 1.0 0.0
134.41831101166667 0.0 0.0
134.93510601166668 1.0 1.0
135.45190101166665 0.0 0.0
135.96869601166665 1.0 0.0
136.48549101166665 0.0 0.0
137.00228601166665 1.0 1.0
137.51908101166666 0.0 0.0
138.03587601166666 1.0 0.0
138.55267101166666 0.0 0.0
139.06946601166666 1.0 1.0
139.58626101166666 0.0 0.0
140.10305601166667 1.0 0.0
140.61985101166667 0.0 0.0
141.13664601166667 1.0 1.0
141.65344101166667 0.0 0.0
142.17023601166667 1.0 0.0
142.68703101166668 0.0 0.0
143.20382601166665 1.0 1.0
143.72062101166665 0.0 0.0
144.23741601166665 1.0 0.0
144.75421101166665 0.0 0.0
145.27100601166666 1.0 1.0
145.78780101166666 0.0 0.0
146.30459601166666 1.0 0.0
146.82139101166666 0.0 0.0
147.33818601166666 1.0 1.0
147.85438590366667 0.0 0.0
148.37029290366667 1.0 0.0
148.88619990366666 0.0 0.0
149.40210690366666 1.0 1.0
149.91801390366666 0.0 0.0
150.43392090366666 1.0 0.0
150.94982790366666 0.0 0.0
151.46573490366666 1.0 1.0
151.98164190366666 0.0 0.0
152.49754890366665 1.0 0.0
153.01345590366665 0.0 0.0
153.52936290366665 1.0 1.0
154.04526990366668 0.0 0.0
154.56117690366668 1.0 0.0
155.07708390366668 0.0 0.0
155.59299090366667 1.0 1.0
156.10889790366667 0.0 0.0
156.62480490366667 1.0 0.0
157.14071190366667 0.0 0.0
157.65661890366667 1.0 1.0
158.17252590366667 0.0 0.0
158.68843290366667 1.0 0.0
159.20433990366666 0.0 0.0
159.72024690366666 1.0 1.0
160.23615390366666 0.0 0.0
160.75206090366666 1.0 0.0
161.26796790366666 0.0 0.0
161.78387490366666 1.0 1.0
162.2991856179167 0.0 0.0
162.81420561791668 1.0 0.0
163.32922561791668 0.0 0.0
163.84424561791667 1.0 1.0
164.3592656179167 0.0 0.0
164.87428561791668 1.0 0.0
165.38930561791668 0.0 0.0
165.90432561791667 1.0 1.0
166.4193456179167 0.0 0.0
166.93436561791668 1.0 0.0
167.44938561791668 0.0 0.0
167.96440561791667 1.0 1.0
168.4794256179167 0.0 0.0
168.99444561791668 1.0 0.0
169.50946561791667 0.0 0.0
170.02448561791667 1.0 1.0
170.5395056179167 0.0 0.0
171.05452561791668 1.0 0.0
171.56954561791667 0.0 0.0
172.08456561791667 1.0 1.0
172.5995856179167 0.0 0.0
173.11460561791668 1.0 0.0
173.62962561791667 0.0 0.0
174.14464561791667 1.0 1.0
174.6596656179167 0.0 0.0
175.17468561791668 1.0 0.0
175.68970561791667 0.0 0.0
176.20472561791667 1.0 1.0
176.7197456179167 0.0 0.0
177.23476561791668 1.0 0.0
177.74978561791667 0.0 0.0
178.2648056179167 1.0 1.0
178.77982561791669 0.0 0.0
179.29484561791668 1.0 0.0
179.80986561791667 0.0 0.0
180.32488561791666 1.0 1.0
180.83990561791668 0.0 0.0
181.35492561791668 1.0 0.0
181.86994561791667 0.0 0.0
182.3849656179167 1.0 1.0
182.89998561791668 0.0 0.0
183.41500561791668 1.0 0.0
183.93002561791667 0.0 0.0
184.44504561791666 1.0 1.0
184.96006561791668 0.0 0.0
185.47508561791668 1.0 0.0
185.99010561791667 0.0 0.0
186.5051256179167 1.0 1.0
187.02014561791668 0.0 0.0
187.53516561791668 1.0 0.0
188.05018561791667 0.0 0.0
188.56520561791666 1.0 1.0
189.08022561791668 0.0 0.0
189.59524561791667 1.0 0.0
190.11026561791667 0.0 0.0
190.6252856179167 1.0 1.0
191.14030561791668 0.0 0.0
191.65532561791667 1.0 0.0
192.17034561791667 0.0 0.0
192.6853656179167 1.0 1.0
193.20038561791668 0.0 0.0
193.71540561791667 1.0 0.0
194.2304256179167 0.0 0.0
194.7454456179167 1.0 1.0
195.26046561791668 0.0 0.0
195.77548561791667 1.0 0.0
196.29050561791666 0.0 0.0
196.8055256179167 1.0 1.0
197.32054561791668 0.0 0.0
197.83556561791667 1.0 0.0
198.3505856179167 0.0 0.0
198.86560561791669 1.0 1.0
199.38062561791668 0.0 0.0
199.89564561791667 1.0 0.0
200.41066561791666 0.0 0.0
200.92568561791668 1.0 1.0
201.44070561791668 0.0 0.0
201.95572561791667 1.0 0.0
202.4707456179167 0.0 0.0
202.98576561791668 1.0 1.0
203.50078561791668 0.0 0.0
204.01604895158334 1.0 0.0
204.53195595158334 0.0 0.0
205.04786295158334 1.0 1.0
205.56376995158334 0.0 0.0
206.07967695158334 1.0 0.0
206.59558395158334 0.0 0.0
207.11149095158333 1.0 1.0
207.62739795158333 0.0 0.0
208.14330495158333 1.0 0.0
208.65921195158333 0.0 0.0
209.17511895158333 1.0 1.0
209.69102595158333 0.0 0.0
210.20693295158333 1.0 0.0
210.72283995158332 0.0 0.0
211.23874695158335 1.0 1.0
211.75465395158335 0.0 0.0
212.27056095158335 1.0 0.0
212.78646795158335 0.0 0.0
213.30237495158335 1.0 1.0
213.81828195158334 0.0 0.0
214.33418895158334 1.0 0.0
214.85009595158334 0.0 0.0
215.36600295158334 1.0 1.0
215.88190995158334 0.0 0.0
216.39781695158334 1.0 0.0
216.91372395158334 0.0 0.0
217.42963095158333 1.0 1.0
217.94553795158333 0.0 0.0
218.46144495158333 1.0 0.0
218.97735195158333 0.0 0.0
219.49325895158333 1.0 1.0
220.00916595158333 0.0 0.0
220.52507295158335 1.0 0.0
221.04097995158332 0.0 0.0
221.55688695158335 1.0 1.0
222.07279395158335 0.0 0.0
222.58870095158335 1.0 0.0
223.10460795158335 0.0 0.0
223.62051495158335 1.0 1.0
224.13642195158334 0.0 0.0
224.65232895158334 1.0 0.0
225.16823595158334 0.0 0.0
225.68414295158334 1.0 1.0
226.20004995158334 0.0 0.0
226.71595695158334 1.0 0.0
227.23186395158334 0.0 0.0
227.74777095158333 1.0 1.0
228.26367795158333 0.0 0.0
228.77958495158333 1.0 0.0
229.29549195158333 0.0 0.0
229.81139895158333 1.0 0.0
230.32730595158336 0.0 0.0
230.84321295158333 0.0 0.0