0.15685698600000006 0.0 0.0
1.013998986 1.0 1.0
1.871140986 0.0 0.0
2.728282986 1.0 0.0
3.585424986 0.0 0.0
4.442566986 1.0 1.0
5.299708986000001 0.0 0.0
6.156850986 1.0 0.0
7.013992986000001 0.0 0.0
7.871134986 1.0 1.0
8.728276986000001 0.0 0.0
9.585418986 1.0 0.0
10.442560986 0.0 0.0
11.299702986000002 1.0 1.0
12.156844986000001 0.0 0.0
13.013986986 1.0 0.0
13.871128986 0.0 0.0
14.728270986000002 1.0 1.0
15.585412986000001 0.0 0.0
16.442554986 1.0 0.0
17.299696986 0.0 0.0
18.156838986 1.0 1.0
19.013980986 0.0 0.0
19.871122986 1.0 0.0
20.728264986000003 0.0 0.0
21.585406986000002 1.0 1.0
22.442548986000002 0.0 0.0
23.299690986 1.0 0.0
24.156832986 0.0 0.0
25.013974986 1.0 1.0
25.871116986 0.0 0.0
26.728258986 1.0 0.0
27.585400986000003 0.0 0.0
28.442542986000003 1.0 1.0
29.299684986000003 0.0 0.0
30.156826986000002 1.0 0.0
31.013968986000002 0.0 0.0
31.871110986 1.0 1.0
32.728252986 0.0 0.0
33.585394986000004 1.0 0.0
34.442536986 0.0 0.0
35.299678986 1.0 1.0
36.156820986 0.0 0.0
37.013962986 1.0 0.0
37.871104986 0.0 0.0
38.728246986 1.0 1.0
39.585388986000005 0.0 0.0
40.442530986 1.0 0.0
41.299672986000004 0.0 0.0
42.156814986 1.0 1.0
43.013956986000004 0.0 0.0
43.871098986 1.0 0.0
44.728240986 0.0 0.0
45.585382986000006 1.0 1.0
46.442524986 0.0 0.0
47.299666986000005 1.0 0.0
48.156808986 0.0 0.0
49.013950986000005 1.0 1.0
49.871092986 0.0 0.0
50.728234986000004 1.0 0.0
51.585376986 0.0 0.0
52.442518986 1.0 1.0
53.299660986000006 0.0 0.0
54.156802986 1.0 0.0
55.01394498600001 0.0 0.0
55.87108698600001 1.0 1.0
56.72822898600001 0.0 0.0
57.58537098600001 1.0 0.0
58.44251298600001 0.0 0.0
59.29965498600001 1.0 1.0
60.15679698600001 0.0 0.0
61.01393898600001 1.0 0.0
61.87108098600001 0.0 0.0
62.72822298600001 1.0 1.0
63.58536498600001 0.0 0.0
64.44250698600001 1.0 0.0
65.29964898600001 0.0 0.0
66.156790986 1.0 1.0
67.01393298600001 0.0 0.0
67.87107498600001 1.0 0.0
68.728216986 0.0 0.0
69.58535898600002 1.0 1.0
70.44250098600001 0.0 0.0
71.29964298600001 1.0 0.0
72.156784986 0.0 0.0
73.01392698600002 1.0 1.0
73.87106898600001 0.0 0.0
74.72821098600001 1.0 0.0
75.585352986 0.0 0.0
76.44249498600001 1.0 1.0
77.29963698600001 0.0 0.0
78.156778986 1.0 0.0
79.01392098600002 0.0 0.0
79.87106298600001 1.0 1.0
80.73813459133333 0.0 0.0
81.61086059133333 1.0 0.0
82.48325168283334 0.0 0.0
83.35237987766668 1.0 1.0
84.20952187766667 0.0 0.0
85.06666387766668 1.0 0.0
85.92380587766668 0.0 0.0
86.78094787766668 1.0 1.0
87.63808987766667 0.0 0.0
88.49523187766668 1.0 0.0
89.35237387766668 0.0 0.0
90.20951587766668 1.0 1.0
91.06665787766669 0.0 0.0
91.91892603941668 1.0 0.0
92.76998903941667 0.0 0.0
93.62105203941667 1.0 1.0
94.47332881308334 0.0 0.0
95.33047081308334 1.0 0.0
96.18761281308333 0.0 0.0
97.04475481308334 1.0 1.0
97.90189681308334 0.0 0.0
98.75903881308334 1.0 0.0
99.61618081308335 0.0 0.0
100.47332281308334 1.0 1.0
101.33046481308334 0.0 0.0
102.18760681308333 1.0 0.0
103.04474881308334 0.0 0.0
103.90189081308334 1.0 1.0
104.75903281308334 0.0 0.0
105.61617481308335 1.0 0.0
106.47331681308334 0.0 0.0
107.33045881308334 1.0 1.0
108.18760081308334 0.0 0.0
109.04474281308335 1.0 0.0
109.90188481308333 0.0 0.0
110.75902681308332 1.0 1.0
111.61616881308333 0.0 0.0
112.47331081308333 1.0 0.0
113.33045281308333 0.0 0.0
114.18759481308334 1.0 1.0
115.04473681308333 0.0 0.0
115.90187881308333 1.0 0.0
116.75902081308332 0.0 0.0
117.61616281308332 1.0 1.0
118.47330481308333 0.0 0.0
119.33044681308333 1.0 0.0
120.18758881308332 0.0 0.0
121.04473081308333 1.0 1.0
121.90187281308333 0.0 0.0
122.75901481308333 1.0 0.0
123.61615681308334 0.0 0.0
124.47329881308333 1.0 1.0
125.33044081308333 0.0 0.0
126.18758281308332 1.0 0.0
127.04472481308332 0.0 0.0
127.90186681308333 1.0 1.0
128.7590088130833 0.0 0.0
129.61615081308332 1.0 0.0
130.47329281308333 0.0 0.0
131.33043481308334 1.0 1.0
132.18757681308333 0.0 0.0
133.04471881308334 1.0 0.0
133.90186081308332 0.0 0.0
134.75900281308333 1.0 1.0
135.61614481308334 0.0 0.0
136.47328681308332 1.0 0.0
137.33042881308333 0.0 0.0
138.18757081308334 1.0 1.0
139.04471281308332 0.0 0.0
139.90185481308333 1.0 0.0
140.75899681308334 0.0 0.0
141.61613881308332 1.0 1.0
142.47328081308333 0.0 0.0
143.33042281308332 1.0 0.0
144.18756481308333 0.0 0.0
145.04470681308334 1.0 1.0
145.90184881308335 0.0 0.0
146.75899081308333 1.0 0.0
147.61613281308334 0.0 0.0
148.47327481308332 1.0 1.0
149.33041681308333 0.0 0.0
150.18755881308334 1.0 0.0
151.04470081308332 0.0 0.0
151.90184281308333 1.0 1.0
152.75898481308332 0.0 0.0
153.61612681308333 1.0 0.0
154.47326881308334 0.0 0.0
155.33041081308335 1.0 1.0
156.18755281308333 0.0 0.0
157.04469481308334 1.0 0.0
157.90183681308332 0.0 0.0
158.75897881308333 1.0 1.0
159.61612081308334 0.0 0.0
160.47326281308335 1.0 0.0
161.33040481308333 0.0 0.0
162.18754681308332 1.0 1.0
163.04468881308333 0.0 0.0
163.90183081308334 1.0 0.0
164.75897281308335 0.0 0.0
165.61611481308333 1.0 1.0
166.4732568130833 0.0 0.0
167.33039881308332 1.0 0.0
168.18754081308333 0.0 0.0
169.04468281308334 1.0 1.0
169.90182481308335 0.0 0.0
170.75896681308333 1.0 0.0
171.61610881308331 0.0 0.0
172.47325081308333 1.0 0.0
173.33039281308334 0.0 0.0
174.18753481308335 1.0 1.0
175.04467681308333 0.0 0.0
175.90181881308334 1.0 0.0
176.75896081308332 0.0 0.0
177.61610281308333 1.0 1.0
178.47324481308334 0.0 0.0
179.33038681308335 1.0 0.0
180.18752881308333 0.0 0.0
181.04467081308331 1.0 1.0
181.90181281308332 0.0 0.0
182.75895481308334 1.0 0.0
183.61609681308335 0.0 0.0
184.47323881308333 1.0 1.0
185.33038081308334 0.0 0.0
186.18752281308332 1.0 0.0
187.04466481308333 0.0 0.0
187.90180681308334 1.0 1.0
188.75894881308335 0.0 0.0
189.61609081308333 1.0 0.0
190.4732328130833 0.0 0.0
191.33037481308332 1.0 1.0
192.18751681308333 0.0 0.0
193.04465881308334 1.0 0.0
193.90180081308333 0.0 0.0
194.75894281308334 1.0 1.0
195.61608481308332 0.0 0.0
196.47322681308333 1.0 0.0
197.33036881308334 0.0 0.0
198.18751081308335 1.0 1.0
199.04465281308333 0.0 0.0
199.9017948130833 1.0 0.0
200.75893681308332 0.0 0.0
201.61607881308333 1.0 1.0
202.47322081308334 0.0 0.0
203.33036281308333 1.0 0.0
204.18750481308336 0.0 0.0
205.04464681308335 1.0 1.0
205.90178881308333 0.0 0.0
206.75893081308334 1.0 0.0
207.61607281308335 0.0 0.0
208.47321481308336 1.0 1.0
209.33035681308334 0.0 0.0
210.18749881308335 1.0 0.0
211.04464081308333 0.0 0.0
211.90178281308334 1.0 1.0
212.75892481308335 0.0 0.0
213.61606681308336 1.0 0.0
214.47320881308337 0.0 0.0
215.33035081308336 1.0 1.0
216.18749281308337 0.0 0.0
217.04463481308335 1.0 0.0
217.90177681308336 0.0 0.0
218.75891881308337 1.0 1.0
219.61606081308338 0.0 0.0
220.47320281308336 1.0 0.0
221.33034481308334 0.0 0.0
222.18748681308335 1.0 0.0
223.04462881308336 0.0 0.0
223.90177081308337 1.0 1.0
224.75891281308336 0.0 0.0
225.61605481308337 1.0 0.0
226.47319681308335 0.0 0.0
227.33033881308336 1.0 1.0
228.18748081308337 0.0 0.0
229.04462281308335 1.0 0.0
229.90176481308336 0.0 0.0
230.75890681308337 1.0 1.0
231.61604881308335 0.0 0.0
232.47319081308336 1.0 0.0
233.33033281308337 0.0 0.0
234.18747481308336 1.0 1.0
235.04461681308337 0.0 0.0
235.90175881308335 1.0 0.0
236.75890081308336 0.0 0.0