0.27550935 0.0 0.0
0.8877523500000002 1.0 1.0
1.4999953500000003 0.0 0.0
2.1122383500000006 1.0 0.0
2.7244813500000005 0.0 0.0
3.336724350000001 1.0 1.0
3.9489673500000007 0.0 0.0
4.5612103500000005 1.0 0.0
5.17345335 0.0 0.0
5.785696350000001 1.0 1.0
6.3979393500000015 0.0 0.0
7.010182350000001 1.0 0.0
7.622425350000001 0.0 0.0
8.234668350000002 1.0 1.0
8.846911350000001 0.0 0.0
9.459154350000002 1.0 0.0
10.071397350000002 0.0 0.0
10.683640350000003 1.0 1.0
11.295883350000002 0.0 0.0
11.908126350000002 1.0 0.0
12.520369350000003 0.0 0.0
13.132612350000002 1.0 1.0
13.744855350000002 0.0 0.0
14.357098350000003 1.0 0.0
14.969341350000002 0.0 0.0
15.581584350000004 1.0 1.0
16.193827350000003 0.0 0.0
16.806070350000002 1.0 0.0
17.418313350000002 0.0 0.0
18.030556350000005 1.0 1.0
18.642799350000004 0.0 0.0
19.255042350000004 1.0 0.0
19.867285350000007 0.0 0.0
20.479528350000006 1.0 1.0
21.091771350000005 0.0 0.0
21.704014350000005 1.0 0.0
22.316257350000004 0.0 0.0
22.928500350000004 1.0 1.0
23.540743350000003 0.0 0.0
24.152986350000006 1.0 0.0
24.765229350000006 0.0 0.0
25.377472350000005 1.0 1.0
25.989715350000004 0.0 0.0
26.601958350000004 1.0 0.0
27.214201350000003 0.0 0.0
27.826444350000006 1.0 1.0
28.438687350000006 0.0 0.0
29.050930350000005 1.0 0.0
29.663173350000005 0.0 0.0
30.275416350000004 1.0 0.0
30.887659350000007 0.0 0.0
31.499902350000006 1.0 1.0
32.112145350000006 0.0 0.0
32.724388350000005 1.0 0.0
33.336631350000005 0.0 0.0
33.948874350000004 1.0 1.0
34.56111735 0.0 0.0
35.17336035 1.0 0.0
35.78560335000001 0.0 0.0
36.39784635000001 1.0 1.0
37.01008935000001 0.0 0.0
37.62233235000001 1.0 0.0
38.23457535000001 0.0 0.0
38.84681835000001 1.0 1.0
39.459061350000006 0.0 0.0
40.071304350000005 1.0 0.0
40.683547350000005 0.0 0.0
41.295790350000004 1.0 1.0
41.90803335000001 0.0 0.0
42.52027635000001 1.0 0.0
43.13251935000001 0.0 0.0
43.74476235000001 1.0 1.0
44.35700535000001 0.0 0.0
44.96924835000001 1.0 0.0
45.58149135000001 0.0 0.0
46.19373435000001 1.0 1.0
46.805977350000006 0.0 0.0
47.418220350000006 1.0 0.0
48.03046335000001 0.0 0.0
48.64270635000001 1.0 1.0
49.25494935000001 0.0 0.0
49.86719235000001 1.0 0.0
50.47943535000001 0.0 0.0
51.09167835000001 1.0 1.0
51.70392135000001 0.0 0.0
52.31616435000001 1.0 0.0
52.92840735000001 0.0 0.0
53.54065035000001 1.0 1.0
54.15289335000001 0.0 0.0
54.76513635000001 1.0 0.0
55.37737935000001 0.0 0.0
55.98962235000001 1.0 1.0
56.60186535000001 0.0 0.0
57.21410835000001 1.0 0.0
57.82635135000001 0.0 0.0
58.43859435000001 1.0 1.0
59.05083735000001 0.0 0.0
59.66308035000001 1.0 0.0
60.27532335000001 0.0 0.0
60.887566350000014 1.0 0.0
61.499809350000014 0.0 0.0
62.11205235000001 1.0 1.0
62.72429535000001 0.0 0.0
63.33653835000001 1.0 0.0
63.94878135000001 0.0 0.0
64.56102435000001 1.0 1.0
65.17326735000002 0.0 0.0
65.78551035000001 1.0 0.0
66.39775335000002 0.0 0.0
67.00999635000001 1.0 1.0
67.62223935000002 0.0 0.0
68.23448235000001 1.0 0.0
68.84672535000001 0.0 0.0
69.45896835 1.0 1.0
70.07121135000001 0.0 0.0
70.68345435000002 1.0 0.0
71.29569735000001 0.0 0.0
71.90794035000002 1.0 1.0
72.52018335000001 0.0 0.0
73.13242635000002 1.0 0.0
73.74466935000001 0.0 0.0
74.35691235000002 1.0 1.0
74.96915535000001 0.0 0.0
75.58139835000001 1.0 0.0
76.19364135000001 0.0 0.0
76.80588435000001 1.0 1.0
77.41812735000002 0.0 0.0
78.03037035000001 1.0 0.0
78.64261335 0.0 0.0
79.25485635000001 1.0 1.0
79.86709935 0.0 0.0
80.47934235000001 1.0 0.0
81.09158535 0.0 0.0
81.70382835000001 1.0 1.0
82.31607135 0.0 0.0
82.92831435000001 1.0 0.0
83.54055735 0.0 0.0
84.15280035000002 1.0 1.0
84.76504335000001 0.0 0.0
85.37728635000002 1.0 0.0
85.98952935000001 0.0 0.0
86.60177235000002 1.0 1.0
87.21401535000001 0.0 0.0
87.82625835000002 1.0 0.0
88.43850135000001 0.0 0.0
89.05074435000002 1.0 1.0
89.66298735000002 0.0 0.0
90.27523035000002 1.0 0.0
90.88747335000002 0.0 0.0
91.49971635000001 1.0 1.0
92.11195935000002 0.0 0.0
92.72420235000001 1.0 0.0
93.33644535000002 0.0 0.0
93.94868835000001 1.0 1.0
94.56093135000002 0.0 0.0
95.17317435000001 1.0 0.0
95.78541735000002 0.0 0.0
96.39766035000002 1.0 1.0
97.00990335000002 0.0 0.0
97.62214635000002 1.0 0.0
98.23438935000001 0.0 0.0
98.84663235000002 1.0 1.0
99.45887535000001 0.0 0.0
100.07111835000002 1.0 0.0
100.68336135000001 0.0 0.0
101.29560435000002 1.0 1.0
101.90784735000001 0.0 0.0
102.52009035000002 1.0 0.0
103.13233335000002 0.0 0.0
103.74457635000002 1.0 1.0
104.35681935000002 0.0 0.0
104.96906235000002 1.0 0.0
105.58130535000002 0.0 0.0
106.19354835000001 1.0 1.0
106.80579135000002 0.0 0.0
107.41803435000001 1.0 0.0
108.03027735000002 0.0 0.0
108.64252035000003 1.0 1.0
109.25476335000002 0.0 0.0
109.86700635000003 1.0 0.0
110.47924935000002 0.0 0.0
111.09149235000002 1.0 1.0
111.70373535000002 0.0 0.0
112.31597835000002 1.0 0.0
112.92822135000002 0.0 0.0
113.54046435000002 1.0 1.0
114.15270735000001 0.0 0.0
114.76495035000002 1.0 0.0
115.37719335000003 0.0 0.0
115.98943635000002 1.0 1.0
116.60167935000003 0.0 0.0
117.21392235000002 1.0 0.0
117.82616535000003 0.0 0.0
118.43840835000002 1.0 1.0
119.05065135000002 0.0 0.0
119.66289435000002 1.0 0.0
120.27513735000002 0.0 0.0
120.88738035000002 1.0 1.0
121.49962335000002 0.0 0.0
122.11186635000003 1.0 1.0
122.72410935000002 0.0 0.0
123.33635235000003 1.0 0.0
123.94859535000002 0.0 0.0
124.56083835000003 1.0 1.0
125.17308135000002 0.0 0.0
125.78532435000002 1.0 0.0
126.39756735000002 0.0 0.0
127.00981035000002 1.0 1.0
127.62205335000003 0.0 0.0
128.23429635000002 1.0 0.0
128.84653935000003 0.0 0.0
129.45878235000004 1.0 1.0
130.07102535 0.0 0.0
130.68326835000002 1.0 0.0
131.29551135000003 0.0 0.0
131.90775435000003 1.0 1.0
132.51999735 0.0 0.0
133.13224035000002 1.0 0.0
133.74448335000002 0.0 0.0
134.35672635000003 1.0 1.0
134.96896935000004 0.0 0.0
135.58121235000002 1.0 0.0
136.19345535000002 0.0 0.0
136.80569835000003 1.0 1.0
137.41794135000004 0.0 0.0
138.03018435 1.0 0.0
138.64242735000002 0.0 0.0
139.25467035000003 1.0 1.0
139.86691335000003 0.0 0.0
140.47915635000004 1.0 0.0
141.09139935000002 0.0 0.0
141.70364235000002 1.0 1.0
142.31588535000003 0.0 0.0
142.92812835000004 1.0 0.0
143.54037135000002 0.0 0.0
144.15261435000002 1.0 1.0
144.76485735000003 0.0 0.0
145.37710035000003 1.0 0.0
145.98934335 0.0 0.0
146.60158635000002 1.0 1.0
147.21382935000003 0.0 0.0
147.82607235000003 1.0 0.0
148.43831535000004 0.0 0.0
149.05055835000002 1.0 1.0
149.66280135000002 0.0 0.0
150.27504435000003 1.0 0.0
150.88728735000004 0.0 0.0
151.49953035000001 1.0 1.0
152.11177335000002 0.0 0.0
152.72401635000003 1.0 1.0
153.33625935000003 0.0 0.0
153.94850235000004 1.0 0.0
154.56074535000002 0.0 0.0
155.17298835000003 1.0 1.0
155.78523135000003 0.0 0.0
156.39747435000004 1.0 0.0
157.00971735000002 0.0 0.0
157.62196035000002 1.0 1.0
158.23420335000003 0.0 0.0
158.84644635000004 1.0 0.0
159.45868935000004 0.0 0.0
160.07093235000002 1.0 1.0
160.68317535000003 0.0 0.0
161.29541835000003 1.0 0.0
161.90766135000004 0.0 0.0
162.51990435000002 1.0 1.0
163.13214735000003 0.0 0.0
163.74439035000003 1.0 0.0
164.35663335000004 0.0 0.0
164.96887635000002 1.0 1.0
165.58111935000002 0.0 0.0
166.19336235000003 1.0 0.0
166.80560535000004 0.0 0.0
167.41784835000004 1.0 1.0
168.03009135000002 0.0 0.0
168.64233435000003 1.0 0.0
169.25457735000003 0.0 0.0
169.86682035000004 1.0 1.0
170.47906335000002 0.0 0.0
171.09130635000002 1.0 0.0
171.70354935000003 0.0 0.0
172.31579235000004 1.0 1.0
172.92803535000004 0.0 0.0
173.54027835000002 1.0 0.0
174.15252135000003 0.0 0.0
174.76476435000004 1.0 1.0
175.37700735000004 0.0 0.0
175.98925035000002 1.0 0.0
176.60149335000003 0.0 0.0
177.21373635000003 1.0 1.0
177.82597935000004 0.0 0.0
178.43822235000005 1.0 0.0
179.05046535000002 0.0 0.0
179.66270835000003 1.0 1.0
180.27495135000004 0.0 0.0
180.88719435000004 1.0 0.0
181.49943735000002 0.0 0.0
182.11168035000003 1.0 1.0
182.72392335000004 0.0 0.0
183.33616635000004 1.0 0.0
183.94840935000002 0.0 0.0
184.56065235000003 1.0 1.0
185.17289535000003 0.0 0.0
185.78513835000004 1.0 0.0
186.39738135000005 0.0 0.0
187.00962435000002 1.0 1.0
187.62186735000003 0.0 0.0
188.23411035000004 1.0 0.0
188.84635335000004 0.0 0.0
189.45859635000002 1.0 1.0
190.07083935000003 0.0 0.0
190.68308235000003 1.0 0.0
191.29532535000004 0.0 0.0
191.90756835000005 1.0 1.0
192.51981135000003 0.0 0.0
193.13205435000003 1.0 0.0
193.74429735000004 0.0 0.0
194.35654035000005 1.0 1.0
194.96878335000002 0.0 0.0
195.58102635000003 1.0 0.0
196.19326935000004 0.0 0.0
196.80551235000004 1.0 1.0
197.41775535000005 0.0 0.0
198.02999835000003 1.0 0.0
198.64224135000003 0.0 0.0
199.25448435000004 1.0 1.0
199.86672735000005 0.0 0.0
200.47897035000003 1.0 0.0
201.09121335000003 0.0 0.0
201.70345635000004 1.0 1.0
202.31569935000005 0.0 0.0
202.92794235000002 1.0 0.0
203.54018535000003 0.0 0.0
204.15242835000004 1.0 1.0
204.76467135000004 0.0 0.0
205.37691435000005 1.0 0.0
205.98915735000003 0.0 0.0
206.60140035000003 1.0 1.0
207.21364335000004 0.0 0.0
207.82588635000005 1.0 0.0
208.43812935000003 0.0 0.0
209.05037235000003 1.0 1.0
209.66261535000004 0.0 0.0
210.27485835000004 1.0 0.0
210.88710135000005 0.0 0.0
211.49934435000003 1.0 1.0
212.11158735000004 0.0 0.0
212.72383035000004 1.0 0.0
213.33607335000005 0.0 0.0
213.94831635000003 1.0 1.0
214.56055935000003 0.0 0.0
215.17280235000004 1.0 0.0
215.78504535000005 0.0 0.0
216.39728835000005 1.0 1.0
217.00953135000003 0.0 0.0
217.62177435000004 1.0 0.0
218.23401735000004 0.0 0.0
218.84626035000005 1.0 1.0
219.45850335000003 0.0 0.0
220.07074635000004 1.0 0.0
220.68298935000004 0.0 0.0
221.29523235000005 1.0 1.0
221.90747535000003 0.0 0.0
222.51971835000003 1.0 0.0
223.13196135000004 0.0 0.0
223.74420435000005 1.0 1.0
224.35644735000005 0.0 0.0
224.96869035000003 1.0 0.0
225.58093335000004 0.0 0.0
226.19317635000004 1.0 1.0
226.80541935000005 0.0 0.0
227.41766235000003 1.0 0.0
228.02990535000004 0.0 0.0
228.64214835000004 1.0 1.0
229.25439135000005 0.0 0.0
229.86663435000006 1.0 0.0
230.47887735000003 0.0 0.0
231.09112035000004 1.0 1.0
231.70336335000005 0.0 0.0
232.31560635000005 1.0 0.0
232.92784935000003 0.0 0.0
233.54009235000004 1.0 1.0
234.15233535000004 0.0 0.0
234.76457835000005 1.0 0.0
235.37682135000006 0.0 0.0
235.98906435000004 1.0 1.0
236.60130735000004 0.0 0.0
237.21355035000005 1.0 0.0
237.82579335000005 0.0 0.0
238.43803635000003 1.0 1.0
239.05027935000004 0.0 0.0
239.66252235000005 1.0 0.0
240.27476535000005 0.0 0.0
240.88700835000003 1.0 1.0
241.49925135000004 0.0 0.0
242.11149435000004 1.0 0.0
242.72373735000005 0.0 0.0
243.33598035000006 1.0 1.0
243.94822335000003 0.0 0.0
244.56046635000004 1.0 0.0
245.17270935000005 0.0 0.0
245.78495235000005 1.0 1.0
246.39719535000003 0.0 0.0
247.00943835000004 1.0 0.0
247.62168135000005 0.0 0.0
248.23392435000005 1.0 1.0
248.84616735000006 0.0 0.0
249.45841035000004 1.0 0.0
250.07065335000004 0.0 0.0
250.68289635000005 1.0 1.0
251.29513935000006 0.0 0.0
251.90738235000003 1.0 0.0
252.51962535000004 0.0 0.0
253.13186835000005 1.0 0.0
253.74411135000005 0.0 0.0