0.203 1.0 1.0
0.7030000000000001 0.0 0.0
1.203 1.0 0.0
1.703 0.0 0.0
2.203 1.0 1.0
2.703 0.0 0.0
3.203 1.0 0.0
3.703 0.0 0.0
4.203 1.0 1.0
4.703 0.0 0.0
5.203 1.0 0.0
5.703 0.0 0.0
6.203 1.0 1.0
6.703 0.0 0.0
7.203 1.0 0.0
7.703 0.0 0.0
8.203 1.0 1.0
8.703 0.0 0.0
9.203 1.0 0.0
9.703 0.0 0.0
10.203 1.0 1.0
10.703 0.0 0.0
11.203 1.0 0.0
11.703 0.0 0.0
12.203 1.0 1.0
12.703 0.0 0.0
13.203 1.0 0.0
13.703 0.0 0.0
14.203 1.0 1.0
14.703 0.0 0.0
15.203 1.0 0.0
15.703 0.0 0.0
16.203 1.0 1.0
16.703 0.0 0.0
17.203 1.0 0.0
17.703 0.0 0.0
18.203 1.0 1.0
18.703 0.0 0.0
19.203 1.0 0.0
19.703 0.0 0.0
20.203 1.0 1.0
20.703 0.0 0.0
21.203 1.0 0.0
21.703 0.0 0.0
22.203 1.0 1.0
22.703 0.0 0.0
23.203 1.0 0.0
23.703 0.0 0.0
24.203 1.0 1.0
24.703 0.0 0.0
25.203 1.0 0.0
25.703 0.0 0.0
26.203 1.0 1.0
26.703 0.0 0.0
27.203 1.0 0.0
27.703 0.0 0.0
28.203 1.0 1.0
28.703 0.0 0.0
29.203 1.0 0.0
29.703 0.0 0.0
30.203 1.0 1.0
30.703 0.0 0.0
31.203 1.0 0.0
31.703 0.0 0.0
32.203 1.0 1.0
32.703 0.0 0.0
33.203 1.0 0.0
33.703 0.0 0.0
34.203 1.0 1.0
34.703 0.0 0.0
35.203 1.0 0.0
35.703 0.0 0.0
36.203 1.0 1.0
36.703 0.0 0.0
37.203 1.0 0.0
37.703 0.0 0.0
38.203 1.0 1.0
38.703 0.0 0.0
39.203 1.0 0.0
39.703 0.0 0.0
40.203 1.0 1.0
40.703 0.0 0.0
41.203 1.0 0.0
41.703 0.0 0.0
42.203 1.0 1.0
42.703 0.0 0.0
43.203 1.0 0.0
43.703 0.0 0.0
44.203 1.0 1.0
44.703 0.0 0.0
45.203 1.0 0.0
45.703 0.0 0.0
46.203 1.0 1.0
46.703 0.0 0.0
47.203 1.0 0.0
47.703 0.0 0.0
48.203 1.0 1.0
48.703 0.0 0.0
49.203 1.0 0.0
49.703 0.0 0.0
50.203 1.0 1.0
50.703 0.0 0.0
51.203 1.0 0.0
51.703 0.0 0.0
52.203 1.0 1.0
52.703 0.0 0.0
53.203 1.0 0.0
53.703 0.0 0.0
54.203 1.0 1.0
54.703 0.0 0.0
55.203 1.0 0.0
55.703 0.0 0.0
56.203 1.0 1.0
56.703 0.0 0.0
57.203 1.0 0.0
57.703 0.0 0.0
58.203 1.0 1.0
58.703 0.0 0.0
59.203 1.0 0.0
59.703 0.0 0.0
60.203 1.0 1.0
60.703 0.0 0.0
61.203 1.0 0.0
61.703 0.0 0.0
62.203 1.0 1.0
62.703 0.0 0.0
63.203 1.0 0.0
63.703 0.0 0.0
64.203 1.0 1.0
64.703 0.0 0.0
65.203 1.0 0.0
65.703 0.0 0.0
66.203 1.0 1.0
66.703 0.0 0.0
67.203 1.0 0.0
67.703 0.0 0.0
68.203 1.0 1.0
68.703 0.0 0.0
69.203 1.0 0.0
69.703 0.0 0.0
70.203 1.0 1.0
70.703 0.0 0.0
71.203 1.0 0.0
71.703 0.0 0.0
72.203 1.0 1.0
72.703 0.0 0.0
73.203 1.0 0.0
73.703 0.0 0.0
74.203 1.0 1.0
74.703 0.0 0.0
75.203 1.0 0.0
75.703 0.0 0.0
76.203 1.0 1.0
76.703 0.0 0.0
77.203 1.0 0.0
77.703 0.0 0.0
78.203 1.0 1.0
78.703 0.0 0.0
79.203 1.0 0.0
79.703 0.0 0.0
80.203 1.0 1.0
80.703 0.0 0.0
81.203 1.0 0.0
81.703 0.0 0.0
82.203 1.0 1.0
82.703 0.0 0.0
83.203 1.0 0.0
83.703 0.0 0.0
84.203 1.0 1.0
84.703 0.0 0.0
85.203 1.0 0.0
85.703 0.0 0.0
86.203 1.0 1.0
86.703 0.0 0.0
87.203 1.0 0.0
87.703 0.0 0.0
88.203 1.0 1.0
88.703 0.0 0.0
89.203 1.0 0.0
89.703 0.0 0.0
90.203 1.0 1.0
90.703 0.0 0.0
91.203 1.0 0.0
91.703 0.0 0.0
92.203 1.0 1.0
92.703 0.0 0.0
93.203 1.0 0.0
93.703 0.0 0.0
94.203 1.0 1.0
94.703 0.0 0.0
95.203 1.0 0.0
95.703 0.0 0.0
96.203 1.0 1.0
96.703 0.0 0.0
97.203 1.0 0.0
97.703 0.0 0.0
98.203 1.0 1.0
98.703 0.0 0.0
99.203 1.0 0.0
99.703 0.0 0.0
100.203 1.0 1.0
100.703 0.0 0.0
101.203 1.0 0.0
101.703 0.0 0.0
102.203 1.0 1.0
102.703 0.0 0.0
103.203 1.0 0.0
103.703 0.0 0.0
104.203 1.0 1.0
104.703 0.0 0.0
105.203 1.0 0.0
105.703 0.0 0.0
106.203 1.0 1.0
106.703 0.0 0.0
107.203 1.0 0.0
107.703 0.0 0.0
108.203 1.0 1.0
108.703 0.0 0.0
109.203 1.0 0.0
109.703 0.0 0.0
110.203 1.0 1.0
110.703 0.0 0.0
111.203 1.0 0.0
111.703 0.0 0.0
112.203 1.0 1.0
112.703 0.0 0.0
113.203 1.0 0.0
113.703 0.0 0.0
114.203 1.0 1.0
114.703 0.0 0.0
115.203 1.0 0.0
115.703 0.0 0.0
116.203 1.0 1.0
116.703 0.0 0.0
117.203 1.0 0.0
117.703 0.0 0.0
118.203 1.0 1.0
118.703 0.0 0.0
119.203 1.0 0.0
119.703 0.0 0.0
120.203 1.0 1.0
120.703 0.0 0.0
121.203 1.0 0.0
121.703 0.0 0.0
122.203 1.0 1.0
122.703 0.0 0.0
123.203 1.0 0.0
123.703 0.0 0.0
124.203 1.0 1.0
124.703 0.0 0.0
125.203 1.0 0.0
125.703 0.0 0.0
126.203 1.0 1.0
126.703 0.0 0.0
127.203 1.0 0.0
127.703 0.0 0.0
128.203 1.0 1.0
128.703 0.0 0.0
129.203 1.0 0.0
129.703 0.0 0.0
130.203 1.0 1.0
130.703 0.0 0.0
131.203 1.0 0.0
131.703 0.0 0.0
132.203 1.0 1.0
132.703 0.0 0.0
133.203 1.0 0.0
133.703 0.0 0.0
134.203 1.0 1.0
134.703 0.0 0.0
135.203 1.0 0.0
135.703 0.0 0.0
136.203 1.0 1.0
136.703 0.0 0.0
137.203 1.0 0.0
137.703 0.0 0.0
138.203 1.0 1.0
138.703 0.0 0.0
139.203 1.0 0.0
139.703 0.0 0.0
140.203 1.0 1.0
140.703 0.0 0.0
141.203 1.0 0.0
141.703 0.0 0.0
142.203 1.0 1.0
142.703 0.0 0.0
143.203 1.0 0.0
143.703 0.0 0.0
144.203 1.0 1.0
144.703 0.0 0.0
145.203 1.0 0.0
145.703 0.0 0.0
146.203 1.0 1.0
146.703 0.0 0.0
147.203 1.0 0.0
147.703 0.0 0.0
148.203 1.0 1.0
148.703 0.0 0.0
149.203 1.0 0.0
149.703 0.0 0.0
150.203 1.0 0.0
150.703 0.0 0.0
151.203 1.0 1.0
151.703 0.0 0.0
152.203 1.0 0.0
152.703 0.0 0.0
153.203 1.0 1.0
153.703 0.0 0.0
154.203 1.0 0.0
154.703 0.0 0.0
155.203 1.0 1.0
155.703 0.0 0.0
156.203 1.0 0.0
156.703 0.0 0.0
157.203 1.0 1.0
157.703 0.0 0.0
158.203 1.0 0.0
158.703 0.0 0.0
159.203 1.0 1.0
159.703 0.0 0.0
160.203 1.0 0.0
160.703 0.0 0.0
161.203 1.0 1.0
161.703 0.0 0.0
162.203 1.0 0.0
162.703 0.0 0.0
163.203 1.0 1.0
163.703 0.0 0.0
164.203 1.0 0.0
164.703 0.0 0.0
165.203 1.0 1.0
165.703 0.0 0.0
166.203 1.0 0.0
166.703 0.0 0.0
167.203 1.0 1.0
167.703 0.0 0.0
168.203 1.0 0.0
168.703 0.0 0.0
169.203 1.0 1.0
169.703 0.0 0.0
170.203 1.0 0.0
170.703 0.0 0.0
171.203 1.0 1.0
171.703 0.0 0.0
172.203 1.0 0.0
172.703 0.0 0.0
173.203 1.0 1.0
173.703 0.0 0.0
174.203 1.0 0.0
174.703 0.0 0.0
175.203 1.0 1.0
175.703 0.0 0.0
176.203 1.0 0.0
176.703 0.0 0.0
177.203 1.0 1.0
177.703 0.0 0.0
178.203 1.0 0.0
178.703 0.0 0.0
179.203 1.0 1.0
179.703 0.0 0.0
180.203 1.0 0.0
180.703 0.0 0.0
181.203 1.0 1.0
181.703 0.0 0.0
182.203 1.0 0.0
182.703 0.0 0.0
183.203 1.0 1.0
183.703 0.0 0.0
184.203 1.0 0.0
184.703 0.0 0.0
185.203 1.0 1.0
185.703 0.0 0.0
186.203 1.0 0.0
186.703 0.0 0.0
187.203 1.0 1.0
187.703 0.0 0.0
188.203 1.0 0.0
188.703 0.0 0.0
189.203 1.0 1.0
189.703 0.0 0.0
190.203 1.0 0.0
190.703 0.0 0.0
191.203 1.0 1.0
191.703 0.0 0.0
192.203 1.0 0.0
192.703 0.0 0.0
193.203 0.0 0.0