0.282390909 0.0 0.0
0.9345639090000001 1.0 1.0
1.5867369089999999 0.0 0.0
2.2389099089999998 1.0 0.0
2.891082909 0.0 0.0
3.543255909 1.0 1.0
4.195428909 0.0 0.0
4.847601909 1.0 0.0
5.499774909 0.0 0.0
6.151947909 1.0 1.0
6.804120909 0.0 0.0
7.456293909 1.0 0.0
8.108466909 0.0 0.0
8.760639909 1.0 1.0
9.412812909 0.0 0.0
10.064985909 1.0 0.0
10.717158909 0.0 0.0
11.369331909 1.0 1.0
12.021504909 0.0 0.0
12.673677909 1.0 0.0
13.325850909 0.0 0.0
13.978023909000001 1.0 1.0
14.630196909 0.0 0.0
15.282369909 1.0 0.0
15.934542909000001 0.0 0.0
16.586715909 1.0 1.0
17.238888909 0.0 0.0
17.891061909 1.0 0.0
18.543234909 0.0 0.0
19.195407909 1.0 1.0
19.847580909 0.0 0.0
20.499753909 1.0 0.0
21.151926909 0.0 0.0
21.804099909 1.0 1.0
22.456272909 0.0 0.0
23.108445909 1.0 0.0
23.760618909 0.0 0.0
24.412791909 1.0 1.0
25.064964909 0.0 0.0
25.717137909 1.0 0.0
26.369310909 0.0 0.0
27.021483909 1.0 1.0
27.673656909 0.0 0.0
28.325829909 1.0 0.0
28.978002909 0.0 0.0
29.630175909000002 1.0 1.0
30.282348909 0.0 0.0
30.934521909 1.0 0.0
31.586694909 0.0 0.0
32.238867909 1.0 1.0
32.891040909 0.0 0.0
33.543213909 1.0 0.0
34.195386909 0.0 0.0
34.847559909 1.0 1.0
35.499732909 0.0 0.0
36.151905909 1.0 0.0
36.804078909 0.0 0.0
37.456251909 1.0 1.0
38.108424909 0.0 0.0
38.760597909 1.0 0.0
39.412770909 0.0 0.0
40.064943909 1.0 1.0
40.717116909 0.0 0.0
41.369289909 1.0 0.0
42.02146290900001 0.0 0.0
42.673635909000005 1.0 1.0
43.325808909 0.0 0.0
43.97798190900001 1.0 0.0
44.630154909000005 0.0 0.0
45.282327909 1.0 1.0
45.93450090900001 0.0 0.0
46.586673909000005 1.0 0.0
47.238846909 0.0 0.0
47.89101990900001 1.0 1.0
48.543192909000005 0.0 0.0
49.195365909 1.0 0.0
49.84753890900001 0.0 0.0
50.499711909000006 1.0 1.0
51.151884909 0.0 0.0
51.80405790900001 1.0 0.0
52.456230909000006 0.0 0.0
53.108403909 1.0 1.0
53.76057690900001 0.0 0.0
54.412749909000006 1.0 0.0
55.064922909 0.0 0.0
55.71709590900001 1.0 1.0
56.369268909000006 0.0 0.0
57.021441909 1.0 0.0
57.67361490900001 0.0 0.0
58.325787909000006 1.0 1.0
58.977960909000004 0.0 0.0
59.63013390900001 1.0 0.0
60.282306909000006 0.0 0.0
60.934479909000004 1.0 1.0
61.58665290900001 0.0 0.0
62.238825909000006 1.0 0.0
62.890998909000004 0.0 0.0
63.543171909 1.0 1.0
64.195344909 0.0 0.0
64.847517909 1.0 0.0
65.49969090900001 0.0 0.0
66.151863909 1.0 1.0
66.804036909 0.0 0.0
67.45620990900001 1.0 0.0
68.108382909 0.0 0.0
68.760555909 1.0 1.0
69.41272890900001 0.0 0.0
70.064901909 1.0 0.0
70.717074909 0.0 0.0
71.36924790900001 1.0 1.0
72.021420909 0.0 0.0
72.673593909 1.0 0.0
73.32576690900001 0.0 0.0
73.977939909 1.0 1.0
74.630112909 0.0 0.0
75.28228590900001 1.0 0.0
75.934458909 0.0 0.0
76.586631909 1.0 1.0
77.23880490900001 0.0 0.0
77.890977909 1.0 0.0
78.543150909 0.0 0.0
79.19532390900001 1.0 1.0
79.847496909 0.0 0.0
80.499669909 1.0 0.0
81.15184290900001 0.0 0.0
81.804015909 1.0 1.0
82.456188909 0.0 0.0
83.10836190900001 1.0 0.0
83.760534909 0.0 0.0
84.41270790899999 1.0 1.0
85.064880909 0.0 0.0
85.717053909 1.0 0.0
86.36922690899999 0.0 0.0
87.021399909 1.0 1.0
87.673572909 0.0 0.0
88.32574590899999 1.0 0.0
88.977918909 0.0 0.0
89.630091909 1.0 1.0
90.28226490899999 0.0 0.0
90.934437909 1.0 0.0
91.586610909 0.0 0.0
92.23878390899999 1.0 1.0
92.890956909 0.0 0.0
93.543129909 1.0 0.0
94.19530290899999 0.0 0.0
94.847475909 1.0 1.0
95.499648909 0.0 0.0
96.15182190899999 1.0 0.0
96.803994909 0.0 0.0
97.456167909 1.0 1.0
98.10834090899999 0.0 0.0
98.760513909 1.0 0.0
99.412686909 0.0 0.0
100.06485990899999 1.0 1.0
100.717032909 0.0 0.0
101.369205909 1.0 0.0
102.02137890899999 0.0 0.0
102.673551909 1.0 1.0
103.325724909 0.0 0.0
103.97789790899999 1.0 0.0
104.630070909 0.0 0.0
105.282243909 1.0 1.0
105.93441690899999 0.0 0.0
106.586589909 1.0 0.0
107.238762909 0.0 0.0
107.89093590899999 1.0 1.0
108.543108909 0.0 0.0
109.195281909 1.0 0.0
109.84745490899999 0.0 0.0
110.499627909 1.0 1.0
111.151800909 0.0 0.0
111.80397390899999 1.0 0.0
112.456146909 0.0 0.0
113.108319909 1.0 1.0
113.76049290899999 0.0 0.0
114.412665909 1.0 0.0
115.06483890899999 0.0 0.0
115.717011909 1.0 1.0
116.369184909 0.0 0.0
117.02135790899999 1.0 0.0
117.673530909 0.0 0.0
118.325703909 1.0 1.0
118.97787690899999 0.0 0.0
119.630049909 1.0 0.0
120.282222909 0.0 0.0
120.93439590899999 1.0 1.0
121.586568909 0.0 0.0
122.238741909 1.0 0.0
122.89091490899999 0.0 0.0
123.543087909 1.0 1.0
124.195260909 0.0 0.0
124.84743390899999 1.0 0.0
125.499606909 0.0 0.0
126.151779909 1.0 1.0
126.80395290899999 0.0 0.0
127.456125909 1.0 0.0
128.10829890899998 0.0 0.0
128.760471909 1.0 1.0
129.412644909 0.0 0.0
130.064817909 1.0 0.0
130.716990909 0.0 0.0
131.369163909 1.0 1.0
132.02133690899998 0.0 0.0
132.673509909 1.0 0.0
133.325682909 0.0 0.0
133.977855909 1.0 1.0
134.630028909 0.0 0.0
135.282201909 1.0 0.0
135.93437490899998 0.0 0.0
136.586547909 1.0 1.0
137.238720909 0.0 0.0
137.890893909 1.0 0.0
138.543066909 0.0 0.0
139.195239909 1.0 1.0
139.84741290899998 0.0 0.0
140.499585909 1.0 0.0
141.151758909 0.0 0.0
141.803931909 1.0 1.0
142.456104909 0.0 0.0
143.108277909 1.0 0.0
143.76045090899999 0.0 0.0
144.412623909 1.0 1.0
145.064796909 0.0 0.0
145.716969909 1.0 0.0
146.369142909 0.0 0.0
147.021315909 1.0 1.0
147.67348890899999 0.0 0.0
148.325661909 1.0 0.0
148.977834909 0.0 0.0
149.630007909 1.0 1.0
150.282180909 0.0 0.0
150.934353909 1.0 0.0
151.58652690899999 0.0 0.0
152.238699909 1.0 1.0
152.890872909 0.0 0.0
153.543045909 1.0 0.0
154.195218909 0.0 0.0
154.84739190899998 1.0 1.0
155.499564909 0.0 0.0
156.151737909 1.0 0.0
156.803910909 0.0 0.0
157.456083909 1.0 1.0
158.108256909 0.0 0.0
158.76042990899998 1.0 0.0
159.412602909 0.0 0.0
160.064775909 1.0 1.0
160.716948909 0.0 0.0
161.369121909 1.0 0.0
162.021294909 0.0 0.0
162.67346790899998 1.0 1.0
163.325640909 0.0 0.0
163.977813909 1.0 0.0
164.629986909 0.0 0.0
165.282159909 1.0 1.0
165.934332909 0.0 0.0
166.58650590899998 1.0 0.0
167.238678909 0.0 0.0
167.890851909 1.0 1.0
168.543024909 0.0 0.0
169.195197909 1.0 0.0
169.847370909 0.0 0.0
170.49954390899998 1.0 1.0
171.151716909 0.0 0.0
171.803889909 1.0 0.0
172.456062909 0.0 0.0
173.108235909 1.0 1.0
173.760408909 0.0 0.0
174.41258190899998 1.0 0.0
175.064754909 0.0 0.0
175.716927909 1.0 1.0
176.369100909 0.0 0.0
177.021273909 1.0 0.0
177.673446909 0.0 0.0
178.32561990899998 1.0 1.0
178.977792909 0.0 0.0
179.629965909 1.0 0.0
180.282138909 0.0 0.0
180.934311909 1.0 1.0
181.586484909 0.0 0.0
182.23865790899998 1.0 0.0
182.890830909 0.0 0.0
183.543003909 1.0 1.0
184.195176909 0.0 0.0
184.847349909 1.0 0.0
185.499522909 0.0 0.0
186.15169590899998 1.0 1.0
186.803868909 0.0 0.0
187.456041909 1.0 0.0
188.108214909 0.0 0.0
188.760387909 1.0 1.0
189.412560909 0.0 0.0
190.06473390899998 1.0 0.0
190.716906909 0.0 0.0
191.369079909 1.0 1.0
192.021252909 0.0 0.0
192.673425909 1.0 0.0
193.325598909 0.0 0.0
193.97777190899998 1.0 1.0
194.629944909 0.0 0.0
195.282117909 1.0 0.0
195.934290909 0.0 0.0
196.586463909 1.0 1.0
197.238636909 0.0 0.0
197.89080990899998 1.0 0.0
198.542982909 0.0 0.0
199.195155909 1.0 1.0
199.847328909 0.0 0.0
200.499501909 1.0 0.0
201.151674909 0.0 0.0
201.80384790899998 1.0 1.0
202.456020909 0.0 0.0
203.108193909 1.0 0.0
203.760366909 0.0 0.0
204.412539909 1.0 1.0
205.064712909 0.0 0.0
205.71688590899998 1.0 0.0
206.369058909 0.0 0.0
207.021231909 1.0 1.0
207.673404909 0.0 0.0
208.325577909 1.0 0.0
208.977750909 0.0 0.0
209.62992390899998 1.0 1.0
210.282096909 0.0 0.0
210.934269909 1.0 0.0
211.586442909 0.0 0.0
212.238615909 1.0 1.0
212.890788909 0.0 0.0
213.54296190899998 1.0 0.0
214.195134909 0.0 0.0
214.847307909 1.0 1.0
215.499480909 0.0 0.0
216.151653909 1.0 0.0
216.803826909 0.0 0.0
217.45599990899998 1.0 1.0
218.108172909 0.0 0.0
218.760345909 1.0 0.0
219.412518909 0.0 0.0
220.064691909 1.0 1.0
220.716864909 0.0 0.0
221.36903790899999 1.0 0.0
222.021210909 0.0 0.0
222.673383909 1.0 1.0
223.325556909 0.0 0.0
223.977729909 1.0 0.0
224.629902909 0.0 0.0
225.28207590899999 1.0 1.0
225.934248909 0.0 0.0
226.586421909 1.0 0.0
227.238594909 0.0 0.0
227.890767909 1.0 0.0
228.54294090899998 0.0 0.0
229.19511390899999 1.0 1.0
229.847286909 0.0 0.0
230.499459909 1.0 0.0
231.151632909 0.0 0.0
231.803805909 1.0 1.0
232.45597890899998 0.0 0.0
233.108151909 1.0 0.0
233.760324909 0.0 0.0
234.412497909 1.0 1.0
235.064670909 0.0 0.0
235.716843909 1.0 0.0
236.36901690899998 0.0 0.0
237.021189909 1.0 1.0
237.673362909 0.0 0.0
238.325535909 1.0 1.0
238.977708909 0.0 0.0
239.629881909 0.0 0.0
240.28205490899998 1.0 1.0
240.934227909 0.0 0.0
241.586400909 1.0 1.0
242.238573909 0.0 0.0