0.636363 1.0 1.0
1.545453 0.0 0.0
2.454543 1.0 0.0
3.363633 0.0 0.0
4.272723 1.0 1.0
5.181813 0.0 0.0
6.090903 1.0 0.0
6.999993 0.0 0.0
7.909083 1.0 1.0
8.818173 0.0 0.0
9.727263 1.0 0.0
10.636353 0.0 0.0
11.545443 1.0 1.0
12.454533 0.0 0.0
13.363623 1.0 0.0
14.272713 0.0 0.0
15.181803 1.0 1.0
16.090893 0.0 0.0
16.999983 1.0 0.0
17.909073 0.0 0.0
18.818163000000002 1.0 1.0
19.727253 0.0 0.0
20.636343 1.0 0.0
21.545433 0.0 0.0
22.454523000000002 1.0 1.0
23.363613 0.0 0.0
24.272703 1.0 0.0
25.181793 0.0 0.0
26.090883 1.0 1.0
26.999973 0.0 0.0
27.909063 1.0 0.0
28.818153 0.0 0.0
29.727243000000005 1.0 1.0
30.636333000000004 0.0 0.0
31.545423 1.0 0.0
32.454513 0.0 0.0
33.363603 1.0 1.0
34.272693000000004 0.0 0.0
35.181783 1.0 0.0
36.090873 0.0 0.0
36.999963 1.0 1.0
37.909053 0.0 0.0
38.818143 1.0 0.0
39.727233 0.0 0.0
40.636323 1.0 1.0
41.545413 0.0 0.0
42.454503 1.0 0.0
43.363593 0.0 0.0
44.272683 1.0 1.0
45.181773 0.0 0.0
46.090863 1.0 0.0
46.999953 0.0 0.0
47.909043000000004 1.0 1.0
48.818133 0.0 0.0
49.727223 1.0 0.0
50.636313 0.0 0.0
51.545403 1.0 1.0
52.454493 0.0 0.0
53.363583 1.0 0.0
54.272673 0.0 0.0
55.181763000000004 1.0 1.0
56.090853 0.0 0.0
56.999943 1.0 0.0
57.909033 0.0 0.0
58.818123 1.0 1.0
59.727213 0.0 0.0
60.636303 1.0 0.0
61.545393000000004 0.0 0.0
62.454483 1.0 1.0
63.363573 0.0 0.0
64.272663 1.0 0.0
65.181753 0.0 0.0
66.090843 1.0 1.0
66.999933 0.0 0.0
67.909023 1.0 0.0
68.818113 0.0 0.0
69.727203 1.0 1.0
70.636293 0.0 0.0
71.545383 1.0 0.0
72.45447300000001 0.0 0.0
73.363563 1.0 1.0
74.272653 0.0 0.0
75.181743 1.0 0.0
76.090833 0.0 0.0
76.999923 1.0 1.0
77.909013 0.0 0.0
78.81810300000001 1.0 0.0
79.727193 0.0 0.0
80.636283 1.0 1.0
81.545373 0.0 0.0
82.454463 1.0 0.0
83.363553 0.0 0.0
84.272643 1.0 1.0
85.181733 0.0 0.0
86.090823 1.0 0.0
86.999913 0.0 0.0
87.909003 1.0 1.0
88.818093 0.0 0.0
89.727183 1.0 0.0
90.636273 0.0 0.0
91.545363 1.0 1.0
92.454453 0.0 0.0
93.363543 1.0 0.0
94.272633 0.0 0.0
95.181723 1.0 1.0
96.090813 0.0 0.0
96.999903 1.0 0.0
97.908993 0.0 0.0
98.818083 1.0 1.0
99.72717300000001 0.0 0.0
100.636263 1.0 0.0
101.545353 0.0 0.0
102.454443 1.0 1.0
103.363533 0.0 0.0
104.272623 1.0 0.0
105.181713 0.0 0.0
106.09080300000001 1.0 1.0
106.999893 0.0 0.0
107.908983 1.0 0.0
108.818073 0.0 0.0
109.727163 1.0 1.0
110.636253 0.0 0.0
111.545343 1.0 0.0
112.454433 0.0 0.0
113.363523 1.0 1.0
114.272613 0.0 0.0
115.181703 1.0 0.0
116.090793 0.0 0.0
116.99988299999998 1.0 1.0
117.90897299999999 0.0 0.0
118.81806299999998 1.0 0.0
119.72715299999999 0.0 0.0
120.636243 1.0 1.0
121.54533299999999 0.0 0.0
122.45442299999999 1.0 0.0
123.36351299999998 0.0 0.0
124.272603 1.0 1.0
125.181693 0.0 0.0
126.090783 1.0 0.0
126.99987300000001 0.0 0.0
127.908963 1.0 1.0
128.818053 0.0 0.0
129.727143 1.0 0.0
130.636233 0.0 0.0
131.545323 1.0 1.0
132.454413 0.0 0.0
133.363503 1.0 0.0
134.272593 0.0 0.0
135.181683 1.0 1.0
136.090773 0.0 0.0
136.999863 1.0 0.0
137.908953 0.0 0.0
138.818043 1.0 1.0
139.727133 0.0 0.0
140.636223 1.0 0.0
141.545313 0.0 0.0
142.454403 1.0 1.0
143.363493 0.0 0.0
144.272583 1.0 0.0
145.181673 0.0 0.0
146.090763 1.0 1.0
146.999853 0.0 0.0
147.908943 1.0 0.0
148.818033 0.0 0.0
149.727123 1.0 1.0
150.636213 0.0 0.0
151.545303 1.0 0.0
152.454393 0.0 0.0
153.363483 1.0 1.0
154.272573 0.0 0.0
155.18166300000001 1.0 0.0
156.090753 0.0 0.0
156.999843 1.0 1.0
157.908933 0.0 0.0
158.818023 1.0 0.0
159.727113 0.0 0.0
160.636203 1.0 1.0
161.54529300000002 0.0 0.0
162.454383 1.0 0.0
163.363473 0.0 0.0
164.272563 1.0 1.0
165.181653 0.0 0.0
166.090743 1.0 0.0
166.999833 0.0 0.0
167.90892300000002 1.0 1.0
168.818013 0.0 0.0
169.727103 1.0 0.0
170.636193 0.0 0.0
171.545283 1.0 1.0
172.454373 0.0 0.0
173.363463 1.0 0.0
174.27255300000002 0.0 0.0
175.181643 1.0 1.0
176.090733 0.0 0.0
176.999823 1.0 0.0
177.908913 0.0 0.0
178.818003 1.0 1.0
179.727093 0.0 0.0
180.63618300000002 1.0 0.0
181.545273 0.0 0.0
182.454363 1.0 1.0
183.363453 0.0 0.0
184.272543 1.0 0.0
185.181633 0.0 0.0
186.090723 1.0 1.0
186.999813 0.0 0.0
187.908903 1.0 0.0
188.817993 0.0 0.0
189.727083 1.0 1.0
190.636173 0.0 0.0
191.545263 1.0 0.0
192.454353 0.0 0.0
193.363443 1.0 1.0
194.272533 0.0 0.0
195.181623 1.0 0.0
196.090713 0.0 0.0
196.999803 1.0 1.0
197.908893 0.0 0.0
198.817983 1.0 0.0
199.727073 0.0 0.0
200.636163 1.0 1.0
201.545253 0.0 0.0
202.454343 1.0 0.0
203.36343300000001 0.0 0.0
204.272523 1.0 1.0
205.181613 0.0 0.0
206.090703 1.0 0.0
206.999793 0.0 0.0
207.908883 1.0 1.0
208.817973 0.0 0.0
209.72706300000002 1.0 0.0
210.636153 0.0 0.0
211.545243 1.0 1.0
212.454333 0.0 0.0
213.363423 1.0 0.0
214.272513 0.0 0.0
215.181603 1.0 1.0
216.09069300000002 0.0 0.0
216.999783 1.0 0.0
217.908873 0.0 0.0
218.817963 1.0 1.0
219.727053 0.0 0.0
220.636143 1.0 0.0
221.545233 0.0 0.0
222.45432300000002 1.0 1.0
223.363413 0.0 0.0
224.272503 1.0 0.0
225.181593 0.0 0.0
226.090683 1.0 1.0
226.999773 0.0 0.0
227.908863 1.0 0.0
228.81795300000002 0.0 0.0
229.727043 1.0 1.0
230.636133 0.0 0.0
231.545223 1.0 0.0
232.454313 0.0 0.0
233.363403 1.0 1.0
234.272493 0.0 0.0
235.18158300000002 1.0 0.0
236.090673 0.0 0.0
236.999763 1.0 1.0
237.908853 0.0 0.0
238.817943 1.0 0.0
239.727033 0.0 0.0
240.636123 1.0 1.0
241.545213 0.0 0.0
242.454303 1.0 0.0
243.363393 0.0 0.0
244.272483 1.0 1.0
245.18157300000001 0.0 0.0
246.090663 1.0 0.0
246.999753 0.0 0.0
247.908843 1.0 1.0
248.817933 0.0 0.0
249.727023 1.0 1.0
250.636113 0.0 0.0
251.54520300000001 0.0 0.0
252.454293 1.0 0.0
253.363383 0.0 0.0
254.272473 1.0 1.0
255.181563 0.0 0.0
256.09065300000003 1.0 0.0
256.999743 0.0 0.0
257.908833 1.0 1.0
258.817923 0.0 0.0