0.6083169279999999 0.0 0.0
1.796435928 1.0 1.0
2.9845549279999997 0.0 0.0
4.172673928 1.0 0.0
5.360792928 0.0 0.0
6.548911928 1.0 1.0
7.737030928 0.0 0.0
8.925149928 1.0 1.0
10.113268928 0.0 0.0
11.301387928 0.0 0.0
12.495589999999998 1.0 1.0
13.779371631999998 0.0 0.0
15.143007631999998 1.0 0.0
16.422862 0.0 0.0
17.538116784 1.0 1.0
18.572598784 0.0 0.0
19.684540752 1.0 0.0
20.870311752 0.0 0.0
22.056082752 1.0 1.0
23.241853751999997 0.0 0.0
24.427624752 1.0 0.0
25.597050151999998 0.0 0.0
26.750896152 1.0 1.0
27.916326151999996 0.0 0.0
29.092797152 1.0 0.0
30.269268152 0.0 0.0
31.445739151999998 1.0 1.0
32.622210151999994 0.0 0.0
33.798681152 1.0 0.0
34.975152152 0.0 0.0
36.151623152 1.0 1.0
37.328094152 0.0 0.0
38.504565152 1.0 0.0
39.681036152 0.0 0.0
40.857507152 1.0 1.0
42.033978151999996 0.0 0.0
43.248096 1.0 0.0
44.540762496 0.0 0.0
45.859255176 1.0 1.0
47.349109991999995 0.0 0.0
48.776843 1.0 0.0
49.964796152 0.0 0.0
51.141267152 1.0 0.0
52.317738152 0.0 0.0
53.494209151999996 1.0 1.0
54.670680152 0.0 0.0
55.847151152 1.0 0.0
57.023622152 0.0 0.0
58.200093152 1.0 1.0
59.376564152 0.0 0.0
60.553035152 1.0 0.0
61.729506152 0.0 0.0
62.905977152 1.0 1.0
64.082448152 0.0 0.0
65.258919152 1.0 0.0
66.435390152 0.0 0.0
67.611861152 1.0 1.0
68.788332152 0.0 0.0
69.964803152 1.0 0.0
71.141274152 0.0 0.0
72.317745152 1.0 0.0
73.494216152 0.0 0.0
74.670687152 1.0 1.0
75.55678090133333 0.0 0.0
76.43654490133333 1.0 0.0
77.31630890133333 0.0 0.0
78.19607290133334 1.0 1.0
79.07583690133333 0.0 0.0
79.95560090133333 1.0 0.0
80.83536490133334 0.0 0.0
81.71512890133333 1.0 1.0
82.59489290133334 0.0 0.0
83.47465690133333 1.0 0.0
84.35442090133333 0.0 0.0
85.23418490133334 1.0 1.0
86.11394890133333 0.0 0.0
86.99371290133334 1.0 0.0
87.87347690133333 0.0 0.0
88.75324090133333 1.0 1.0
89.63300490133334 0.0 0.0
90.51276890133333 1.0 0.0
91.39253290133334 0.0 0.0
92.27229690133333 1.0 1.0
93.15206090133333 0.0 0.0
94.03182490133334 1.0 0.0
94.91158890133333 0.0 0.0
95.79135290133334 1.0 1.0
96.67111690133333 0.0 0.0
97.55088090133333 1.0 0.0
98.43064490133332 0.0 0.0
99.31040890133333 1.0 1.0
100.19017290133333 0.0 0.0
101.06993690133334 1.0 0.0
101.95036240533332 0.0 0.0
102.83141840533332 1.0 1.0
103.71247440533332 0.0 0.0
104.59353040533333 1.0 0.0
105.47458640533333 0.0 0.0
106.35564240533333 1.0 1.0
107.23669840533333 0.0 0.0
108.11775440533333 1.0 0.0
108.99881040533333 0.0 0.0
109.87986640533333 1.0 1.0
110.76092240533333 0.0 0.0
111.64197840533333 1.0 0.0
112.52303440533333 0.0 0.0
113.40409040533333 1.0 1.0
114.28514640533334 0.0 0.0
115.16620240533332 1.0 0.0
116.04725840533332 0.0 0.0
116.92831440533332 1.0 1.0
117.80937040533333 0.0 0.0
118.69042640533333 1.0 0.0
119.57148240533333 0.0 0.0
120.45253840533333 1.0 1.0
121.33359440533333 0.0 0.0
122.21465040533333 1.0 0.0
123.09570640533333 0.0 0.0
123.97676240533333 1.0 1.0
124.85781840533333 0.0 0.0
125.73887440533333 1.0 0.0
126.61993040533332 0.0 0.0
127.50098640533332 1.0 1.0
128.38204240533332 0.0 0.0
129.26309840533332 1.0 0.0
130.14415440533332 0.0 0.0
131.02521040533333 1.0 1.0
131.90626640533333 0.0 0.0
132.78732240533333 1.0 0.0
133.66837840533333 0.0 0.0
134.54943440533333 1.0 1.0
135.43049040533333 0.0 0.0
136.31154640533333 1.0 0.0
137.19260240533333 0.0 0.0
138.07365840533333 1.0 1.0
138.95471440533333 0.0 0.0
139.83577040533334 1.0 0.0
140.71682640533334 0.0 0.0
141.59788240533334 1.0 1.0
142.47893840533334 0.0 0.0
143.35999440533334 1.0 0.0
144.24105040533334 0.0 0.0
145.12210640533334 1.0 1.0
146.00316240533334 0.0 0.0
146.88421840533334 1.0 0.0
147.76527440533334 0.0 0.0
148.64633040533334 1.0 1.0
149.52738640533335 0.0 0.0
150.40844240533335 1.0 0.0
151.28949840533335 0.0 0.0
152.17055440533335 1.0 1.0
153.05161040533335 0.0 0.0
153.93266640533335 1.0 0.0
154.81372240533335 0.0 0.0
155.69477840533335 1.0 1.0
156.57583440533332 0.0 0.0
157.45689040533333 1.0 0.0
158.33794640533333 0.0 0.0
159.21900240533333 1.0 1.0
160.10005840533333 0.0 0.0
160.98111440533333 1.0 0.0
161.86217040533333 0.0 0.0
162.74322640533333 1.0 1.0
163.62428240533333 0.0 0.0
164.50533840533333 1.0 0.0
165.38639440533333 0.0 0.0
166.26745040533334 1.0 1.0
167.14850640533334 0.0 0.0
168.02956240533334 1.0 0.0
168.91061840533334 0.0 0.0
169.79167440533334 1.0 1.0
170.67273040533334 0.0 0.0
171.55378640533334 1.0 0.0
172.43484240533334 0.0 0.0
173.31589840533334 1.0 1.0
174.19695440533334 0.0 0.0
175.07801040533332 1.0 0.0
175.95906640533332 0.0 0.0
176.84012240533332 1.0 1.0
177.72117840533332 0.0 0.0
178.60223440533332 1.0 0.0
179.48329040533332 0.0 0.0
180.36434640533332 1.0 1.0
181.24540240533332 0.0 0.0
182.12645840533332 1.0 0.0
183.00751440533332 0.0 0.0
183.88857040533333 1.0 1.0
184.76962640533333 0.0 0.0
185.65068240533333 1.0 0.0
186.53173840533333 0.0 0.0
187.41279440533333 1.0 1.0
188.29385040533333 0.0 0.0
189.17490640533333 1.0 0.0
190.05596240533333 0.0 0.0
190.93701840533333 1.0 1.0
191.81807440533333 0.0 0.0
192.69913040533334 1.0 0.0
193.58018640533334 0.0 0.0
194.46124240533334 1.0 1.0
195.34229840533334 0.0 0.0
196.22335440533334 1.0 0.0
197.10441040533334 0.0 0.0
197.98546640533334 1.0 1.0
198.86652240533334 0.0 0.0
199.74757840533334 1.0 0.0
200.62863440533334 0.0 0.0
201.50969040533334 1.0 1.0
202.39074640533335 0.0 0.0
203.27180240533335 1.0 0.0
204.15285840533335 0.0 0.0
205.03391440533335 1.0 1.0
205.91497040533335 0.0 0.0
206.79602640533335 1.0 0.0
207.67708240533335 0.0 0.0
208.55813840533335 1.0 1.0
209.43919440533335 0.0 0.0
210.32025040533335 1.0 0.0
211.20130640533336 0.0 0.0
212.08236240533336 1.0 1.0
212.96341840533336 0.0 0.0
213.84447440533336 1.0 0.0
214.72553040533336 0.0 0.0
215.60658640533336 1.0 1.0
216.48764240533336 0.0 0.0
217.36869840533333 1.0 0.0
218.24975440533333 0.0 0.0
219.13081040533334 1.0 1.0
220.01186640533334 0.0 0.0
220.89292240533334 1.0 0.0
221.77397840533334 0.0 0.0
222.6550344053333 1.0 1.0
223.5360904053333 0.0 0.0
224.4171464053333 1.0 0.0
225.2982024053333 0.0 0.0
226.17925840533331 1.0 1.0
227.06031440533332 0.0 0.0
227.94137040533332 1.0 0.0
228.82242640533332 0.0 0.0
229.70348240533332 1.0 1.0
230.58453840533332 0.0 0.0
231.46559440533332 1.0 0.0
232.34665040533332 0.0 0.0
233.22770640533332 1.0 1.0
234.10876240533332 0.0 0.0
234.98981840533332 1.0 0.0
235.87087440533332 0.0 0.0
236.75193040533333 1.0 1.0
237.63298640533333 0.0 0.0
238.51404240533333 1.0 0.0
239.39509840533333 0.0 0.0
240.27615440533333 1.0 1.0
241.15721040533333 0.0 0.0
242.03826640533333 1.0 0.0
242.91932240533333 0.0 0.0
243.80037840533333 1.0 1.0
244.68143440533333 0.0 0.0
245.56249040533334 1.0 0.0
246.44354640533334 0.0 0.0
247.32460240533334 1.0 1.0
248.20565840533334 0.0 0.0
249.08671440533334 1.0 0.0
249.96777040533334 0.0 0.0
250.84882640533334 1.0 1.0
251.72988240533334 0.0 0.0
252.61093840533334 1.0 0.0
253.49199440533332 0.0 0.0
254.37305040533332 1.0 1.0
255.25410640533332 0.0 0.0
256.1351624053333 1.0 0.0
257.01621840533335 0.0 0.0
257.8972744053333 1.0 1.0
258.77833040533335 0.0 0.0
259.6593864053333 1.0 0.0
260.54044240533335 0.0 0.0
261.4214984053333 1.0 0.0