0.63 0.0 0.0
1.5675000000000001 1.0 0.0
2.5050000000000003 0.0 0.0
3.4425000000000003 1.0 1.0
4.38 0.0 0.0
5.3175 1.0 0.0
6.255 0.0 0.0
7.1925 1.0 1.0
8.13 0.0 0.0
9.0675 1.0 0.0
10.005 0.0 0.0
10.9425 1.0 1.0
11.88 0.0 0.0
12.8175 1.0 0.0
13.755 0.0 0.0
14.6925 1.0 1.0
15.63 0.0 0.0
16.5675 1.0 0.0
17.505 0.0 0.0
18.4425 1.0 1.0
19.38 0.0 0.0
20.312645519500002 1.0 0.0
21.2428765195 0.0 0.0
22.1731075195 1.0 1.0
23.108359581250003 0.0 0.0
24.045859581250003 1.0 0.0
24.983359581250003 0.0 0.0
25.920859581250003 1.0 1.0
26.85835958125 0.0 0.0
27.79585958125 1.0 0.0
28.73335958125 0.0 0.0
29.67085958125 1.0 1.0
30.60835958125 0.0 0.0
31.54585958125 1.0 0.0
32.48335958125 0.0 0.0
33.42085958125 1.0 1.0
34.35835958125 0.0 0.0
35.29585958125 1.0 0.0
36.23335958125 0.0 0.0
37.17085958125 1.0 1.0
38.10835958125 0.0 0.0
39.04585958125 1.0 0.0
39.978732257 0.0 0.0
40.908963256999996 1.0 1.0
41.839194256999996 0.0 0.0
42.769425256999995 1.0 0.0
43.699656257 0.0 0.0
44.629887257 1.0 1.0
45.560118257 0.0 0.0
46.490349257 1.0 0.0
47.420580257 0.0 0.0
48.350811257 1.0 1.0
49.281042256999996 0.0 0.0
50.211273257 1.0 0.0
51.141504256999994 0.0 0.0
52.071735257 1.0 1.0
53.007456775 0.0 0.0
53.944956775 1.0 0.0
54.882456775 0.0 0.0
55.819956775 1.0 1.0
56.757456775 0.0 0.0
57.694956775 1.0 0.0
58.632456775 0.0 0.0
59.569956775 1.0 1.0
60.507456774999994 0.0 0.0
61.444956774999994 1.0 0.0
62.382456774999994 0.0 0.0
63.319956774999994 1.0 1.0
64.257456775 0.0 0.0
65.194956775 1.0 0.0
66.132456775 0.0 0.0
67.069956775 1.0 1.0
68.007456775 0.0 0.0
68.944956775 1.0 0.0
69.882456775 0.0 0.0
70.819956775 1.0 1.0
71.757456775 0.0 0.0
72.694956775 1.0 0.0
73.632456775 0.0 0.0
74.569956775 1.0 1.0
75.507456775 0.0 0.0
76.444956775 1.0 0.0
77.382456775 0.0 0.0
78.319956775 1.0 1.0
79.257456775 0.0 0.0
80.194956775 1.0 0.0
81.132456775 0.0 0.0
82.069956775 1.0 1.0
83.007456775 0.0 0.0
83.944956775 1.0 0.0
84.88245677500001 0.0 0.0
85.81995677500001 1.0 1.0
86.75745677500001 0.0 0.0
87.69495677500001 1.0 0.0
88.63245677500001 0.0 0.0
89.56995677500001 1.0 1.0
90.50745677500001 0.0 0.0
91.44495677500001 1.0 0.0
92.38245677500001 0.0 0.0
93.31995677500001 1.0 1.0
94.25745677500001 0.0 0.0
95.19495677500001 1.0 0.0
96.13245677500001 0.0 0.0
97.06995677500001 1.0 1.0
98.00745677500001 0.0 0.0
98.94495677500001 1.0 0.0
99.88245677500001 0.0 0.0
100.81995677500001 1.0 1.0
101.75745677500001 0.0 0.0
102.69495677500001 1.0 0.0
103.63245677500001 0.0 0.0
104.56995677500001 1.0 1.0
105.50745677500001 0.0 0.0
106.44495677500001 1.0 0.0
107.38245677500001 0.0 0.0
108.31995677500001 1.0 1.0
109.25745677500001 0.0 0.0
110.19495677500001 1.0 0.0
111.13245677500001 0.0 0.0
112.06995677500001 1.0 1.0
113.00745677500001 0.0 0.0
113.94495677500001 1.0 0.0
114.88245677500001 0.0 0.0
115.81995677500001 1.0 1.0
116.75745677500001 0.0 0.0
117.69495677500001 1.0 0.0
118.63245677500001 0.0 0.0
119.56995677500001 1.0 1.0
120.50745677500001 0.0 0.0
121.44495677500001 1.0 0.0
122.38245677500001 0.0 0.0
123.31995677500001 1.0 1.0
124.25745677500001 0.0 0.0
125.19495677500001 1.0 0.0
126.13245677500001 0.0 0.0
127.06995677500001 1.0 1.0
128.007456775 0.0 0.0
128.944956775 1.0 0.0
129.882456775 0.0 0.0
130.819956775 1.0 1.0
131.757456775 0.0 0.0
132.694956775 1.0 0.0
133.632456775 0.0 0.0
134.569956775 1.0 1.0
135.507456775 0.0 0.0
136.444956775 1.0 0.0
137.382456775 0.0 0.0
138.319956775 1.0 1.0
139.257456775 0.0 0.0
140.194956775 1.0 0.0
141.132456775 0.0 0.0
142.069956775 1.0 0.0
143.007456775 0.0 0.0
143.944956775 1.0 1.0
144.882456775 0.0 0.0
145.819956775 1.0 0.0
146.757456775 0.0 0.0
147.694956775 1.0 1.0
148.632456775 0.0 0.0
149.569956775 1.0 0.0
150.507456775 0.0 0.0
151.444956775 1.0 1.0
152.382456775 0.0 0.0
153.319956775 1.0 0.0
154.257456775 0.0 0.0
155.194956775 1.0 1.0
156.132456775 0.0 0.0
157.069956775 1.0 0.0
158.007456775 0.0 0.0
158.944956775 1.0 1.0
159.882456775 0.0 0.0
160.819956775 1.0 0.0
161.757456775 0.0 0.0
162.694956775 1.0 1.0
163.632456775 0.0 0.0
164.569956775 1.0 0.0
165.507456775 0.0 0.0
166.444956775 1.0 1.0
167.382456775 0.0 0.0
168.319956775 1.0 0.0
169.257456775 0.0 0.0
170.194956775 1.0 1.0
171.132456775 0.0 0.0
172.069956775 1.0 0.0
173.007456775 0.0 0.0
173.944956775 1.0 1.0
174.882456775 0.0 0.0
175.819956775 1.0 0.0
176.757456775 0.0 0.0
177.694956775 1.0 1.0
178.632456775 0.0 0.0
179.569956775 1.0 0.0
180.507456775 0.0 0.0
181.444956775 1.0 1.0
182.382456775 0.0 0.0
183.319956775 1.0 0.0
184.257456775 0.0 0.0
185.194956775 1.0 1.0
186.132456775 0.0 0.0
187.069956775 1.0 0.0
188.007456775 0.0 0.0
188.944956775 1.0 1.0
189.882456775 0.0 0.0
190.819956775 1.0 0.0
191.757456775 0.0 0.0
192.694956775 1.0 1.0
193.632456775 0.0 0.0
194.569956775 1.0 0.0
195.507456775 0.0 0.0
196.444956775 1.0 1.0
197.382456775 0.0 0.0
198.319956775 1.0 0.0
199.257456775 0.0 0.0
200.194956775 1.0 1.0
201.132456775 0.0 0.0
202.069956775 1.0 0.0
203.007456775 0.0 0.0
203.944956775 1.0 1.0
204.882456775 0.0 0.0
205.819956775 1.0 0.0
206.757456775 0.0 0.0
207.694956775 1.0 1.0
208.632456775 0.0 0.0
209.569956775 1.0 0.0
210.507456775 0.0 0.0
211.444956775 1.0 1.0
212.382456775 0.0 0.0
213.319956775 1.0 0.0
214.257456775 0.0 0.0
215.194956775 1.0 1.0
216.132456775 0.0 0.0
217.069956775 1.0 0.0
218.007456775 0.0 0.0
218.944956775 0.0 0.0