0.14709678400000004 1.0 0.0
1.1148387840000002 0.0 0.0
2.082580784 1.0 1.0
3.0503227840000005 0.0 0.0
4.018064784000001 1.0 0.0
4.985806784 0.0 0.0
5.9535487840000005 1.0 1.0
6.921290784000001 0.0 0.0
7.889032784 1.0 0.0
8.856774784 0.0 0.0
9.824516784000002 1.0 1.0
10.792258784000001 0.0 0.0
11.760000784 1.0 0.0
12.727742784000002 0.0 0.0
13.695484784000001 1.0 1.0
14.663226784 0.0 0.0
15.630968784000004 1.0 0.0
16.598710784000005 0.0 0.0
17.566452784000003 1.0 1.0
18.534194784000004 0.0 0.0
19.501936784000005 1.0 0.0
20.469678784000003 0.0 0.0
21.437420784000004 1.0 1.0
22.405162784000005 0.0 0.0
23.372904784000003 1.0 0.0
24.340646784000004 0.0 0.0
25.308388784000005 1.0 1.0
26.276130784000003 0.0 0.0
27.243872784000004 1.0 0.0
28.211614784000005 0.0 0.0
29.179356784000007 1.0 1.0
30.147098784000004 0.0 0.0
31.114840784000005 1.0 0.0
32.082582784 0.0 0.0
33.050324784000004 1.0 1.0
34.018066784 0.0 0.0
34.985808784 1.0 0.0
35.953550784 0.0 0.0
36.921292784 1.0 1.0
37.889034784 0.0 0.0
38.856776784000004 1.0 0.0
39.824518784000006 0.0 0.0
40.792260784 1.0 1.0
41.760002784 0.0 0.0
42.727744784 1.0 0.0
43.695486784 0.0 0.0
44.663228784000005 1.0 1.0
45.630970784000006 0.0 0.0
46.598712784 1.0 0.0
47.566454784 0.0 0.0
48.534196784 1.0 1.0
49.501938784000004 0.0 0.0
50.469680784000005 1.0 0.0
51.437422784000006 0.0 0.0
52.40516478400001 1.0 1.0
53.372906784 0.0 0.0
54.340648784 1.0 0.0
55.308390784000004 0.0 0.0
56.276132784000005 1.0 1.0
57.243874784000006 0.0 0.0
58.21161678400001 1.0 0.0
59.179358784 0.0 0.0
60.147100784 1.0 1.0
61.114842784000004 0.0 0.0
62.082584784000005 1.0 0.0
63.050326784000006 0.0 0.0
64.01806878400001 1.0 1.0
64.98581078400001 0.0 0.0
65.95355278400001 1.0 0.0
66.92129478400001 0.0 0.0
67.88903678400001 1.0 1.0
68.856778784 0.0 0.0
69.824520784 1.0 0.0
70.792262784 0.0 0.0
71.760004784 1.0 1.0
72.727746784 0.0 0.0
73.695488784 1.0 0.0
74.663230784 0.0 0.0
75.63097278400001 1.0 1.0
76.59871478400001 0.0 0.0
77.56645678400001 1.0 0.0
78.53419878400001 0.0 0.0
79.50194078400001 1.0 1.0
80.469682784 0.0 0.0
81.437424784 1.0 0.0
82.405166784 0.0 0.0
83.372908784 1.0 1.0
84.340650784 0.0 0.0
85.308392784 1.0 0.0
86.276134784 0.0 0.0
87.24387678400001 1.0 1.0
88.21161878400001 0.0 0.0
89.17936078400001 1.0 0.0
90.14710278400001 0.0 0.0
91.11484478400001 1.0 1.0
92.08258678400001 0.0 0.0
93.050328784 1.0 0.0
94.018070784 0.0 0.0
94.985812784 1.0 1.0
95.953554784 0.0 0.0
96.921296784 1.0 1.0
97.88903878400001 0.0 0.0
98.85678078400001 1.0 0.0
99.82452278400001 0.0 0.0
100.79226478400001 1.0 1.0
101.76000678400001 0.0 0.0
102.72774878400001 1.0 0.0
103.69549078400001 0.0 0.0
104.66323278400002 1.0 1.0
105.630974784 0.0 0.0
106.598716784 1.0 0.0
107.566458784 0.0 0.0
108.534200784 1.0 1.0
109.50194278400001 0.0 0.0
110.46968478400001 1.0 0.0
111.43742678400001 0.0 0.0
112.40516878400001 1.0 1.0
113.37291078400001 0.0 0.0
114.34065278400001 1.0 0.0
115.30839478400001 0.0 0.0
116.27613678400002 1.0 1.0
117.24387878400002 0.0 0.0
118.211620784 1.0 0.0
119.179362784 0.0 0.0
120.147104784 1.0 1.0
121.11484678400001 0.0 0.0
122.08258878400001 1.0 0.0
123.05033078400001 0.0 0.0
124.018072784 1.0 1.0
124.985814784 0.0 0.0
125.953556784 1.0 0.0
126.921298784 0.0 0.0
127.889040784 1.0 1.0
128.856782784 0.0 0.0
129.824524784 1.0 0.0
130.792266784 0.0 0.0
131.760008784 1.0 1.0
132.727750784 0.0 0.0
133.695492784 1.0 0.0
134.663234784 0.0 0.0
135.63097678399998 1.0 1.0
136.598718784 0.0 0.0
137.566460784 1.0 0.0
138.534202784 0.0 0.0
139.501944784 1.0 1.0
140.469686784 0.0 0.0
141.437428784 1.0 0.0
142.405170784 0.0 0.0
143.372912784 1.0 1.0
144.340654784 0.0 0.0
145.308396784 1.0 0.0
146.276138784 0.0 0.0
147.243880784 1.0 1.0
148.21162278399999 0.0 0.0
149.179364784 1.0 0.0
150.147106784 0.0 0.0
151.114848784 1.0 1.0
152.082590784 0.0 0.0
153.050332784 1.0 0.0
154.018074784 0.0 0.0
154.985816784 1.0 1.0
155.953558784 0.0 0.0
156.921300784 1.0 0.0
157.889042784 0.0 0.0
158.856784784 1.0 1.0
159.824526784 0.0 0.0
160.792268784 1.0 0.0
161.760010784 0.0 0.0
162.727752784 1.0 1.0
163.695494784 0.0 0.0
164.663236784 1.0 0.0
165.630978784 0.0 0.0
166.598720784 1.0 1.0
167.566462784 0.0 0.0
168.534204784 1.0 0.0
169.501946784 0.0 0.0
170.469688784 1.0 1.0
171.43743078400001 0.0 0.0
172.405172784 1.0 0.0
173.372914784 0.0 0.0
174.340656784 1.0 1.0
175.308398784 0.0 0.0
176.276140784 1.0 0.0
177.243882784 0.0 0.0
178.211624784 1.0 1.0
179.179366784 0.0 0.0
180.147108784 1.0 0.0
181.114850784 0.0 0.0
182.082592784 1.0 1.0
183.050334784 0.0 0.0
184.01807678400002 1.0 0.0
184.985818784 0.0 0.0
185.953560784 1.0 1.0
186.921302784 0.0 0.0
187.889044784 1.0 0.0
188.856786784 0.0 0.0
189.824528784 1.0 1.0
190.792270784 0.0 0.0
191.760012784 1.0 0.0
192.727754784 0.0 0.0
193.695496784 1.0 1.0
194.66323878400001 0.0 0.0
195.630980784 1.0 0.0
196.59872278400002 0.0 0.0
197.566464784 1.0 1.0
198.534206784 0.0 0.0
199.501948784 1.0 0.0
200.469690784 0.0 0.0
201.437432784 1.0 1.0
202.405174784 0.0 0.0
203.372916784 1.0 0.0
204.340658784 0.0 0.0
205.308400784 1.0 1.0
206.276142784 0.0 0.0
207.24388478400002 1.0 0.0
208.211626784 0.0 0.0
209.17936878400002 1.0 1.0
210.147110784 0.0 0.0
211.114852784 1.0 0.0
212.082594784 0.0 0.0
213.050336784 1.0 1.0
214.018078784 0.0 0.0
214.985820784 1.0 0.0
215.953562784 0.0 0.0
216.921304784 1.0 1.0
217.88904678400002 0.0 0.0
218.856788784 1.0 0.0
219.82453078400002 0.0 0.0
220.792272784 1.0 1.0
221.76001478400002 0.0 0.0
222.727756784 1.0 0.0
223.695498784 0.0 0.0
224.663240784 1.0 1.0
225.630982784 0.0 0.0
226.598724784 1.0 0.0
227.566466784 0.0 0.0
228.53420878400001 1.0 1.0
229.501950784 0.0 0.0
230.46969278400002 1.0 0.0
231.437434784 0.0 0.0
232.40517678400002 1.0 1.0
233.372918784 0.0 0.0
234.34066078400002 1.0 0.0
235.308402784 0.0 0.0
236.276144784 1.0 0.0
237.243886784 0.0 0.0
238.211628784 1.0 1.0
239.179370784 0.0 0.0
240.147112784 1.0 1.0
241.11485478400002 0.0 0.0
242.082596784 0.0 0.0