0.825246273 0.0 0.0
1.808853273 1.0 1.0
2.7319655821666666 0.0 0.0
3.58914604425 1.0 0.0
4.44628804425 0.0 0.0
5.599960966916667 1.0 1.0
6.616988824083334 0.0 0.0
7.633936824083334 1.0 0.0
8.650884824083334 0.0 0.0
9.634511273000001 1.0 1.0
10.510535798083334 0.0 0.0
11.419603740666666 1.0 0.0
12.342672582166667 0.0 0.0
13.377089595916667 1.0 1.0
14.360726273000001 0.0 0.0
15.344333273 1.0 0.0
16.327940273 0.0 0.0
17.311547273 1.0 1.0
18.295154272999998 0.0 0.0
19.278761273 1.0 0.0
20.262368273 0.0 0.0
21.171502740666664 1.0 1.0
22.13921052758333 0.0 0.0
23.10695252758333 1.0 0.0
24.07469452758333 0.0 0.0
25.04243652758333 1.0 1.0
26.01017852758333 0.0 0.0
26.97792052758333 1.0 0.0
27.94566252758333 0.0 0.0
28.91340452758333 1.0 1.0
29.881146527583333 0.0 0.0
30.84888852758333 1.0 0.0
31.81663052758333 0.0 0.0
32.816611710416666 1.0 1.0
33.816611710416666 0.0 0.0
34.800228273 1.0 0.0
35.783835273 0.0 0.0
36.767442273 1.0 1.0
37.751049273 0.0 0.0
38.734656273 1.0 0.0
39.56807593341667 0.0 0.0
40.56797871041667 1.0 1.0
41.53573952758333 0.0 0.0
42.50348152758333 1.0 0.0
43.440999168750004 0.0 0.0
44.378499168750004 1.0 1.0
45.315999168750004 0.0 0.0
46.31596271041667 1.0 0.0
47.31596271041667 0.0 0.0
48.22510674066667 1.0 1.0
49.24199182408334 0.0 0.0
50.15114574066667 1.0 0.0
51.060236740666674 0.0 0.0
51.96932774066667 1.0 1.0
53.021875009000006 0.0 0.0
54.074506009000004 1.0 0.0
55.02694548816667 0.0 0.0
55.97932648816666 1.0 1.0
56.947059527583335 0.0 0.0
57.91480152758333 1.0 0.0
58.88254352758333 0.0 0.0
59.85028552758333 1.0 1.0
60.81802752758333 0.0 0.0
61.785769527583334 1.0 0.0
62.75351152758333 0.0 0.0
63.72125352758333 1.0 1.0
64.68899552758333 0.0 0.0
65.65673752758333 1.0 0.0
66.62447952758333 0.0 0.0
67.59222152758333 1.0 1.0
68.55996352758334 0.0 0.0
69.52770552758334 1.0 0.0
70.49544752758334 0.0 0.0
71.46318952758334 1.0 1.0
72.43093152758334 0.0 0.0
73.39867352758333 1.0 0.0
74.36641552758333 0.0 0.0
75.33415752758333 1.0 1.0
76.30189952758333 0.0 0.0
77.26964152758333 1.0 0.0
78.23738352758333 0.0 0.0
79.20512552758333 1.0 1.0
80.17286752758334 0.0 0.0
81.14060952758334 1.0 0.0
82.10835152758334 0.0 0.0
83.07609352758334 1.0 1.0
84.04383552758333 0.0 0.0
85.01157752758334 1.0 0.0
85.97931952758333 0.0 0.0
86.94706152758333 1.0 1.0
87.91480352758333 0.0 0.0
88.88254552758333 1.0 0.0
89.85028752758333 0.0 0.0
90.81802952758333 1.0 1.0
91.78577152758334 0.0 0.0
92.75351352758334 1.0 0.0
93.72125552758334 0.0 0.0
94.68899752758333 1.0 1.0
95.65673952758334 0.0 0.0
96.62448152758333 1.0 0.0
97.59222352758334 0.0 0.0
98.55996552758333 1.0 1.0
99.52770752758335 0.0 0.0
100.49544952758333 1.0 0.0
101.46319152758333 0.0 0.0
102.43093352758333 1.0 1.0
103.39867552758334 0.0 0.0
104.36641752758334 1.0 0.0
105.33415952758334 0.0 0.0
106.30190152758334 1.0 1.0
107.26964352758333 0.0 0.0
108.23738552758334 1.0 0.0
109.20512752758333 0.0 0.0
110.17286952758334 1.0 1.0
111.14061152758333 0.0 0.0
112.10835352758335 1.0 0.0
113.07609552758333 0.0 0.0
114.04383752758334 1.0 1.0
115.01157952758334 0.0 0.0
115.97932152758334 1.0 0.0
116.94706352758334 0.0 0.0
117.91480552758334 1.0 1.0
118.88254752758334 0.0 0.0
119.85028952758333 1.0 0.0
120.81803152758334 0.0 0.0
121.78577352758333 1.0 1.0
122.75351552758335 0.0 0.0
123.72125752758333 1.0 0.0
124.68899952758335 0.0 0.0
125.65674152758334 1.0 1.0
126.62448352758335 0.0 0.0
127.59222552758334 1.0 0.0
128.55996752758335 0.0 0.0
129.52770952758334 1.0 1.0
130.49545152758336 0.0 0.0
131.46319352758334 1.0 0.0
132.43093552758336 0.0 0.0
133.39867752758335 1.0 1.0
134.36641952758336 0.0 0.0
135.33416152758335 1.0 0.0
136.30190352758333 0.0 0.0
137.26964552758335 1.0 1.0
138.23738752758334 0.0 0.0
139.20512952758335 1.0 0.0
140.17287152758334 0.0 0.0
141.14061352758335 1.0 1.0
142.10835552758334 0.0 0.0
143.07609752758336 1.0 0.0
144.04383952758334 0.0 0.0
145.01158152758336 1.0 1.0
145.97932352758335 0.0 0.0
146.94706552758333 1.0 0.0
147.91480752758335 0.0 0.0
148.96738900900002 1.0 1.0
149.93518052758333 0.0 0.0
150.90292252758334 1.0 0.0
151.87066452758333 0.0 0.0
152.83840652758334 1.0 1.0
153.80614852758333 0.0 0.0
154.77389052758332 1.0 0.0
155.74163252758333 0.0 0.0
156.69402248816667 1.0 1.0
157.66175552758332 0.0 0.0
158.62949752758334 1.0 0.0
159.55260058216666 0.0 0.0
160.52031652758333 1.0 1.0
161.41588065591665 0.0 0.0
162.38358052758332 1.0 0.0
163.35132252758333 0.0 0.0
164.31906452758332 1.0 1.0
165.28680652758334 0.0 0.0
166.23919648816667 1.0 0.0
167.19157748816667 0.0 0.0
168.14395848816667 1.0 1.0
169.09633948816665 0.0 0.0
170.04872048816665 1.0 0.0
171.00110148816665 0.0 0.0
171.9688345275833 1.0 1.0
172.95243227299997 0.0 0.0
173.9201835275833 1.0 0.0
174.88792552758332 0.0 0.0
175.8556675275833 1.0 1.0
176.8234095275833 0.0 0.0
177.7911515275833 1.0 0.0
178.7588935275833 0.0 0.0
179.7266355275833 1.0 1.0
180.6943775275833 0.0 0.0
181.61748058216665 1.0 0.0
182.56984448816667 0.0 0.0
183.52222548816667 1.0 1.0
184.47460648816667 0.0 0.0
185.458195273 1.0 0.0
186.42594652758333 0.0 0.0
187.39368852758335 1.0 1.0
188.36143052758334 0.0 0.0
189.29894816875 1.0 0.0
190.23644816875 0.0 0.0
191.18882048816667 1.0 1.0
192.14120148816667 0.0 0.0
193.06429558216666 1.0 0.0
194.03201152758334 0.0 0.0
195.015609273 1.0 1.0
195.92474374066666 0.0 0.0
196.87709948816666 1.0 0.0
197.82948048816667 0.0 0.0
198.79721352758332 1.0 1.0
199.76495552758334 0.0 0.0
200.73269752758333 1.0 0.0
201.70043952758334 0.0 0.0
202.62354258216666 1.0 1.0
203.57590648816668 0.0 0.0
204.52828748816668 1.0 0.0
205.48066848816669 0.0 0.0
206.43304948816666 1.0 1.0
207.38543048816666 0.0 0.0
208.24262804425 1.0 0.0
209.1959315821667 0.0 0.0
210.16364752758335 1.0 1.0
211.11603748816668 0.0 0.0
212.06841848816669 1.0 0.0
213.00592716875002 0.0 0.0
213.94342716875002 1.0 1.0
214.91115152758334 0.0 0.0
215.87889352758336 1.0 0.0
216.81641116875002 0.0 0.0
217.75391116875002 1.0 1.0
218.69141116875002 0.0 0.0
219.62891116875002 1.0 0.0
220.56641116875002 0.0 0.0
221.50391116875002 1.0 1.0
222.44141116875002 0.0 0.0
223.35051874066667 1.0 0.0
224.27358758216667 0.0 0.0
225.19666458216668 1.0 1.0
226.1490284881667 0.0 0.0
227.1014094881667 1.0 0.0
228.0537904881667 0.0 0.0
228.99129916875003 1.0 1.0
229.92879916875003 0.0 0.0
230.86629916875003 1.0 0.0
231.80379916875003 0.0 0.0
232.74129916875003 1.0 1.0
233.67879916875003 0.0 0.0
234.61629916875003 1.0 0.0
235.5393845821667 0.0 0.0
236.4624615821667 1.0 1.0
237.3855385821667 0.0 0.0
238.30861558216668 1.0 0.0
239.2316925821667 0.0 0.0
240.1547695821667 1.0 1.0
241.1071334881667 0.0 0.0
242.0595144881667 1.0 0.0
242.9826085821667 0.0 0.0
243.92010016875005 1.0 1.0
244.85760016875005 0.0 0.0
245.79510016875005 1.0 0.0
246.73260016875005 0.0 0.0
247.6022037980834 1.0 1.0
248.6021277104167 0.0 0.0
249.6021277104167 1.0 0.0
250.6021277104167 0.0 0.0
252.03044871066672 1.0 1.0
253.1626966666667 0.0 0.0
254.41262787708337 1.0 0.0
255.3358955821667 0.0 0.0
256.2589725821667 1.0 0.0
257.19646416875 0.0 0.0
258.13396416875 1.0 1.0
259.07146416875 0.0 0.0
260.00896416875 1.0 0.0
260.97668852758335 0.0 0.0
261.94443052758334 1.0 1.0
262.83999465591666 0.0 0.0
263.7355166559167 1.0 0.0
264.719072273 0.0 0.0
265.702679273 1.0 1.0
266.686286273 0.0 0.0
267.6386854881667 1.0 0.0
268.71004504350003 0.0 0.0
270.20979504375003 1.0 1.0
271.70979504375003 0.0 0.0
273.20979504375003 0.0 0.0