0.419999125 1.0 0.0
0.899998125 0.0 0.0
1.379997125 1.0 1.0
1.859996125 0.0 0.0
2.339995125 1.0 0.0
2.819994125 0.0 0.0
3.299993125 1.0 1.0
3.779992125 0.0 0.0
4.259991125 1.0 0.0
4.739990125 0.0 0.0
5.219989125 1.0 1.0
5.699988125 0.0 0.0
6.179987125 1.0 0.0
6.659986125 0.0 0.0
7.139985125 1.0 1.0
7.619984125 0.0 0.0
8.099983125 1.0 0.0
8.579982124999999 0.0 0.0
9.059981125 1.0 1.0
9.539980125 0.0 0.0
10.019979124999999 1.0 0.0
10.499978125 0.0 0.0
10.979977125 1.0 1.0
11.459976124999999 0.0 0.0
11.933361 1.0 0.0
12.405801 0.0 0.0
12.878241 1.0 1.0
13.357295125 0.0 0.0
13.837294125 1.0 0.0
14.317293124999999 0.0 0.0
14.818467125 1.0 1.0
15.301491125 0.0 0.0
15.7622515 1.0 0.0
16.220263499999998 0.0 0.0
16.697514125 1.0 1.0
17.177513125 0.0 0.0
17.657512125 1.0 0.0
18.137511125 0.0 0.0
18.617510125000003 1.0 1.0
19.097509125000002 0.0 0.0
19.577508125 1.0 0.0
20.057507125 0.0 0.0
20.537506125 1.0 1.0
21.017505125 0.0 0.0
21.49089 1.0 0.0
21.963330000000003 0.0 0.0
22.442384125000004 1.0 1.0
22.922383125000003 0.0 0.0
23.402382125000003 1.0 0.0
23.882381125000002 0.0 0.0
24.362380125000005 1.0 1.0
24.842379125000004 0.0 0.0
25.322378125000004 1.0 0.0
25.802377125000003 0.0 0.0
26.282376125000003 1.0 1.0
26.734165125 0.0 0.0
27.193979875000004 1.0 0.0
27.655516875000004 0.0 0.0
28.133208125000003 1.0 1.0
28.62353475 0.0 0.0
29.11533675 1.0 0.0
29.596811125000002 0.0 0.0
30.076810125 1.0 1.0
30.556809125 0.0 0.0
31.036808125 1.0 0.0
31.516807125000003 0.0 0.0
31.996806125000003 1.0 1.0
32.476805125 0.0 0.0
32.956804125000005 1.0 0.0
33.436803125000004 0.0 0.0
33.916802125000004 1.0 1.0
34.396801125 0.0 0.0
34.876800125 1.0 0.0
35.356799125 0.0 0.0
35.836798125 1.0 1.0
36.316797125 0.0 0.0
36.796796125 1.0 0.0
37.276795125 0.0 0.0
37.756794125 1.0 1.0
38.236793125000005 0.0 0.0
38.716792125 1.0 0.0
39.196791125000004 0.0 0.0
39.676790125000004 1.0 1.0
40.156789125 0.0 0.0
40.636788125 1.0 0.0
41.116787125 0.0 0.0
41.596786125 1.0 1.0
42.076785125 0.0 0.0
42.556784125 1.0 0.0
43.036783125 0.0 0.0
43.516782125 1.0 1.0
43.996781125 0.0 0.0
44.476780125000005 1.0 0.0
44.956779125 0.0 0.0
45.436778125000004 1.0 1.0
45.916777125 0.0 0.0
46.396776125 1.0 0.0
46.876775125 0.0 0.0
47.356774125 1.0 1.0
47.836773125 0.0 0.0
48.316772125 1.0 0.0
48.79677112500001 0.0 0.0
49.276770125 1.0 1.0
49.756769125000005 0.0 0.0
50.236768125 1.0 0.0
50.716767125000004 0.0 0.0
51.196766124999996 1.0 1.0
51.676765125 0.0 0.0
52.140609875 1.0 0.0
52.602146875 0.0 0.0
53.063683875 1.0 1.0
53.525220875 0.0 0.0
54.002912125 1.0 0.0
54.48291112500001 0.0 0.0
54.96291012500001 1.0 1.0
55.44290912500001 0.0 0.0
55.922908125000006 1.0 0.0
56.402907125000006 0.0 0.0
56.882906125000005 1.0 1.0
57.362905125000005 0.0 0.0
57.842904125000004 1.0 0.0
58.322903125 0.0 0.0
58.802902125 1.0 1.0
59.282901125 0.0 0.0
59.762900125 1.0 0.0
60.24289912500001 0.0 0.0
60.72289812500001 1.0 1.0
61.20289712500001 0.0 0.0
61.682896125000006 1.0 0.0
62.162895125000006 0.0 0.0
62.642894125000005 1.0 1.0
63.122893125000004 0.0 0.0
63.602892125000004 1.0 0.0
64.082891125 0.0 0.0
64.56289012500001 1.0 1.0
65.042889125 0.0 0.0
65.52288812500001 1.0 0.0
66.002887125 0.0 0.0
66.48288612500001 1.0 1.0
66.962885125 0.0 0.0
67.442884125 1.0 0.0
67.922883125 0.0 0.0
68.402882125 1.0 1.0
68.88288112500001 0.0 0.0
69.362880125 1.0 0.0
69.842879125 0.0 0.0
70.322878125 1.0 1.0
70.80287712500001 0.0 0.0
71.282876125 1.0 0.0
71.76287512500001 0.0 0.0
72.242874125 1.0 1.0
72.722873125 0.0 0.0
73.202872125 1.0 0.0
73.682871125 0.0 0.0
74.16287012500001 1.0 1.0
74.642869125 0.0 0.0
75.122868125 1.0 0.0
75.602867125 0.0 0.0
76.08286612500001 1.0 1.0
76.562865125 0.0 0.0
77.04286412500001 1.0 0.0
77.522863125 0.0 0.0
78.00286212500001 1.0 1.0
78.482861125 0.0 0.0
78.962860125 1.0 0.0
79.44285912500001 0.0 0.0
79.922858125 1.0 1.0
80.402857125 0.0 0.0
80.882856125 1.0 0.0
81.36285512500001 0.0 0.0
81.842854125 1.0 1.0
82.32285312500001 0.0 0.0
82.802852125 1.0 0.0
83.28285112500001 0.0 0.0
83.762850125 1.0 1.0
84.242849125 0.0 0.0
84.72284812500001 1.0 0.0
85.202847125 0.0 0.0
85.682846125 1.0 1.0
86.162845125 0.0 0.0
86.64284412500001 1.0 0.0
87.122843125 0.0 0.0
87.602842125 1.0 1.0
88.082841125 0.0 0.0
88.55622600000001 1.0 0.0
89.028666 0.0 0.0
89.50110600000001 1.0 1.0
89.973546 0.0 0.0
90.445986 1.0 0.0
90.91842600000001 0.0 0.0
91.390866 1.0 1.0
91.86330600000001 0.0 0.0
92.335746 1.0 0.0
92.808186 0.0 0.0
93.280626 1.0 1.0
93.753066 0.0 0.0
94.23212012500001 1.0 0.0
94.712119125 0.0 0.0
95.19211812500001 1.0 1.0
95.672117125 0.0 0.0
96.152116125 1.0 0.0
96.632115125 0.0 0.0
97.112114125 1.0 1.0
97.59211312500001 0.0 0.0
98.072112125 1.0 0.0
98.55211112500001 0.0 0.0
99.032110125 1.0 1.0
99.51210912500001 0.0 0.0
99.992108125 1.0 0.0
100.47210712500001 0.0 0.0
100.952106125 1.0 1.0
101.432105125 0.0 0.0
101.912104125 1.0 0.0
102.392103125 0.0 0.0
102.872102125 1.0 1.0
103.352101125 0.0 0.0
103.83210012500001 1.0 0.0
104.312099125 0.0 0.0
104.79209812500001 1.0 1.0
105.272097125 0.0 0.0
105.75209612500001 1.0 0.0
106.232095125 0.0 0.0
106.71209412500001 1.0 1.0
107.192093125 0.0 0.0
107.672092125 1.0 0.0
108.152091125 0.0 0.0
108.632090125 1.0 1.0
109.11208912500001 0.0 0.0
109.592088125 1.0 0.0
110.072087125 0.0 0.0
110.552086125 1.0 1.0
111.03208512500001 0.0 0.0
111.512084125 1.0 0.0
111.99208312500001 0.0 0.0
112.472082125 1.0 1.0
112.952081125 0.0 0.0
113.432080125 1.0 0.0
113.912079125 0.0 0.0
114.39207812500001 1.0 1.0
114.872077125 0.0 0.0
115.352076125 1.0 0.0
115.832075125 0.0 0.0
116.31207412500001 1.0 1.0
116.792073125 0.0 0.0
117.27207212500001 1.0 0.0
117.752071125 0.0 0.0
118.232070125 1.0 1.0
118.712069125 0.0 0.0
119.192068125 1.0 0.0
119.67206712500001 0.0 0.0
120.152066125 1.0 1.0
120.632065125 0.0 0.0
121.112064125 1.0 0.0
121.59206312500001 0.0 0.0
122.072062125 1.0 1.0
122.55206112500001 0.0 0.0
123.032060125 1.0 0.0
123.51205912500001 0.0 0.0
123.992058125 1.0 1.0
124.472057125 0.0 0.0
124.95205612500001 1.0 0.0
125.432055125 0.0 0.0
125.912054125 1.0 1.0
126.392053125 0.0 0.0
126.87205212500001 1.0 0.0
127.352051125 0.0 0.0
127.832050125 1.0 1.0
128.312049125 0.0 0.0
128.792048125 1.0 0.0
129.272047125 0.0 0.0
129.748712375 1.0 1.0
130.224901375 0.0 0.0
130.70109037499998 1.0 0.0
131.17727937499998 0.0 0.0
131.653468375 1.0 1.0
132.129657375 0.0 0.0
132.609180125 1.0 0.0
133.089179125 0.0 0.0
133.56917812499998 1.0 1.0
134.049177125 0.0 0.0
134.529176125 1.0 0.0
135.00917512499998 0.0 0.0
135.48917412499998 1.0 1.0
135.969173125 0.0 0.0
136.436148625 1.0 0.0
136.90126362499998 0.0 0.0
137.37940212499998 1.0 1.0
137.85940112499998 0.0 0.0
138.33940012499997 1.0 0.0
138.819399125 0.0 0.0
139.29939812499998 1.0 1.0
139.77939712499997 0.0 0.0
140.25939612499997 1.0 0.0
140.739395125 0.0 0.0
141.21939412499998 1.0 1.0
141.69939312499997 0.0 0.0
142.179392125 1.0 0.0
142.65939112499998 0.0 0.0
143.13939012499998 1.0 1.0
143.61938912499997 0.0 0.0
144.099388125 1.0 0.0
144.57938712499998 0.0 0.0
145.05938612499997 1.0 1.0
145.53938512499997 0.0 0.0
146.019384125 1.0 0.0
146.49938312499998 0.0 0.0
146.97938212499997 1.0 1.0
147.459381125 0.0 0.0
147.93938012499999 1.0 0.0
148.41604537499998 0.0 0.0
148.892234375 1.0 1.0
149.36842337499996 0.0 0.0
149.84794612499996 1.0 0.0
150.31179087499996 0.0 0.0
150.78948212499995 1.0 1.0
151.26948112499994 0.0 0.0
151.74948012499993 1.0 0.0
152.21963537499994 0.0 0.0
152.68838437499994 1.0 1.0
153.16697712499996 0.0 0.0
153.65380462499994 1.0 0.0
154.14160762499995 0.0 0.0
154.62941062499993 1.0 1.0
155.11721362499995 0.0 0.0
155.59818812499995 1.0 0.0
156.07818712499994 0.0 0.0
156.57206974999997 1.0 1.0
157.06793574999995 0.0 0.0
157.53067949999996 1.0 0.0
157.98869149999996 0.0 0.0
158.46594212499997 1.0 1.0
158.94594112499996 0.0 0.0
159.42594012499995 1.0 0.0
159.90593912499997 0.0 0.0
160.38593812499997 1.0 1.0
160.86593712499996 0.0 0.0
161.33932199999998 1.0 0.0
161.811762 0.0 0.0
162.290816125 1.0 1.0
162.77081512499998 0.0 0.0
163.25081412499998 1.0 0.0
163.730813125 0.0 0.0
164.20096837499997 1.0 1.0
164.66971737499998 0.0 0.0
165.148310125 1.0 0.0
165.628309125 0.0 0.0
166.10830812499998 1.0 1.0
166.588307125 0.0 0.0
167.068306125 1.0 0.0
167.54830512499998 0.0 0.0
168.02830412499998 1.0 1.0
168.508303125 0.0 0.0
168.988302125 1.0 0.0
169.46830112499998 0.0 0.0
169.948300125 1.0 1.0
170.428299125 0.0 0.0
170.908298125 1.0 0.0
171.38829712499998 0.0 0.0
171.868296125 1.0 1.0
172.348295125 0.0 0.0
172.82829412499999 1.0 0.0
173.30829312499998 0.0 0.0
173.788292125 1.0 1.0
174.268291125 0.0 0.0
174.74829012499998 1.0 0.0
175.228289125 0.0 0.0
175.708288125 1.0 1.0
176.188287125 0.0 0.0
176.66828612499998 1.0 0.0
177.148285125 0.0 0.0
177.628284125 1.0 1.0
178.10828312499999 0.0 0.0
178.58828212499998 1.0 0.0
179.068281125 0.0 0.0
179.548280125 1.0 1.0
180.02827912499998 0.0 0.0
180.508278125 1.0 0.0
180.988277125 0.0 0.0
181.461662 1.0 1.0
181.934102 0.0 0.0
182.413156125 1.0 0.0
182.893155125 0.0 0.0
183.37315412499999 1.0 1.0
183.853153125 0.0 0.0
184.333152125 1.0 0.0
184.813151125 0.0 0.0
185.29315012499998 1.0 1.0
185.773149125 0.0 0.0
186.246534 1.0 0.0
186.718974 0.0 0.0
187.19141399999998 1.0 1.0
187.663854 0.0 0.0
188.142908125 1.0 0.0
188.62290712499998 0.0 0.0
189.11323375 1.0 1.0
189.60503575 0.0 0.0
190.08651012500002 1.0 0.0
190.566509125 0.0 0.0
191.046508125 1.0 1.0
191.52650712500002 0.0 0.0
192.00650612500002 1.0 0.0
192.486505125 0.0 0.0
192.966504125 1.0 1.0
193.44650312500002 0.0 0.0
193.926502125 1.0 0.0
194.406501125 0.0 0.0
194.87034587500003 1.0 1.0
195.33188287500002 0.0 0.0
195.809574125 1.0 0.0
196.289573125 0.0 0.0
196.769572125 1.0 1.0
197.24957112500002 0.0 0.0
197.729570125 1.0 0.0
198.209569125 0.0 0.0
198.68956812500002 1.0 1.0
199.16956712500001 0.0 0.0
199.649566125 1.0 0.0
200.129565125 0.0 0.0
200.60956412500002 1.0 1.0
201.089563125 0.0 0.0
201.569562125 1.0 0.0
202.049561125 0.0 0.0
202.52956012500002 1.0 1.0
203.009559125 0.0 0.0
203.489558125 1.0 0.0
203.969557125 0.0 0.0
204.44955612500002 1.0 1.0
204.929555125 0.0 0.0
205.40294 1.0 0.0
205.87538 0.0 0.0
206.34781999999998 1.0 1.0
206.82026 0.0 0.0
207.299314125 1.0 0.0
207.779313125 0.0 0.0
208.252698 1.0 1.0
208.72513800000002 0.0 0.0
209.20419212500002 1.0 0.0
209.684191125 0.0 0.0
210.164190125 1.0 1.0
210.64418912500003 0.0 0.0
211.12418812500002 1.0 0.0
211.604187125 0.0 0.0
212.08418612500003 1.0 1.0
212.56418512500002 0.0 0.0
213.04418412500002 1.0 0.0
213.524183125 0.0 0.0
214.00418212500003 1.0 1.0
214.48418112500002 0.0 0.0
214.964180125 1.0 0.0
215.444179125 0.0 0.0
215.92417812500003 1.0 1.0
216.40417712500002 0.0 0.0
216.884176125 1.0 0.0
217.36417512500003 0.0 0.0
217.84417412500002 1.0 1.0
218.32417312500002 0.0 0.0
218.804172125 1.0 0.0
219.28417112500003 0.0 0.0
219.76417012500002 1.0 1.0
220.244169125 0.0 0.0
220.724168125 1.0 0.0
221.20416712500003 0.0 0.0
221.68416612500002 1.0 1.0
222.164165125 0.0 0.0
222.64416412500003 1.0 0.0
223.12416312500002 0.0 0.0
223.60416212500002 1.0 1.0
224.084161125 0.0 0.0
224.56416012500003 1.0 0.0
225.04415912500002 0.0 0.0
225.524158125 1.0 1.0
226.004157125 0.0 0.0
226.48415612500003 1.0 0.0
226.96415512500002 0.0 0.0
227.444154125 1.0 1.0
227.924153125 0.0 0.0
228.40081837500003 1.0 0.0
228.87700737500003 0.0 0.0
229.353196375 1.0 1.0
229.82938537500002 0.0 0.0
230.30557437500002 1.0 0.0
230.78176337500003 0.0 0.0
231.25795237500003 1.0 1.0
231.73414137500004 0.0 0.0
232.210330375 1.0 0.0
232.68651937500002 0.0 0.0
233.16270837500002 1.0 1.0
233.63889737500003 0.0 0.0
234.11508637500003 1.0 0.0
234.591275375 0.0 0.0
235.07762662500002 1.0 1.0
235.56542962500004 0.0 0.0
236.04307037500004 1.0 0.0
236.51925937500005 0.0 0.0
236.99544837500002 1.0 1.0
237.47163737500003 0.0 0.0
237.94782637500003 1.0 0.0
238.42401537500004 0.0 0.0
238.90020437500004 1.0 1.0
239.37639337500005 0.0 0.0
239.85258237500003 1.0 0.0
240.32877137500003 0.0 0.0
240.80496037500004 1.0 1.0
241.28114937500004 0.0 0.0
241.76405925000003 1.0 0.0
242.24792925000003 0.0 0.0
242.72507837500004 1.0 1.0
243.20126737500004 0.0 0.0
243.67745637500002 1.0 0.0
244.16730675000005 0.0 0.0
244.65910875000006 1.0 1.0
245.15446675000007 0.0 0.0
245.64677675000007 1.0 0.0
246.13857875000008 0.0 0.0
246.63038075000006 1.0 1.0
247.10201137500005 0.0 0.0
247.54663312500006 1.0 0.0
247.98780812500007 0.0 0.0
248.47328175000007 1.0 1.0
248.96508375000008 0.0 0.0
249.44655812500008 1.0 0.0
249.92655712500007 0.0 0.0
250.40994325000008 1.0 1.0
250.89381325000008 0.0 0.0
251.3709623750001 1.0 0.0
251.8471513750001 0.0 0.0
252.32334037500007 1.0 1.0
252.79952937500008 0.0 0.0
253.27571837500008 1.0 0.0
253.7691247500001 0.0 0.0
254.2614347500001 1.0 1.0
254.7429091250001 0.0 0.0
255.2229081250001 1.0 0.0
255.70290712500008 0.0 0.0
256.1829061250001 1.0 1.0
256.66290512500007 0.0 0.0
257.1429041250001 1.0 0.0
257.6130593750001 0.0 0.0
258.0818083750001 1.0 1.0
258.5505573750001 0.0 0.0
259.0291501250001 1.0 0.0
259.50914912500014 0.0 0.0
259.9891481250001 1.0 1.0
260.4691471250001 0.0 0.0
260.9491461250001 1.0 0.0
261.4291451250001 0.0 0.0
261.9091441250001 1.0 1.0
262.3891431250001 0.0 0.0
262.8691421250001 1.0 0.0
263.34914112500013 0.0 0.0
263.8291401250001 1.0 1.0
264.3091391250001 0.0 0.0
264.78913812500014 1.0 0.0
265.2691371250001 0.0 0.0
265.7491361250001 1.0 1.0
266.2291351250001 0.0 0.0
266.7091341250001 1.0 0.0
267.1891331250001 0.0 0.0
267.6691321250001 1.0 1.0
268.1491311250001 0.0 0.0
268.62913012500013 1.0 0.0
269.1091291250001 0.0 0.0
269.5891281250001 1.0 1.0
270.06912712500014 0.0 0.0
270.5491261250001 0.0 0.0
271.0291251250001 1.0 1.0