0.6081075 0.0 0.0
1.4189175 1.0 1.0
2.2297275 0.0 0.0
3.0405375 1.0 0.0
3.8513475 0.0 0.0
4.6621575 1.0 1.0
5.4729675 0.0 0.0
6.2837775 1.0 0.0
7.0945875 0.0 0.0
7.9053975 1.0 1.0
8.716207500000001 0.0 0.0
9.527017500000001 1.0 0.0
10.337827500000001 0.0 0.0
11.148637500000001 1.0 1.0
11.959447500000001 0.0 0.0
12.770257500000001 1.0 0.0
13.581067500000001 0.0 0.0
14.391877500000001 1.0 1.0
15.202687500000001 0.0 0.0
16.0134975 1.0 0.0
16.8243075 0.0 0.0
17.6351175 1.0 0.0
18.4459275 0.0 0.0
19.256737500000003 1.0 1.0
20.067547500000003 0.0 0.0
20.878357500000003 1.0 0.0
21.689167500000003 0.0 0.0
22.499977500000004 1.0 1.0
23.310787500000004 0.0 0.0
24.121597500000004 1.0 0.0
24.932407500000004 0.0 0.0
25.743217500000004 1.0 1.0
26.554027500000004 0.0 0.0
27.364837500000004 1.0 0.0
28.175647500000004 0.0 0.0
28.986457500000004 1.0 1.0
29.797267500000004 0.0 0.0
30.608077500000004 1.0 0.0
31.418887500000004 0.0 0.0
32.2296975 1.0 1.0
33.040507500000004 0.0 0.0
33.8513175 1.0 0.0
34.662127500000004 0.0 0.0
35.4729375 1.0 1.0
36.283747500000004 0.0 0.0
37.0945575 1.0 0.0
37.905367500000004 0.0 0.0
38.7161775 1.0 1.0
39.526987500000004 0.0 0.0
40.3377975 1.0 0.0
41.148607500000004 0.0 0.0
41.9594175 1.0 1.0
42.770227500000004 0.0 0.0
43.5810375 1.0 0.0
44.391847500000004 0.0 0.0
45.2026575 1.0 1.0
46.013467500000004 0.0 0.0
46.8242775 1.0 0.0
47.635087500000004 0.0 0.0
48.4458975 1.0 1.0
49.256707500000005 0.0 0.0
50.0675175 1.0 0.0
50.878327500000005 0.0 0.0
51.6891375 1.0 1.0
52.499947500000005 0.0 0.0
53.3107575 1.0 0.0
54.121567500000005 0.0 0.0
54.9323775 1.0 1.0
55.743187500000005 0.0 0.0
56.5539975 1.0 0.0
57.364807500000005 0.0 0.0
58.17561750000001 1.0 1.0
58.986427500000005 0.0 0.0
59.79723750000001 1.0 0.0
60.608047500000005 0.0 0.0
61.41885750000001 1.0 1.0
62.229667500000005 0.0 0.0
63.04047750000001 1.0 0.0
63.851287500000005 0.0 0.0
64.6620975 1.0 1.0
65.4729075 0.0 0.0
66.28371750000001 1.0 0.0
67.09452750000001 0.0 0.0
67.9053375 1.0 1.0
68.7161475 0.0 0.0
69.52695750000001 1.0 0.0
70.33776750000001 0.0 0.0
71.15713914583333 1.0 1.0
71.97905614583333 0.0 0.0
72.80097314583332 1.0 0.0
73.62289014583332 0.0 0.0
74.44480714583332 1.0 1.0
75.27001925208333 0.0 0.0
76.09881881874999 1.0 0.0
76.93680681875 0.0 0.0
77.77479481875 1.0 1.0
78.61278281874999 0.0 0.0
79.45077081875 1.0 0.0
80.28875881875 0.0 0.0
81.12674681875 1.0 1.0
81.96280798125 0.0 0.0
82.79268298125 1.0 0.0
83.62255798125 0.0 0.0
84.45243298125 1.0 1.0
85.28416721041667 0.0 0.0
86.12215521041666 1.0 0.0
86.96646860833333 0.0 0.0
87.80509431875 1.0 1.0
88.63813000833332 0.0 0.0
89.46279637083332 1.0 0.0
90.28584037083333 0.0 0.0
91.10888437083332 1.0 1.0
91.93192837083332 0.0 0.0
92.75497237083333 1.0 0.0
93.57801637083332 0.0 0.0
94.40106037083332 1.0 1.0
95.22410437083332 0.0 0.0
96.04714837083333 1.0 0.0
96.87019237083332 0.0 0.0
97.69323637083332 1.0 1.0
98.51628037083333 0.0 0.0
99.33932437083332 1.0 0.0
100.16236837083332 0.0 0.0
100.99311749583333 1.0 1.0
101.82529349583332 0.0 0.0
102.66449245 1.0 0.0
103.50600645 0.0 0.0
104.34752045 1.0 0.0
105.18903445 0.0 0.0
106.03054845 1.0 1.0
106.87206245 0.0 0.0
107.71357645 1.0 1.0
108.55509045 0.0 0.0
109.39660445 0.0 0.0
110.23811845 1.0 0.0
111.07963245 0.0 0.0
111.92114645 1.0 1.0
112.75867221249999 0.0 0.0
113.59200521249998 1.0 0.0
114.42018947916667 0.0 0.0
115.24549847916667 1.0 1.0
116.06578971666666 0.0 0.0
116.88322771666667 1.0 0.0
117.70066571666666 0.0 0.0
118.51810371666666 1.0 1.0
119.34497310833332 0.0 0.0
120.17484810833332 1.0 0.0
121.00472310833332 0.0 0.0
121.84198431875 1.0 1.0
122.67997231874999 0.0 0.0
123.51796031874999 1.0 0.0
124.35594831875 0.0 0.0
125.19393631874999 1.0 1.0
126.04094766875 0.0 0.0
126.88960366874998 1.0 0.0
127.73825966874999 0.0 0.0
128.58691566874998 1.0 1.0
129.43557166875 0.0 0.0
130.28422766875 1.0 0.0
131.13288366875 0.0 0.0
131.98153966875 1.0 1.0
132.83019566874998 0.0 0.0
133.67885166874999 1.0 0.0
134.52750766875 0.0 0.0
135.37616366875 1.0 1.0
136.22773673125 0.0 0.0
137.08487873125 1.0 0.0
137.94202073124998 0.0 0.0
138.79916273125 1.0 1.0
139.65630473124997 0.0 0.0
140.51344673124999 1.0 0.0
141.37058873125 0.0 0.0
142.22773073124998 1.0 1.0
143.09455465 0.0 0.0
143.96234729999998 1.0 0.0
144.8421123 0.0 0.0
145.7288597 1.0 0.0
146.62171669999998 0.0 0.0
147.51457369999997 1.0 1.0
148.30435144166665 0.0 0.0
149.06384444166665 1.0 0.0
149.82333744166664 0.0 0.0
150.58283044166663 1.0 1.0
151.34232344166665 0.0 0.0
152.10181644166664 1.0 1.0
152.86130944166663 0.0 0.0
153.62080244166665 1.0 0.0
154.38029544166665 0.0 0.0
155.13978844166664 1.0 1.0
155.89928144166663 0.0 0.0
156.65877444166665 1.0 0.0
157.41826744166664 0.0 0.0
158.17776044166663 1.0 1.0
158.93725344166666 0.0 0.0
159.69674644166665 1.0 0.0
160.45623944166664 0.0 0.0
161.21573244166663 1.0 1.0
161.97522544166665 0.0 0.0
162.73471844166664 1.0 0.0
163.49421144166664 0.0 0.0
164.25370444166663 1.0 1.0
165.01319744166665 0.0 0.0
165.77269044166664 1.0 0.0
166.53218344166663 0.0 0.0
167.29167644166665 1.0 1.0
168.05116944166664 0.0 0.0
168.81066244166664 1.0 0.0
169.57015544166666 0.0 0.0
170.32964844166665 1.0 1.0
171.08914144166664 0.0 0.0
171.84863444166663 1.0 0.0
172.60812744166665 0.0 0.0
173.36762044166665 1.0 1.0
174.12711344166664 0.0 0.0
174.88660644166663 1.0 0.0
175.64609944166665 0.0 0.0
176.40559244166664 1.0 1.0
177.16508544166663 0.0 0.0
177.92457844166665 1.0 0.0
178.68407144166665 0.0 0.0
179.44356444166664 1.0 1.0
180.20305744166666 0.0 0.0
180.96255044166665 1.0 0.0
181.72204344166664 0.0 0.0
182.48153644166663 1.0 1.0
183.24102944166663 0.0 0.0
184.00052244166665 1.0 0.0
184.76001544166664 0.0 0.0
185.51950844166663 1.0 1.0
186.27900144166665 0.0 0.0
187.03849444166664 1.0 0.0
187.79798744166663 0.0 0.0
188.55748044166666 1.0 1.0
189.31697344166665 0.0 0.0
190.07646644166664 1.0 0.0
190.83595944166666 0.0 0.0
191.59545244166665 1.0 1.0
192.35494544166664 0.0 0.0
193.11443844166664 1.0 0.0
193.87393144166663 0.0 0.0
194.63342444166665 1.0 1.0
195.39291744166664 0.0 0.0
196.15241044166663 1.0 0.0
196.91190344166665 0.0 0.0
197.67139644166664 1.0 1.0
198.43088944166664 0.0 0.0
199.19038244166666 1.0 0.0
199.94987544166662 0.0 0.0
200.70936844166664 1.0 1.0
201.46886144166663 0.0 0.0
202.22835444166662 1.0 0.0
202.98784744166664 0.0 0.0
203.74734044166664 1.0 1.0
204.50683344166663 0.0 0.0
205.26632644166665 1.0 0.0
206.02581944166664 0.0 0.0
206.78531244166663 1.0 1.0
207.54480544166663 0.0 0.0
208.30429844166665 1.0 0.0
209.06379144166664 0.0 0.0
209.82328444166663 1.0 1.0
210.58277744166662 0.0 0.0
211.34227044166664 1.0 0.0
212.10176344166663 0.0 0.0
212.86125644166663 1.0 1.0
213.62074944166665 0.0 0.0
214.38024244166664 1.0 0.0
215.13973544166663 0.0 0.0
215.8981922333333 1.0 1.0
216.65385923333332 0.0 0.0
217.4095262333333 1.0 0.0
218.1651932333333 0.0 0.0
218.92086023333331 1.0 1.0
219.6765272333333 0.0 0.0
220.43219423333332 1.0 0.0
221.1878612333333 0.0 0.0
221.9435282333333 1.0 1.0
222.70224009166662 0.0 0.0
223.46173309166664 1.0 0.0
224.22122609166664 0.0 0.0
224.98071909166663 1.0 1.0
225.74021209166662 0.0 0.0
226.49970509166664 1.0 0.0
227.25919809166663 0.0 0.0
228.01869109166662 1.0 1.0
228.77818409166662 0.0 0.0
229.53767709166664 1.0 0.0
230.29717009166663 0.0 0.0
231.05666309166662 1.0 1.0
231.8164523208333 0.0 0.0
232.5783553208333 1.0 0.0
233.3402583208333 0.0 0.0
234.1021613208333 1.0 1.0
234.8640643208333 0.0 0.0
235.6259673208333 1.0 0.0
236.3878703208333 0.0 0.0
237.1497733208333 1.0 1.0
237.9116763208333 0.0 0.0
238.67357932083328 1.0 0.0
239.4354823208333 0.0 0.0
240.1973853208333 1.0 1.0
240.9592822958333 0.0 0.0
241.7207032958333 1.0 0.0
242.4821242958333 0.0 0.0
243.2435452958333 1.0 1.0
244.0049662958333 0.0 0.0
244.7663872958333 1.0 0.0
245.5278082958333 0.0 0.0
246.2892292958333 1.0 1.0
247.0506502958333 0.0 0.0
247.8120712958333 1.0 0.0
248.5743937458333 0.0 0.0
249.3372667458333 1.0 1.0
250.1001397458333 0.0 0.0
250.8630127458333 1.0 0.0
251.6232451208333 0.0 0.0
252.3827381208333 1.0 1.0
253.1422311208333 0.0 0.0
253.9017241208333 1.0 0.0
254.6612171208333 0.0 0.0
255.4207101208333 1.0 1.0
256.1796634958333 0.0 0.0
256.9377174958333 1.0 0.0
257.6957714958333 0.0 0.0
258.4538254958333 1.0 1.0
259.21187949583333 0.0 0.0
259.9699334958333 1.0 0.0
260.7279874958333 0.0 0.0
261.4860414958333 1.0 1.0
262.2440954958333 0.0 0.0
263.0021494958333 1.0 0.0
263.7602034958333 0.0 0.0
264.5182574958333 1.0 1.0
265.2763114958333 0.0 0.0
266.0343654958333 1.0 0.0
266.7924194958333 0.0 0.0
267.55047349583333 1.0 1.0
268.3085274958333 0.0 0.0
269.0665814958333 1.0 0.0
269.8246354958333 0.0 0.0
270.5826894958333 1.0 1.0
271.3407434958333 0.0 0.0
272.0987974958333 1.0 0.0
272.8568514958333 0.0 0.0
273.6149054958333 1.0 1.0
274.3729594958333 0.0 0.0
275.1310134958333 1.0 0.0
275.88906749583333 0.0 0.0
276.6471214958333 1.0 1.0
277.4051754958333 0.0 0.0
278.1632294958333 1.0 0.0
278.9212834958333 0.0 0.0
279.6793374958333 1.0 1.0
280.4373914958333 0.0 0.0
281.1954454958333 1.0 0.0
281.9534994958333 0.0 0.0
282.7115534958333 1.0 1.0
283.4696074958333 0.0 0.0
284.22766149583333 1.0 0.0
284.9857154958333 0.0 0.0
285.7437694958333 1.0 1.0
286.5018234958333 0.0 0.0
287.2598774958333 1.0 0.0
288.0179314958333 0.0 0.0
288.7759854958333 1.0 1.0
289.5340394958333 0.0 0.0
290.2920934958333 1.0 0.0
291.0501474958333 0.0 0.0
291.8082014958333 1.0 1.0
292.5662554958333 0.0 0.0
293.3243094958333 1.0 0.0
294.0823634958333 0.0 0.0
294.8404174958333 1.0 1.0
295.59847149583334 0.0 0.0
296.3565254958333 1.0 0.0
297.1145794958333 0.0 0.0
297.8726334958333 1.0 1.0
298.6306874958333 0.0 0.0
299.3887414958333 1.0 0.0