0.430227158 0.0 0.0
1.112045158 1.0 1.0
1.7938631580000002 0.0 0.0
2.475681158 1.0 0.0
3.157499158 0.0 0.0
3.839317158 1.0 1.0
4.521135158 0.0 0.0
5.202953158 1.0 0.0
5.8847711579999995 0.0 0.0
6.566589158 1.0 1.0
7.248407158 0.0 0.0
7.930225158 1.0 0.0
8.612043158 0.0 0.0
9.293861158 1.0 0.0
9.975679158 0.0 0.0
10.657497158 1.0 1.0
11.339315158 0.0 0.0
12.021133158000001 1.0 0.0
12.702951158000001 0.0 0.0
13.384769158000001 1.0 1.0
14.066587158 0.0 0.0
14.748405158 1.0 0.0
15.430223158 0.0 0.0
16.112041158 1.0 1.0
16.793859158 0.0 0.0
17.475677158 1.0 0.0
18.157495158 0.0 0.0
18.839313158 1.0 1.0
19.521131158 0.0 0.0
20.202949158 1.0 0.0
20.884767158 0.0 0.0
21.566585158 1.0 1.0
22.248403158000002 0.0 0.0
22.930221158000002 1.0 0.0
23.612039158 0.0 0.0
24.293857158 1.0 1.0
24.975675158 0.0 0.0
25.657493158 1.0 0.0
26.339311158 0.0 0.0
27.021129158 1.0 1.0
27.702947158 0.0 0.0
28.384765158 1.0 0.0
29.066583158 0.0 0.0
29.748401158 1.0 1.0
30.430219158 0.0 0.0
31.112037158 1.0 0.0
31.793855158 0.0 0.0
32.475673158 1.0 1.0
33.157491158 0.0 0.0
33.839309158 1.0 1.0
34.521127158 0.0 0.0
35.202945158 1.0 0.0
35.884763158 0.0 0.0
36.566581158 1.0 1.0
37.248399158 0.0 0.0
37.930217158 1.0 0.0
38.612035158 0.0 0.0
39.293853158 1.0 1.0
39.975671158 0.0 0.0
40.657489158 1.0 0.0
41.339307158 0.0 0.0
42.021125158 1.0 1.0
42.702943158 0.0 0.0
43.384761157999996 1.0 0.0
44.066579157999996 0.0 0.0
44.748397157999996 1.0 1.0
45.430215158 0.0 0.0
46.112033158 1.0 0.0
46.793851157999995 0.0 0.0
47.475669157999995 1.0 1.0
48.157487157999995 0.0 0.0
48.839305157999995 1.0 0.0
49.521123157999995 0.0 0.0
50.202941157999994 1.0 1.0
50.884759157999994 0.0 0.0
51.566577157999994 1.0 0.0
52.248395157999994 0.0 0.0
52.930213157999994 1.0 0.0
53.61203115799999 0.0 0.0
54.29384915799999 1.0 1.0
54.97566715799999 0.0 0.0
55.65748515799999 1.0 0.0
56.33930315799999 0.0 0.0
57.02112115799999 1.0 1.0
57.70293915799999 0.0 0.0
58.38475715799999 1.0 0.0
59.06657515799999 0.0 0.0
59.74839315799999 1.0 1.0
60.43021115799999 0.0 0.0
61.11202915799999 1.0 0.0
61.79384715799999 0.0 0.0
62.47566515799999 1.0 1.0
63.15748315799999 0.0 0.0
63.83930115799999 1.0 0.0
64.52111915799999 0.0 0.0
65.202937158 1.0 1.0
65.88475515799999 0.0 0.0
66.566573158 1.0 0.0
67.24839115799999 0.0 0.0
67.930209158 1.0 1.0
68.61202715799999 0.0 0.0
69.293845158 1.0 0.0
69.97566315799999 0.0 0.0
70.657481158 1.0 1.0
71.33929915799999 0.0 0.0
72.021117158 1.0 0.0
72.70293515799999 0.0 0.0
73.384753158 1.0 1.0
74.06657115799999 0.0 0.0
74.748389158 1.0 0.0
75.43020715799999 0.0 0.0
76.112025158 1.0 1.0
76.79384315799999 0.0 0.0
77.475661158 1.0 0.0
78.15747915799999 0.0 0.0
78.839297158 1.0 1.0
79.52111515799999 0.0 0.0
80.202933158 1.0 0.0
80.88475115799999 0.0 0.0
81.566569158 1.0 1.0
82.24838715799999 0.0 0.0
82.93020515799999 1.0 0.0
83.612023158 0.0 0.0
84.29384115799999 1.0 1.0
84.975659158 0.0 0.0
85.65747715799999 1.0 0.0
86.339295158 0.0 0.0
87.02111315799999 1.0 1.0
87.702931158 0.0 0.0
88.38474915799999 1.0 0.0
89.066567158 0.0 0.0
89.74838515799999 1.0 1.0
90.430203158 0.0 0.0
91.11202115799999 1.0 0.0
91.793839158 0.0 0.0
92.47565715799999 1.0 1.0
93.157475158 0.0 0.0
93.839293158 1.0 0.0
94.521111158 0.0 0.0
95.202929158 1.0 1.0
95.884747158 0.0 0.0
96.566565158 1.0 0.0
97.248383158 0.0 0.0
97.930201158 1.0 1.0
98.612019158 0.0 0.0
99.293837158 1.0 0.0
99.975655158 0.0 0.0
100.657473158 1.0 1.0
101.33929115800001 0.0 0.0
102.021109158 1.0 1.0
102.70292715800001 0.0 0.0
103.384745158 1.0 0.0
104.06656315800001 0.0 0.0
104.748381158 1.0 0.0
105.43019915800001 0.0 0.0
106.112017158 1.0 1.0
106.79383515800001 0.0 0.0
107.475653158 1.0 0.0
108.157471158 0.0 0.0
108.839289158 1.0 1.0
109.521107158 0.0 0.0
110.202925158 1.0 0.0
110.884743158 0.0 0.0
111.566561158 1.0 1.0
112.248379158 0.0 0.0
112.930197158 1.0 0.0
113.612015158 0.0 0.0
114.293833158 1.0 1.0
114.975651158 0.0 0.0
115.657469158 1.0 0.0
116.339287158 0.0 0.0
117.021105158 1.0 1.0
117.702923158 0.0 0.0
118.384741158 1.0 0.0
119.066559158 0.0 0.0
119.748377158 1.0 1.0
120.430195158 0.0 0.0
121.112013158 1.0 0.0
121.793831158 0.0 0.0
122.475649158 1.0 1.0
123.157467158 0.0 0.0
123.839285158 1.0 0.0
124.521103158 0.0 0.0
125.202921158 1.0 1.0
125.884739158 0.0 0.0
126.566557158 1.0 0.0
127.248375158 0.0 0.0
127.930193158 1.0 1.0
128.612011158 0.0 0.0
129.293829158 1.0 0.0
129.975647158 0.0 0.0
130.657465158 1.0 1.0
131.339283158 0.0 0.0
132.021101158 1.0 0.0
132.70291915800001 0.0 0.0
133.384737158 1.0 1.0
134.066555158 0.0 0.0
134.748373158 1.0 0.0
135.430191158 0.0 0.0
136.112009158 1.0 1.0
136.793827158 0.0 0.0
137.475645158 1.0 0.0
138.157463158 0.0 0.0
138.839281158 1.0 1.0
139.521099158 0.0 0.0
140.202917158 1.0 0.0
140.884735158 0.0 0.0
141.566553158 1.0 1.0
142.248371158 0.0 0.0
142.930189158 1.0 0.0
143.612007158 0.0 0.0
144.293825158 1.0 1.0
144.975643158 0.0 0.0
145.657461158 1.0 0.0
146.339279158 0.0 0.0
147.021097158 1.0 1.0
147.702915158 0.0 0.0
148.384733158 1.0 0.0
149.066551158 0.0 0.0
149.748369158 1.0 1.0
150.430187158 0.0 0.0
151.112005158 1.0 0.0
151.793823158 0.0 0.0
152.475641158 1.0 1.0
153.157459158 0.0 0.0
153.839277158 1.0 0.0
154.521095158 0.0 0.0
155.202913158 1.0 1.0
155.884731158 0.0 0.0
156.566549158 1.0 0.0
157.248367158 0.0 0.0
157.930185158 1.0 1.0
158.612003158 0.0 0.0
159.293821158 1.0 0.0
159.975639158 0.0 0.0
160.657457158 1.0 1.0
161.339275158 0.0 0.0
162.02109315799999 1.0 0.0
162.702911158 0.0 0.0
163.384729158 1.0 1.0
164.066547158 0.0 0.0
164.748365158 1.0 0.0
165.430183158 0.0 0.0
166.112001158 1.0 1.0
166.793819158 0.0 0.0
167.475637158 1.0 0.0
168.157455158 0.0 0.0
168.839273158 1.0 1.0
169.521091158 0.0 0.0
170.202909158 1.0 0.0
170.884727158 0.0 0.0
171.566545158 1.0 1.0
172.248363158 0.0 0.0
172.930181158 1.0 0.0
173.611999158 0.0 0.0
174.293817158 1.0 1.0
174.975635158 0.0 0.0
175.65745315799998 1.0 0.0
176.33927115799997 0.0 0.0
177.02108915799997 1.0 0.0
177.702907158 0.0 0.0
178.38472515799998 1.0 1.0
179.06654315799997 0.0 0.0
179.74836115799997 0.0 0.0
180.430179158 1.0 0.0
181.11199715799998 0.0 0.0
181.79381515799997 1.0 1.0
182.47563315799997 0.0 0.0
183.157451158 1.0 0.0
183.83926915799998 0.0 0.0
184.52108715799997 1.0 1.0
185.20290515799996 0.0 0.0
185.88472315799999 1.0 0.0
186.56654115799995 0.0 0.0
187.24835915799994 1.0 1.0
187.93017715799996 0.0 0.0
188.61199515799996 1.0 0.0