0.718 1.0 0.0
1.718 0.0 0.0
2.7179999999999995 1.0 1.0
3.7179999999999995 0.0 0.0
4.718 1.0 0.0
5.718 0.0 0.0
6.718 1.0 1.0
7.718 0.0 0.0
8.718 1.0 0.0
9.718 0.0 0.0
10.718 1.0 1.0
11.718 0.0 0.0
12.718 1.0 0.0
13.718 0.0 0.0
14.718 1.0 1.0
15.718 0.0 0.0
16.718 1.0 0.0
17.718 0.0 0.0
18.721694664 1.0 1.0
19.726474 0.0 0.0
20.726474 1.0 0.0
21.726474 0.0 0.0
22.726474 1.0 1.0
23.726474 0.0 0.0
24.726474 1.0 0.0
25.726474 0.0 0.0
26.726474 1.0 1.0
27.726474 0.0 0.0
28.726474 1.0 0.0
29.726474 0.0 0.0
30.726474 1.0 1.0
31.726474 0.0 0.0
32.726474 1.0 0.0
33.726474 0.0 0.0
34.726474 1.0 1.0
35.726474 0.0 0.0
36.738642664000004 1.0 0.0
37.755590664 0.0 0.0
38.772538664 1.0 1.0
39.789486664 0.0 0.0
40.78249582600001 1.0 0.0
41.76610282600001 0.0 0.0
42.74970982600001 1.0 1.0
43.745087000000005 0.0 0.0
44.745087000000005 1.0 0.0
45.745087000000005 0.0 0.0
46.745087000000005 1.0 1.0
47.745087000000005 0.0 0.0
48.745087000000005 1.0 0.0
49.745087000000005 0.0 0.0
50.745087000000005 1.0 1.0
51.745087000000005 0.0 0.0
52.745087000000005 1.0 0.0
53.745087000000005 0.0 0.0
54.745087000000005 1.0 1.0
55.745087000000005 0.0 0.0
56.745087000000005 1.0 0.0
57.745087000000005 0.0 0.0
58.745087000000005 1.0 1.0
59.745087000000005 0.0 0.0
60.745087000000005 1.0 0.0
61.745087000000005 0.0 0.0
62.745087000000005 1.0 1.0
63.745087000000005 0.0 0.0
64.74508700000001 1.0 0.0
65.74508700000001 0.0 0.0
66.74508700000001 1.0 1.0
67.74508700000001 0.0 0.0
68.74508700000001 1.0 0.0
69.74508700000001 0.0 0.0
70.74508700000001 1.0 1.0
71.74508700000001 0.0 0.0
72.757255664 1.0 0.0
73.774203664 0.0 0.0
74.791151664 1.0 1.0
75.795931 0.0 0.0
76.795931 1.0 0.0
77.795931 0.0 0.0
78.795931 1.0 1.0
79.795931 0.0 0.0
80.795931 1.0 0.0
81.795931 0.0 0.0
82.795931 1.0 1.0
83.795931 0.0 0.0
84.795931 1.0 0.0
85.795931 0.0 0.0
86.772769756 1.0 1.0
87.74051175599999 0.0 0.0
88.731415 1.0 0.0
89.743583664 0.0 0.0
90.760531664 1.0 1.0
91.765311 0.0 0.0
92.765311 1.0 0.0
93.765311 0.0 0.0
94.765311 1.0 1.0
95.765311 0.0 0.0
96.765311 1.0 0.0
97.765311 0.0 0.0
98.765311 1.0 1.0
99.765311 0.0 0.0
100.765311 1.0 1.0
101.765311 0.0 0.0
102.765311 1.0 0.0
103.765311 0.0 0.0
104.765311 1.0 1.0
105.765311 0.0 0.0
106.765311 1.0 0.0
107.765311 0.0 0.0
108.765311 1.0 1.0
109.765311 0.0 0.0
110.765311 1.0 0.0
111.765311 0.0 0.0
112.765311 1.0 1.0
113.765311 0.0 0.0
114.765311 1.0 0.0
115.765311 0.0 0.0
116.765311 1.0 1.0
117.765311 0.0 0.0
118.765311 1.0 0.0
119.765311 0.0 0.0
120.765311 1.0 1.0
121.765311 0.0 0.0
122.765311 1.0 0.0
123.765311 0.0 0.0
124.765311 1.0 1.0
125.765311 0.0 0.0
126.765311 1.0 0.0
127.765311 0.0 0.0
128.765311 1.0 1.0
129.765311 0.0 0.0
130.765311 1.0 0.0
131.765311 0.0 0.0
132.765311 1.0 1.0
133.765311 0.0 0.0
134.765311 1.0 0.0
135.765311 0.0 0.0
136.765311 1.0 1.0
137.765311 0.0 0.0
138.765311 1.0 0.0
139.765311 0.0 0.0
140.765311 1.0 1.0
141.765311 0.0 0.0
142.765311 1.0 0.0
143.765311 0.0 0.0
144.765311 1.0 1.0
145.765311 0.0 0.0
146.765311 1.0 0.0
147.765311 0.0 0.0
148.77747966399997 1.0 1.0
149.79442766399998 0.0 0.0
150.81137566399997 1.0 1.0
151.82832366399998 0.0 0.0
152.83310299999997 1.0 0.0
153.83310299999997 0.0 0.0
154.83310299999997 1.0 1.0
155.83310299999997 0.0 0.0
156.83310299999997 1.0 0.0
157.83310299999997 0.0 0.0
158.83310299999997 1.0 1.0
159.83310299999997 0.0 0.0
160.83310299999997 1.0 0.0
161.83310299999997 0.0 0.0
162.83310299999997 1.0 1.0
163.83310299999997 0.0 0.0
164.83310299999997 1.0 0.0
165.83310299999997 0.0 0.0
166.83310299999997 1.0 1.0
167.83310299999997 0.0 0.0
168.83310299999997 1.0 0.0
169.83310299999997 0.0 0.0
170.83310299999997 1.0 1.0
171.83310299999997 0.0 0.0
172.83310299999997 1.0 0.0
173.83310299999997 0.0 0.0
174.83310299999997 1.0 1.0
175.83310299999997 0.0 0.0
176.83310299999997 1.0 0.0
177.83310299999997 0.0 0.0
178.83310299999997 1.0 1.0
179.83310299999997 0.0 0.0
180.83310299999997 1.0 0.0
181.83310299999997 0.0 0.0
182.83310299999997 1.0 1.0
183.83310299999997 0.0 0.0
184.83310299999997 1.0 0.0
185.83310299999997 0.0 0.0
186.83310299999997 1.0 1.0
187.83310299999997 0.0 0.0
188.83310299999997 1.0 0.0
189.83310299999997 0.0 0.0
190.83310299999997 1.0 1.0
191.83310299999997 0.0 0.0
192.83310299999997 1.0 0.0
193.83310299999997 0.0 0.0
194.83310299999997 1.0 1.0
195.83310299999997 0.0 0.0
196.83310299999997 1.0 0.0
197.83310299999997 0.0 0.0
198.83310299999997 1.0 1.0
199.83310299999997 0.0 0.0
200.83310299999997 1.0 1.0
201.83310299999997 0.0 0.0
202.83310299999997 1.0 0.0
203.83310299999997 0.0 0.0
204.83310299999997 1.0 1.0
205.83310299999997 0.0 0.0
206.83310299999997 1.0 0.0
207.83310299999997 0.0 0.0
208.83310299999997 1.0 1.0
209.83310299999997 0.0 0.0
210.83310299999997 1.0 0.0
211.83310299999997 0.0 0.0
212.83310299999997 1.0 1.0
213.83310299999997 0.0 0.0
214.83310299999997 1.0 0.0
215.83310299999997 0.0 0.0
216.83310299999997 1.0 1.0
217.83310299999997 0.0 0.0
218.83310299999997 1.0 0.0
219.83310299999997 0.0 0.0
220.83310299999997 1.0 1.0
221.83310299999997 0.0 0.0
222.83310299999997 1.0 0.0
223.83310299999997 0.0 0.0
224.83310299999997 1.0 1.0
225.84527166399997 0.0 0.0
226.86221966399998 1.0 0.0
227.86699899999996 0.0 0.0
228.86699899999996 1.0 1.0
229.86699899999996 0.0 0.0
230.86699899999996 1.0 0.0
231.86699899999996 0.0 0.0
232.86699899999996 1.0 1.0
233.86699899999996 0.0 0.0
234.86699899999996 1.0 0.0
235.86699899999996 0.0 0.0
236.86699899999996 1.0 1.0
237.86699899999996 0.0 0.0
238.86699899999996 1.0 0.0
239.86699899999996 0.0 0.0
240.86699899999996 1.0 1.0
241.86699899999996 0.0 0.0
242.86699899999996 1.0 0.0
243.86699899999996 0.0 0.0
244.86699899999996 1.0 1.0
245.86699899999996 0.0 0.0
246.86699899999996 1.0 0.0
247.86699899999996 0.0 0.0
248.86699899999996 1.0 1.0
249.86699899999996 0.0 0.0
250.86699899999996 1.0 0.0
251.86699899999996 0.0 0.0
252.86699899999996 1.0 1.0
253.86699899999996 0.0 0.0
254.86699899999996 1.0 0.0
255.86699899999996 0.0 0.0
256.86699899999996 1.0 1.0
257.86699899999996 0.0 0.0
258.86699899999996 1.0 0.0
259.86699899999996 0.0 0.0
260.86699899999996 1.0 0.0
261.86699899999996 0.0 0.0