0.471999528 1.0 0.0
1.138665528 0.0 0.0
1.8053315280000002 1.0 1.0
2.471997528 0.0 0.0
3.1386635280000004 1.0 0.0
3.805329528 0.0 0.0
4.471995528000001 1.0 1.0
5.138661528 0.0 0.0
5.805327528 1.0 0.0
6.4719935280000005 0.0 0.0
7.138659528000001 1.0 1.0
7.805325528 0.0 0.0
8.471991528 1.0 0.0
9.138657528000001 0.0 0.0
9.805323528 1.0 1.0
10.471989528 0.0 0.0
11.138655528 1.0 0.0
11.805321528 0.0 0.0
12.471987528000001 1.0 1.0
13.138653528 0.0 0.0
13.805319528 1.0 0.0
14.471985528000001 0.0 0.0
15.138651528 1.0 1.0
15.805317528 0.0 0.0
16.471983528 1.0 0.0
17.138649528000002 0.0 0.0
17.805315528 1.0 1.0
18.471981528 0.0 0.0
19.138647528 1.0 0.0
19.805313528 0.0 0.0
20.471979528000002 1.0 1.0
21.139138401500002 0.0 0.0
21.8065464015 1.0 0.0
22.572777543 0.0 0.0
23.280323543 1.0 1.0
23.958245169666668 0.0 0.0
24.624911169666667 1.0 0.0
25.291577169666667 0.0 0.0
25.958243169666666 1.0 1.0
26.62490916966667 0.0 0.0
27.291575169666668 1.0 0.0
27.958241169666668 0.0 0.0
28.624907169666667 1.0 1.0
29.291573169666666 0.0 0.0
29.95823916966667 1.0 0.0
30.62490516966667 0.0 0.0
31.291571169666668 1.0 1.0
31.958237169666667 0.0 0.0
32.624903169666666 1.0 0.0
33.291569169666666 0.0 0.0
33.958235169666665 1.0 1.0
34.62490116966667 0.0 0.0
35.29156716966666 1.0 0.0
35.95823316966667 0.0 0.0
36.62489916966667 1.0 1.0
37.29156516966667 0.0 0.0
37.95823116966667 1.0 0.0
38.62489716966667 0.0 0.0
39.29156316966667 1.0 1.0
39.958229169666666 0.0 0.0
40.62489516966667 1.0 0.0
41.291561169666664 0.0 0.0
41.95822716966667 1.0 1.0
42.62489316966666 0.0 0.0
43.29155916966667 1.0 0.0
43.95822516966667 0.0 0.0
44.62489116966667 1.0 1.0
45.29155716966667 0.0 0.0
45.95822316966667 1.0 0.0
46.62488916966667 0.0 0.0
47.291555169666665 1.0 1.0
47.95822116966667 0.0 0.0
48.62488716966667 1.0 0.0
49.29155316966667 0.0 0.0
49.95821916966667 1.0 1.0
50.62488516966667 0.0 0.0
51.291551169666675 1.0 0.0
51.95821716966667 0.0 0.0
52.624883169666674 1.0 1.0
53.291549169666666 0.0 0.0
53.95821516966667 1.0 0.0
54.62488116966667 0.0 0.0
55.29154716966667 1.0 1.0
55.95821316966667 0.0 0.0
56.62487916966667 1.0 0.0
57.29154516966667 0.0 0.0
57.95821116966667 1.0 1.0
58.62487716966667 0.0 0.0
59.29154316966667 1.0 0.0
59.958209169666674 0.0 0.0
60.62487516966667 1.0 1.0
61.29154116966667 0.0 0.0
61.95820716966667 1.0 0.0
62.62487316966667 0.0 0.0
63.29153916966667 1.0 1.0
63.95820516966667 0.0 0.0
64.62487116966668 1.0 0.0
65.29153716966667 0.0 0.0
65.95820316966666 1.0 1.0
66.62486916966668 0.0 0.0
67.29153516966667 1.0 0.0
67.95820116966667 0.0 0.0
68.62486716966667 1.0 1.0
69.29153316966666 0.0 0.0
69.95819916966667 1.0 0.0
70.62486516966666 0.0 0.0
71.29153116966667 1.0 1.0
71.95819716966668 0.0 0.0
72.62486316966667 1.0 0.0
73.29152916966666 0.0 0.0
73.95819516966667 1.0 1.0
74.62486116966667 0.0 0.0
75.29152716966667 1.0 0.0
75.95819316966666 0.0 0.0
76.62485916966666 1.0 1.0
77.29152516966667 0.0 0.0
77.95819116966666 1.0 0.0
78.62485716966667 0.0 0.0
79.29152316966668 1.0 1.0
79.95657941841667 0.0 0.0
80.62103041841667 1.0 0.0
81.28548141841667 0.0 0.0
81.94993241841667 1.0 1.0
82.61438341841666 0.0 0.0
83.27883441841666 1.0 0.0
83.94328541841666 0.0 0.0
84.60773641841666 1.0 1.0
85.27067106841668 0.0 0.0
85.93292206841667 1.0 0.0
86.59517306841667 0.0 0.0
87.25742406841667 1.0 1.0
87.92278249258334 0.0 0.0
88.58944849258334 1.0 0.0
89.25611449258335 0.0 0.0
89.92278049258334 1.0 1.0
90.58944649258335 0.0 0.0
91.25611249258334 1.0 0.0
91.92277849258335 0.0 0.0
92.58944449258334 1.0 1.0
93.25611049258335 0.0 0.0
93.92277649258334 1.0 0.0
94.58944249258334 0.0 0.0
95.25610849258334 1.0 1.0
95.92050766341667 0.0 0.0
96.58422366341668 1.0 0.0
97.24793966341667 0.0 0.0
97.91165566341668 1.0 1.0
98.57537166341668 0.0 0.0
99.23908766341668 1.0 0.0
99.90280366341668 0.0 0.0
100.56651966341668 1.0 1.0
101.23023566341668 0.0 0.0
101.89395166341669 1.0 0.0
102.55766766341668 0.0 0.0
103.22138366341667 1.0 1.0
103.88509966341668 0.0 0.0
104.54881566341668 1.0 0.0
105.21253166341668 0.0 0.0
105.87624766341668 1.0 1.0
106.53996366341669 0.0 0.0
107.20367966341668 1.0 0.0
107.86739566341669 0.0 0.0
108.53111166341668 1.0 1.0
109.19532966841668 0.0 0.0
109.85978066841668 1.0 0.0
110.52423166841668 0.0 0.0
111.18868266841667 1.0 1.0
111.85313366841667 0.0 0.0
112.51758466841667 1.0 0.0
113.18203566841667 0.0 0.0
113.84648666841667 1.0 1.0
114.51093766841667 0.0 0.0
115.17538866841667 1.0 0.0
115.83983966841667 0.0 0.0
116.50429066841667 1.0 1.0
117.16874166841667 0.0 0.0
117.83319266841667 1.0 0.0
118.49764366841667 0.0 0.0
119.16209466841667 1.0 1.0
119.82654566841668 0.0 0.0
120.49099666841668 1.0 0.0
121.15544766841668 0.0 0.0
121.81989866841668 1.0 1.0
122.48434966841668 0.0 0.0
123.14880066841668 1.0 0.0
123.81325166841668 0.0 0.0
124.47770266841668 1.0 1.0
125.14215366841668 0.0 0.0
125.80660466841668 1.0 0.0
126.4726008155 0.0 0.0
127.13926681550001 1.0 1.0
127.8059328155 0.0 0.0
128.4725988155 1.0 0.0
129.1392648155 0.0 0.0
129.8059308155 1.0 1.0
130.4725968155 0.0 0.0
131.13926281550002 1.0 0.0
131.8059288155 0.0 0.0
132.4725948155 1.0 1.0
133.1392608155 0.0 0.0
133.80592681550002 1.0 0.0
134.4725928155 0.0 0.0
135.1392588155 1.0 1.0
135.80592481550002 0.0 0.0
136.4725908155 1.0 0.0
137.1392568155 0.0 0.0
137.8059228155 1.0 1.0
138.47258881550002 0.0 0.0
139.1392548155 1.0 0.0
139.8059208155 0.0 0.0
140.4725868155 1.0 1.0
141.13925281550002 0.0 0.0
141.8059188155 1.0 0.0
142.4725848155 0.0 0.0
143.13925081550002 1.0 1.0
143.8059168155 0.0 0.0
144.4725828155 1.0 0.0
145.1392488155 0.0 0.0
145.80591481550002 1.0 1.0
146.4725808155 0.0 0.0
147.1392468155 1.0 0.0
147.8059128155 0.0 0.0
148.47257881550001 1.0 1.0
149.1392448155 0.0 0.0
149.8059108155 1.0 0.0
150.47257681550002 0.0 0.0
151.1392428155 1.0 1.0
151.8038939655 0.0 0.0
152.4676099655 1.0 0.0
153.13132596550003 0.0 0.0
153.79504196550002 1.0 1.0
154.4587579655 0.0 0.0
155.1224739655 1.0 0.0
155.7861899655 0.0 0.0
156.44990596550002 1.0 1.0
157.11362196550002 0.0 0.0
157.7773379655 1.0 0.0
158.4410539655 0.0 0.0
159.1047699655 1.0 1.0
159.76848596550002 0.0 0.0
160.4322019655 1.0 0.0
161.0959179655 0.0 0.0
161.7596339655 1.0 1.0
162.42334996550002 0.0 0.0
163.08706596550002 1.0 0.0
163.7507819655 0.0 0.0
164.4144979655 1.0 1.0
165.07821396550003 0.0 0.0
165.74192996550002 1.0 0.0
166.4056459655 0.0 0.0
167.0693619655 1.0 1.0
167.7330779655 0.0 0.0
168.39679396550002 1.0 0.0
169.06050996550002 0.0 0.0
169.7242259655 1.0 1.0
170.3879419655 0.0 0.0
171.05165796550003 1.0 0.0
171.71537396550002 0.0 0.0
172.37908996550004 1.0 1.0
173.0444857496667 0.0 0.0
173.71041174966672 1.0 0.0
174.3763377496667 0.0 0.0
175.04226374966672 1.0 1.0
175.7081897496667 0.0 0.0
176.37411574966671 1.0 0.0
177.0400417496667 0.0 0.0
177.7059677496667 1.0 1.0
178.3718937496667 0.0 0.0
179.0378197496667 1.0 0.0
179.7037457496667 0.0 0.0
180.3696717496667 1.0 1.0
181.03559774966672 0.0 0.0
181.7015237496667 1.0 0.0
182.36744974966672 0.0 0.0
183.0333757496667 1.0 1.0
183.69930174966672 0.0 0.0
184.3652277496667 1.0 0.0
185.03115374966671 0.0 0.0
185.6970797496667 1.0 1.0
186.3630057496667 0.0 0.0
187.0289317496667 1.0 0.0
187.6948577496667 0.0 0.0
188.3607837496667 1.0 1.0
189.0267097496667 0.0 0.0
189.6926357496667 1.0 0.0
190.3585617496667 0.0 0.0
191.02448774966672 1.0 1.0
191.68840981191673 0.0 0.0
192.35139281191672 1.0 0.0
193.01437581191672 0.0 0.0
193.67735881191672 1.0 1.0
194.34499662175006 0.0 0.0
195.01538762175005 1.0 0.0
195.68523116516673 0.0 0.0
196.3548731651667 1.0 1.0
197.02451516516672 0.0 0.0
197.69415716516673 1.0 0.0
198.3637991651667 0.0 0.0
199.03344116516672 1.0 1.0
199.7030831651667 0.0 0.0
200.3727251651667 1.0 0.0
201.04236716516672 0.0 0.0
201.7120091651667 1.0 1.0
202.38165116516672 0.0 0.0
203.05129316516673 1.0 0.0
203.7209351651667 0.0 0.0
204.39057716516672 1.0 1.0
205.06021916516673 0.0 0.0
205.7298611651667 1.0 0.0
206.39950316516672 0.0 0.0
207.06914516516673 1.0 1.0
207.73865997216672 0.0 0.0
208.40755597216673 1.0 0.0
209.0752866113334 0.0 0.0
209.7419526113334 1.0 1.0
210.4086186113334 0.0 0.0
211.07528461133342 1.0 0.0
211.7419506113334 0.0 0.0
212.4086166113334 1.0 1.0
213.0752826113334 0.0 0.0
213.7419486113334 1.0 0.0
214.4086146113334 0.0 0.0
215.0752806113334 1.0 1.0
215.74127576633342 0.0 0.0
216.4057267663334 1.0 0.0
217.07017776633342 0.0 0.0
217.7346287663334 1.0 1.0
218.39907976633341 0.0 0.0
219.0635307663334 1.0 0.0
219.72798176633341 0.0 0.0
220.3924327663334 1.0 1.0
221.0568837663334 0.0 0.0
221.7213347663334 1.0 0.0
222.3857857663334 0.0 0.0
223.0502367663334 1.0 1.0
223.7146877663334 0.0 0.0
224.3791387663334 1.0 0.0
225.0435897663334 0.0 0.0
225.7080407663334 1.0 1.0
226.3724917663334 0.0 0.0
227.0369427663334 1.0 0.0
227.7013937663334 0.0 0.0
228.3658447663334 1.0 1.0
229.0302957663334 0.0 0.0
229.6947467663334 1.0 0.0
230.3591977663334 0.0 0.0
231.0236487663334 1.0 1.0
231.6880997663334 0.0 0.0
232.3525507663334 1.0 0.0
233.0170017663334 0.0 0.0
233.6814527663334 1.0 1.0
234.3459037663334 0.0 0.0
235.01035476633342 1.0 0.0
235.6748057663334 0.0 0.0
236.3392567663334 1.0 1.0
237.0037077663334 0.0 0.0
237.66815876633342 1.0 0.0
238.3326097663334 0.0 0.0
238.99706076633342 1.0 1.0
239.6615117663334 0.0 0.0
240.32596276633342 1.0 0.0
240.9904137663334 0.0 0.0
241.65486476633342 1.0 1.0
242.3193157663334 0.0 0.0
242.98376676633342 1.0 0.0
243.6482177663334 0.0 0.0
244.31266876633342 1.0 1.0
244.9771197663334 0.0 0.0
245.64157076633342 1.0 0.0
246.3060217663334 0.0 0.0
246.97047276633342 1.0 1.0
247.6349237663334 0.0 0.0
248.29937476633341 1.0 0.0
248.9638257663334 0.0 0.0
249.6282767663334 1.0 1.0
250.2927277663334 0.0 0.0
250.9571787663334 1.0 0.0
251.6216297663334 0.0 0.0
252.2860807663334 1.0 1.0
252.95053176633343 0.0 0.0
253.6149827663334 0.0 0.0
254.2794337663334 1.0 0.0
254.9438847663334 0.0 0.0
255.60833576633343 1.0 1.0
256.2727867663334 0.0 0.0
256.9372377663334 1.0 0.0
257.6016887663334 0.0 0.0
258.2661397663334 1.0 1.0
258.9305907663334 0.0 0.0
259.5950417663334 1.0 0.0
260.25949276633344 0.0 0.0
260.9239437663334 1.0 1.0
261.5883947663334 0.0 0.0
262.2528457663334 1.0 0.0
262.9172967663334 0.0 0.0
263.5817477663334 1.0 1.0
264.2461987663334 0.0 0.0