0.36526261000000004 0.0 0.0
1.41789261 1.0 0.0
2.47052261 0.0 0.0
3.5231526100000004 1.0 1.0
4.57578261 0.0 0.0
5.628412610000001 1.0 0.0
6.68104261 0.0 0.0
7.733672610000001 1.0 1.0
8.786302610000002 0.0 0.0
9.83893261 1.0 0.0
10.89156261 0.0 0.0
11.94419261 1.0 1.0
12.99682261 0.0 0.0
14.049452610000001 1.0 0.0
15.10208261 0.0 0.0
16.15471261 1.0 1.0
17.20734261 0.0 0.0
18.259972610000005 1.0 0.0
19.312602610000006 0.0 0.0
20.365232610000007 1.0 1.0
21.417862610000004 0.0 0.0
22.470492610000004 1.0 0.0
23.523122610000005 0.0 0.0
24.575752610000006 1.0 1.0
25.628382610000006 0.0 0.0
26.681012610000007 1.0 0.0
27.733642610000008 0.0 0.0
28.786272610000008 1.0 1.0
29.838902610000005 0.0 0.0
30.891532610000006 1.0 0.0
31.944162610000006 0.0 0.0
32.99679261000001 1.0 1.0
34.04942261000001 0.0 0.0
35.10205261000001 1.0 0.0
36.15468261000001 0.0 0.0
37.20731261000001 1.0 1.0
38.25994261000001 0.0 0.0
39.31257261000001 1.0 0.0
40.365202610000004 0.0 0.0
41.417832610000005 1.0 1.0
42.470462610000006 0.0 0.0
43.523092610000006 1.0 0.0
44.57572261000001 0.0 0.0
45.62835261000001 1.0 1.0
46.68098261000001 0.0 0.0
47.73361261000001 1.0 0.0
48.78624261000001 0.0 0.0
49.83887261000001 1.0 1.0
50.89150261000001 0.0 0.0
51.94413261000001 1.0 0.0
52.99676261000001 0.0 0.0
54.04939261000001 1.0 1.0
55.10202261000001 0.0 0.0
56.15465261000001 1.0 0.0
57.20728261000001 0.0 0.0
58.25991261000001 1.0 1.0
59.31254261000001 0.0 0.0
60.36517261000001 1.0 0.0
61.41780261000001 0.0 0.0
62.47043261000001 1.0 1.0
63.52306261000001 0.0 0.0
64.57569261 1.0 0.0
65.62832261000001 0.0 0.0
66.68095261 1.0 1.0
67.73358261 0.0 0.0
68.78621261 1.0 0.0
69.83884261 0.0 0.0
70.89147261000001 1.0 1.0
71.94410261 0.0 0.0
72.99673261000001 1.0 0.0
74.04936261 0.0 0.0
75.10199261000001 1.0 1.0
76.15462261 0.0 0.0
77.20725261 1.0 0.0
78.25988261 0.0 0.0
79.31251261 1.0 1.0
80.36514261 0.0 0.0
81.41777261 1.0 0.0
82.47040261000001 0.0 0.0
83.52303261 1.0 1.0
84.57566261000001 0.0 0.0
85.62829261 1.0 0.0
86.68092261000001 0.0 0.0
87.73355261 1.0 1.0
88.78618261000001 0.0 0.0
89.83881261 1.0 0.0
90.89144261000001 0.0 0.0
91.94407261 1.0 1.0
92.99670261 0.0 0.0
94.04933261000001 1.0 0.0
95.10196261 0.0 0.0
96.15459261000001 1.0 1.0
97.20722261 0.0 0.0
98.25985261000001 1.0 0.0
99.31248261 0.0 0.0
100.36511261000001 1.0 1.0
101.41774261 0.0 0.0
102.47037261000001 1.0 0.0
103.52300261 0.0 0.0
104.57563261000001 1.0 1.0
105.62826261000001 0.0 0.0
106.68089261000001 1.0 0.0
107.73352261000001 0.0 0.0
108.78615261 1.0 1.0
109.83878261000001 0.0 0.0
110.89141261 1.0 0.0
111.94404261000001 0.0 0.0
112.99667261 1.0 1.0
114.04930261000001 0.0 0.0
115.10193261 1.0 0.0
116.15456261000001 0.0 0.0
117.20719261 1.0 1.0
118.25982261000001 0.0 0.0
119.31245261000001 1.0 0.0
120.36508261000002 0.0 0.0
121.41771261000001 1.0 1.0
122.47034261 0.0 0.0
123.52297261000001 1.0 0.0
124.57560261 0.0 0.0
125.62823261000001 1.0 1.0
126.68086261 0.0 0.0
127.73349261000001 1.0 0.0
128.78612261 0.0 0.0
129.83875261 1.0 1.0
130.89138261000002 0.0 0.0
131.94401261000002 1.0 0.0
132.99664261 0.0 0.0
134.04927261 1.0 1.0
135.10190261000002 0.0 0.0
136.15453261000002 1.0 0.0
137.20716261000004 0.0 0.0
138.25979261000003 1.0 1.0
139.31242261000003 0.0 0.0
140.36505261000002 1.0 0.0
141.41768261 0.0 0.0
142.47031261000004 1.0 1.0
143.52294261000003 0.0 0.0
144.57557261000002 1.0 0.0
145.62820261000002 0.0 0.0
146.68083261 1.0 1.0
147.73346261 0.0 0.0
148.78609261000003 1.0 0.0
149.83872261000002 0.0 0.0
150.89135261 1.0 1.0
151.94398261 0.0 0.0
152.99661261 1.0 0.0
154.04924261000002 0.0 0.0
155.10187261000002 1.0 1.0
156.15450261 0.0 0.0
157.20713261 1.0 1.0
158.25976261000002 0.0 0.0
159.31239261000002 1.0 0.0
160.36502261 0.0 0.0
161.41765261 1.0 1.0
162.47028261000003 0.0 0.0
163.52291261000002 1.0 0.0
164.57554261 0.0 0.0
165.62817261 1.0 1.0
166.68080261000003 0.0 0.0
167.73343261000002 1.0 0.0
168.78606261000002 0.0 0.0
169.83869261 1.0 1.0
170.89132261 0.0 0.0
171.94395261000003 1.0 0.0
172.99658261000002 0.0 0.0
174.04921261 1.0 1.0
175.10184261 0.0 0.0
176.15447261000003 1.0 0.0
177.20710261000002 0.0 0.0
178.25973261000001 1.0 1.0
179.31236261 0.0 0.0
180.36499261000003 1.0 0.0
181.41762261000002 0.0 0.0
182.47025261000002 1.0 1.0
183.52288261 0.0 0.0
184.57551261 1.0 0.0
185.62814261000003 0.0 0.0
186.68077261000002 1.0 1.0
187.73340261 0.0 0.0
188.78603261 1.0 0.0
189.83866261000003 0.0 0.0
190.89129261000002 1.0 1.0
191.94392261000002 0.0 0.0
192.99655261 1.0 0.0
194.04918261000003 0.0 0.0
195.10181261000002 1.0 1.0
196.15444261000002 0.0 0.0
197.20707261 1.0 0.0
198.25970261000003 0.0 0.0
199.31233261000003 1.0 1.0
200.36496261000002 0.0 0.0
201.41759261 1.0 0.0
202.47022261 0.0 0.0
203.52285261000003 1.0 1.0
204.57548261000002 0.0 0.0
205.62811261000002 1.0 0.0
206.68074261 0.0 0.0
207.73337261000003 1.0 1.0
208.78600261000003 0.0 0.0
209.83863261000002 1.0 1.0
210.89126261 0.0 0.0
211.94389261000003 1.0 0.0
212.99652261000003 0.0 0.0
214.04915261000002 1.0 1.0
215.10178261000001 0.0 0.0
216.15441261 1.0 0.0
217.20704261000003 0.0 0.0
218.25967261000002 1.0 1.0
219.31230261000002 0.0 0.0
220.36493261 1.0 0.0
221.41756261000003 0.0 0.0
222.47019261000003 1.0 1.0
223.52282261000002 0.0 0.0
224.57545261 1.0 0.0
225.62808261000004 0.0 0.0
226.68071261000003 1.0 1.0
227.73334261000002 0.0 0.0
228.78597261000002 1.0 0.0
229.83860261 0.0 0.0
230.89123261000003 1.0 1.0
231.94386261000002 0.0 0.0
232.99649261000002 1.0 0.0
234.04912261 0.0 0.0
235.10175261000003 1.0 1.0
236.15438261000003 0.0 0.0
237.20701261000002 1.0 0.0
238.25964261000001 0.0 0.0
239.31227261000004 1.0 1.0
240.36490261000003 0.0 0.0
241.41753261000002 1.0 0.0
242.47016261000002 0.0 0.0
243.52279261000004 1.0 1.0
244.57542261000003 0.0 0.0
245.62805261000003 1.0 0.0
246.68068261000002 0.0 0.0
247.73331261 1.0 1.0
248.78594261000003 0.0 0.0
249.83857261000003 1.0 0.0
250.89120261000002 0.0 0.0
251.94383261000002 1.0 1.0
252.99646261000004 0.0 0.0
254.04909261000003 1.0 0.0
255.10172261000002 0.0 0.0
256.15435261000005 1.0 1.0
257.20698261 0.0 0.0
258.25961261000003 1.0 0.0
259.31224261000006 0.0 0.0
260.36487261 1.0 1.0
261.41750261000004 0.0 0.0
262.47013261 1.0 0.0
263.52276261000003 0.0 0.0
264.57539261000005 1.0 1.0
265.62802261 0.0 0.0
266.68065261000004 1.0 0.0
267.73328261 0.0 0.0
268.78591261 1.0 1.0
269.83854261000005 0.0 0.0
270.89117261 1.0 0.0
271.94380261000003 0.0 0.0
272.99643261000006 1.0 1.0
274.04906261 0.0 0.0
275.10169261000004 1.0 0.0
276.15432261 0.0 0.0
277.20695261000003 1.0 1.0
278.25958261000005 0.0 0.0
279.31221261 1.0 0.0
280.36484261000004 0.0 0.0
281.41747261 1.0 1.0
282.47010261 0.0 0.0
283.52273261000005 1.0 0.0
284.57536261 0.0 0.0
285.62799261000004 1.0 1.0
286.68062261000006 0.0 0.0
287.73325261 0.0 0.0
288.78588261000004 1.0 1.0
289.83851261 0.0 0.0
290.89114261000003 1.0 0.0
291.94377261000005 0.0 0.0
292.99640261 1.0 0.0
294.04903261000004 0.0 0.0
295.10166261 1.0 1.0
296.15429261 0.0 0.0
297.20692261000005 1.0 0.0
298.25955261 0.0 0.0
299.31218261000004 1.0 1.0
300.36481261000006 0.0 0.0
301.41744261 1.0 0.0
302.47007261000005 0.0 0.0
303.52270261 1.0 1.0
304.57533261000003 0.0 0.0
305.62796261000005 1.0 0.0
306.68059261 0.0 0.0
307.73322261000004 1.0 1.0
308.78585261 0.0 0.0