0.12794104 0.0 0.0
1.01029304 1.0 0.0
1.89264504 0.0 0.0
2.7749970399999997 1.0 1.0
3.6573490399999997 0.0 0.0
4.53970104 1.0 0.0
5.42205304 0.0 0.0
6.30440504 1.0 1.0
7.18675704 0.0 0.0
8.069109039999999 1.0 0.0
8.95146104 0.0 0.0
9.833813039999999 1.0 1.0
10.71616504 0.0 0.0
11.598517039999999 1.0 0.0
12.48086904 0.0 0.0
13.363221039999999 1.0 1.0
14.245573039999998 0.0 0.0
15.127925040000001 1.0 0.0
16.010277040000002 0.0 0.0
16.89262904 1.0 1.0
17.77498104 0.0 0.0
18.65733304 1.0 0.0
19.539685040000002 0.0 0.0
20.42203704 1.0 1.0
21.30438904 0.0 0.0
22.18674104 1.0 0.0
23.069093040000002 0.0 0.0
23.95144504 1.0 1.0
24.83379704 0.0 0.0
25.71614904 1.0 0.0
26.598501040000002 0.0 0.0
27.48085304 1.0 1.0
28.363205040000004 0.0 0.0
29.245557040000005 1.0 0.0
30.127909040000006 0.0 0.0
31.010261040000003 1.0 1.0
31.892613040000004 0.0 0.0
32.774965040000005 1.0 0.0
33.65731704 0.0 0.0
34.53966904000001 1.0 1.0
35.422021040000004 0.0 0.0
36.30437304 1.0 0.0
37.186725040000006 0.0 0.0
38.06907704 1.0 1.0
38.95142904000001 0.0 0.0
39.833781040000005 1.0 0.0
40.71613304 0.0 0.0
41.59848504000001 1.0 1.0
42.480837040000004 0.0 0.0
43.36318904 1.0 0.0
44.245541040000006 0.0 0.0
45.127893040000004 1.0 1.0
46.01024504 0.0 0.0
46.892597040000005 1.0 0.0
47.77494904 0.0 0.0
48.65730104000001 1.0 1.0
49.539653040000005 0.0 0.0
50.42200504 1.0 0.0
51.304357040000006 0.0 0.0
52.186709040000004 1.0 1.0
53.06906104 0.0 0.0
53.951413040000006 1.0 0.0
54.83376504 0.0 0.0
55.71611704000001 1.0 1.0
56.59846904 0.0 0.0
57.480821039999995 1.0 0.0
58.36317304 0.0 0.0
59.24552504 1.0 1.0
60.12787704 0.0 0.0
61.01022904 1.0 0.0
61.892581039999996 0.0 0.0
62.77493304 1.0 1.0
63.65728504 0.0 0.0
64.53963704 1.0 0.0
65.42198904 0.0 0.0
66.30434104 1.0 1.0
67.18669304 0.0 0.0
68.06904503999999 1.0 0.0
68.95139704 0.0 0.0
69.83374904 1.0 1.0
70.71610104 0.0 0.0
71.59845304 1.0 0.0
72.48080503999999 0.0 0.0
73.36315704 1.0 1.0
74.24550904 0.0 0.0
75.12786104 1.0 0.0
76.01021304 0.0 0.0
76.89256504 1.0 1.0
77.77491703999999 0.0 0.0
78.65726904 1.0 0.0
79.53962104 0.0 0.0
80.42197304 1.0 1.0
81.30432504 0.0 0.0
82.18667703999999 1.0 0.0
83.06902904 0.0 0.0
83.95138104 1.0 1.0
84.83373304 0.0 0.0
85.71608504 1.0 0.0
86.59843704 0.0 0.0
87.48078904 1.0 1.0
88.36314104 0.0 0.0
89.24549304 1.0 0.0
90.12784504 0.0 0.0
91.01019704 1.0 1.0
91.89254903999999 0.0 0.0
92.77490104 1.0 0.0
93.65725304 0.0 0.0
94.53960504 1.0 1.0
95.42195704 0.0 0.0
96.30430903999999 1.0 0.0
97.18666104 0.0 0.0
98.06901304 1.0 1.0
98.95136504 0.0 0.0
99.83371704 1.0 0.0
100.71606904 0.0 0.0
101.59842104 1.0 1.0
102.48077304 0.0 0.0
103.36312504 1.0 0.0
104.24547704 0.0 0.0
105.12782904 1.0 1.0
106.01018103999999 0.0 0.0
106.89253304 1.0 0.0
107.77488504 0.0 0.0
108.65723704 1.0 1.0
109.53958904 0.0 0.0
110.42194104 1.0 0.0
111.30429304 0.0 0.0
112.18664504 1.0 1.0
113.06899704000001 0.0 0.0
113.95134904000001 1.0 0.0
114.83370104000001 0.0 0.0
115.71605304 1.0 1.0
116.59840504000002 0.0 0.0
117.48075704000001 1.0 0.0
118.36310904000001 0.0 0.0
119.24546104000001 1.0 1.0
120.12781304 0.0 0.0
121.01016504000002 1.0 0.0
121.89251704000002 0.0 0.0
122.77486904000001 1.0 1.0
123.65722104000001 0.0 0.0
124.53957304000001 1.0 0.0
125.42192504 0.0 0.0
126.30427704000002 1.0 1.0
127.18662904000001 0.0 0.0
128.06898104 1.0 0.0
128.95133304 0.0 0.0
129.83368504 1.0 1.0
130.71603704 0.0 0.0
131.59838904 1.0 0.0
132.48074104 0.0 0.0
133.36309304000002 1.0 1.0
134.24544504000002 0.0 0.0
135.12779704000002 1.0 0.0
136.01014904000002 0.0 0.0
136.89250104 1.0 1.0
137.77485304 0.0 0.0
138.65720504 1.0 0.0
139.53955704 0.0 0.0
140.42190904 1.0 1.0
141.30426104 0.0 0.0
142.18661304000003 1.0 0.0
143.06896504000002 0.0 0.0
143.95131704000002 1.0 1.0
144.83366904000002 0.0 0.0
145.71602104000002 1.0 0.0
146.59837304 0.0 0.0
147.48072504 1.0 1.0
148.36307704 0.0 0.0
149.24542904 1.0 0.0
150.12778104 0.0 0.0
151.01013304 1.0 1.0
151.89248504000003 0.0 0.0
152.77483704000002 1.0 0.0
153.65718904000002 0.0 0.0
154.53954104000002 1.0 1.0
155.42189304000001 0.0 0.0
156.30424504 1.0 0.0
157.18659704 0.0 0.0
158.06894904 1.0 1.0
158.95130104 0.0 0.0
159.83365304 1.0 0.0
160.71600504 0.0 0.0
161.59835704000002 1.0 1.0
162.48070904000002 0.0 0.0
163.36306104000002 1.0 0.0
164.24541304000002 0.0 0.0
165.12776504 1.0 1.0
166.01011704 0.0 0.0
166.89246904 1.0 0.0
167.77482104 0.0 0.0
168.65717304 1.0 1.0
169.53952504 0.0 0.0
170.42187704 1.0 0.0
171.30422904000002 0.0 0.0
172.18658104000002 1.0 1.0
173.06893304000002 0.0 0.0
173.95128504000002 1.0 0.0
174.83363704 0.0 0.0
175.71598904 1.0 1.0
176.59834104 0.0 0.0
177.48069304 1.0 0.0
178.36304504 0.0 0.0
179.24539704 1.0 1.0
180.12774904000003 0.0 0.0
181.01010104000002 1.0 0.0
181.89245304000002 0.0 0.0
182.77480504000002 1.0 1.0
183.65715704000002 0.0 0.0
184.53950904 1.0 0.0
185.42186104 0.0 0.0
186.30421304 1.0 1.0
187.18656504 0.0 0.0
188.06891704 1.0 0.0
188.95126904 0.0 0.0
189.83362104000003 1.0 1.0
190.71597304000002 0.0 0.0
191.59832504000002 1.0 0.0
192.48067704000002 0.0 0.0
193.36302904000001 1.0 1.0
194.24538104 0.0 0.0
195.12773304 1.0 0.0
196.01008504 0.0 0.0
196.89243704 1.0 1.0
197.77478904 0.0 0.0
198.65714104 1.0 0.0
199.53949304000002 0.0 0.0
200.42184504000002 1.0 1.0
201.30419704000002 0.0 0.0
202.18654904000002 1.0 0.0
203.06890104000001 0.0 0.0
203.95125304 1.0 1.0
204.83360504 0.0 0.0
205.71595704 1.0 0.0
206.59830904 0.0 0.0
207.48066104 1.0 1.0
208.36301304 0.0 0.0
209.24536504000002 1.0 0.0
210.12771704000002 0.0 0.0
211.01006904000002 1.0 1.0
211.89242104000002 0.0 0.0
212.77477304 1.0 0.0
213.65712504 0.0 0.0
214.53947704 1.0 1.0
215.42182904 0.0 0.0
216.30418104 1.0 0.0
217.18653304 0.0 0.0
218.06888504000003 1.0 1.0
218.95123704000002 0.0 0.0
219.83358904000002 1.0 0.0
220.71594104000002 0.0 0.0
221.59829304000002 1.0 1.0
222.48064504 0.0 0.0
223.36299704 1.0 0.0
224.24534904 0.0 0.0
225.12770104 1.0 1.0
226.01005303999997 0.0 0.0
226.89240504 1.0 0.0
227.77475704 0.0 0.0
228.65710904 1.0 1.0
229.53946104 0.0 0.0
230.42181304 1.0 0.0
231.30416504 0.0 0.0
232.18651703999998 1.0 1.0
233.06886903999998 0.0 0.0
233.95122103999998 1.0 0.0
234.83357303999998 0.0 0.0
235.71592503999997 1.0 1.0
236.59827704 0.0 0.0
237.48062904 1.0 0.0
238.36298104 0.0 0.0
239.24533304 1.0 1.0
240.12768504 0.0 0.0
241.01003703999996 1.0 0.0
241.89238903999996 0.0 0.0
242.77474103999995 1.0 0.0
243.65709303999995 0.0 0.0
244.53944503999995 1.0 1.0
245.42179703999997 0.0 0.0
246.30414903999997 1.0 1.0
247.18650103999997 0.0 0.0
248.06885303999996 0.0 0.0
248.95120503999996 1.0 1.0
249.83355703999996 0.0 0.0
250.71590903999996 1.0 1.0
251.59826103999995 0.0 0.0