0.313392105 0.0 0.0
0.849105105 1.0 0.0
1.384818105 0.0 0.0
1.920531105 1.0 1.0
2.456244105 0.0 0.0
2.9919571050000004 1.0 0.0
3.5276701050000003 0.0 0.0
4.063383105000001 1.0 1.0
4.599096105 0.0 0.0
5.134809105 1.0 0.0
5.670522105000001 0.0 0.0
6.206235105 1.0 1.0
6.7419481050000005 0.0 0.0
7.277661105000001 1.0 0.0
7.813374105 0.0 0.0
8.349087105 1.0 1.0
8.884800105 0.0 0.0
9.420513105000001 1.0 0.0
9.956226105000002 0.0 0.0
10.491939105000002 1.0 1.0
11.027652105000001 0.0 0.0
11.563365105000003 1.0 0.0
12.099078105000002 0.0 0.0
12.634791105000001 1.0 1.0
13.170504105000003 0.0 0.0
13.706217105000002 1.0 0.0
14.241930105000002 0.0 0.0
14.777643105000001 1.0 1.0
15.313356105000002 0.0 0.0
15.849069105000002 1.0 0.0
16.384782105000003 0.0 0.0
16.920495105 1.0 1.0
17.456208105 0.0 0.0
17.991921105000003 1.0 0.0
18.527634105 0.0 0.0
19.063347105 1.0 1.0
19.599060105 0.0 0.0
20.134773105 1.0 0.0
20.670486105 0.0 0.0
21.206199105 1.0 1.0
21.741912105 0.0 0.0
22.277625105 1.0 0.0
22.813338105 0.0 0.0
23.349051105 1.0 1.0
23.884764105 0.0 0.0
24.420477105 1.0 0.0
24.956190105 0.0 0.0
25.491903105 1.0 1.0
26.027616105 0.0 0.0
26.563329105 1.0 0.0
27.099042105 0.0 0.0
27.634755105 1.0 1.0
28.170468105 0.0 0.0
28.706181105 1.0 0.0
29.241894105 0.0 0.0
29.777607105 1.0 1.0
30.313320105 0.0 0.0
30.849033105 1.0 0.0
31.384746105 0.0 0.0
31.920459105 1.0 1.0
32.456172105 0.0 0.0
32.991885105 1.0 0.0
33.527598105 0.0 0.0
34.063311105000004 1.0 1.0
34.599024105 0.0 0.0
35.134737105 1.0 0.0
35.67045010499999 0.0 0.0
36.206163104999995 1.0 1.0
36.741876104999996 0.0 0.0
37.277589105 1.0 0.0
37.813302105 0.0 0.0
38.349015105 1.0 1.0
38.88472810499999 0.0 0.0
39.420441104999995 1.0 0.0
39.956154104999996 0.0 0.0
40.491867105 1.0 1.0
41.027580105 0.0 0.0
41.563293105 1.0 0.0
42.099006104999994 0.0 0.0
42.634719104999995 1.0 1.0
43.170432104999996 0.0 0.0
43.706145105 1.0 0.0
44.241858105 0.0 0.0
44.777571105 1.0 1.0
45.313284104999994 0.0 0.0
45.848997104999995 1.0 0.0
46.384710104999996 0.0 0.0
46.920423105 1.0 1.0
47.456136105 0.0 0.0
47.991849105 1.0 0.0
48.527562104999994 0.0 0.0
49.063275104999995 1.0 1.0
49.598988105 0.0 0.0
50.134701105 1.0 0.0
50.670414105 0.0 0.0
51.206127105 1.0 1.0
51.741840104999994 0.0 0.0
52.277553104999996 1.0 0.0
52.813266105 0.0 0.0
53.348979105 1.0 1.0
53.884692105 0.0 0.0
54.420405105 1.0 0.0
54.956118104999995 0.0 0.0
55.491831104999996 1.0 1.0
56.027544105 0.0 0.0
56.563257105 1.0 0.0
57.098970105 0.0 0.0
57.634683105 1.0 1.0
58.170396104999995 0.0 0.0
58.706109104999996 1.0 0.0
59.241822105 0.0 0.0
59.777535105 1.0 1.0
60.313248105 0.0 0.0
60.848961105 1.0 0.0
61.384674104999995 0.0 0.0
61.920387104999996 1.0 1.0
62.456100105 0.0 0.0
62.991813105 1.0 0.0
63.527526105 0.0 0.0
64.063239105 1.0 1.0
64.598952105 0.0 0.0
65.134665105 1.0 0.0
65.670378105 0.0 0.0
66.206091105 1.0 1.0
66.741804105 0.0 0.0
67.277517105 1.0 0.0
67.813230105 0.0 0.0
68.348943105 1.0 1.0
68.884656105 0.0 0.0
69.420369105 1.0 0.0
69.95608210500001 0.0 0.0
70.49179510500001 1.0 1.0
71.02750810500001 0.0 0.0
71.56322110500001 1.0 0.0
72.09893410500001 0.0 0.0
72.63464710500001 1.0 1.0
73.170360105 0.0 0.0
73.706073105 1.0 0.0
74.241786105 0.0 0.0
74.777499105 1.0 1.0
75.313212105 0.0 0.0
75.848925105 1.0 0.0
76.38463810500001 0.0 0.0
76.92035110500001 1.0 1.0
77.45606410500001 0.0 0.0
77.99177710500001 1.0 0.0
78.52749010500001 0.0 0.0
79.06320310500001 1.0 1.0
79.598916105 0.0 0.0
80.134629105 1.0 0.0
80.670342105 0.0 0.0
81.206055105 1.0 1.0
81.741768105 0.0 0.0
82.277481105 1.0 0.0
82.81319410500001 0.0 0.0
83.34890710500001 1.0 1.0
83.88462010500001 0.0 0.0
84.42033310500001 1.0 0.0
84.95604610500001 0.0 0.0
85.49175910500001 1.0 1.0
86.027472105 0.0 0.0
86.563185105 1.0 0.0
87.098898105 0.0 0.0
87.634611105 1.0 1.0
88.170324105 0.0 0.0
88.70603710500001 1.0 0.0
89.24175010500001 0.0 0.0
89.77746310500001 1.0 1.0
90.31317610500001 0.0 0.0
90.84888910500001 1.0 0.0
91.38460210500001 0.0 0.0
91.920315105 1.0 1.0
92.456028105 0.0 0.0
92.991741105 1.0 0.0
93.527454105 0.0 0.0
94.063167105 1.0 1.0
94.598880105 0.0 0.0
95.13459310500001 1.0 0.0
95.67030610500001 0.0 0.0
96.20601910500001 1.0 1.0
96.74173210500001 0.0 0.0
97.27744510500001 1.0 0.0
97.81315810500001 0.0 0.0
98.348871105 1.0 1.0
98.884584105 0.0 0.0
99.420297105 1.0 0.0
99.956010105 0.0 0.0
100.491723105 1.0 1.0
101.027436105 0.0 0.0
101.56314910500001 1.0 0.0
102.09886210500001 0.0 0.0
102.63457510500001 1.0 1.0
103.17028810500001 0.0 0.0
103.70600110500001 1.0 0.0
104.24171410500001 0.0 0.0
104.777427105 1.0 1.0
105.313140105 0.0 0.0
105.848853105 1.0 0.0
106.384566105 0.0 0.0
106.920279105 1.0 1.0
107.455992105 0.0 0.0
107.99170510500001 1.0 0.0
108.52741810500001 0.0 0.0
109.06313110500001 1.0 1.0
109.59884410500001 0.0 0.0
110.13455710500001 1.0 0.0
110.67027010500001 0.0 0.0
111.205983105 1.0 1.0
111.741696105 0.0 0.0
112.277409105 1.0 0.0
112.813122105 0.0 0.0
113.348835105 1.0 1.0
113.88454810500001 0.0 0.0
114.42026110500001 1.0 0.0
114.95597410500001 0.0 0.0
115.49168710500001 1.0 1.0
116.02740010500001 0.0 0.0
116.56311310500001 1.0 0.0
117.09882610500001 0.0 0.0
117.634539105 1.0 1.0
118.170252105 0.0 0.0
118.705965105 1.0 0.0
119.241678105 0.0 0.0
119.777391105 1.0 1.0
120.31310410500001 0.0 0.0
120.84881710500001 1.0 0.0
121.38453010500001 0.0 0.0
121.92024310500001 1.0 1.0
122.45595610500001 0.0 0.0
122.99166910500001 1.0 0.0
123.52738210500002 0.0 0.0
124.063095105 1.0 1.0
124.598808105 0.0 0.0
125.134521105 1.0 0.0
125.670234105 0.0 0.0
126.205947105 1.0 1.0
126.74166010500001 0.0 0.0
127.27737310500001 1.0 0.0
127.81308610500001 0.0 0.0
128.348799105 1.0 1.0
128.884512105 0.0 0.0
129.42022510500001 1.0 0.0
129.955938105 0.0 0.0
130.49165110500002 1.0 1.0
131.027364105 0.0 0.0
131.56307710500002 1.0 0.0
132.098790105 0.0 0.0
132.63450310500002 1.0 1.0
133.170216105 0.0 0.0
133.705929105 1.0 0.0
134.241642105 0.0 0.0
134.777355105 1.0 1.0
135.313068105 0.0 0.0
135.848781105 1.0 0.0
136.38449410500002 0.0 0.0
136.920207105 1.0 1.0
137.455920105 0.0 0.0
137.991633105 1.0 0.0
138.527346105 0.0 0.0
139.06305910499998 1.0 1.0
139.598772105 0.0 0.0
140.13448510499998 1.0 0.0
140.670198105 0.0 0.0
141.20591110499998 1.0 1.0
141.741624105 0.0 0.0
142.277337105 1.0 0.0
142.813050105 0.0 0.0
143.348763105 1.0 1.0
143.884476105 0.0 0.0
144.420189105 1.0 0.0
144.955902105 0.0 0.0
145.491615105 1.0 1.0
146.02732810499998 0.0 0.0
146.563041105 1.0 0.0
147.09875410499998 0.0 0.0
147.634467105 1.0 1.0
148.170180105 0.0 0.0
148.705893105 1.0 0.0
149.241606105 0.0 0.0
149.777319105 1.0 1.0
150.313032105 0.0 0.0
150.848745105 1.0 0.0
151.384458105 0.0 0.0
151.92017110499998 1.0 1.0
152.455884105 0.0 0.0
152.99159710499998 1.0 0.0
153.527310105 0.0 0.0
154.06302310499998 1.0 1.0
154.598736105 0.0 0.0
155.134449105 1.0 0.0
155.670162105 0.0 0.0
156.205875105 1.0 1.0
156.741588105 0.0 0.0
157.277301105 1.0 0.0
157.813014105 0.0 0.0
158.348727105 1.0 1.0
158.88444010499998 0.0 0.0
159.420153105 1.0 0.0
159.95586610499998 0.0 0.0
160.491579105 1.0 1.0
161.027292105 0.0 0.0
161.563005105 1.0 0.0
162.098718105 0.0 0.0
162.634431105 1.0 1.0
163.170144105 0.0 0.0
163.705857105 1.0 0.0
164.241570105 0.0 0.0
164.77728310499998 1.0 1.0
165.312996105 0.0 0.0
165.84870910499998 1.0 0.0
166.384422105 0.0 0.0
166.92013510499999 1.0 1.0
167.455848105 0.0 0.0
167.991561105 1.0 0.0
168.527274105 0.0 0.0
169.062987105 1.0 1.0
169.598700105 0.0 0.0
170.134413105 1.0 0.0
170.670126105 0.0 0.0
171.205839105 1.0 1.0
171.74155210499998 0.0 0.0
172.277265105 1.0 0.0
172.81297810499998 0.0 0.0
173.348691105 1.0 1.0
173.884404105 0.0 0.0
174.420117105 1.0 0.0
174.955830105 0.0 0.0
175.491543105 1.0 1.0
176.027256105 0.0 0.0
176.562969105 1.0 0.0
177.098682105 0.0 0.0
177.63439510499998 1.0 1.0
178.170108105 0.0 0.0
178.70582110499998 1.0 0.0
179.241534105 0.0 0.0
179.777247105 1.0 1.0
180.312960105 0.0 0.0
180.848673105 1.0 0.0
181.384386105 0.0 0.0
181.920099105 1.0 1.0
182.455812105 0.0 0.0
182.991525105 1.0 0.0
183.527238105 0.0 0.0
184.062951105 1.0 1.0
184.59866410499998 0.0 0.0
185.134377105 1.0 0.0
185.67009010499999 0.0 0.0
186.205803105 1.0 1.0
186.741516105 0.0 0.0
187.277229105 1.0 0.0
187.812942105 0.0 0.0
188.348655105 1.0 1.0
188.884368105 0.0 0.0
189.420081105 1.0 0.0
189.955794105 0.0 0.0
190.49150710499998 1.0 1.0
191.027220105 0.0 0.0
191.56293310499998 1.0 0.0
192.098646105 0.0 0.0
192.634359105 1.0 1.0
193.170072105 0.0 0.0
193.705785105 1.0 0.0
194.241498105 0.0 0.0
194.777211105 1.0 1.0
195.312924105 0.0 0.0
195.848637105 1.0 0.0
196.38435010499998 0.0 0.0
196.920063105 1.0 1.0
197.45577610499998 0.0 0.0
197.991489105 1.0 0.0
198.527202105 0.0 0.0
199.062915105 1.0 1.0
199.598628105 0.0 0.0
200.134341105 1.0 0.0
200.670054105 0.0 0.0
201.205767105 1.0 1.0
201.741480105 0.0 0.0
202.277193105 1.0 0.0
202.812906105 0.0 0.0
203.34861910499998 1.0 1.0
203.884332105 0.0 0.0
204.42004510499999 1.0 0.0
204.955758105 0.0 0.0
205.491471105 1.0 1.0
206.027184105 0.0 0.0
206.562897105 1.0 0.0
207.098610105 0.0 0.0
207.634323105 1.0 1.0
208.170036105 0.0 0.0
208.705749105 1.0 0.0
209.24146210499998 0.0 0.0
209.777175105 1.0 1.0
210.31288810499998 0.0 0.0
210.848601105 1.0 0.0
211.384314105 0.0 0.0
211.920027105 1.0 1.0
212.455740105 0.0 0.0
212.991453105 1.0 0.0
213.527166105 0.0 0.0
214.062879105 1.0 1.0
214.598592105 0.0 0.0
215.134305105 1.0 0.0
215.670018105 0.0 0.0
216.20573110499998 1.0 1.0
216.741444105 0.0 0.0
217.277157105 1.0 1.0
217.812870105 0.0 0.0
218.348583105 0.0 0.0
218.884296105 1.0 1.0
219.420009105 0.0 0.0
219.955722105 1.0 0.0
220.491435105 0.0 0.0
221.027148105 1.0 1.0
221.562861105 0.0 0.0
222.09857410499998 1.0 0.0
222.634287105 0.0 0.0
223.17000010499999 1.0 0.0