0.08172407799999998 0.0 0.0
1.116206078 1.0 0.0
2.150688078 0.0 0.0
3.185170078 1.0 1.0
4.219652078 0.0 0.0
5.254134078000001 1.0 0.0
6.288616078000001 0.0 0.0
7.323098078000002 1.0 1.0
8.357580078000002 0.0 0.0
9.392062078000002 1.0 0.0
10.426544078000003 0.0 0.0
11.461026078000002 1.0 1.0
12.495508078000002 0.0 0.0
13.529990078000003 1.0 0.0
14.564472078000003 0.0 0.0
15.598954078000004 1.0 1.0
16.633436078000003 0.0 0.0
17.667918078000003 1.0 0.0
18.702400078000004 0.0 0.0
19.736882078000004 1.0 1.0
20.771364078000005 0.0 0.0
21.805846078000005 1.0 0.0
22.840328078000006 0.0 0.0
23.874810078000003 1.0 1.0
24.909292078000004 0.0 0.0
25.943774078000004 1.0 0.0
26.978256078000005 0.0 0.0
28.012738078000005 1.0 1.0
29.047220078000006 0.0 0.0
30.081702078000006 1.0 0.0
31.116184078000007 0.0 0.0
32.15066607800001 1.0 1.0
33.185148078000005 0.0 0.0
34.21963007800001 1.0 0.0
35.254112078000006 0.0 0.0
36.28859407800001 1.0 1.0
37.323076078000014 0.0 0.0
38.35755807800001 1.0 0.0
39.39204007800001 0.0 0.0
40.42652207800001 1.0 1.0
41.46100407800001 0.0 0.0
42.49548607800001 1.0 0.0
43.52996807800001 0.0 0.0
44.564450078000014 1.0 1.0
45.59893207800001 0.0 0.0
46.633414078000015 1.0 0.0
47.66789607800001 0.0 0.0
48.70237807800001 1.0 1.0
49.736860078000014 0.0 0.0
50.77134207800001 1.0 0.0
51.805824078000015 0.0 0.0
52.84030607800001 1.0 1.0
53.874788078000016 0.0 0.0
54.90927007800001 1.0 0.0
55.94375207800002 0.0 0.0
56.978234078000014 1.0 1.0
58.01271607800001 0.0 0.0
59.047198078000015 1.0 0.0
60.08168007800001 0.0 0.0
61.116162078000016 1.0 1.0
62.15064407800001 0.0 0.0
63.18512607800002 1.0 0.0
64.21960807800002 0.0 0.0
65.25409007800002 1.0 1.0
66.288572078 0.0 0.0
67.32305407800001 1.0 0.0
68.35753607800001 0.0 0.0
69.392018078 1.0 1.0
70.426500078 0.0 0.0
71.46098207800001 1.0 0.0
72.49546407800001 0.0 0.0
73.52994607800001 1.0 1.0
74.564428078 0.0 0.0
75.598910078 1.0 0.0
76.63339207800001 0.0 0.0
77.66787407800001 1.0 1.0
78.70235607800001 0.0 0.0
79.736838078 1.0 0.0
80.77132007800002 0.0 0.0
81.80580207800001 1.0 1.0
82.84028407800001 0.0 0.0
83.87476607800001 1.0 0.0
84.909248078 0.0 0.0
85.94373007800002 1.0 1.0
86.97821207800001 0.0 0.0
88.01269407800001 1.0 0.0
89.047176078 0.0 0.0
90.08165807800002 1.0 1.0
91.11614007800002 0.0 0.0
92.15062207800001 1.0 0.0
93.18510407800001 0.0 0.0
94.21958607800002 1.0 1.0
95.25406807800002 0.0 0.0
96.28855007800001 1.0 0.0
97.32303207800001 0.0 0.0
98.35751407800001 1.0 1.0
99.39199607800002 0.0 0.0
100.42647807800002 1.0 0.0
101.46096007800001 0.0 0.0
102.49544207800001 1.0 1.0
103.52992407800002 0.0 0.0
104.56440607800002 1.0 1.0
105.59888807800002 0.0 0.0
106.63337007800001 1.0 0.0
107.66785207800001 0.0 0.0
108.70233407800002 1.0 1.0
109.73681607800002 0.0 0.0
110.77129807800002 1.0 0.0
111.80578007800001 0.0 0.0
112.84026207800002 1.0 1.0
113.87474407800002 0.0 0.0
114.90922607800002 1.0 0.0
115.94370807800001 0.0 0.0
116.97819007800001 1.0 1.0
118.01267207800002 0.0 0.0
119.04715407800002 1.0 0.0
120.08163607800002 0.0 0.0
121.11611807800001 1.0 1.0
122.15060007800002 0.0 0.0
123.18508207800002 1.0 0.0
124.21956407800002 0.0 0.0
125.25404607800002 1.0 1.0
126.28852807800001 0.0 0.0
127.32301007800002 1.0 0.0
128.357492078 0.0 0.0
129.39197407800003 1.0 1.0
130.42645607800003 0.0 0.0
131.46093807800003 1.0 0.0
132.49542007800002 0.0 0.0
133.52990207800005 1.0 1.0
134.56438407800005 0.0 0.0
135.59886607800004 1.0 0.0
136.63334807800004 0.0 0.0
137.66783007800004 1.0 1.0
138.70231207800003 0.0 0.0
139.73679407800003 1.0 0.0
140.77127607800003 0.0 0.0
141.80575807800003 1.0 1.0
142.84024007800002 0.0 0.0
143.87472207800002 1.0 0.0
144.90920407800002 0.0 0.0
145.943686078 1.0 1.0
146.978168078 0.0 0.0
148.01265007800004 1.0 0.0
149.04713207800003 0.0 0.0
150.08161407800003 1.0 1.0
151.11609607800003 0.0 0.0
152.15057807800002 1.0 0.0
153.18506007800002 0.0 0.0
154.21954207800002 1.0 1.0
155.25402407800001 0.0 0.0
156.288506078 1.0 1.0
157.32298807800004 0.0 0.0
158.35747007800003 1.0 0.0
159.39195207800003 0.0 0.0
160.42643407800003 1.0 1.0
161.46091607800003 0.0 0.0
162.49539807800002 1.0 0.0
163.52988007800002 0.0 0.0
164.56436207800002 1.0 1.0
165.598844078 0.0 0.0
166.63332607800004 1.0 0.0
167.66780807800004 0.0 0.0
168.70229007800003 1.0 1.0
169.73677207800003 0.0 0.0
170.77125407800003 1.0 0.0
171.80573607800002 0.0 0.0
172.84021807800002 1.0 1.0
173.87470007800002 0.0 0.0
174.90918207800001 1.0 0.0
175.94366407800004 0.0 0.0
176.97814607800004 1.0 1.0
178.01262807800003 0.0 0.0
179.04711007800003 1.0 0.0
180.08159207800003 0.0 0.0
181.11607407800003 1.0 1.0
182.15055607800002 0.0 0.0
183.18503807800002 1.0 0.0
184.21952007800002 0.0 0.0
185.25400207800004 1.0 1.0
186.28848407800004 0.0 0.0
187.32296607800004 1.0 0.0
188.35744807800003 0.0 0.0
189.39193007800003 1.0 1.0
190.42641207800003 0.0 0.0
191.46089407800002 1.0 0.0
192.49537607800002 0.0 0.0
193.52985807800002 1.0 1.0
194.56434007800004 0.0 0.0
195.59882207800004 1.0 0.0
196.63330407800004 0.0 0.0
197.66778607800003 1.0 1.0
198.70226807800003 0.0 0.0
199.73675007800003 1.0 0.0
200.77123207800003 0.0 0.0
201.80571407800002 1.0 1.0
202.84019607800002 0.0 0.0
203.87467807800004 1.0 0.0
204.90916007800004 0.0 0.0
205.94364207800004 1.0 1.0
206.97812407800004 0.0 0.0
208.01260607800003 1.0 0.0
209.04708807800003 0.0 0.0
210.08157007800003 1.0 1.0
211.11605207800002 0.0 0.0
212.15053407800002 1.0 0.0
213.18501607800005 0.0 0.0
214.21949807800004 1.0 1.0
215.25398007800004 0.0 0.0
216.28846207800004 1.0 0.0
217.32294407800003 0.0 0.0
218.35742607800003 1.0 1.0
219.39190807800003 0.0 0.0
220.42639007800003 1.0 0.0
221.46087207800002 0.0 0.0
222.49535407800005 1.0 1.0
223.52983607800005 0.0 0.0
224.56431807800004 1.0 0.0
225.59880007800004 0.0 0.0
226.63328207800004 1.0 1.0
227.66776407800003 0.0 0.0
228.70224607800003 1.0 0.0
229.73672807800003 0.0 0.0
230.77121007800002 1.0 1.0
231.80569207800005 0.0 0.0
232.84017407800005 1.0 0.0
233.87465607800004 0.0 0.0
234.90913807800004 1.0 1.0
235.94362007800004 0.0 0.0
236.97810207800003 1.0 0.0
238.01258407800003 0.0 0.0
239.04706607800003 1.0 1.0
240.08154807800003 0.0 0.0
241.11603007800005 1.0 0.0
242.15051207800005 0.0 0.0
243.18499407800005 1.0 1.0
244.21947607800004 0.0 0.0
245.25395807800004 1.0 0.0
246.28844007800004 0.0 0.0
247.32292207800003 1.0 1.0
248.35740407800003 0.0 0.0
249.39188607800003 1.0 0.0
250.42636807800005 0.0 0.0
251.46085007800005 1.0 1.0
252.49533207800005 0.0 0.0
253.52981407800004 1.0 0.0
254.56429607800004 0.0 0.0
255.59877807800004 1.0 1.0
256.63326007800003 0.0 0.0
257.66774207800006 1.0 0.0
258.70222407800003 0.0 0.0
259.73670607800005 1.0 1.0
260.771188078 0.0 0.0
261.80567007800005 1.0 0.0
262.840152078 0.0 0.0
263.87463407800004 1.0 1.0
264.90911607800007 0.0 0.0
265.94359807800004 1.0 0.0
266.97808007800006 0.0 0.0
268.01256207800003 1.0 1.0
269.04704407800006 0.0 0.0
270.081526078 1.0 0.0
271.11600807800005 0.0 0.0
272.150490078 1.0 1.0
273.18497207800004 0.0 0.0
274.21945407800007 1.0 0.0
275.25393607800004 0.0 0.0
276.28841807800006 1.0 0.0
277.32290007800003 0.0 0.0
278.35738207800006 1.0 1.0
279.391864078 0.0 0.0
280.42634607800005 1.0 0.0
281.460828078 0.0 0.0
282.4953100780001 1.0 1.0
283.52979207800007 0.0 0.0
284.5642740780001 0.0 0.0