0.38526258 0.0 0.0
1.01684058 1.0 0.0
1.64841858 0.0 0.0
2.2799965799999997 1.0 1.0
2.91157458 0.0 0.0
3.54315258 1.0 0.0
4.17473058 0.0 0.0
4.80630858 1.0 1.0
5.437886579999999 0.0 0.0
6.069464579999999 1.0 0.0
6.701042579999998 0.0 0.0
7.332620579999999 1.0 1.0
7.964198579999999 0.0 0.0
8.595776579999999 1.0 0.0
9.227354579999998 0.0 0.0
9.85893258 1.0 1.0
10.490510579999999 0.0 0.0
11.122088579999998 1.0 0.0
11.753666579999999 0.0 0.0
12.385244579999998 1.0 1.0
13.016822579999998 0.0 0.0
13.648400579999999 1.0 0.0
14.279978579999998 0.0 0.0
14.911556579999997 1.0 1.0
15.543134579999998 0.0 0.0
16.174712579999998 1.0 0.0
16.80629058 0.0 0.0
17.437868579999996 1.0 1.0
18.069446579999997 0.0 0.0
18.70102458 1.0 0.0
19.33260258 0.0 0.0
19.964180579999997 1.0 1.0
20.59575858 0.0 0.0
21.22733658 1.0 0.0
21.858914579999997 0.0 0.0
22.490492579999998 1.0 1.0
23.12207058 0.0 0.0
23.753648579999997 1.0 0.0
24.385226579999998 0.0 0.0
25.01680458 1.0 1.0
25.648382579999996 0.0 0.0
26.279960579999997 1.0 0.0
26.91153858 0.0 0.0
27.543116579999996 1.0 1.0
28.174694579999997 0.0 0.0
28.806272579999998 1.0 0.0
29.43785058 0.0 0.0
30.069428579999997 1.0 1.0
30.701006579999998 0.0 0.0
31.33258458 1.0 1.0
31.964162579999996 0.0 0.0
32.59574058 1.0 0.0
33.227318579999995 0.0 0.0
33.85889658 1.0 1.0
34.49047458 0.0 0.0
35.122052579999995 1.0 0.0
35.75363058 0.0 0.0
36.38520858 1.0 1.0
37.016786579999994 0.0 0.0
37.64836458 1.0 0.0
38.27994258 0.0 0.0
38.911520579999994 1.0 1.0
39.54309858 0.0 0.0
40.174676579999996 1.0 0.0
40.806254579999994 0.0 0.0
41.43783258 1.0 0.0
42.069410579999996 0.0 0.0
42.70098857999999 1.0 1.0
43.33256658 0.0 0.0
43.96414458 1.0 0.0
44.59572258 0.0 0.0
45.227300580000005 1.0 1.0
45.85887858 0.0 0.0
46.49045658 1.0 0.0
47.122034580000005 0.0 0.0
47.75361258 1.0 1.0
48.38519058 0.0 0.0
49.016768580000004 1.0 0.0
49.64834658 0.0 0.0
50.27992458 1.0 1.0
50.911502580000004 0.0 0.0
51.54308058 1.0 0.0
52.17465858 0.0 0.0
52.806236580000004 1.0 1.0
53.43781458 0.0 0.0
54.06939258 1.0 0.0
54.70097058 0.0 0.0
55.33254858 1.0 1.0
55.96412658 0.0 0.0
56.59570458 1.0 0.0
57.22728258 0.0 0.0
57.85886058 1.0 1.0
58.49043858 0.0 0.0
59.12201658 1.0 0.0
59.75359458 0.0 0.0
60.38517258 1.0 1.0
61.01675058 0.0 0.0
61.64832858 1.0 0.0
62.27990658 0.0 0.0
62.91148458 1.0 1.0
63.54306258 0.0 0.0
64.17464058 1.0 0.0
64.80621858 0.0 0.0
65.43779658 1.0 1.0
66.06937458 0.0 0.0
66.70095258 1.0 0.0
67.33253058 0.0 0.0
67.96410858 1.0 1.0
68.59568658 0.0 0.0
69.22726458 1.0 0.0
69.85884258 0.0 0.0
70.49042058 1.0 1.0
71.12199858 0.0 0.0
71.75357658 1.0 0.0
72.38515458 0.0 0.0
73.01673258 1.0 1.0
73.64831058 0.0 0.0
74.27988858 1.0 0.0
74.91146658 0.0 0.0
75.54304458 1.0 1.0
76.17462258 0.0 0.0
76.80620058 1.0 0.0
77.43777858 0.0 0.0
78.06935658 1.0 1.0
78.70093458 0.0 0.0
79.33251258 1.0 0.0
79.96409058 0.0 0.0
80.59566858 1.0 1.0
81.22724658 0.0 0.0
81.85882458 1.0 0.0
82.49040258 0.0 0.0
83.12198058 1.0 1.0
83.75355858 0.0 0.0
84.38513658 1.0 0.0
85.01671458 0.0 0.0
85.64829258 1.0 1.0
86.27987058 0.0 0.0
86.91144858 1.0 0.0
87.54302658 0.0 0.0
88.17460458 1.0 1.0
88.80618258 0.0 0.0
89.43776058 1.0 0.0
90.06933858 0.0 0.0
90.70091658 1.0 1.0
91.33249458 0.0 0.0
91.96407257999999 1.0 0.0
92.59565058 0.0 0.0
93.22722858 1.0 1.0
93.85880657999999 0.0 0.0
94.49038458 1.0 0.0
95.12196258 0.0 0.0
95.75354057999999 1.0 1.0
96.38511858 0.0 0.0
97.01669658 1.0 0.0
97.64827457999999 0.0 0.0
98.27985258 1.0 1.0
98.91143058 0.0 0.0
99.54300858 1.0 0.0
100.17458658 0.0 0.0
100.80616458 1.0 1.0
101.43774258 0.0 0.0
102.06932058 1.0 0.0
102.70089858 0.0 0.0
103.33247658 1.0 1.0
103.96405458 0.0 0.0
104.59563258 1.0 0.0
105.22721058 0.0 0.0
105.85878858 1.0 1.0
106.49036658 0.0 0.0
107.12194458 1.0 0.0
107.75352258 0.0 0.0
108.38510058 1.0 1.0
109.01667858 0.0 0.0
109.64825658 1.0 0.0
110.27983458 0.0 0.0
110.91141258 1.0 1.0
111.54299058 0.0 0.0
112.17456858 1.0 0.0
112.80614658 0.0 0.0
113.43772458 1.0 1.0
114.06930258 0.0 0.0
114.70088058 1.0 0.0
115.33245858 0.0 0.0
115.96403658 1.0 1.0
116.59561458 0.0 0.0
117.22719258 1.0 0.0
117.85877058 0.0 0.0
118.49034858 1.0 1.0
119.12192658 0.0 0.0
119.75350458 1.0 0.0
120.38508258 0.0 0.0
121.01666057999999 1.0 1.0
121.64823858 0.0 0.0
122.27981658 1.0 0.0
122.91139457999999 0.0 0.0
123.54297258 1.0 1.0
124.17455058 0.0 0.0
124.80612857999999 1.0 0.0
125.43770658 0.0 0.0
126.06928458 1.0 1.0
126.70086257999999 0.0 0.0
127.33244058 1.0 0.0
127.96401858 0.0 0.0
128.59559658 1.0 1.0
129.22717458 0.0 0.0
129.85875258 1.0 0.0
130.49033058 0.0 0.0
131.12190858 1.0 1.0
131.75348658 0.0 0.0
132.38506458 1.0 0.0
133.01664258 0.0 0.0
133.64822058 1.0 1.0
134.27979858 0.0 0.0
134.91137658 1.0 0.0
135.54295457999999 0.0 0.0
136.17453258 1.0 1.0
136.80611058 0.0 0.0
137.43768857999999 1.0 0.0
138.06926658 0.0 0.0
138.70084458 1.0 1.0
139.33242257999999 0.0 0.0
139.96400058 1.0 0.0
140.59557858 0.0 0.0
141.22715657999998 1.0 1.0
141.85873458 0.0 0.0
142.49031258 1.0 0.0
143.12189057999998 0.0 0.0
143.75346858 1.0 1.0
144.38504658 0.0 0.0
145.01662457999998 1.0 0.0
145.64820258 0.0 0.0
146.27978058 1.0 1.0
146.91135857999998 0.0 0.0
147.54293658 1.0 0.0
148.17451458 0.0 0.0
148.80609257999998 1.0 1.0
149.43767058 0.0 0.0
150.06924858 1.0 0.0
150.70082657999998 0.0 0.0
151.33240458 1.0 1.0
151.96398258 0.0 0.0
152.59556057999998 1.0 0.0
153.22713858 0.0 0.0
153.85871658 1.0 1.0
154.49029457999998 0.0 0.0
155.12187258 1.0 0.0
155.75345058 0.0 0.0
156.38502857999998 1.0 1.0
157.01660658 0.0 0.0
157.64818458 1.0 1.0
158.27976257999998 0.0 0.0
158.91134058 1.0 0.0
159.54291858 0.0 0.0
160.17449657999998 1.0 0.0
160.80607458 0.0 0.0
161.43765258 1.0 1.0
162.06923057999998 0.0 0.0
162.70080858 1.0 0.0
163.33238658 0.0 0.0
163.96396458 1.0 1.0
164.59554258 0.0 0.0
165.22712058 1.0 0.0
165.85869858 0.0 0.0
166.49027658 1.0 1.0
167.12185458 0.0 0.0
167.75343258 1.0 0.0
168.38501058 0.0 0.0
169.01658858 1.0 1.0
169.64816658 0.0 0.0
170.27974458 1.0 0.0
170.91132258 0.0 0.0
171.54290058 1.0 1.0
172.17447858 0.0 0.0
172.80605658000002 1.0 0.0
173.43763458 0.0 0.0
174.06921258000003 1.0 1.0
174.70079058000002 0.0 0.0
175.33236858 1.0 0.0
175.96394658000003 0.0 0.0
176.59552458000002 1.0 1.0
177.22710258 0.0 0.0
177.85868058000003 1.0 0.0
178.49025858000002 0.0 0.0
179.12183658 1.0 1.0
179.75341458000003 0.0 0.0
180.38499258000002 1.0 0.0
181.01657058 0.0 0.0
181.64814858000003 1.0 1.0
182.27972658000002 0.0 0.0
182.91130458 1.0 0.0
183.54288258000003 0.0 0.0
184.17446058000002 1.0 1.0
184.80603858 0.0 0.0
185.43761658000003 1.0 0.0
186.06919458000002 0.0 0.0
186.70077258 1.0 1.0
187.33235058000002 0.0 0.0
187.96392858000002 1.0 0.0
188.59550658 0.0 0.0
189.22708458000002 1.0 1.0
189.85866258000001 0.0 0.0
190.49024058 1.0 0.0
191.12181858000002 0.0 0.0
191.75339658000001 1.0 1.0
192.38497458 0.0 0.0
193.01655258000002 1.0 0.0
193.64813058000001 0.0 0.0
194.27970858 1.0 1.0
194.91128658000002 0.0 0.0
195.54286458 1.0 0.0
196.17444258 0.0 0.0
196.80602058000002 1.0 1.0
197.43759858 0.0 0.0
198.06917658 1.0 0.0
198.70075458000002 0.0 0.0
199.33233258 1.0 1.0
199.96391058 0.0 0.0
200.59548858000002 1.0 0.0
201.22706658 0.0 0.0
201.85864458 1.0 1.0
202.49022258000002 0.0 0.0
203.12180058 1.0 0.0
203.75337858 0.0 0.0
204.38495658000002 1.0 1.0
205.01653458 0.0 0.0
205.64811258 1.0 0.0
206.27969058000002 0.0 0.0
206.91126858 1.0 1.0
207.54284658 0.0 0.0
208.17442458000002 1.0 0.0
208.80600258 0.0 0.0
209.43758058 1.0 1.0
210.06915858000002 0.0 0.0
210.70073658 1.0 0.0
211.33231458 0.0 0.0
211.96389258000002 1.0 1.0
212.59547058 0.0 0.0
213.22704858 1.0 0.0
213.85862658000002 0.0 0.0
214.49020458 1.0 1.0
215.12178258 0.0 0.0
215.75336058000002 1.0 0.0
216.38493858 0.0 0.0
217.01651658 1.0 1.0
217.64809458000002 0.0 0.0
218.27967258 1.0 0.0
218.91125058 0.0 0.0
219.54282858000002 1.0 1.0
220.17440658 0.0 0.0
220.80598458 1.0 0.0
221.43756258000002 0.0 0.0
222.06914058 1.0 1.0
222.70071858 0.0 0.0
223.33229658000002 1.0 0.0
223.96387458 0.0 0.0
224.59545258 1.0 1.0
225.22703058000002 0.0 0.0
225.85860858 1.0 0.0
226.49018658 0.0 0.0
227.12176458000002 1.0 1.0
227.75334258 0.0 0.0
228.38492058 1.0 0.0
229.01649858000002 0.0 0.0
229.64807658 1.0 1.0
230.27965458 0.0 0.0
230.91123258000002 1.0 0.0
231.54281058 0.0 0.0
232.17438858 1.0 1.0
232.80596658000002 0.0 0.0
233.43754458 1.0 0.0
234.06912258 0.0 0.0
234.70070058000002 1.0 1.0
235.33227858 0.0 0.0
235.96385658 1.0 0.0
236.59543458000002 0.0 0.0
237.22701258 1.0 1.0
237.85859058 0.0 0.0
238.49016858000002 1.0 0.0
239.12174658 0.0 0.0
239.75332458 1.0 1.0
240.38490258000002 0.0 0.0
241.01648058 1.0 0.0
241.64805858 0.0 0.0
242.27963658000002 1.0 1.0
242.91121458 0.0 0.0
243.54279258 1.0 0.0
244.17437058000002 0.0 0.0
244.80594858 1.0 1.0
245.43752658 0.0 0.0
246.06910458000002 1.0 0.0
246.70068258 0.0 0.0
247.33226058 1.0 1.0
247.96383858000002 0.0 0.0
248.59541658 1.0 0.0
249.22699458000002 0.0 0.0
249.85857258000001 1.0 1.0
250.49015058 0.0 0.0
251.12172858000002 1.0 0.0
251.75330658000001 0.0 0.0
252.38488458 1.0 1.0
253.01646258000002 0.0 0.0
253.64804058 1.0 1.0
254.27961858 0.0 0.0
254.91119658000002 0.0 0.0
255.54277458 1.0 1.0