0.14837823000000006 1.0 1.0
0.9591882300000001 0.0 0.0
1.7699982300000001 1.0 0.0
2.58080823 0.0 0.0
3.39161823 1.0 1.0
4.202428230000001 0.0 0.0
5.013238230000001 1.0 0.0
5.824048230000001 0.0 0.0
6.634858230000001 1.0 1.0
7.445668230000001 0.0 0.0
8.25647823 1.0 0.0
9.06728823 0.0 0.0
9.87809823 1.0 1.0
10.688908230000001 0.0 0.0
11.499718230000001 1.0 0.0
12.310528230000001 0.0 0.0
13.121338230000001 1.0 1.0
13.932148230000001 0.0 0.0
14.742958230000001 1.0 0.0
15.553768230000001 0.0 0.0
16.364578230000003 1.0 1.0
17.175388230000003 0.0 0.0
17.986198230000003 1.0 0.0
18.797008230000003 0.0 0.0
19.607818230000003 1.0 1.0
20.418628230000003 0.0 0.0
21.229438230000003 1.0 0.0
22.040248230000003 0.0 0.0
22.851058230000003 1.0 1.0
23.661868230000003 0.0 0.0
24.472678230000003 1.0 0.0
25.283488230000003 0.0 0.0
26.094298230000003 1.0 1.0
26.905108230000003 0.0 0.0
27.715918230000003 1.0 0.0
28.526728230000003 0.0 0.0
29.337538230000003 1.0 1.0
30.148348230000003 0.0 0.0
30.959158230000003 1.0 0.0
31.769968230000003 0.0 0.0
32.58077823 1.0 1.0
33.39158823 0.0 0.0
34.20239823 1.0 0.0
35.013208230000004 0.0 0.0
35.82401823 1.0 1.0
36.634828230000004 0.0 0.0
37.44563823 1.0 0.0
38.256448230000004 0.0 0.0
39.06725823 1.0 1.0
39.878068230000004 0.0 0.0
40.68887823 1.0 0.0
41.499688230000004 0.0 0.0
42.31049823 1.0 1.0
43.121308230000004 0.0 0.0
43.93211823000001 1.0 0.0
44.742928230000004 0.0 0.0
45.55373823000001 1.0 1.0
46.364548230000004 0.0 0.0
47.17535823000001 1.0 0.0
47.986168230000004 0.0 0.0
48.79697823000001 1.0 1.0
49.607788230000004 0.0 0.0
50.41859823000001 1.0 0.0
51.229408230000004 0.0 0.0
52.04021823000001 1.0 1.0
52.85102823000001 0.0 0.0
53.66183823000001 1.0 0.0
54.47264823000001 0.0 0.0
55.28345823000001 1.0 1.0
56.09426823000001 0.0 0.0
56.90507823000001 1.0 0.0
57.71588823000001 0.0 0.0
58.52669823000001 1.0 1.0
59.33750823000001 0.0 0.0
60.14831823000001 1.0 0.0
60.95912823000001 0.0 0.0
61.76993823000001 1.0 1.0
62.58074823000001 0.0 0.0
63.39155823000001 1.0 0.0
64.20236823000002 0.0 0.0
65.01317823000001 1.0 1.0
65.82398823000001 0.0 0.0
66.63479823000002 1.0 0.0
67.44560823000002 0.0 0.0
68.25641823000001 1.0 1.0
69.06722823000001 0.0 0.0
69.87803823000002 1.0 0.0
70.68884823000002 0.0 0.0
71.49965823000001 1.0 1.0
72.31046823000001 0.0 0.0
73.12127823000002 1.0 0.0
73.93208823000002 0.0 0.0
74.74289823000001 1.0 1.0
75.55370823000001 0.0 0.0
76.36451823000002 1.0 0.0
77.17532823000002 0.0 0.0
77.98613823000001 1.0 1.0
78.79694823000001 0.0 0.0
79.60775823000002 1.0 0.0
80.41856823000002 0.0 0.0
81.22937823000001 1.0 1.0
82.04018823000001 0.0 0.0
82.85099823000002 1.0 0.0
83.66180823000002 0.0 0.0
84.47261823000001 1.0 1.0
85.28342823000001 0.0 0.0
86.09423823000002 1.0 0.0
86.90504823000002 0.0 0.0
87.71585823000001 1.0 1.0
88.52666823000001 0.0 0.0
89.33747823000002 1.0 0.0
90.14828823000002 0.0 0.0
90.95909823000001 1.0 1.0
91.76990823000001 0.0 0.0
92.58071823000002 1.0 0.0
93.39152823000002 0.0 0.0
94.20233823000001 1.0 1.0
95.01314823000001 0.0 0.0
95.82395823000002 1.0 0.0
96.63476823000002 0.0 0.0
97.44557823000001 1.0 1.0
98.25638823000001 0.0 0.0
99.06719823000002 1.0 0.0
99.87800823000002 0.0 0.0
100.68881823000001 1.0 1.0
101.49962823000001 0.0 0.0
102.31043823000002 1.0 0.0
103.12124823000002 0.0 0.0
103.93205823000001 1.0 1.0
104.74286823 0.0 0.0
105.55367823 1.0 0.0
106.36448823 0.0 0.0
107.17529823000001 1.0 1.0
107.98610823 0.0 0.0
108.79691823 1.0 0.0
109.60772823 0.0 0.0
110.41853823000001 1.0 1.0
111.22934823 0.0 0.0
112.04015823 1.0 0.0
112.85096823 0.0 0.0
113.66177823000001 1.0 1.0
114.47258823 0.0 0.0
115.28339823 1.0 0.0
116.09420823 0.0 0.0
116.90501823000001 1.0 1.0
117.71582823 0.0 0.0
118.52663823 1.0 0.0
119.33744823 0.0 0.0
120.14825823000001 1.0 1.0
120.95906823 0.0 0.0
121.76987823 1.0 0.0
122.58068823 0.0 0.0
123.39149823000001 1.0 1.0
124.20230823 0.0 0.0
125.01311823 1.0 0.0
125.82392823 0.0 0.0
126.63473823000001 1.0 1.0
127.44554823 0.0 0.0
128.25635823000002 1.0 0.0
129.06716823 0.0 0.0
129.87797823 1.0 1.0
130.68878823 0.0 0.0
131.49959823 1.0 0.0
132.31040823 0.0 0.0
133.12121823 1.0 1.0
133.93202823000001 0.0 0.0
134.74283823000002 1.0 0.0
135.55364823 0.0 0.0
136.36445823 1.0 1.0
137.17526823 0.0 0.0
137.98607823 1.0 0.0
138.79688823 0.0 0.0
139.60769823 1.0 1.0
140.41850823000001 0.0 0.0
141.22931823000002 1.0 0.0
142.04012823 0.0 0.0
142.85093823 1.0 1.0
143.66174823 0.0 0.0
144.47255823 1.0 0.0
145.28336823 0.0 0.0
146.09417823 1.0 1.0
146.90498823000001 0.0 0.0
147.71579823000002 1.0 0.0
148.52660823 0.0 0.0
149.33741823 1.0 1.0
150.14822823 0.0 0.0
150.95903823 1.0 0.0
151.76984823 0.0 0.0
152.58065823 1.0 1.0
153.39146823000002 0.0 0.0
154.20227823000002 1.0 0.0
155.01308823 0.0 0.0
155.82389823 1.0 1.0
156.63470823 0.0 0.0
157.44551823 1.0 0.0
158.25632823 0.0 0.0
159.06713823 1.0 1.0
159.87794823000002 0.0 0.0
160.68875823000002 1.0 0.0
161.49956823 0.0 0.0
162.31037823 1.0 1.0
163.12118823 0.0 0.0
163.93199823 1.0 0.0
164.74280823 0.0 0.0
165.55361823 1.0 1.0
166.36442823000002 0.0 0.0
167.17523823000002 1.0 0.0
167.98604823 0.0 0.0
168.79685823 1.0 1.0
169.60766823 0.0 0.0
170.41847823 1.0 0.0
171.22928823 0.0 0.0
172.04009823 1.0 1.0
172.85090823000002 0.0 0.0
173.66171823000002 1.0 0.0
174.47252823 0.0 0.0
175.28333823 1.0 1.0
176.09414823 0.0 0.0
176.90495823 1.0 0.0
177.71576823 0.0 0.0
178.52657823 1.0 1.0
179.33738823000002 0.0 0.0
180.14819823000002 1.0 0.0
180.95900823000002 0.0 0.0
181.76981823 1.0 1.0
182.58062823 0.0 0.0
183.39143823 1.0 0.0
184.20224823 0.0 0.0
185.01305823 1.0 1.0
185.82386823000002 0.0 0.0
186.63467823000002 1.0 0.0
187.44548823000002 0.0 0.0
188.25629823 1.0 1.0
189.06710823 0.0 0.0
189.87791823 1.0 0.0
190.68872823 0.0 0.0
191.49953823 1.0 1.0
192.31034823000002 0.0 0.0
193.12115823000002 1.0 0.0
193.93196823000002 0.0 0.0
194.74277823 1.0 1.0
195.55358823 0.0 0.0
196.36439823 1.0 0.0
197.17520823 0.0 0.0
197.98601823 1.0 1.0
198.79682823000002 0.0 0.0
199.60763823000002 1.0 0.0
200.41844823000002 0.0 0.0
201.22925823 1.0 1.0
202.04006823 0.0 0.0
202.85087823 1.0 0.0
203.66168823 0.0 0.0
204.47249823 1.0 1.0
205.28330823000002 0.0 0.0
206.09411823000002 1.0 0.0
206.90492823000002 0.0 0.0
207.71573823 1.0 1.0
208.52654823 0.0 0.0
209.33735823 1.0 0.0
210.14816823 0.0 0.0
210.95897823 1.0 1.0
211.76978823000002 0.0 0.0
212.58059823000002 1.0 0.0
213.39140823000002 0.0 0.0
214.20221823 1.0 1.0
215.01302823 0.0 0.0
215.82383823 1.0 0.0
216.63464823 0.0 0.0
217.44545823 1.0 1.0
218.25626823000002 0.0 0.0
219.06707823000002 1.0 0.0
219.87788823000002 0.0 0.0
220.68869823 1.0 1.0
221.49950823 0.0 0.0
222.31031823 1.0 0.0
223.12112823 0.0 0.0
223.93193823000001 1.0 1.0
224.74274823000002 0.0 0.0
225.55355823000002 1.0 0.0
226.36436823000003 0.0 0.0
227.17517823 1.0 1.0
227.98598823 0.0 0.0
228.79679823 1.0 0.0
229.60760823 0.0 0.0
230.41841823000001 1.0 1.0
231.22922823000002 0.0 0.0
232.04003823000002 1.0 0.0
232.85084823000003 0.0 0.0
233.66165823 1.0 1.0
234.47246823 0.0 0.0
235.28327823 1.0 0.0
236.09408823 0.0 0.0
236.90489823000001 1.0 1.0
237.71570823000002 0.0 0.0
238.52651823000002 1.0 0.0
239.33732823000003 0.0 0.0
240.14813823 1.0 1.0
240.95894823 0.0 0.0
241.76975823 1.0 0.0
242.58056823 0.0 0.0
243.39137823000002 1.0 1.0
244.20218823000002 0.0 0.0
245.01299823000002 1.0 0.0
245.82380823000003 0.0 0.0
246.63461823 1.0 1.0
247.44542823 0.0 0.0
248.25623823 1.0 0.0
249.06704823 0.0 0.0
249.87785823000002 1.0 1.0
250.68866823000002 0.0 0.0
251.49947823000002 1.0 0.0
252.31028823000003 0.0 0.0
253.12109823000003 1.0 1.0
253.93190823 0.0 0.0
254.74271823 1.0 0.0
255.55352823 0.0 0.0
256.36433823000004 1.0 1.0
257.17514823 0.0 0.0
257.98595823 1.0 0.0
258.79676823 0.0 0.0
259.60757823 1.0 1.0
260.41838823 0.0 0.0