0.5982724439999999 1.0 0.0
1.4615804439999998 0.0 0.0
2.324888444 1.0 1.0
3.188196444 0.0 0.0
4.051504443999999 1.0 0.0
4.914812443999999 0.0 0.0
5.778120443999999 1.0 1.0
6.641428443999999 0.0 0.0
7.504736443999998 1.0 0.0
8.368044443999997 0.0 0.0
9.231352443999997 1.0 1.0
10.094660443999997 0.0 0.0
10.957968443999997 1.0 0.0
11.821276443999997 0.0 0.0
12.684584443999997 1.0 1.0
13.547892443999997 0.0 0.0
14.411200443999999 1.0 0.0
15.274508444 0.0 0.0
16.137816444 1.0 1.0
17.001124444 0.0 0.0
17.864432444 1.0 0.0
18.727740444 0.0 0.0
19.591048444 1.0 1.0
20.454356444 0.0 0.0
21.317664444 1.0 0.0
22.180972444 0.0 0.0
23.044280443999998 1.0 1.0
23.907588443999998 0.0 0.0
24.770896443999998 1.0 0.0
25.621564816999996 0.0 0.0
26.466633816999998 1.0 1.0
27.311702816999997 0.0 0.0
28.156771816999992 1.0 0.0
29.010207405999996 0.0 0.0
29.867349405999995 1.0 1.0
30.724491405999995 0.0 0.0
31.581633405999995 1.0 0.0
32.438775406 0.0 0.0
33.295917405999994 1.0 1.0
34.153059406 0.0 0.0
35.01020140599999 1.0 0.0
35.867343405999996 0.0 0.0
36.724485406 1.0 1.0
37.581627405999996 0.0 0.0
38.438769406 1.0 0.0
39.295911405999995 0.0 0.0
40.153053406 1.0 1.0
41.010195405999994 0.0 0.0
41.867337406 1.0 0.0
42.724479406 0.0 0.0
43.581621406 1.0 0.0
44.43876340599999 0.0 0.0
45.295905405999996 1.0 1.0
46.153047406 0.0 0.0
47.010189405999995 1.0 0.0
47.867331406 0.0 0.0
48.724473406 1.0 1.0
49.581615406 0.0 0.0
50.43875740599999 1.0 0.0
51.295899406 0.0 0.0
52.153041406 1.0 1.0
53.010183405999996 0.0 0.0
53.867325406 1.0 0.0
54.724467406 0.0 0.0
55.581609406 1.0 1.0
56.438751405999994 0.0 0.0
57.295893406 1.0 0.0
58.153035406 0.0 0.0
59.010177406 1.0 1.0
59.86731940599999 0.0 0.0
60.724461405999996 1.0 0.0
61.581603406 0.0 0.0
62.438745405999995 1.0 1.0
63.295887406 0.0 0.0
64.153029406 1.0 0.0
65.010171406 0.0 0.0
65.867313406 1.0 1.0
66.724455406 0.0 0.0
67.581597406 1.0 0.0
68.438739406 0.0 0.0
69.295881406 1.0 1.0
70.15302340599999 0.0 0.0
71.010165406 1.0 0.0
71.86730740600001 0.0 0.0
72.72444940599999 1.0 1.0
73.581591406 0.0 0.0
74.438733406 1.0 0.0
75.295875406 0.0 0.0
76.153017406 1.0 1.0
77.010159406 0.0 0.0
77.867301406 1.0 0.0
78.724443406 0.0 0.0
79.581585406 1.0 1.0
80.438727406 0.0 0.0
81.29586940600001 1.0 0.0
82.15301140599999 0.0 0.0
83.010153406 1.0 1.0
83.867295406 0.0 0.0
84.72443740599999 1.0 0.0
85.581579406 0.0 0.0
86.438721406 1.0 1.0
87.295863406 0.0 0.0
88.153005406 1.0 0.0
89.010147406 0.0 0.0
89.867289406 1.0 1.0
90.72443140600001 0.0 0.0
91.58157340599999 1.0 0.0
92.438715406 0.0 0.0
93.295857406 1.0 1.0
94.152999406 0.0 0.0
95.010141406 1.0 0.0
95.867283406 0.0 0.0
96.724425406 1.0 1.0
97.581567406 0.0 0.0
98.438709406 1.0 0.0
99.295851406 0.0 0.0
100.152993406 1.0 1.0
101.010135406 0.0 0.0
101.867277406 1.0 0.0
102.724419406 0.0 0.0
103.581561406 1.0 1.0
104.438703406 0.0 0.0
105.295845406 1.0 0.0
106.152987406 0.0 0.0
107.010129406 1.0 1.0
107.867271406 0.0 0.0
108.724413406 1.0 0.0
109.581555406 0.0 0.0
110.43869740600002 1.0 1.0
111.29583940600001 0.0 0.0
112.15298140600001 1.0 0.0
113.01012340600002 0.0 0.0
113.86726540600002 1.0 1.0
114.72440740600001 0.0 0.0
115.58154940600001 1.0 0.0
116.43869140600002 0.0 0.0
117.29583340600001 1.0 1.0
118.15297540600001 0.0 0.0
119.01011740600002 1.0 0.0
119.86725940600002 0.0 0.0
120.72440140600001 1.0 1.0
121.58154340600001 0.0 0.0
122.43868540600002 1.0 0.0
123.29582740600002 0.0 0.0
124.15296940600001 1.0 1.0
125.01011140600002 0.0 0.0
125.86725340600002 1.0 0.0
126.72439540600001 0.0 0.0
127.58153740600001 1.0 1.0
128.438679406 0.0 0.0
129.29582140600002 1.0 1.0
130.15296340600003 0.0 0.0
131.010105406 1.0 0.0
131.86724740600002 0.0 0.0
132.724389406 1.0 1.0
133.581531406 0.0 0.0
134.43867340600002 1.0 0.0
135.29581540600003 0.0 0.0
136.152957406 1.0 1.0
137.010099406 0.0 0.0
137.867241406 1.0 0.0
138.72438340600002 0.0 0.0
139.58152540600003 1.0 1.0
140.43866740600004 0.0 0.0
141.29580940600002 1.0 0.0
142.152951406 0.0 0.0
143.010093406 1.0 1.0
143.86723540600002 0.0 0.0
144.72437740600003 1.0 0.0
145.58151940599998 0.0 0.0
146.438661406 1.0 1.0
147.295803406 0.0 0.0
148.15294540600001 1.0 0.0
149.010087406 0.0 0.0
149.867229406 1.0 1.0
150.724371406 0.0 0.0
151.581513406 1.0 0.0
152.438655406 0.0 0.0
153.29579740600002 1.0 1.0
154.152939406 0.0 0.0
155.01008140599998 1.0 0.0
155.867223406 0.0 0.0
156.724365406 1.0 1.0
157.58150740600001 0.0 0.0
158.43864940600002 1.0 0.0
159.29579140599998 0.0 0.0
160.152933406 1.0 1.0
161.010075406 0.0 0.0
161.867217406 1.0 0.0
162.72435940600002 0.0 0.0
163.58150140600003 1.0 1.0
164.43864340599998 0.0 0.0
165.295785406 1.0 0.0
166.152927406 0.0 0.0
167.010069406 1.0 1.0
167.86721140600002 0.0 0.0
168.72435340599998 1.0 0.0
169.581495406 0.0 0.0
170.438637406 1.0 1.0
171.295779406 0.0 0.0
172.15292140600002 1.0 1.0
173.13296002599998 0.0 0.0
174.28214599999998 1.0 0.0
175.27114274599998 0.0 0.0
176.16666474599998 1.0 1.0
177.03558940599999 0.0 0.0
177.89273140599997 1.0 0.0
178.74987340599998 0.0 0.0
179.607015406 1.0 1.0
180.46415740599997 0.0 0.0
181.32129940599998 1.0 0.0
182.178441406 0.0 0.0
183.03558340599997 1.0 1.0
183.89272540599998 0.0 0.0
184.74986740599996 1.0 0.0
185.60700940599997 0.0 0.0
186.46415140599998 1.0 1.0
187.32129340599997 0.0 0.0
188.17843540599998 1.0 0.0
189.035577406 0.0 0.0
189.89271940599997 1.0 1.0
190.74986140599998 0.0 0.0
191.607003406 1.0 0.0
192.46414540599997 0.0 0.0
193.32128740599998 1.0 1.0
194.17842940599996 0.0 0.0
195.03557140599997 1.0 0.0
195.89271340599998 0.0 0.0
196.74985540599997 1.0 1.0
197.60699740599998 0.0 0.0
198.464139406 1.0 0.0
199.32128140599997 0.0 0.0
200.17842340599998 1.0 1.0
201.035565406 0.0 0.0
201.89270740599997 1.0 0.0
202.74984940599998 0.0 0.0
203.60699140599996 1.0 1.0
204.46413340599997 0.0 0.0
205.32127540599998 1.0 0.0
206.178417406 0.0 0.0
207.03555940599998 1.0 1.0
207.892701406 0.0 0.0
208.74984340599997 1.0 0.0
209.60698540599998 0.0 0.0
210.464127406 1.0 1.0
211.32126940599997 0.0 0.0
212.17841140599998 1.0 0.0
213.03555340599996 0.0 0.0
213.89269540599997 1.0 1.0
214.74983740599998 0.0 0.0
215.606979406 1.0 1.0
216.46412140599998 0.0 0.0
217.32126340599999 1.0 0.0
218.17840540599997 0.0 0.0
219.03554740599998 1.0 1.0
219.892689406 0.0 0.0
220.74983140599994 1.0 0.0
221.60697340599995 0.0 0.0
222.46411540599996 1.0 1.0
223.32125740599994 0.0 0.0
224.17839940599995 1.0 0.0
225.03554140599994 0.0 0.0
225.89268340599995 1.0 1.0
226.74982540599996 0.0 0.0
227.60696740599997 1.0 0.0
228.46410940599995 0.0 0.0
229.32125140599996 1.0 1.0
230.17839340599994 0.0 0.0
231.03553540599995 1.0 0.0
231.89267740599996 0.0 0.0
232.74981940599994 1.0 1.0
233.60696140599995 0.0 0.0
234.46410340599996 1.0 0.0
235.32124540599995 0.0 0.0
236.17838740599996 1.0 1.0
237.03552940599997 0.0 0.0
237.89267140599995 1.0 0.0
238.74981340599996 0.0 0.0
239.60695540599994 1.0 1.0
240.46409740599995 0.0 0.0
241.32123940599996 1.0 0.0
242.17838140599997 0.0 0.0
243.03552340599995 1.0 1.0
243.89266540599994 0.0 0.0
244.74980740599995 1.0 0.0
245.60694940599996 0.0 0.0
246.46409140599997 1.0 1.0
247.32123340599995 0.0 0.0
248.17837540599996 1.0 0.0
249.03551740599994 0.0 0.0
249.89265940599995 1.0 1.0
250.74980140599996 0.0 0.0
251.60694340599997 1.0 0.0
252.46408540599995 0.0 0.0
253.32122740599993 1.0 1.0
254.17836940599994 0.0 0.0
255.03551140599996 1.0 0.0
255.89265340599997 0.0 0.0
256.749795406 1.0 1.0
257.60272535199994 0.0 0.0
258.45378935199994 1.0 0.0
259.30485335199995 0.0 0.0
260.15591735199996 1.0 1.0
261.00698135199997 0.0 0.0
261.858045352 1.0 0.0
262.709109352 0.0 0.0
263.56017335199994 1.0 1.0
264.41123735199994 0.0 0.0
265.26230135199995 1.0 0.0
266.11336535199996 0.0 0.0
266.96442935199997 1.0 1.0
267.815493352 0.0 0.0
268.666557352 1.0 0.0
269.51762135199994 0.0 0.0
270.36868535199994 1.0 1.0
271.21974935199995 0.0 0.0
272.07081335199996 1.0 0.0
272.92187735199997 0.0 0.0
273.772941352 1.0 1.0
274.624005352 0.0 0.0
275.47506935199993 1.0 0.0
276.32613335199994 0.0 0.0
277.17719735199995 1.0 1.0
278.02826135199996 0.0 0.0
278.87932535199997 0.0 0.0