0.345 1.0 1.0
1.095 0.0 0.0
1.845 1.0 0.0
2.5949999999999998 0.0 0.0
3.345 1.0 1.0
4.095000000000001 0.0 0.0
4.845000000000001 1.0 0.0
5.595000000000001 0.0 0.0
6.345000000000001 1.0 1.0
7.095000000000001 0.0 0.0
7.845000000000001 1.0 0.0
8.595 0.0 0.0
9.345 1.0 1.0
10.095 0.0 0.0
10.845 1.0 0.0
11.595 0.0 0.0
12.345 1.0 1.0
13.095000000000002 0.0 0.0
13.845000000000002 1.0 0.0
14.595000000000002 0.0 0.0
15.345000000000002 1.0 1.0
16.095000000000002 0.0 0.0
16.845000000000002 1.0 0.0
17.595000000000002 0.0 0.0
18.345000000000002 1.0 1.0
19.095000000000002 0.0 0.0
19.845000000000002 1.0 0.0
20.595000000000002 0.0 0.0
21.345000000000002 1.0 1.0
22.095000000000002 0.0 0.0
22.845000000000002 1.0 0.0
23.595000000000002 0.0 0.0
24.345000000000002 1.0 1.0
25.095000000000002 0.0 0.0
25.845 1.0 0.0
26.595 0.0 0.0
27.345 1.0 1.0
28.095 0.0 0.0
28.845 1.0 0.0
29.595 0.0 0.0
30.345 1.0 1.0
31.095 0.0 0.0
31.845 1.0 0.0
32.595 0.0 0.0
33.345 1.0 1.0
34.095 0.0 0.0
34.845 1.0 0.0
35.595 0.0 0.0
36.345 1.0 1.0
37.095 0.0 0.0
37.845 1.0 0.0
38.595 0.0 0.0
39.345 1.0 1.0
40.095 0.0 0.0
40.845 1.0 0.0
41.595 0.0 0.0
42.345 1.0 1.0
43.095 0.0 0.0
43.845 1.0 0.0
44.595 0.0 0.0
45.345 1.0 1.0
46.095 0.0 0.0
46.845 1.0 0.0
47.595 0.0 0.0
48.34499999999999 1.0 1.0
49.09499999999999 0.0 0.0
49.84499999999999 1.0 0.0
50.59499999999999 0.0 0.0
51.34499999999999 1.0 1.0
52.09499999999999 0.0 0.0
52.84499999999999 1.0 0.0
53.59499999999999 0.0 0.0
54.34499999999999 1.0 1.0
55.09499999999999 0.0 0.0
55.84499999999999 1.0 0.0
56.59499999999999 0.0 0.0
57.34499999999999 1.0 1.0
58.09499999999999 0.0 0.0
58.84499999999999 1.0 0.0
59.59499999999999 0.0 0.0
60.34499999999999 1.0 1.0
61.09499999999999 0.0 0.0
61.84499999999999 1.0 0.0
62.59499999999999 0.0 0.0
63.34499999999999 1.0 1.0
64.095 0.0 0.0
64.845 1.0 0.0
65.595 0.0 0.0
66.345 1.0 1.0
67.095 0.0 0.0
67.845 1.0 0.0
68.595 0.0 0.0
69.345 1.0 1.0
70.095 0.0 0.0
70.845 1.0 0.0
71.595 0.0 0.0
72.345 1.0 1.0
73.095 0.0 0.0
73.845 1.0 0.0
74.595 0.0 0.0
75.345 1.0 1.0
76.095 0.0 0.0
76.845 1.0 0.0
77.595 0.0 0.0
78.345 1.0 1.0
79.095 0.0 0.0
79.845 1.0 0.0
80.595 0.0 0.0
81.345 1.0 1.0
82.095 0.0 0.0
82.845 1.0 0.0
83.595 0.0 0.0
84.345 1.0 1.0
85.095 0.0 0.0
85.845 1.0 0.0
86.595 0.0 0.0
87.345 1.0 1.0
88.095 0.0 0.0
88.845 1.0 0.0
89.595 0.0 0.0
90.345 1.0 1.0
91.095 0.0 0.0
91.845 1.0 0.0
92.595 0.0 0.0
93.345 1.0 1.0
94.095 0.0 0.0
94.845 1.0 0.0
95.595 0.0 0.0
96.345 1.0 1.0
97.095 0.0 0.0
97.845 1.0 0.0
98.595 0.0 0.0
99.345 1.0 1.0
100.095 0.0 0.0
100.845 1.0 0.0
101.595 0.0 0.0
102.345 1.0 1.0
103.095 0.0 0.0
103.845 1.0 0.0
104.595 0.0 0.0
105.345 1.0 1.0
106.095 0.0 0.0
106.845 1.0 0.0
107.595 0.0 0.0
108.345 1.0 1.0
109.095 0.0 0.0
109.845 1.0 0.0
110.595 0.0 0.0
111.345 1.0 1.0
112.095 0.0 0.0
112.845 1.0 0.0
113.595 0.0 0.0
114.345 1.0 1.0
115.095 0.0 0.0
115.845 1.0 0.0
116.595 0.0 0.0
117.345 1.0 1.0
118.095 0.0 0.0
118.845 1.0 0.0
119.595 0.0 0.0
120.345 1.0 1.0
121.095 0.0 0.0
121.845 1.0 0.0
122.595 0.0 0.0
123.345 1.0 1.0
124.095 0.0 0.0
124.845 1.0 0.0
125.595 0.0 0.0
126.345 1.0 1.0
127.095 0.0 0.0
127.845 1.0 0.0
128.595 0.0 0.0
129.345 1.0 1.0
130.095 0.0 0.0
130.845 1.0 0.0
131.595 0.0 0.0
132.345 1.0 1.0
133.095 0.0 0.0
133.845 1.0 0.0
134.595 0.0 0.0
135.345 1.0 1.0
136.095 0.0 0.0
136.845 1.0 0.0
137.595 0.0 0.0
138.345 1.0 1.0
139.095 0.0 0.0
139.845 1.0 0.0
140.595 0.0 0.0
141.345 1.0 1.0
142.095 0.0 0.0
142.845 1.0 0.0
143.595 0.0 0.0
144.345 1.0 1.0
145.095 0.0 0.0
145.845 1.0 0.0
146.595 0.0 0.0
147.345 1.0 1.0
148.095 0.0 0.0
148.845 1.0 0.0
149.595 0.0 0.0
150.345 1.0 1.0
151.095 0.0 0.0
151.845 1.0 0.0
152.595 0.0 0.0
153.345 1.0 1.0
154.095 0.0 0.0
154.845 1.0 0.0
155.595 0.0 0.0
156.345 1.0 1.0
157.095 0.0 0.0
157.845 1.0 0.0
158.595 0.0 0.0
159.345 1.0 1.0
160.095 0.0 0.0
160.845 1.0 0.0
161.595 0.0 0.0
162.345 1.0 1.0
163.095 0.0 0.0
163.845 1.0 0.0
164.595 0.0 0.0
165.345 1.0 1.0
166.095 0.0 0.0
166.845 1.0 0.0
167.595 0.0 0.0
168.345 1.0 1.0
169.095 0.0 0.0
169.845 1.0 0.0
170.595 0.0 0.0
171.345 1.0 1.0
172.095 0.0 0.0
172.845 1.0 0.0
173.595 0.0 0.0
174.345 1.0 1.0
175.095 0.0 0.0
175.845 1.0 0.0
176.595 0.0 0.0
177.345 1.0 1.0
178.095 0.0 0.0
178.845 1.0 0.0
179.595 0.0 0.0
180.345 1.0 1.0
181.095 0.0 0.0
181.845 1.0 0.0
182.595 0.0 0.0
183.345 1.0 1.0
184.095 0.0 0.0
184.845 1.0 0.0
185.595 0.0 0.0
186.345 1.0 1.0
187.095 0.0 0.0
187.845 1.0 0.0
188.595 0.0 0.0
189.345 1.0 1.0
190.095 0.0 0.0
190.845 1.0 0.0
191.595 0.0 0.0
192.34499999999997 1.0 1.0
193.09499999999997 0.0 0.0
193.84499999999997 1.0 0.0
194.59499999999997 0.0 0.0
195.34499999999997 1.0 1.0
196.09499999999997 0.0 0.0
196.84499999999997 1.0 0.0
197.59499999999997 0.0 0.0
198.34499999999997 1.0 1.0
199.09499999999997 0.0 0.0
199.84499999999997 1.0 0.0
200.59499999999997 0.0 0.0
201.34499999999997 1.0 1.0
202.09499999999997 0.0 0.0
202.84499999999997 1.0 0.0
203.59499999999997 0.0 0.0
204.34499999999997 1.0 1.0
205.09499999999997 0.0 0.0
205.84499999999997 1.0 0.0
206.59499999999997 0.0 0.0
207.34499999999997 1.0 1.0
208.09499999999997 0.0 0.0
208.84499999999997 1.0 0.0
209.59499999999997 0.0 0.0
210.34499999999997 1.0 1.0
211.09499999999997 0.0 0.0
211.84499999999997 1.0 0.0
212.59499999999997 0.0 0.0
213.34499999999997 1.0 1.0
214.09499999999997 0.0 0.0
214.84499999999997 1.0 0.0
215.59499999999997 0.0 0.0
216.34499999999997 1.0 1.0
217.09499999999997 0.0 0.0
217.84499999999997 1.0 0.0
218.59499999999997 0.0 0.0
219.34499999999997 1.0 1.0
220.09499999999997 0.0 0.0
220.84499999999997 1.0 0.0
221.59499999999997 0.0 0.0
222.34499999999997 1.0 1.0
223.09499999999997 0.0 0.0
223.84499999999997 1.0 0.0
224.59499999999997 0.0 0.0
225.34499999999997 1.0 1.0
226.09499999999997 0.0 0.0
226.84499999999997 1.0 0.0
227.59499999999997 0.0 0.0
228.34499999999997 1.0 1.0
229.09499999999997 0.0 0.0
229.84499999999997 1.0 0.0
230.59499999999997 0.0 0.0
231.34499999999997 1.0 1.0
232.09499999999997 0.0 0.0
232.84499999999997 1.0 0.0
233.59499999999997 0.0 0.0
234.34499999999997 1.0 1.0
235.09499999999997 0.0 0.0
235.84499999999997 1.0 0.0
236.59499999999997 0.0 0.0
237.34499999999997 1.0 1.0
238.09499999999997 0.0 0.0
238.84499999999997 1.0 0.0
239.59499999999997 0.0 0.0
240.34499999999997 1.0 1.0
241.09499999999997 0.0 0.0
241.84499999999997 1.0 1.0
242.59499999999997 0.0 0.0
243.34499999999997 0.0 0.0