0.40294097500000003 1.0 0.0
0.9911759750000001 0.0 0.0
1.579410975 1.0 1.0
2.167645975 0.0 0.0
2.7558809750000006 1.0 0.0
3.3441159750000002 0.0 0.0
3.9323509750000003 1.0 1.0
4.520585975 0.0 0.0
5.108820975 1.0 0.0
5.6970559750000005 0.0 0.0
6.285290975000001 1.0 0.0
6.873525975000001 0.0 0.0
7.461760975000001 1.0 1.0
8.049995975 0.0 0.0
8.638230975 1.0 0.0
9.226465975 0.0 0.0
9.814700975 1.0 1.0
10.402935975 0.0 0.0
10.991170975 1.0 0.0
11.579405975 0.0 0.0
12.167640975 1.0 1.0
12.755875975 0.0 0.0
13.344110975 1.0 0.0
13.932345975 0.0 0.0
14.520580975 1.0 1.0
15.108815975 0.0 0.0
15.697050975 1.0 0.0
16.285285975 0.0 0.0
16.873520975 1.0 1.0
17.461755975 0.0 0.0
18.049990975 1.0 0.0
18.638225975 0.0 0.0
19.226460975000002 1.0 1.0
19.814695975000003 0.0 0.0
20.402930975000004 1.0 0.0
20.991165975000005 0.0 0.0
21.579400975000006 1.0 1.0
22.167635975000007 0.0 0.0
22.755870975000004 1.0 0.0
23.344105975000005 0.0 0.0
23.932340975000006 1.0 1.0
24.520575975000003 0.0 0.0
25.108810975000004 1.0 0.0
25.697045975000005 0.0 0.0
26.285280975000006 1.0 1.0
26.873515975000004 0.0 0.0
27.461750975000005 1.0 0.0
28.049985975000006 0.0 0.0
28.638220975000007 1.0 1.0
29.226455975000004 0.0 0.0
29.814690975000005 1.0 0.0
30.402925975000006 0.0 0.0
30.991160975000007 1.0 1.0
31.579395975000004 0.0 0.0
32.16763097500001 1.0 0.0
32.755865975000006 0.0 0.0
33.344100975 1.0 1.0
33.93233597500001 0.0 0.0
34.520570975000005 1.0 0.0
35.108805975 0.0 0.0
35.69704097500001 1.0 1.0
36.285275975000005 0.0 0.0
36.87351097500001 1.0 0.0
37.46174597500001 0.0 0.0
38.049980975000004 1.0 1.0
38.63821597500001 0.0 0.0
39.226450975000006 0.0 0.0
39.814685975 1.0 1.0
40.40292097500001 0.0 0.0
40.991155975000005 1.0 0.0
41.57939097500001 0.0 0.0
42.16762597500001 1.0 1.0
42.755860975000004 0.0 0.0
43.34409597500001 1.0 0.0
43.932330975000006 0.0 0.0
44.520565975000004 1.0 1.0
45.10880097500001 0.0 0.0
45.697035975000006 1.0 0.0
46.285270975 0.0 0.0
46.87350597500001 1.0 1.0
47.461740975000005 0.0 0.0
48.04997597500001 1.0 0.0
48.63821097500001 0.0 0.0
49.226445975000004 1.0 1.0
49.81468097500001 0.0 0.0
50.402915975000006 1.0 0.0
50.991150975000004 0.0 0.0
51.57938597500001 1.0 1.0
52.167620975000006 0.0 0.0
52.75585597500001 1.0 0.0
53.34409097500001 0.0 0.0
53.932325975000005 1.0 1.0
54.52056097500001 0.0 0.0
55.10879597500001 1.0 0.0
55.697030975000004 0.0 0.0
56.28526597500001 1.0 1.0
56.873500975000006 0.0 0.0
57.46173597500001 1.0 0.0
58.04997097500001 0.0 0.0
58.638205975000005 1.0 1.0
59.22644097500001 0.0 0.0
59.81467597500001 1.0 0.0
60.402910975000005 0.0 0.0
60.99114597500001 1.0 1.0
61.57938097500001 0.0 0.0
62.16761597500001 1.0 0.0
62.75585097500001 0.0 0.0
63.344085975000006 1.0 1.0
63.93232097500001 0.0 0.0
64.52055597500001 1.0 0.0
65.108790975 0.0 0.0
65.697025975 1.0 1.0
66.28526097500001 0.0 0.0
66.87349597500001 1.0 0.0
67.46173097500001 0.0 0.0
68.049965975 1.0 1.0
68.638200975 0.0 0.0
69.226435975 1.0 0.0
69.81467097500001 0.0 0.0
70.40290597500001 1.0 1.0
70.99114097500001 0.0 0.0
71.579375975 1.0 0.0
72.167610975 0.0 0.0
72.75584597500001 1.0 1.0
73.34408097500001 0.0 0.0
73.93231597500001 1.0 0.0
74.520550975 0.0 0.0
75.108785975 1.0 1.0
75.69702097500002 0.0 0.0
76.28525597500001 1.0 0.0
76.87349097500001 0.0 0.0
77.450654355 1.0 1.0
78.027577355 0.0 0.0
78.604500355 1.0 0.0
79.181423355 0.0 0.0
79.758346355 1.0 1.0
80.33526935500001 0.0 0.0
80.912192355 1.0 0.0
81.489115355 0.0 0.0
82.066038355 1.0 1.0
82.642961355 0.0 0.0
83.219884355 1.0 0.0
83.796807355 0.0 0.0
84.373730355 1.0 1.0
84.950653355 0.0 0.0
85.52757635500001 1.0 0.0
86.104499355 0.0 0.0
86.681422355 1.0 1.0
87.258345355 0.0 0.0
87.835268355 1.0 0.0
88.412191355 0.0 0.0
88.989114355 1.0 1.0
89.566037355 0.0 0.0
90.142960355 1.0 0.0
90.71988335500001 0.0 0.0
91.296806355 1.0 1.0
91.873729355 0.0 0.0
92.450652355 1.0 0.0
93.027575355 0.0 0.0
93.604498355 1.0 1.0
94.181421355 0.0 0.0
94.758344355 1.0 0.0
95.335267355 0.0 0.0
95.912190355 1.0 1.0
96.489113355 0.0 0.0
97.066036355 1.0 0.0
97.642959355 0.0 0.0
98.219882355 1.0 1.0
98.796805355 0.0 0.0
99.373728355 1.0 0.0
99.950651355 0.0 0.0
100.527574355 1.0 1.0
101.104497355 0.0 0.0
101.681420355 1.0 0.0
102.258343355 0.0 0.0
102.835266355 1.0 1.0
103.412189355 0.0 0.0
103.989112355 1.0 0.0
104.566035355 0.0 0.0
105.142958355 1.0 1.0
105.719881355 0.0 0.0
106.296804355 1.0 0.0
106.873727355 0.0 0.0
107.450650355 1.0 1.0
108.027573355 0.0 0.0
108.604496355 1.0 0.0
109.181419355 0.0 0.0
109.758342355 1.0 1.0
110.33526535499999 0.0 0.0
110.912188355 1.0 0.0
111.489111355 0.0 0.0
112.066034355 1.0 1.0
112.642957355 0.0 0.0
113.219880355 1.0 0.0
113.79680335500001 0.0 0.0
114.373726355 1.0 1.0
114.950649355 0.0 0.0
115.52757235499999 1.0 0.0
116.104495355 0.0 0.0
116.681418355 1.0 1.0
117.258341355 0.0 0.0
117.83526435499999 1.0 0.0
118.412187355 0.0 0.0
118.98911035500001 1.0 1.0
119.566033355 0.0 0.0
120.142956355 1.0 0.0
120.71987935499999 0.0 0.0
121.296802355 1.0 1.0
121.873725355 0.0 0.0
122.450648355 1.0 0.0
123.02757135499999 0.0 0.0
123.604494355 1.0 1.0
124.18141735500001 0.0 0.0
124.758340355 1.0 0.0
125.335263355 0.0 0.0
125.91218635499999 1.0 1.0
126.489109355 0.0 0.0
127.066032355 1.0 0.0
127.642955355 0.0 0.0
128.219878355 1.0 1.0
128.796801355 0.0 0.0
129.373724355 1.0 0.0
129.950647355 0.0 0.0
130.527570355 1.0 1.0
131.104493355 0.0 0.0
131.681416355 1.0 0.0
132.258339355 0.0 0.0
132.835262355 1.0 1.0
133.412185355 0.0 0.0
133.98910835499998 1.0 0.0
134.566031355 0.0 0.0
135.142954355 1.0 1.0
135.719877355 0.0 0.0
136.30810764166665 1.0 0.0
136.89634264166665 0.0 0.0
137.48457764166665 1.0 1.0
138.07281264166667 0.0 0.0
138.66104764166667 1.0 0.0
139.24928264166667 0.0 0.0
139.83751764166666 1.0 1.0
140.42575264166666 0.0 0.0
141.01398764166666 1.0 0.0
141.60222264166666 0.0 0.0
142.19045764166665 1.0 1.0
142.77869264166665 0.0 0.0
143.36692764166665 1.0 0.0
143.95516264166667 0.0 0.0
144.54339764166667 1.0 1.0
145.13163264166667 0.0 0.0
145.71986764166667 1.0 0.0
146.30810264166666 0.0 0.0
146.89633764166666 1.0 1.0
147.48457264166666 0.0 0.0
148.07280764166666 1.0 0.0
148.66104264166665 0.0 0.0
149.24927764166665 1.0 1.0
149.83751264166665 0.0 0.0
150.42574764166667 1.0 0.0
151.01398264166667 0.0 0.0
151.60221764166667 1.0 1.0
152.19045264166667 0.0 0.0
152.77868764166666 1.0 0.0
153.36692264166666 0.0 0.0
153.95515764166666 1.0 1.0
154.54339264166666 0.0 0.0
155.12072098833335 1.0 0.0
155.69764398833334 0.0 0.0
156.27456698833333 1.0 1.0
156.85148998833333 0.0 0.0
157.42841298833335 1.0 0.0
158.00533598833334 0.0 0.0
158.58225898833334 1.0 1.0
159.15918198833333 0.0 0.0
159.73610498833335 1.0 0.0
160.31302798833335 0.0 0.0
160.88995098833334 1.0 1.0
161.46687398833333 0.0 0.0
162.04379698833333 1.0 0.0
162.62071998833335 0.0 0.0
163.19764298833334 1.0 1.0
163.77456598833334 0.0 0.0
164.35148898833333 1.0 0.0
164.92841198833332 0.0 0.0
165.50533498833335 1.0 1.0
166.08225798833334 0.0 0.0
166.65918098833333 1.0 0.0
167.23610398833333 0.0 0.0
167.81302698833335 1.0 1.0
168.38994998833334 0.0 0.0
168.96687298833334 1.0 0.0
169.54379598833333 0.0 0.0
170.12071898833335 1.0 1.0
170.69764198833334 0.0 0.0
171.27456498833334 1.0 0.0
171.85148798833333 0.0 0.0
172.42841098833333 1.0 1.0
173.00533398833335 0.0 0.0
173.58225698833334 1.0 0.0
174.15917998833334 0.0 0.0
174.73610298833333 1.0 1.0
175.31302598833332 0.0 0.0
175.88994898833334 1.0 0.0
176.46687198833334 0.0 0.0
177.04379498833333 1.0 1.0
177.62071798833333 0.0 0.0
178.19764098833335 1.0 0.0
178.77456398833334 0.0 0.0
179.35148698833333 1.0 1.0
179.92840998833333 0.0 0.0
180.50533298833335 1.0 0.0
181.08225598833334 0.0 0.0
181.65917898833334 1.0 1.0
182.23610198833333 0.0 0.0
182.81302498833332 1.0 0.0
183.38994798833335 0.0 0.0
183.96687098833334 1.0 1.0
184.54379398833333 0.0 0.0
185.12071698833333 1.0 0.0
185.69763998833332 0.0 0.0
186.27456298833334 1.0 1.0
186.85148598833334 0.0 0.0
187.42840898833333 1.0 0.0
188.00533198833332 0.0 0.0
188.58225498833332 1.0 1.0
189.15917798833334 0.0 0.0
189.73610098833333 1.0 0.0
190.31302398833333 0.0 0.0
190.88994698833335 1.0 1.0
191.46686998833334 0.0 0.0
192.04379298833334 1.0 0.0
192.62071598833333 0.0 0.0
193.19763898833332 1.0 1.0
193.77456198833335 0.0 0.0
194.35148498833334 1.0 0.0
194.92840798833333 0.0 0.0
195.50533098833333 1.0 1.0
196.08225398833332 0.0 0.0
196.65917698833334 1.0 0.0
197.23609998833334 0.0 0.0
197.81302298833333 1.0 1.0
198.38994598833332 0.0 0.0
198.96686898833332 1.0 0.0
199.54379198833334 0.0 0.0
200.12071498833333 1.0 1.0
200.69763798833333 0.0 0.0
201.27456098833335 1.0 0.0
201.85148398833334 0.0 0.0
202.42840698833334 1.0 1.0
203.00532998833333 0.0 0.0
203.58225298833332 1.0 0.0
204.15917598833335 0.0 0.0
204.73609898833334 1.0 1.0
205.31302198833333 0.0 0.0
205.88994498833333 1.0 0.0
206.46686798833332 0.0 0.0
207.04379098833334 1.0 1.0
207.62071398833334 0.0 0.0
208.19763698833333 1.0 0.0
208.77455998833332 0.0 0.0
209.35148298833332 1.0 1.0
209.92840598833334 0.0 0.0
210.50532898833333 1.0 0.0
211.08225198833333 0.0 0.0
211.65917498833335 1.0 1.0
212.23609798833334 0.0 0.0
212.81302098833334 1.0 0.0
213.38994398833333 0.0 0.0
213.96686698833332 1.0 1.0
214.54378998833334 0.0 0.0
215.12071298833334 1.0 0.0
215.69763598833333 0.0 0.0
216.27455898833333 1.0 1.0
216.85148198833332 0.0 0.0
217.42840498833334 1.0 0.0
218.00532798833333 0.0 0.0
218.58225098833333 1.0 1.0
219.15917398833335 0.0 0.0
219.73609698833332 1.0 0.0
220.31301998833334 0.0 0.0
220.88994298833333 1.0 1.0
221.46686598833332 0.0 0.0
222.04378898833335 1.0 0.0
222.6207119883333 0.0 0.0
223.19763498833333 1.0 1.0
223.77455798833333 0.0 0.0
224.35148098833332 1.0 0.0
224.92840398833334 0.0 0.0
225.50532698833334 1.0 1.0
226.08224998833333 0.0 0.0
226.65917298833335 1.0 0.0
227.23609598833332 0.0 0.0
227.81301898833334 1.0 1.0
228.38994198833333 0.0 0.0
228.96686498833333 1.0 0.0
229.54378798833335 0.0 0.0
230.12071098833331 1.0 1.0
230.69763398833334 0.0 0.0
231.27455698833333 1.0 0.0
231.85147998833332 0.0 0.0
232.42840298833335 1.0 1.0
233.0053259883333 0.0 0.0
233.58224898833333 1.0 0.0
234.15917198833333 0.0 0.0
234.73609498833332 1.0 1.0
235.31301798833334 0.0 0.0
235.88994098833334 1.0 0.0
236.46686398833333 0.0 0.0
237.04378698833335 1.0 1.0
237.62070998833332 0.0 0.0
238.19763298833334 1.0 0.0
238.77455598833333 0.0 0.0
239.35147898833333 1.0 1.0
239.92840198833335 0.0 0.0
240.5053249883333 1.0 0.0
241.08224798833334 0.0 0.0
241.65917098833333 1.0 1.0
242.23609398833332 0.0 0.0
242.81301698833335 1.0 0.0
243.3899399883333 0.0 0.0
243.96686298833333 1.0 1.0
244.54378598833333 0.0 0.0
245.12070898833332 1.0 0.0
245.69763198833334 0.0 0.0
246.27455498833334 1.0 1.0
246.85147798833333 0.0 0.0
247.42840098833335 1.0 0.0
248.00532398833332 0.0 0.0