0.619435577 1.0 1.0
1.464504577 0.0 0.0
2.309573577 1.0 0.0
3.154642577 0.0 0.0
3.9997115769999994 1.0 1.0
4.844780576999999 0.0 0.0
5.6898495769999995 1.0 0.0
6.534918576999999 0.0 0.0
7.3799875770000005 1.0 1.0
8.225056577 0.0 0.0
9.070125577 1.0 0.0
9.915194577 0.0 0.0
10.760263577 1.0 1.0
11.605332577 0.0 0.0
12.450401577 1.0 0.0
13.295470577 0.0 0.0
14.140539577 1.0 1.0
14.985608577 0.0 0.0
15.830677577 1.0 0.0
16.675746576999998 0.0 0.0
17.520815577 1.0 1.0
18.365884577 0.0 0.0
19.210953577 1.0 0.0
20.056022577 0.0 0.0
20.901091577 1.0 1.0
21.746160577 0.0 0.0
22.591229577 1.0 0.0
23.436298577 0.0 0.0
24.281367577 1.0 1.0
25.126436577 0.0 0.0
25.971505577 1.0 0.0
26.816574577 0.0 0.0
27.661643576999996 1.0 1.0
28.506712576999995 0.0 0.0
29.351781577 1.0 0.0
30.196850577 0.0 0.0
31.041919576999998 1.0 1.0
31.886988577 0.0 0.0
32.732057577 1.0 0.0
33.577126577 0.0 0.0
34.422195577 1.0 1.0
35.267264577 0.0 0.0
36.112333577 1.0 0.0
36.957402576999996 0.0 0.0
37.811321086 1.0 1.0
38.668463085999996 0.0 0.0
39.525605086 1.0 0.0
40.382747086 0.0 0.0
41.231039577 1.0 1.0
42.076108577 0.0 0.0
42.921177576999995 1.0 0.0
43.766246577 0.0 0.0
44.611315577 1.0 1.0
45.456384576999994 0.0 0.0
46.301453577 1.0 0.0
47.193450702999996 0.0 0.0
48.055613577 1.0 1.0
48.900682577000005 0.0 0.0
49.745751577 1.0 0.0
50.590820577 0.0 0.0
51.435889577000005 1.0 1.0
52.280958577 0.0 0.0
53.126027577 1.0 0.0
53.971096577000004 0.0 0.0
54.81616557700001 1.0 1.0
55.66123457700001 0.0 0.0
56.50630357700001 1.0 0.0
57.35137257700001 0.0 0.0
58.19644157700001 1.0 1.0
59.04151057700001 0.0 0.0
59.886579577000006 1.0 0.0
60.73164857700001 0.0 0.0
61.57671757700001 1.0 1.0
62.421786577000006 0.0 0.0
63.26685557700001 1.0 0.0
64.11192457700001 0.0 0.0
64.956993577 1.0 1.0
65.80206257700002 0.0 0.0
66.65598108600001 1.0 0.0
67.53160201600001 0.0 0.0
68.386625577 1.0 1.0
69.231694577 0.0 0.0
70.076763577 1.0 0.0
70.921832577 0.0 0.0
71.766901577 1.0 1.0
72.611970577 0.0 0.0
73.457039577 1.0 0.0
74.302108577 0.0 0.0
75.14717757700001 1.0 1.0
75.992246577 0.0 0.0
76.837315577 1.0 0.0
77.682384577 0.0 0.0
78.527453577 1.0 1.0
79.372522577 0.0 0.0
80.24492001600001 1.0 0.0
81.099943577 0.0 0.0
81.945012577 1.0 1.0
82.790081577 0.0 0.0
83.635150577 1.0 0.0
84.480219577 0.0 0.0
85.325288577 1.0 1.0
86.170357577 0.0 0.0
87.015426577 1.0 0.0
87.86049557700001 0.0 0.0
88.705564577 1.0 1.0
89.550633577 0.0 0.0
90.39570257700001 1.0 0.0
91.240771577 0.0 0.0
92.085840577 1.0 1.0
92.948864412 0.0 0.0
93.818428412 1.0 0.0
94.67003757700002 0.0 0.0
95.51510657700001 1.0 1.0
96.360175577 0.0 0.0
97.20524457700002 1.0 0.0
98.05031357700001 0.0 0.0
98.895382577 1.0 1.0
99.74045157700002 0.0 0.0
100.58552057700001 1.0 0.0
101.430589577 0.0 0.0
102.27565857700002 1.0 1.0
103.12072757700001 0.0 0.0
103.965796577 1.0 0.0
104.81086557700002 0.0 0.0
105.65593457700001 1.0 1.0
106.501003577 0.0 0.0
107.34607257700002 1.0 0.0
108.19999108600001 0.0 0.0
109.048283577 1.0 1.0
109.893352577 0.0 0.0
110.738421577 1.0 0.0
111.59234008600001 0.0 0.0
112.449482086 1.0 1.0
113.306624086 0.0 0.0
114.163766086 1.0 0.0
115.020908086 0.0 0.0
115.878050086 1.0 1.0
116.735192086 0.0 0.0
117.59233408600001 1.0 0.0
118.449476086 0.0 0.0
119.306618086 1.0 1.0
120.14630735600001 0.0 0.0
120.979639356 1.0 0.0
121.821574577 0.0 0.0
122.666643577 1.0 1.0
123.511712577 0.0 0.0
124.356781577 1.0 0.0
125.201850577 0.0 0.0
126.046919577 1.0 1.0
126.891988577 0.0 0.0
127.737057577 1.0 0.0
128.582126577 0.0 0.0
129.427195577 1.0 1.0
130.272264577 0.0 0.0
131.117333577 1.0 0.0
131.962402577 0.0 0.0
132.807471577 1.0 1.0
133.652540577 0.0 0.0
134.497609577 1.0 0.0
135.351528086 0.0 0.0
136.20867008599998 1.0 1.0
137.065812086 0.0 0.0
137.914104577 1.0 0.0
138.75917357699998 0.0 0.0
139.613092086 1.0 1.0
140.47023408599998 0.0 0.0
141.327376086 1.0 0.0
142.184518086 0.0 0.0
143.04166008599998 1.0 1.0
143.898802086 0.0 0.0
144.755944086 1.0 0.0
145.61308608599998 0.0 0.0
146.452775356 1.0 1.0
147.28610735599997 0.0 0.0
148.119439356 1.0 0.0
148.95277135599997 0.0 0.0
149.78610335599998 1.0 1.0
150.619435356 0.0 0.0
151.48869901599997 1.0 0.0
152.33511935599998 0.0 0.0
153.18590408599997 1.0 1.0
154.02559335599997 0.0 0.0
154.87637808599996 1.0 0.0
155.73352008599997 0.0 0.0
156.59066208599995 1.0 1.0
157.44780408599996 0.0 0.0
158.30494608599997 1.0 0.0
159.16208808599995 0.0 0.0
160.01923008599996 1.0 1.0
160.87637208599998 0.0 0.0
161.73351408599996 1.0 0.0
162.56483616099996 0.0 0.0
163.41257308599995 1.0 1.0
164.26971508599996 0.0 0.0
165.11800757699996 1.0 0.0
165.95447335599994 0.0 0.0
166.78780535599995 1.0 1.0
167.62113735599993 0.0 0.0
168.45446935599995 1.0 0.0
169.30525408599993 0.0 0.0
170.16239608599994 1.0 1.0
171.01068857699994 0.0 0.0
171.86460708599992 1.0 0.0
172.72174908599993 0.0 0.0
173.5614383559999 1.0 1.0
174.39477035599992 0.0 0.0
175.2281023559999 1.0 0.0
176.08799241199992 0.0 0.0
176.93099835599992 1.0 1.0
177.80026201599992 0.0 0.0
178.64668235599993 1.0 0.0
179.4800143559999 0.0 0.0
180.31334635599993 1.0 1.0
181.1641310859999 0.0 0.0
182.00382035599995 1.0 0.0
182.87308401599992 0.0 0.0
183.71950435599993 1.0 1.0
184.5887680159999 0.0 0.0
185.4351883559999 1.0 0.0
186.2859730859999 0.0 0.0
187.1256623559999 1.0 1.0
187.95899435599992 0.0 0.0
188.8188844119999 1.0 0.0
189.6884484119999 0.0 0.0
190.5314543559999 1.0 1.0
191.3647863559999 0.0 0.0
192.1981183559999 1.0 0.0
193.0580084119999 0.0 0.0
193.9010143559999 1.0 1.0
194.7517990859999 0.0 0.0
195.5914883559999 1.0 0.0
196.49060344099988 0.0 0.0
197.3478973559999 1.0 1.0
198.1812293559999 0.0 0.0
199.0145613559999 1.0 0.0
199.8478933559999 0.0 0.0
200.6986780859999 1.0 1.0
201.5558200859999 0.0 0.0
202.41296208599988 1.0 0.0
203.2701040859999 0.0 0.0
204.1272460859999 1.0 1.0
204.98438808599988 0.0 0.0
205.8415300859999 1.0 0.0
206.6986720859999 0.0 0.0
207.5299941609999 1.0 1.0
208.3602783559999 0.0 0.0
209.21106308599985 1.0 0.0
210.06820508599986 0.0 0.0
210.89952716099987 1.0 1.0
211.72144416099988 0.0 0.0
212.56918108599984 1.0 0.0
213.42632308599985 0.0 0.0
214.28346508599986 1.0 1.0
215.14060708599985 0.0 0.0
215.99774908599986 1.0 0.0
216.81300599999986 0.0 0.0
217.65489108599985 1.0 1.0
218.51203308599986 0.0 0.0
219.36917508599987 1.0 0.0
220.22631708599985 0.0 0.0
221.08345908599986 1.0 1.0
221.94060108599987 0.0 0.0
222.79774308599985 1.0 0.0
223.62906516099986 0.0 0.0
224.47680208599985 1.0 1.0
225.33394408599986 0.0 0.0
226.17363335599987 1.0 0.0
227.00696535599985 0.0 0.0
227.84029735599987 1.0 1.0
228.66526216099987 0.0 0.0
229.50414957699988 1.0 0.0
230.34921857699987 0.0 0.0
231.22161601599987 1.0 1.0
232.10396801599987 0.0 0.0
232.98632001599987 1.0 0.0
233.80059244199987 0.0 0.0
234.64877241199986 1.0 1.0
235.45963044199988 0.0 0.0
236.30781041199987 1.0 0.0
237.17737441199986 0.0 0.0
238.0469384119999 1.0 1.0
238.9165024119999 0.0 0.0
239.78606641199988 1.0 0.0
240.6207051609999 0.0 0.0
241.44262216099992 1.0 1.0
242.2645391609999 0.0 0.0
243.08645616099992 1.0 0.0
243.9083731609999 0.0 0.0
244.7652154119999 1.0 1.0
245.6347794119999 0.0 0.0
246.5043434119999 1.0 0.0
247.3559525769999 0.0 0.0
248.23800362599988 1.0 1.0
249.0714324629999 0.0 0.0
249.8987513559999 1.0 0.0
250.7320833559999 0.0 0.0
251.5654153559999 1.0 1.0
252.3987473559999 0.0 0.0
253.27766462599988 1.0 1.0
254.17318662599988 0.0 0.0
255.06870862599988 0.0 0.0