0.15999999999999995 1.0 1.0
0.96 0.0 0.0
1.76 0.0 0.0
2.56 1.0 0.0
3.36 0.0 0.0
4.16 0.0 0.0
4.96 1.0 1.0
5.76 0.0 0.0
6.56 0.0 0.0
7.36 1.0 0.0
8.16 0.0 0.0
8.96 0.0 0.0
9.76 1.0 1.0
10.56 0.0 0.0
11.36 0.0 0.0
12.16 1.0 0.0
12.96 0.0 0.0
13.76 0.0 0.0
14.56 1.0 1.0
15.36 0.0 0.0
16.16 0.0 0.0
16.96 1.0 0.0
17.76 0.0 0.0
18.56 0.0 0.0
19.36 1.0 1.0
20.16 0.0 0.0
20.96 0.0 0.0
21.76 1.0 0.0
22.56 0.0 0.0
23.36 0.0 0.0
24.16 1.0 1.0
24.96 0.0 0.0
25.76 0.0 0.0
26.560000000000002 1.0 0.0
27.36 0.0 0.0
28.16 0.0 0.0
28.96 1.0 1.0
29.76 0.0 0.0
30.56 0.0 0.0
31.36 1.0 0.0
32.16 0.0 0.0
32.96 0.0 0.0
33.76 1.0 1.0
34.56 0.0 0.0
35.36 0.0 0.0
36.16 1.0 0.0
36.96 0.0 0.0
37.76 0.0 0.0
38.56 1.0 1.0
39.36 0.0 0.0
40.16 0.0 0.0
40.96 1.0 0.0
41.76 0.0 0.0
42.56 0.0 0.0
43.36 1.0 1.0
44.16 0.0 0.0
44.96 0.0 0.0
45.76 1.0 0.0
46.56 0.0 0.0
47.36 0.0 0.0
48.16 1.0 1.0
48.96 0.0 0.0
49.76 0.0 0.0
50.56 1.0 0.0
51.36 0.0 0.0
52.16 0.0 0.0
52.96 1.0 1.0
53.76 0.0 0.0
54.56 0.0 0.0
55.36 1.0 0.0
56.16 0.0 0.0
56.96 0.0 0.0
57.76 1.0 1.0
58.56 0.0 0.0
59.36 0.0 0.0
60.16 1.0 0.0
60.96 0.0 0.0
61.76 0.0 0.0
62.56 1.0 1.0
63.36 0.0 0.0
64.16 0.0 0.0
64.96 1.0 0.0
65.76 0.0 0.0
66.56 0.0 0.0
67.36 1.0 1.0
68.16 0.0 0.0
68.96 0.0 0.0
69.76 1.0 0.0
70.56 0.0 0.0
71.36 0.0 0.0
72.16 1.0 1.0
72.96 0.0 0.0
73.76 0.0 0.0
74.56 1.0 0.0
75.36 0.0 0.0
76.16 0.0 0.0
76.96 1.0 1.0
77.76 0.0 0.0
78.56 0.0 0.0
79.36 1.0 0.0
80.16 0.0 0.0
80.96 0.0 0.0
81.76 1.0 1.0
82.56 0.0 0.0
83.36 0.0 0.0
84.16 1.0 0.0
84.96 0.0 0.0
85.76 0.0 0.0
86.56 1.0 1.0
87.36 0.0 0.0
88.16 0.0 0.0
88.96 1.0 0.0
89.76 0.0 0.0
90.56 0.0 0.0
91.36 1.0 1.0
92.16 0.0 0.0
92.96 0.0 0.0
93.76 1.0 0.0
94.56 0.0 0.0
95.36 0.0 0.0
96.16 1.0 1.0
96.96 0.0 0.0
97.76 0.0 0.0
98.56 1.0 0.0
99.36 0.0 0.0
100.16 0.0 0.0
100.96 1.0 1.0
101.76 0.0 0.0
102.55999999999999 0.0 0.0
103.35999999999999 1.0 0.0
104.15999999999998 0.0 0.0
104.96 0.0 0.0
105.75999999999999 1.0 1.0
106.55999999999999 0.0 0.0
107.35999999999999 0.0 0.0
108.15999999999998 1.0 0.0
108.96 0.0 0.0
109.76 0.0 0.0
110.56 1.0 1.0
111.36 0.0 0.0
112.16 0.0 0.0
112.96 1.0 0.0
113.76 0.0 0.0
114.56 0.0 0.0
115.36 1.0 1.0
116.16 0.0 0.0
116.96 0.0 0.0
117.76 1.0 0.0
118.56 0.0 0.0
119.36 0.0 0.0
120.16 1.0 1.0
120.96 0.0 0.0
121.76 0.0 0.0
122.56 1.0 0.0
123.36 0.0 0.0
124.16 0.0 0.0
124.96 1.0 1.0
125.76 0.0 0.0
126.56 0.0 0.0
127.36 1.0 0.0
128.16 0.0 0.0
128.96 0.0 0.0
129.76 1.0 1.0
130.56 0.0 0.0
131.36 0.0 0.0
132.16 1.0 0.0
132.96 0.0 0.0
133.76 0.0 0.0
134.56 1.0 1.0
135.36 0.0 0.0
136.16 0.0 0.0
136.96 1.0 0.0
137.76 0.0 0.0
138.56 0.0 0.0
139.36 1.0 1.0
140.16 0.0 0.0
140.96 0.0 0.0
141.76 1.0 0.0
142.56 0.0 0.0
143.36 0.0 0.0
144.16 1.0 1.0
144.96 0.0 0.0
145.76 0.0 0.0
146.56 1.0 0.0
147.36 0.0 0.0
148.16 0.0 0.0
148.96 1.0 1.0
149.76 0.0 0.0
150.56 0.0 0.0
151.36 1.0 0.0
152.16 0.0 0.0
152.96 0.0 0.0
153.76 1.0 1.0
154.56 0.0 0.0
155.36 0.0 0.0
156.16 1.0 0.0
156.96 0.0 0.0
157.76 0.0 0.0
158.56 1.0 1.0
159.36 0.0 0.0
160.16 0.0 0.0
160.96 1.0 0.0
161.76 0.0 0.0
162.56 0.0 0.0
163.36 1.0 1.0
164.16 0.0 0.0
164.96 0.0 0.0
165.76 1.0 0.0
166.56 0.0 0.0
167.36 0.0 0.0
168.16 1.0 1.0
168.96 0.0 0.0
169.76 0.0 0.0
170.56 1.0 0.0
171.36 0.0 0.0
172.16 0.0 0.0
172.96 1.0 1.0
173.76 0.0 0.0
174.56 0.0 0.0
175.36 1.0 0.0
176.16 0.0 0.0
176.96 0.0 0.0
177.76 1.0 1.0
178.56 0.0 0.0
179.36 0.0 0.0
180.16 1.0 0.0
180.96 0.0 0.0
181.76 0.0 0.0
182.56 1.0 1.0
183.36 0.0 0.0
184.16 0.0 0.0
184.96 1.0 0.0
185.76 0.0 0.0
186.56 0.0 0.0
187.36 1.0 1.0
188.16 0.0 0.0
188.96 0.0 0.0
189.76 1.0 0.0
190.56 0.0 0.0
191.36 0.0 0.0
192.16 1.0 1.0
192.96 0.0 0.0
193.76 0.0 0.0
194.56 1.0 0.0
195.36 0.0 0.0
196.16 0.0 0.0
196.96 1.0 1.0
197.76 0.0 0.0
198.56 0.0 0.0
199.36 1.0 0.0
200.16 0.0 0.0
200.96 0.0 0.0
201.76 1.0 1.0
202.56 0.0 0.0
203.36 0.0 0.0
204.16 1.0 0.0
204.96 0.0 0.0
205.76 0.0 0.0
206.56 1.0 1.0
207.36 0.0 0.0
208.16 0.0 0.0
208.96 1.0 0.0
209.76 0.0 0.0
210.56 0.0 0.0
211.36 1.0 1.0
212.16 0.0 0.0
212.96 0.0 0.0
213.76 1.0 0.0
214.56 0.0 0.0
215.36 0.0 0.0
216.16 1.0 1.0
216.96 0.0 0.0
217.76 0.0 0.0
218.56 1.0 0.0
219.36 0.0 0.0
220.16 0.0 0.0
220.96 1.0 1.0
221.76 0.0 0.0
222.56 0.0 0.0
223.36 1.0 0.0
224.16 0.0 0.0
224.96 0.0 0.0
225.76 1.0 1.0
226.56 0.0 0.0
227.36 0.0 0.0
228.16 1.0 0.0
228.96 0.0 0.0
229.76 0.0 0.0
230.56 1.0 1.0
231.36 0.0 0.0
232.16 0.0 0.0
232.96 0.0 0.0
233.76 0.0 0.0
234.56 1.0 1.0
235.36 0.0 0.0
236.16 0.0 0.0