0.5053654620000001 1.0 1.0
1.480974462 0.0 0.0
2.4565834619999998 1.0 0.0
3.4321924619999997 0.0 0.0
4.407801462 1.0 1.0
5.383410462 0.0 0.0
6.359019462 1.0 0.0
7.334628462 0.0 0.0
8.310237462000002 1.0 1.0
9.285846462 0.0 0.0
10.261455462 1.0 0.0
11.237064462000001 0.0 0.0
12.212673462000001 1.0 1.0
13.188282462000002 0.0 0.0
14.163891462 1.0 0.0
15.139500462 0.0 0.0
16.115109462000003 1.0 1.0
17.090718461999998 0.0 0.0
18.066327462 1.0 0.0
19.041936462 0.0 0.0
20.017545462 1.0 1.0
20.993154462 0.0 0.0
21.968763462 1.0 0.0
22.944372462 0.0 0.0
23.919981462 1.0 1.0
24.895590462 0.0 0.0
25.871199462 1.0 0.0
26.846808462 0.0 0.0
27.822417462 1.0 1.0
28.798026462 0.0 0.0
29.773635462 1.0 0.0
30.749244462 0.0 0.0
31.72767973508333 1.0 1.0
32.71957290208333 0.0 0.0
33.71957290208333 1.0 0.0
34.71067096008333 0.0 0.0
35.69427696008333 1.0 1.0
36.67788296008333 0.0 0.0
37.66148896008333 1.0 0.0
38.64509496008333 0.0 0.0
39.62870096008333 1.0 1.0
40.61230696008333 0.0 0.0
41.59591296008333 1.0 0.0
42.57951896008333 0.0 0.0
43.55888255158333 1.0 1.0
44.53449155158333 0.0 0.0
45.510100551583335 1.0 0.0
46.485709551583334 0.0 0.0
47.46131855158333 1.0 1.0
48.43692755158333 0.0 0.0
49.41253655158333 1.0 1.0
50.388145551583335 0.0 0.0
51.363754551583334 1.0 0.0
52.33936355158333 0.0 0.0
53.31497255158333 1.0 1.0
54.29058155158333 0.0 0.0
55.266190551583335 1.0 0.0
56.241799551583334 0.0 0.0
57.21740855158333 1.0 1.0
58.19301755158333 0.0 0.0
59.16862655158333 1.0 0.0
60.144235551583336 0.0 0.0
61.11984455158333 1.0 1.0
62.09545355158333 0.0 0.0
63.07106255158333 1.0 0.0
64.04667155158333 0.0 0.0
65.02228055158334 1.0 1.0
65.99788955158333 0.0 0.0
66.97349855158333 1.0 0.0
67.94910755158332 0.0 0.0
68.92471655158333 1.0 1.0
69.90032555158334 0.0 0.0
70.87593455158333 1.0 0.0
71.85154355158333 0.0 0.0
72.82715255158334 1.0 1.0
73.8070206205 0.0 0.0
74.7906266205 1.0 0.0
75.7742326205 0.0 0.0
76.75783862050001 1.0 1.0
77.7414446205 0.0 0.0
78.7250506205 1.0 0.0
79.70865662050001 0.0 0.0
80.6922626205 1.0 1.0
81.67586862050001 0.0 0.0
82.6594746205 1.0 0.0
83.6430806205 0.0 0.0
84.62668662050001 1.0 1.0
85.6102926205 0.0 0.0
86.5938986205 1.0 0.0
87.57750462050001 0.0 0.0
88.5611106205 1.0 1.0
89.54471662050001 0.0 0.0
90.52752891825001 1.0 0.0
91.50313791825 0.0 0.0
92.47874691825001 1.0 1.0
93.45435591825 0.0 0.0
94.42996491825001 1.0 0.0
95.40557391825001 0.0 0.0
96.38118291825 1.0 1.0
97.35679191825001 0.0 0.0
98.33240091825002 1.0 1.0
99.30800991825001 0.0 0.0
100.28361891825001 1.0 0.0
101.25922791825 0.0 0.0
102.23483691825001 1.0 1.0
103.21044591825 0.0 0.0
104.18605491825001 1.0 0.0
105.16166391825001 0.0 0.0
106.13727291825 1.0 1.0
107.11288191825001 0.0 0.0
108.08849091825002 1.0 0.0
109.06409991825001 0.0 0.0
110.03970891825001 1.0 1.0
111.01531791825 0.0 0.0
111.99092691825001 1.0 0.0
112.96653591825 0.0 0.0
113.94214491825001 1.0 1.0
114.91775391825001 0.0 0.0
115.89336291825 1.0 0.0
116.86897191825001 0.0 0.0
117.84458091825002 1.0 1.0
118.82018991825001 0.0 0.0
119.79579891825001 1.0 0.0
120.77140791825 0.0 0.0
121.74701691825001 1.0 1.0
122.72262591825 0.0 0.0
123.69823491825001 1.0 0.0
124.67384391825001 0.0 0.0
125.64945291825 1.0 1.0
126.62506191825001 0.0 0.0
127.60067091825002 1.0 0.0
128.5802390996667 0.0 0.0
129.56384509966668 1.0 1.0
130.5474510996667 0.0 0.0
131.5310570996667 1.0 0.0
132.51466309966668 0.0 0.0
133.4982690996667 1.0 1.0
134.4818750996667 0.0 0.0
135.46548109966668 1.0 0.0
136.44908709966668 0.0 0.0
137.4326930996667 1.0 1.0
138.4162990996667 0.0 0.0
139.39990509966668 1.0 0.0
140.3835110996667 0.0 0.0
141.3671170996667 1.0 1.0
142.35072309966668 0.0 0.0
143.3343290996667 1.0 0.0
144.3179350996667 0.0 0.0
145.30154109966668 1.0 1.0
146.2770281859167 0.0 0.0
147.2447691859167 1.0 1.0
148.2125101859167 0.0 0.0
149.1802511859167 1.0 0.0
150.1479921859167 0.0 0.0
151.1157331859167 1.0 1.0
152.0834741859167 0.0 0.0
153.0512151859167 1.0 0.0
154.02519270958337 0.0 0.0
155.00478270958337 1.0 1.0
155.98437270958337 0.0 0.0
156.96396270958337 1.0 0.0
157.94355270958337 0.0 0.0
158.92314270958337 1.0 1.0
159.90273270958338 0.0 0.0
160.88232270958338 1.0 0.0
161.86191270958338 0.0 0.0
162.84150270958338 1.0 1.0
163.82109270958338 0.0 0.0
164.80068270958338 1.0 0.0
165.7802727095834 0.0 0.0
166.7598627095834 1.0 1.0
167.73945270958336 0.0 0.0
168.71904270958336 1.0 0.0
169.69863270958336 0.0 0.0
170.67822270958337 1.0 1.0
171.65781270958337 0.0 0.0
172.63740270958337 1.0 0.0
173.61699270958337 0.0 0.0
174.59658270958337 1.0 1.0
175.57617270958337 0.0 0.0
176.55576270958338 1.0 0.0
177.53535270958338 0.0 0.0
178.51494270958338 1.0 1.0
179.49453270958338 0.0 0.0
180.47412270958338 1.0 0.0
181.45371270958339 0.0 0.0
182.4333027095834 1.0 1.0
183.4128927095834 0.0 0.0
184.3924827095834 1.0 0.0
185.3720727095834 0.0 0.0
186.35166270958337 1.0 1.0
187.3312527095834 0.0 0.0
188.3067179286667 1.0 0.0
189.2783769286667 0.0 0.0
190.2500359286667 1.0 1.0
191.2216949286667 0.0 0.0
192.1933539286667 1.0 0.0
193.1650129286667 0.0 0.0
194.1366719286667 1.0 1.0
195.1157107241667 0.0 0.0
196.0953007241667 1.0 1.0
197.0748907241667 0.0 0.0
198.0544807241667 1.0 0.0
199.0340707241667 0.0 0.0
200.0136607241667 1.0 1.0
200.9932507241667 0.0 0.0
201.9728407241667 1.0 0.0
202.9524307241667 0.0 0.0
203.9320207241667 1.0 1.0
204.91161072416668 0.0 0.0
205.89120072416668 1.0 0.0
206.87079072416668 0.0 0.0
207.85038072416668 1.0 1.0
208.82997072416669 0.0 0.0
209.8095607241667 1.0 0.0
210.7891507241667 0.0 0.0
211.7687407241667 1.0 1.0
212.7483307241667 0.0 0.0
213.7279207241667 1.0 0.0
214.7075107241667 0.0 0.0
215.6871007241667 1.0 1.0
216.6666907241667 0.0 0.0
217.6462807241667 1.0 0.0
218.6258707241667 0.0 0.0
219.6054607241667 1.0 1.0
220.5850507241667 0.0 0.0
221.56464072416668 1.0 0.0
222.54423072416668 0.0 0.0
223.52382072416668 1.0 1.0
224.50341072416668 0.0 0.0
225.4830007241667 1.0 0.0
226.4625907241667 0.0 0.0
227.4421807241667 1.0 1.0
228.4217707241667 0.0 0.0
229.4013607241667 1.0 0.0
230.3809507241667 0.0 0.0
231.3605407241667 1.0 1.0
232.3401307241667 0.0 0.0
233.3197207241667 1.0 0.0
234.2993107241667 0.0 0.0
235.2789007241667 1.0 1.0
236.25849072416668 0.0 0.0
237.2380807241667 1.0 0.0
238.21767072416668 0.0 0.0
239.1972607241667 1.0 1.0
240.17685072416668 0.0 0.0
241.15644072416669 1.0 0.0
242.1360307241667 0.0 0.0
243.10898923383337 1.0 1.0
244.0767302338334 0.0 0.0
245.04447123383338 1.0 1.0
246.01221223383337 0.0 0.0
246.97995323383338 1.0 0.0
247.9527705429167 0.0 0.0
248.9323605429167 1.0 1.0
249.9119505429167 0.0 0.0
250.8915405429167 1.0 0.0
251.8711305429167 0.0 0.0
252.8507205429167 1.0 1.0
253.8303105429167 0.0 0.0
254.8099005429167 1.0 0.0
255.7894905429167 0.0 0.0
256.7690805429167 1.0 1.0
257.74867054291667 0.0 0.0
258.7282605429167 1.0 0.0
259.7078505429167 0.0 0.0
260.6874405429167 1.0 1.0
261.6670305429167 0.0 0.0
262.6466205429167 1.0 0.0
263.6262105429167 0.0 0.0
264.60580054291665 1.0 1.0
265.5853905429167 0.0 0.0
266.56498054291666 1.0 0.0
267.5445705429167 0.0 0.0
268.52416054291666 1.0 1.0
269.5037505429167 0.0 0.0
270.48334054291666 1.0 0.0
271.4629305429167 0.0 0.0
272.44252054291667 1.0 1.0
273.4221105429167 0.0 0.0
274.40170054291667 1.0 0.0
275.3812905429167 0.0 0.0
276.3608805429167 1.0 1.0
277.3404705429167 0.0 0.0
278.3200605429167 1.0 0.0
279.2996505429167 0.0 0.0
280.2792405429167 1.0 1.0
281.2588305429167 0.0 0.0
282.2384205429167 1.0 0.0
283.21801054291666 0.0 0.0
284.1976005429167 1.0 0.0
285.17930429758337 0.0 0.0
286.1629102975834 1.0 1.0
287.1465162975834 0.0 0.0
288.12606315366673 1.0 0.0
289.1016721536667 0.0 0.0
290.0772811536667 1.0 1.0
291.05289015366674 0.0 0.0
292.0284991536667 1.0 0.0
293.0041081536667 0.0 0.0
293.9797171536667 1.0 1.0
294.9553261536667 0.0 0.0
295.9309351536667 1.0 0.0
296.9065441536667 0.0 0.0
297.8821531536667 1.0 1.0
298.8577621536667 0.0 0.0
299.8333711536667 1.0 0.0
300.8089801536667 0.0 0.0
301.78458915366673 1.0 1.0
302.7601981536667 0.0 0.0
303.7358071536667 1.0 0.0
304.71141615366673 0.0 0.0
305.6870251536667 1.0 1.0
306.6626341536667 0.0 0.0
307.63824315366674 1.0 0.0
308.6138521536667 0.0 0.0
309.5894611536667 1.0 1.0
310.56507015366674 0.0 0.0
311.5406791536667 1.0 0.0
312.5162881536667 0.0 0.0
313.49189715366674 1.0 1.0
314.4675061536667 0.0 0.0
315.4431151536667 1.0 0.0
316.4187241536667 0.0 0.0
317.3943331536667 1.0 1.0
318.3699421536667 0.0 0.0
319.3455511536667 1.0 0.0
320.3211601536667 0.0 0.0
321.29676915366673 1.0 1.0
322.2723781536667 0.0 0.0
323.2479871536667 1.0 0.0
324.22359615366673 0.0 0.0
325.1992051536667 1.0 1.0
326.1748141536667 0.0 0.0