0.38019069000000005 1.0 1.0
1.0961806900000002 0.0 0.0
1.8121706900000003 1.0 0.0
2.5281606900000004 0.0 0.0
3.2441506899999997 1.0 1.0
3.96014069 0.0 0.0
4.67613069 1.0 0.0
5.39212069 0.0 0.0
6.108110690000001 1.0 1.0
6.824100690000001 0.0 0.0
7.54009069 1.0 0.0
8.256080690000001 0.0 0.0
8.97207069 1.0 1.0
9.68806069 0.0 0.0
10.404933846750001 1.0 0.0
11.157778953333334 0.0 0.0
11.936998953333333 1.0 1.0
12.681861251166666 0.0 0.0
13.400423251166666 1.0 0.0
14.118985251166666 0.0 0.0
14.837547251166665 1.0 1.0
15.556109251166665 0.0 0.0
16.274671251166666 1.0 0.0
16.993233251166664 0.0 0.0
17.711795251166667 1.0 1.0
18.430357251166665 0.0 0.0
19.148919251166667 1.0 0.0
19.863445901666665 0.0 0.0
20.577730901666666 1.0 1.0
21.292015901666666 0.0 0.0
22.006300901666666 1.0 0.0
22.720585901666666 0.0 0.0
23.434870901666663 1.0 1.0
24.149155901666667 0.0 0.0
24.863440901666664 1.0 0.0
25.577725901666664 0.0 0.0
26.292010901666664 1.0 1.0
27.006295901666665 0.0 0.0
27.720580901666665 1.0 0.0
28.434865901666665 0.0 0.0
29.149150901666665 1.0 1.0
29.863435901666666 0.0 0.0
30.577720901666666 1.0 0.0
31.292005901666663 0.0 0.0
32.005814044666664 1.0 1.0
32.71840204466667 0.0 0.0
33.430990044666665 1.0 0.0
34.14357804466666 0.0 0.0
34.856166044666665 1.0 1.0
35.56875404466666 0.0 0.0
36.281342044666665 1.0 0.0
36.99393004466666 0.0 0.0
37.706518044666666 1.0 1.0
38.41910604466666 0.0 0.0
39.131694044666666 1.0 0.0
39.84428204466666 0.0 0.0
40.55687004466667 1.0 1.0
41.26945804466666 0.0 0.0
41.98204604466667 1.0 0.0
42.694634044666664 0.0 0.0
43.40722204466667 1.0 1.0
44.119810044666664 0.0 0.0
44.83239804466666 1.0 0.0
45.544986044666665 0.0 0.0
46.25757404466667 1.0 1.0
46.97016204466667 0.0 0.0
47.68275004466667 1.0 0.0
48.39533804466667 0.0 0.0
49.10792604466667 1.0 1.0
49.820514044666666 0.0 0.0
50.53310204466667 1.0 0.0
51.245690044666674 0.0 0.0
51.95827804466667 1.0 1.0
52.67086604466667 0.0 0.0
53.38345404466667 1.0 0.0
54.096042044666675 0.0 0.0
54.80863004466667 1.0 1.0
55.52121804466667 0.0 0.0
56.23380604466668 1.0 0.0
56.946394044666675 0.0 0.0
57.65898204466667 1.0 1.0
58.37157004466667 0.0 0.0
59.08415804466667 1.0 0.0
59.796746044666676 0.0 0.0
60.50933404466667 1.0 1.0
61.22192204466667 0.0 0.0
61.93451004466667 1.0 0.0
62.64709804466668 0.0 0.0
63.359686044666674 1.0 1.0
64.07227404466667 0.0 0.0
64.78486204466668 1.0 0.0
65.49745004466666 0.0 0.0
66.21003804466667 1.0 1.0
66.92262604466667 0.0 0.0
67.63521404466667 1.0 0.0
68.34780204466668 0.0 0.0
69.06344079925002 1.0 1.0
69.78459379925002 0.0 0.0
70.50706202175002 1.0 0.0
71.23082502175002 0.0 0.0
71.95207716175001 1.0 1.0
72.66888840250002 0.0 0.0
73.38487840250002 1.0 0.0
74.10086840250003 0.0 0.0
74.81685840250002 1.0 1.0
75.53284840250002 0.0 0.0
76.24883840250001 1.0 0.0
76.96482840250002 0.0 0.0
77.68081840250002 1.0 1.0
78.39680840250001 0.0 0.0
79.11279840250002 1.0 0.0
79.82878840250002 0.0 0.0
80.54477840250001 1.0 1.0
81.26076840250002 0.0 0.0
81.97675840250002 1.0 0.0
82.69274840250002 0.0 0.0
83.40873840250002 1.0 1.0
84.12450245300002 0.0 0.0
84.83709045300002 1.0 0.0
85.54967845300003 0.0 0.0
86.26226645300002 1.0 1.0
86.97485445300002 0.0 0.0
87.68744245300002 1.0 0.0
88.40003045300003 0.0 0.0
89.11261845300002 1.0 1.0
89.82520645300002 0.0 0.0
90.53779445300002 1.0 0.0
91.25038245300001 0.0 0.0
91.96297045300003 1.0 1.0
92.67555845300002 0.0 0.0
93.38814645300002 1.0 0.0
94.10073445300002 0.0 0.0
94.81332245300003 1.0 1.0
95.52591045300002 0.0 0.0
96.23849845300002 1.0 0.0
96.95108645300002 0.0 0.0
97.66367445300003 1.0 1.0
98.37626245300002 0.0 0.0
99.08885045300002 1.0 0.0
99.80143845300002 0.0 0.0
100.51402645300001 1.0 1.0
101.22661445300002 0.0 0.0
101.93920245300002 1.0 0.0
102.65179045300002 0.0 0.0
103.36437845300003 1.0 1.0
104.07734124000002 0.0 0.0
104.79333124000001 1.0 0.0
105.50932124000002 0.0 0.0
106.22531124000002 1.0 1.0
106.94130124000002 0.0 0.0
107.65729124000002 1.0 0.0
108.37328124000001 0.0 0.0
109.08927124000002 1.0 1.0
109.80526124000002 0.0 0.0
110.52125124000001 1.0 0.0
111.23724124000002 0.0 0.0
111.95323124000002 1.0 1.0
112.66796778083335 0.0 0.0
113.38225278083335 1.0 0.0
114.09653778083334 0.0 0.0
114.81082278083335 1.0 1.0
115.52510778083335 0.0 0.0
116.23939278083334 1.0 0.0
116.95367778083335 0.0 0.0
117.66796278083335 1.0 1.0
118.38224778083335 0.0 0.0
119.09653278083334 1.0 0.0
119.81081778083335 0.0 0.0
120.52510278083335 1.0 1.0
121.23938778083334 0.0 0.0
121.95367278083334 1.0 0.0
122.66795778083335 0.0 0.0
123.38224278083335 1.0 1.0
124.09652778083336 0.0 0.0
124.81081278083334 1.0 0.0
125.52509778083335 0.0 0.0
126.23938278083335 1.0 1.0
126.95366778083334 0.0 0.0
127.66795278083335 1.0 0.0
128.38223778083335 0.0 0.0
129.09652278083334 1.0 1.0
129.81080778083336 0.0 0.0
130.52509278083335 1.0 0.0
131.23937778083334 0.0 0.0
131.95366278083335 1.0 1.0
132.66794778083334 0.0 0.0
133.38223278083336 1.0 0.0
134.09651778083335 0.0 0.0
134.81080278083334 1.0 1.0
135.52508778083336 0.0 0.0
136.23937278083335 1.0 0.0
136.95365778083334 0.0 0.0
137.66794278083336 1.0 1.0
138.38222778083335 0.0 0.0
139.09651278083334 1.0 0.0
139.81079778083335 0.0 0.0
140.52508278083334 1.0 1.0
141.23936778083333 0.0 0.0
141.95365278083335 1.0 0.0
142.66793778083334 0.0 0.0
143.38222278083336 1.0 1.0
144.09650778083335 0.0 0.0
144.81079278083334 1.0 0.0
145.52507778083336 0.0 0.0
146.23936278083335 1.0 1.0
146.95364778083336 0.0 0.0
147.66793278083335 1.0 0.0
148.38221778083334 0.0 0.0
149.09650278083336 1.0 1.0
149.81078778083335 0.0 0.0
150.52507278083334 1.0 0.0
151.23935778083336 0.0 0.0
151.95364278083335 1.0 1.0
152.66792778083334 0.0 0.0
153.38221278083336 1.0 0.0
154.09649778083335 0.0 0.0
154.81078278083334 1.0 1.0
155.52506778083335 0.0 0.0
156.23935278083334 1.0 0.0
156.95363778083333 0.0 0.0
157.66792278083335 1.0 1.0
158.38220778083334 0.0 0.0
159.09649278083333 1.0 0.0
159.81077778083335 0.0 0.0
160.52506278083334 1.0 1.0
161.23934778083333 0.0 0.0
161.95363278083335 1.0 0.0
162.66791778083333 0.0 0.0
163.38220278083332 1.0 1.0
164.09648778083334 0.0 0.0
164.81077278083333 1.0 0.0
165.52505778083335 0.0 0.0
166.23934278083334 1.0 1.0
166.95362778083336 0.0 0.0
167.66791278083335 1.0 0.0
168.38219778083334 0.0 0.0
169.09648278083336 1.0 1.0
169.81076778083334 0.0 0.0
170.52505278083333 1.0 0.0
171.23933778083335 0.0 0.0
171.95362278083334 1.0 1.0
172.66790778083333 0.0 0.0
173.38219278083335 1.0 0.0
174.09647778083334 0.0 0.0
174.81076278083333 1.0 1.0
175.52504778083335 0.0 0.0
176.23933278083334 1.0 0.0
176.95361778083333 0.0 0.0
177.66790278083334 1.0 1.0
178.38218778083336 0.0 0.0
179.09647278083332 1.0 0.0
179.81075778083334 0.0 0.0
180.52504278083336 1.0 1.0
181.23932778083332 0.0 0.0
181.95361278083334 1.0 0.0
182.66789778083336 0.0 0.0
183.38218278083335 1.0 1.0
184.09646778083334 0.0 0.0
184.81075278083335 1.0 0.0
185.52503778083334 0.0 0.0
186.23932278083333 1.0 1.0
186.95360778083335 0.0 0.0
187.66789278083334 1.0 0.0
188.38217778083333 0.0 0.0
189.09646278083335 1.0 1.0
189.81074778083334 0.0 0.0
190.52503278083333 1.0 0.0
191.23931778083335 0.0 0.0
191.95360278083334 1.0 1.0
192.66788778083333 0.0 0.0
193.38217278083334 1.0 0.0
194.09645778083336 0.0 0.0
194.81074278083332 1.0 1.0
195.52502778083334 0.0 0.0
196.23931278083336 1.0 0.0
196.95359778083332 0.0 0.0
197.66788278083334 1.0 1.0
198.38216778083336 0.0 0.0
199.09645278083335 1.0 0.0
199.81073778083334 0.0 0.0
200.52502278083335 1.0 1.0
201.23930778083334 0.0 0.0
201.95359278083333 1.0 0.0
202.66787778083335 0.0 0.0
203.38216278083334 1.0 1.0
204.09644778083333 0.0 0.0
204.81073278083335 1.0 0.0
205.52501778083334 0.0 0.0
206.23930278083333 1.0 1.0
206.95358778083335 0.0 0.0
207.66787278083333 1.0 0.0
208.38215778083332 0.0 0.0
209.1082923843333 1.0 1.0
209.8417883843333 0.0 0.0
210.57528438433332 1.0 0.0
211.30878038433332 0.0 0.0
212.04439918575 1.0 1.0
212.78240618575 0.0 0.0
213.52041318575 1.0 0.0
214.25904613141665 0.0 0.0
215.00349080641664 1.0 1.0
215.75017096875 0.0 0.0
216.50329376250002 1.0 0.0
217.2728821655 0.0 0.0
218.06267187158332 1.0 1.0
218.87211250875 0.0 0.0
219.68182750875002 1.0 1.0
220.49154250875 0.0 0.0
221.30125750875 0.0 0.0