0.6101692799999999 1.0 1.0
1.24576228 0.0 0.0
1.88135528 1.0 0.0
2.5169482800000003 0.0 0.0
3.1525412800000003 1.0 1.0
3.7881342800000004 0.0 0.0
4.4237272800000005 1.0 0.0
5.059320280000001 0.0 0.0
5.694913280000001 1.0 1.0
6.330506280000001 0.0 0.0
6.966099280000001 1.0 0.0
7.601692280000001 0.0 0.0
8.243107576666668 1.0 1.0
8.884818576666667 0.0 0.0
9.527419131250001 1.0 0.0
10.172579131250002 0.0 0.0
10.817739131250002 1.0 1.0
11.459609647500002 0.0 0.0
12.101320647500003 1.0 0.0
12.743031647500002 0.0 0.0
13.384742647500001 1.0 1.0
14.026453647500002 0.0 0.0
14.667412145000002 1.0 0.0
15.305709145000002 0.0 0.0
15.944006145000001 1.0 1.0
16.582303145 0.0 0.0
17.220600145000002 1.0 0.0
17.858897145 0.0 0.0
18.497194145 1.0 1.0
19.135491145000003 0.0 0.0
19.773788145 1.0 0.0
20.412085145000002 0.0 0.0
21.050382145 1.0 1.0
21.688679145000002 0.0 0.0
22.326976145000003 1.0 0.0
22.965273145 0.0 0.0
23.603570145 1.0 1.0
24.241867145 0.0 0.0
24.880164145000002 1.0 0.0
25.518461145000003 0.0 0.0
26.156758145 1.0 1.0
26.795055145 0.0 0.0
27.433352145 1.0 0.0
28.071649145000002 0.0 0.0
28.709946145000004 1.0 1.0
29.348243145 0.0 0.0
29.986540145 1.0 0.0
30.624837145 0.0 0.0
31.263134145000002 1.0 1.0
31.901431145000004 0.0 0.0
32.539728145 1.0 0.0
33.178025145 0.0 0.0
33.816322145 1.0 1.0
34.454619145 0.0 0.0
35.092916145000004 1.0 0.0
35.731213145 0.0 0.0
36.369510145 1.0 1.0
37.007807145 0.0 0.0
37.646104145 1.0 0.0
38.284401145000004 0.0 0.0
38.922698145 1.0 1.0
39.560995145 0.0 0.0
40.199292145 1.0 0.0
40.837589145 0.0 0.0
41.475886145 1.0 1.0
42.114183145 0.0 0.0
42.75248014499999 1.0 0.0
43.390777144999994 0.0 0.0
44.029074144999996 1.0 1.0
44.667371145 0.0 0.0
45.305668145 1.0 0.0
45.94396514499999 0.0 0.0
46.582262144999994 1.0 1.0
47.220559144999996 0.0 0.0
47.858856145 1.0 0.0
48.497153145 0.0 0.0
49.135450145 1.0 1.0
49.773747144999994 0.0 0.0
50.412044144999996 1.0 0.0
51.050341145 0.0 0.0
51.688638145 1.0 1.0
52.326935145 0.0 0.0
52.965232144999995 1.0 0.0
53.603529144999996 0.0 0.0
54.241826145 1.0 1.0
54.880123145 0.0 0.0
55.518420145 1.0 0.0
56.156717145 0.0 0.0
56.795014145 1.0 1.0
57.433311145000005 0.0 0.0
58.071608145 1.0 0.0
58.70990514500001 0.0 0.0
59.34820214500001 1.0 1.0
59.986499145 0.0 0.0
60.624796145000005 1.0 0.0
61.263093145000006 0.0 0.0
61.90139014500001 1.0 1.0
62.53968714500001 0.0 0.0
63.177984145 1.0 0.0
63.816281145000005 0.0 0.0
64.454578145 1.0 1.0
65.09287514500001 0.0 0.0
65.731172145 1.0 0.0
66.369469145 0.0 0.0
67.007766145 1.0 1.0
67.646063145 0.0 0.0
68.28436014500001 1.0 0.0
68.922657145 0.0 0.0
69.560954145 1.0 1.0
70.199251145 0.0 0.0
70.837548145 1.0 0.0
71.47584514500001 0.0 0.0
72.114142145 1.0 1.0
72.752439145 0.0 0.0
73.390736145 1.0 0.0
74.029033145 0.0 0.0
74.66733014500001 1.0 1.0
75.305627145 0.0 0.0
75.943924145 1.0 0.0
76.582221145 0.0 0.0
77.220518145 1.0 1.0
77.85881514500001 0.0 0.0
78.497112145 1.0 0.0
79.135409145 0.0 0.0
79.773706145 1.0 1.0
80.412003145 0.0 0.0
81.04869508 1.0 0.0
81.68529808 0.0 0.0
82.32190108 1.0 1.0
82.95364867375 0.0 0.0
83.58522667375 1.0 0.0
84.21680467375 0.0 0.0
84.85018456875 1.0 1.0
85.48510456874999 0.0 0.0
86.12002456875 1.0 0.0
86.75494456874999 0.0 0.0
87.38986456874999 1.0 1.0
88.02478456875 0.0 0.0
88.65970456874999 1.0 0.0
89.29462456875 0.0 0.0
89.92954456874999 1.0 1.0
90.56446456875 0.0 0.0
91.20225361166665 1.0 0.0
91.84055061166666 0.0 0.0
92.47884761166665 1.0 1.0
93.11714461166665 0.0 0.0
93.75544161166665 1.0 0.0
94.39373861166665 0.0 0.0
95.03203561166666 1.0 1.0
95.67033261166665 0.0 0.0
96.30862961166665 1.0 0.0
96.94692661166665 0.0 0.0
97.58522361166665 1.0 1.0
98.22352061166666 0.0 0.0
98.86181761166665 1.0 0.0
99.50011461166665 0.0 0.0
100.13841161166665 1.0 1.0
100.77670861166665 0.0 0.0
101.41500561166666 1.0 0.0
102.05330261166665 0.0 0.0
102.69159961166665 1.0 1.0
103.32989661166665 0.0 0.0
103.96819361166665 1.0 0.0
104.60649061166666 0.0 0.0
105.24478761166665 1.0 1.0
105.88308461166665 0.0 0.0
106.52138161166665 1.0 0.0
107.15967861166665 0.0 0.0
107.79797561166666 1.0 1.0
108.43627261166665 0.0 0.0
109.07456961166665 1.0 0.0
109.71286661166666 0.0 0.0
110.35116361166665 1.0 1.0
110.98946061166666 0.0 0.0
111.62775761166665 1.0 0.0
112.26605461166665 0.0 0.0
112.90435161166664 1.0 1.0
113.54264861166665 0.0 0.0
114.18094561166666 1.0 0.0
114.81924261166665 0.0 0.0
115.45753961166665 1.0 1.0
116.09583661166664 0.0 0.0
116.73413361166665 1.0 0.0
117.37243061166664 0.0 0.0
118.01072761166665 1.0 1.0
118.64902461166665 0.0 0.0
119.28732161166664 1.0 0.0
119.92561861166665 0.0 0.0
120.56391561166664 1.0 1.0
121.20221261166665 0.0 0.0
121.84050961166665 1.0 0.0
122.47880661166664 0.0 0.0
123.11710361166665 1.0 1.0
123.75540061166666 0.0 0.0
124.39369761166665 1.0 0.0
125.03199461166665 0.0 0.0
125.67029161166664 1.0 1.0
126.30858861166665 0.0 0.0
126.94688561166666 1.0 0.0
127.58518261166665 0.0 0.0
128.22347961166665 1.0 1.0
128.86177661166664 0.0 0.0
129.50007361166666 1.0 0.0
130.13837061166666 0.0 0.0
130.77666761166665 1.0 1.0
131.41496461166665 0.0 0.0
132.05326161166664 1.0 0.0
132.69155861166666 0.0 0.0
133.32985561166666 1.0 1.0
133.96815261166665 0.0 0.0
134.60644961166665 1.0 0.0
135.24474661166664 0.0 0.0
135.88304361166666 1.0 1.0
136.52134061166666 0.0 0.0
137.15963761166665 1.0 0.0
137.79793461166665 0.0 0.0
138.43623161166664 1.0 1.0
139.07452861166666 0.0 0.0
139.71282561166663 1.0 0.0
140.35112261166665 0.0 0.0
140.98941961166665 1.0 1.0
141.62771661166664 0.0 0.0
142.26601361166666 1.0 0.0
142.90431061166663 0.0 0.0
143.54260761166665 1.0 1.0
144.18090461166665 0.0 0.0
144.81920161166664 1.0 0.0
145.45749861166667 0.0 0.0
146.09579561166663 1.0 1.0
146.73409261166665 0.0 0.0
147.37238961166665 1.0 0.0
148.01068661166664 0.0 0.0
148.64898361166667 1.0 1.0
149.28728061166663 0.0 0.0
149.92557761166665 1.0 0.0
150.56387461166665 0.0 0.0
151.20217161166664 1.0 1.0
151.84046861166667 0.0 0.0
152.47876561166663 1.0 0.0
153.11706261166665 0.0 0.0
153.75535961166665 1.0 1.0
154.39365661166664 0.0 0.0
155.03195361166667 1.0 0.0
155.67025061166663 0.0 0.0
156.30854761166665 1.0 1.0
156.94684461166665 0.0 0.0
157.58514161166664 1.0 0.0
158.22343861166667 0.0 0.0
158.86173561166663 1.0 1.0
159.50003261166665 0.0 0.0
160.13832961166665 1.0 0.0
160.77662661166664 0.0 0.0
161.41492361166667 1.0 1.0
162.05322061166663 0.0 0.0
162.69151761166665 1.0 0.0
163.32981461166665 0.0 0.0
163.96811161166664 1.0 1.0
164.6064086116666 0.0 0.0
165.24470561166663 1.0 0.0
165.88300261166663 0.0 0.0
166.52129961166662 1.0 1.0
167.15959661166664 0.0 0.0
167.7978936116666 1.0 0.0
168.43619061166663 0.0 0.0
169.07448761166663 1.0 1.0
169.71278461166662 0.0 0.0
170.35108161166664 1.0 0.0
170.9893786116666 0.0 0.0
171.62767561166663 1.0 1.0
172.26597261166663 0.0 0.0
172.90426961166662 1.0 0.0
173.54256661166664 0.0 0.0
174.1808636116666 1.0 1.0
174.81916061166663 0.0 0.0
175.45745761166663 1.0 0.0
176.09575461166662 0.0 0.0
176.73405161166664 1.0 1.0
177.3723486116666 0.0 0.0
178.01064561166663 1.0 0.0
178.64894261166666 0.0 0.0
179.28723961166662 1.0 1.0
179.92553661166664 0.0 0.0
180.56383361166664 1.0 0.0
181.20213061166663 0.0 0.0
181.84042761166666 1.0 1.0
182.47872461166662 0.0 0.0
183.11702161166664 1.0 0.0
183.75531861166664 0.0 0.0
184.39361561166663 1.0 1.0
185.03191261166666 0.0 0.0
185.67020961166662 1.0 0.0
186.30850661166664 0.0 0.0
186.94680361166664 1.0 1.0
187.58510061166663 0.0 0.0
188.22339761166666 1.0 0.0
188.86169461166662 0.0 0.0
189.49999161166664 1.0 1.0
190.13828861166664 0.0 0.0
190.77658561166663 1.0 0.0
191.41488261166666 0.0 0.0
192.05317961166662 1.0 1.0
192.69147661166664 0.0 0.0
193.32977361166664 1.0 0.0
193.96807061166663 0.0 0.0
194.60636761166666 1.0 1.0
195.24466461166662 0.0 0.0
195.88296161166664 1.0 0.0
196.52125861166664 0.0 0.0
197.15955561166663 1.0 1.0
197.79785261166666 0.0 0.0
198.43614961166662 1.0 0.0
199.07444661166664 0.0 0.0
199.71274361166664 1.0 1.0
200.35104061166663 0.0 0.0
200.98933761166666 1.0 0.0
201.62763461166662 0.0 0.0
202.26593161166664 1.0 1.0
202.90422861166664 0.0 0.0
203.54252561166663 1.0 0.0
204.18082261166666 0.0 0.0
204.81911961166662 1.0 1.0
205.45741661166664 0.0 0.0
206.09571361166664 1.0 0.0
206.73401061166663 0.0 0.0
207.37230761166666 1.0 1.0
208.01060461166662 0.0 0.0
208.64890161166664 1.0 0.0
209.28719861166664 0.0 0.0
209.92549561166663 1.0 1.0
210.56379261166666 0.0 0.0
211.20208961166662 1.0 0.0
211.84038661166664 0.0 0.0
212.47868361166664 1.0 1.0
213.11698061166663 0.0 0.0
213.75527761166666 1.0 0.0
214.39357461166662 0.0 0.0
215.03187161166665 1.0 1.0
215.67016861166664 0.0 0.0
216.30846561166663 1.0 0.0
216.94676261166666 0.0 0.0
217.58505961166662 1.0 1.0
218.22335661166665 0.0 0.0
218.86165361166664 1.0 0.0
219.49995061166663 0.0 0.0
220.13824761166663 1.0 1.0
220.77654461166662 0.0 0.0
221.41484161166665 1.0 0.0
222.05313861166664 0.0 0.0
222.69143561166663 1.0 1.0
223.32973261166663 0.0 0.0
223.96802961166662 1.0 0.0
224.60632661166665 0.0 0.0
225.24462361166664 0.0 0.0