0.24511560500000001 1.0 1.0
0.710230605 0.0 0.0
1.1753456050000002 1.0 0.0
1.6404606050000001 0.0 0.0
2.1055756050000003 1.0 0.0
2.5706906050000002 0.0 0.0
3.035805605 1.0 1.0
3.500920605 0.0 0.0
3.9660356049999996 1.0 0.0
4.431150605 0.0 0.0
4.896265605 1.0 1.0
5.361380605 0.0 0.0
5.826495605 1.0 0.0
6.291610605000001 0.0 0.0
6.756725605000001 1.0 1.0
7.221840605000001 0.0 0.0
7.686955605000001 1.0 0.0
8.152070605 0.0 0.0
8.617185605000001 1.0 1.0
9.082300605 0.0 0.0
9.547415605000001 1.0 0.0
10.012530605000002 0.0 0.0
10.477645605000001 1.0 1.0
10.942760605000002 0.0 0.0
11.407875605000001 1.0 0.0
11.872990605000002 0.0 0.0
12.338105605 1.0 1.0
12.803220605000002 0.0 0.0
13.268335605 1.0 0.0
13.733450605000002 0.0 0.0
14.198565605 1.0 1.0
14.663680605000001 0.0 0.0
15.128795605000002 1.0 0.0
15.593910605000001 0.0 0.0
16.059025605 1.0 1.0
16.524140605 0.0 0.0
16.989255605 1.0 0.0
17.454370605 0.0 0.0
17.919485605 1.0 1.0
18.384600605 0.0 0.0
18.849715605 1.0 0.0
19.314830605 0.0 0.0
19.779945604999998 1.0 1.0
20.245060605 0.0 0.0
20.710175605 1.0 0.0
21.175290605 0.0 0.0
21.640405605 1.0 1.0
22.105520605 0.0 0.0
22.570635605 1.0 0.0
23.035750605 0.0 0.0
23.500865605 1.0 1.0
23.965980605 0.0 0.0
24.431095605 1.0 0.0
24.896210605 0.0 0.0
25.361325605 1.0 1.0
25.826440605 0.0 0.0
26.291555605 1.0 0.0
26.756670605 0.0 0.0
27.221785605 1.0 1.0
27.686900605 0.0 0.0
28.152015605 1.0 0.0
28.617130605 0.0 0.0
29.082245605 1.0 1.0
29.547360605 0.0 0.0
30.012475605 1.0 0.0
30.477590605 0.0 0.0
30.942705605 1.0 1.0
31.407820605 0.0 0.0
31.872935605 1.0 0.0
32.338050605 0.0 0.0
32.803165605000004 1.0 1.0
33.268280605 0.0 0.0
33.733395605 1.0 0.0
34.198510605 0.0 0.0
34.663625605 1.0 1.0
35.128740605 0.0 0.0
35.593855605 1.0 0.0
36.058970605 0.0 0.0
36.524085605 1.0 1.0
36.989200605 0.0 0.0
37.454315605 1.0 0.0
37.919430605 0.0 0.0
38.384545605 1.0 1.0
38.849660605000004 0.0 0.0
39.314775605 1.0 0.0
39.779890605 0.0 0.0
40.245005605 1.0 1.0
40.710120605 0.0 0.0
41.175235605 1.0 0.0
41.640350605 0.0 0.0
42.105465605 1.0 1.0
42.570580605 0.0 0.0
43.035695605 1.0 0.0
43.500810605 0.0 0.0
43.965925605 1.0 1.0
44.431040605 0.0 0.0
44.896155605000004 1.0 0.0
45.361270605 0.0 0.0
45.826385605 1.0 1.0
46.291500605 0.0 0.0
46.756615605 1.0 0.0
47.221730605 0.0 0.0
47.686845605 1.0 1.0
48.151960605 0.0 0.0
48.617075605000004 1.0 0.0
49.082190605 0.0 0.0
49.547305605 1.0 1.0
50.012420605 0.0 0.0
50.477535605 1.0 0.0
50.942650605000004 0.0 0.0
51.407765605 1.0 1.0
51.872880605 0.0 0.0
52.337995605 1.0 0.0
52.803110605 0.0 0.0
53.268225605 1.0 1.0
53.733340605 0.0 0.0
54.198455605 1.0 0.0
54.663570605000004 0.0 0.0
55.128685605 1.0 1.0
55.593800605 0.0 0.0
56.062776407 1.0 0.0
56.535217407000005 0.0 0.0
57.003797605 1.0 1.0
57.468912605 0.0 0.0
57.934027605000004 1.0 0.0
58.399142605 0.0 0.0
58.864257605 1.0 1.0
59.329372605 0.0 0.0
59.79448760499999 1.0 0.0
60.259602605 0.0 0.0
60.730554129999994 1.0 1.0
61.20674413 0.0 0.0
61.67709760499999 1.0 0.0
62.14221260499999 0.0 0.0
62.607327604999995 1.0 1.0
63.07244260499999 0.0 0.0
63.53755760499999 1.0 0.0
64.00267260499999 0.0 0.0
64.467787605 1.0 1.0
64.932902605 0.0 0.0
65.39801760499999 1.0 0.0
65.86313260499999 0.0 0.0
66.32824760499999 1.0 1.0
66.793362605 0.0 0.0
67.258477605 1.0 0.0
67.723592605 0.0 0.0
68.18870760499999 1.0 1.0
68.65382260499999 0.0 0.0
69.11893760499999 1.0 0.0
69.584052605 0.0 0.0
70.049167605 1.0 1.0
70.51428260499999 0.0 0.0
70.97939760499999 1.0 0.0
71.444512605 0.0 0.0
71.909627605 1.0 1.0
72.374742605 0.0 0.0
72.83985760499999 1.0 0.0
73.30497260499999 0.0 0.0
73.77008760499999 1.0 1.0
74.235202605 0.0 0.0
74.700317605 1.0 0.0
75.16543260499999 0.0 0.0
75.63054760499999 1.0 1.0
76.09566260499999 0.0 0.0
76.560777605 1.0 0.0
77.025892605 0.0 0.0
77.491007605 1.0 1.0
77.95612260499999 0.0 0.0
78.42123760499999 1.0 0.0
78.88635260499998 0.0 0.0
79.35730412999999 1.0 1.0
79.83349412999999 0.0 0.0
80.303847605 1.0 0.0
80.768962605 0.0 0.0
81.234077605 1.0 1.0
81.699192605 0.0 0.0
82.164307605 1.0 0.0
82.629422605 0.0 0.0
83.094537605 1.0 1.0
83.559652605 0.0 0.0
84.024767605 1.0 0.0
84.489882605 0.0 0.0
84.954997605 1.0 1.0
85.420112605 0.0 0.0
85.885227605 1.0 0.0
86.350342605 0.0 0.0
86.82129413 1.0 1.0
87.29748413 0.0 0.0
87.76783760500001 0.0 0.0
88.23295260500001 1.0 0.0
88.698067605 0.0 0.0
89.163182605 1.0 1.0
89.62829760500001 0.0 0.0
90.09341260500001 1.0 0.0
90.55852760500001 0.0 0.0
91.023642605 1.0 1.0
91.488757605 0.0 0.0
91.95387260500002 1.0 0.0
92.41898760500001 0.0 0.0
92.88410260500001 1.0 1.0
93.349217605 0.0 0.0
93.814332605 1.0 0.0
94.27944760500002 0.0 0.0
94.74456260500001 1.0 1.0
95.20967760500001 0.0 0.0
95.67479260500001 1.0 0.0
96.139907605 0.0 0.0
96.60502260500002 1.0 1.0
97.07013760500001 0.0 0.0
97.53525260500001 1.0 0.0
98.00036760500001 0.0 0.0
98.465482605 1.0 1.0
98.930597605 0.0 0.0
99.39571260500001 1.0 0.0
99.86082760500001 0.0 0.0
100.32594260500001 1.0 1.0
100.791057605 0.0 0.0
101.25617260500002 1.0 0.0
101.72128760500001 0.0 0.0
102.18640260500001 1.0 1.0
102.65151760500001 0.0 0.0
103.116632605 1.0 0.0
103.581747605 0.0 0.0
104.046862605 1.0 1.0
104.51197760500001 0.0 0.0
104.97709260500001 1.0 0.0
105.44220760500001 0.0 0.0
105.907322605 1.0 1.0
106.37243760500002 0.0 0.0
106.83755260500001 1.0 0.0
107.30266760500001 0.0 0.0
107.76778260500001 1.0 1.0
108.232897605 0.0 0.0
108.698012605 1.0 0.0
109.16312760500001 0.0 0.0
109.62824260500001 1.0 1.0
110.09335760500001 0.0 0.0
110.558472605 1.0 0.0
111.02358760500002 0.0 0.0
111.48870260500001 1.0 1.0
111.95381760500001 0.0 0.0
112.41893260500001 1.0 0.0
112.884047605 0.0 0.0
113.349162605 1.0 1.0
113.814277605 0.0 0.0
114.27939260500001 1.0 0.0
114.74450760500001 0.0 0.0
115.209622605 1.0 1.0
115.674737605 0.0 0.0
116.13985260500002 1.0 0.0
116.60496760500001 0.0 0.0
117.07008260500001 1.0 1.0
117.53519760500001 0.0 0.0
118.000312605 1.0 0.0
118.465427605 0.0 0.0
118.93054260500001 1.0 1.0
119.39565760500001 0.0 0.0
119.86077260500001 1.0 0.0
120.32588760500002 0.0 0.0
120.79100260500002 1.0 1.0
121.25611760500001 0.0 0.0
121.72123260500001 1.0 0.0
122.18634760500001 0.0 0.0
122.651462605 1.0 1.0
123.116577605 0.0 0.0
123.581692605 1.0 0.0
124.06301443600002 0.0 0.0
124.558882436 1.0 1.0
125.03854360500002 0.0 0.0
125.50365860500001 1.0 0.0
125.96877360500001 0.0 0.0
126.433888605 1.0 1.0
126.89900360500002 0.0 0.0
127.36411860500002 1.0 0.0
127.82923360500001 0.0 0.0
128.294348605 1.0 1.0
128.759463605 0.0 0.0
129.224578605 1.0 0.0
129.689693605 0.0 0.0
130.15480860500003 1.0 1.0
130.61992360500003 0.0 0.0
131.08503860500002 1.0 0.0
131.55015360500002 0.0 0.0
132.01526860500002 1.0 1.0
132.48038360500001 0.0 0.0
132.945498605 1.0 0.0
133.410613605 0.0 0.0
133.875728605 1.0 1.0
134.340843605 0.0 0.0
134.805958605 1.0 0.0
135.27107360500003 0.0 0.0
135.73618860500002 1.0 1.0
136.20130360500002 0.0 0.0
136.66641860500002 1.0 0.0
137.13153360500002 0.0 0.0
137.596648605 1.0 1.0
138.061763605 0.0 0.0
138.526878605 1.0 0.0
138.991993605 0.0 0.0
139.457108605 1.0 1.0
139.92222360500003 0.0 0.0
140.38733860500002 1.0 0.0
140.85245360500002 0.0 0.0
141.31756860500002 1.0 1.0
141.78268360500002 0.0 0.0
142.247798605 1.0 0.0
142.712913605 0.0 0.0
143.178028605 1.0 1.0
143.643143605 0.0 0.0
144.108258605 1.0 0.0
144.573373605 0.0 0.0
145.038488605 1.0 1.0
145.50746440700001 0.0 0.0
145.97990540700002 1.0 0.0
146.45234640700002 0.0 0.0
146.92478740700003 1.0 1.0
147.39336760500004 0.0 0.0
147.85848260500003 1.0 0.0
148.32359760500003 0.0 0.0
148.78871260500003 1.0 1.0
149.25382760500003 0.0 0.0
149.71894260500002 1.0 0.0
150.18405760500005 0.0 0.0
150.64917260500005 1.0 1.0
151.11428760500004 0.0 0.0
151.57940260500004 1.0 0.0
152.04451760500004 0.0 0.0
152.50963260500004 1.0 1.0
152.97474760500003 0.0 0.0
153.43986260500003 1.0 0.0
153.90497760500003 0.0 0.0
154.37009260500002 1.0 1.0
154.83520760500005 0.0 0.0
155.30032260500005 1.0 0.0
155.76543760500005 0.0 0.0
156.23055260500004 1.0 1.0
156.69566760500004 0.0 0.0
157.16078260500004 1.0 0.0
157.62589760500003 0.0 0.0
158.09101260500003 1.0 1.0
158.55612760500003 0.0 0.0
159.02124260500003 1.0 0.0
159.48635760500002 0.0 0.0
159.95147260500005 1.0 1.0
160.41658760500005 0.0 0.0
160.88170260500004 1.0 0.0
161.34681760500004 0.0 0.0
161.81193260500004 1.0 1.0
162.27704760500004 0.0 0.0
162.74216260500003 1.0 0.0
163.20727760500003 0.0 0.0
163.67239260500003 1.0 1.0
164.14334413000003 0.0 0.0
164.61953413000003 1.0 0.0
165.08988760500003 0.0 0.0
165.55500260500003 1.0 1.0
166.02011760500002 0.0 0.0
166.48523260500002 1.0 0.0
166.95034760500002 0.0 0.0
167.41546260500002 1.0 1.0
167.88057760500004 0.0 0.0
168.34569260500004 1.0 0.0
168.81080760500004 0.0 0.0
169.27592260500003 1.0 1.0
169.74103760500003 0.0 0.0
170.20615260500003 1.0 0.0
170.67126760500003 0.0 0.0
171.13638260500002 1.0 1.0
171.60149760500002 0.0 0.0
172.06661260500002 1.0 0.0
172.53172760500001 0.0 0.0
172.99684260500004 1.0 1.0
173.46195760500004 0.0 0.0
173.92707260500003 1.0 0.0
174.39218760500003 0.0 0.0
174.85730260500003 1.0 1.0
175.32241760500003 0.0 0.0
175.78753260500002 1.0 0.0
176.25264760500002 0.0 0.0
176.72359913000003 1.0 1.0
177.19395260500002 0.0 0.0
177.65906760500002 1.0 0.0
178.12418260500002 0.0 0.0
178.589297605 1.0 1.0
179.054412605 0.0 0.0
179.519527605 1.0 0.0
179.98464260500003 0.0 0.0
180.44975760500003 1.0 1.0
180.91487260500003 0.0 0.0
181.37998760500003 1.0 0.0
181.84510260500002 0.0 0.0
182.31021760500002 1.0 1.0
182.77533260500002 0.0 0.0
183.240447605 1.0 0.0
183.705562605 0.0 0.0
184.170677605 1.0 1.0
184.635792605 0.0 0.0
185.10090760500003 1.0 0.0
185.57386700000004 0.0 0.0
186.05386700000003 1.0 1.0
186.53386700000001 0.0 0.0
187.01386700000003 1.0 0.0
187.489883407 0.0 0.0
187.962324407 1.0 1.0
188.43476540700001 0.0 0.0
188.90720640700002 1.0 0.0
189.37964740700002 0.0 0.0
189.85208840700002 1.0 1.0
190.316926905 0.0 0.0
190.77494190500002 1.0 0.0
191.232956905 0.0 0.0
191.690971905 1.0 1.0
192.14898690500002 0.0 0.0
192.607001905 1.0 0.0
193.06501690500002 0.0 0.0
193.523031905 1.0 1.0
193.981046905 0.0 0.0
194.43906190500002 1.0 0.0
194.904679407 0.0 0.0
195.377120407 1.0 1.0
195.849561407 0.0 0.0
196.322002407 1.0 0.0
196.79444340700002 0.0 0.0
197.26688440700002 1.0 1.0
197.735464605 0.0 0.0
198.200579605 1.0 0.0
198.665694605 0.0 0.0
199.130809605 1.0 1.0
199.595924605 0.0 0.0
200.061039605 1.0 0.0
200.52615460500002 0.0 0.0
200.991269605 1.0 1.0
201.456384605 0.0 0.0
201.921499605 1.0 0.0
202.386614605 0.0 0.0
202.851729605 1.0 1.0
203.316844605 0.0 0.0
203.781959605 1.0 0.0
204.247074605 0.0 0.0
204.712189605 1.0 1.0
205.17730460500002 0.0 0.0
205.64241960500001 1.0 0.0
206.107534605 0.0 0.0
206.572649605 1.0 1.0
207.037764605 0.0 0.0
207.502879605 1.0 0.0
207.967994605 0.0 0.0
208.433109605 1.0 1.0
208.898224605 0.0 0.0
209.363339605 1.0 0.0
209.828454605 0.0 0.0
210.29356960500002 1.0 1.0
210.758684605 0.0 0.0
211.223799605 1.0 0.0
211.688914605 0.0 0.0
212.154029605 1.0 1.0
212.619144605 0.0 0.0
213.084259605 1.0 0.0
213.549374605 0.0 0.0
214.014489605 1.0 1.0
214.479604605 0.0 0.0
214.944719605 1.0 0.0
215.40983460500001 0.0 0.0
215.874949605 1.0 1.0
216.340064605 0.0 0.0
216.805179605 1.0 0.0
217.270294605 0.0 0.0
217.735409605 1.0 1.0
218.200524605 0.0 0.0
218.665639605 1.0 0.0
219.130754605 0.0 0.0
219.595869605 1.0 1.0
220.060984605 0.0 0.0
220.526099605 1.0 0.0
220.991214605 0.0 0.0
221.456329605 1.0 1.0
221.921444605 0.0 0.0
222.386559605 1.0 0.0
222.851674605 0.0 0.0
223.316789605 1.0 1.0
223.781904605 0.0 0.0
224.247019605 1.0 0.0
224.71213460500002 0.0 0.0
225.17724960500001 1.0 0.0
225.642364605 0.0 0.0
226.107479605 1.0 1.0