0.203552295 0.0 0.0
1.0771672950000002 1.0 1.0
1.9507822950000004 0.0 0.0
2.8243972950000003 1.0 0.0
3.6980122950000003 0.0 0.0
4.571627295 1.0 1.0
5.445242295 0.0 0.0
6.318857295 1.0 0.0
7.192472295000001 0.0 0.0
8.066087295 1.0 1.0
8.939702295 0.0 0.0
9.813317295000001 1.0 0.0
10.686932295 0.0 0.0
11.560547295000001 1.0 1.0
12.434162295000002 0.0 0.0
13.307777295000001 1.0 0.0
14.181392295000002 0.0 0.0
15.055007295000001 1.0 1.0
15.928622295000002 0.0 0.0
16.802237295 1.0 0.0
17.675852295000002 0.0 0.0
18.549467295000003 1.0 1.0
19.423082295 0.0 0.0
20.296697295 1.0 0.0
21.170312295000002 0.0 0.0
22.043927295000003 1.0 1.0
22.917542295 0.0 0.0
23.791157295 1.0 0.0
24.664772295000002 0.0 0.0
25.538387295000003 1.0 1.0
26.412002295 0.0 0.0
27.285617295 1.0 0.0
28.159232295 0.0 0.0
29.032847295 1.0 1.0
29.906462295 0.0 0.0
30.780077295 1.0 0.0
31.653692295000003 0.0 0.0
32.527307295 1.0 1.0
33.400922295 0.0 0.0
34.274537295 1.0 0.0
35.148152295 0.0 0.0
36.021767295000004 1.0 1.0
36.895382295000005 0.0 0.0
37.768997295000005 1.0 0.0
38.642612295 0.0 0.0
39.516227295 1.0 1.0
40.389842295 0.0 0.0
41.263457295 1.0 0.0
42.137072295 0.0 0.0
43.010687295000004 1.0 1.0
43.884302295000005 0.0 0.0
44.757917295000006 1.0 0.0
45.63153229500001 0.0 0.0
46.505147295 1.0 1.0
47.378762295 0.0 0.0
48.252377295 1.0 0.0
49.125992295 0.0 0.0
49.999607295000004 1.0 1.0
50.873222295000005 0.0 0.0
51.746837295000006 1.0 0.0
52.62045229500001 0.0 0.0
53.494067295 1.0 1.0
54.367682295 0.0 0.0
55.241297295 1.0 0.0
56.11491229500001 0.0 0.0
56.98852729500001 1.0 1.0
57.86214229500001 0.0 0.0
58.73575729500001 1.0 0.0
59.609372295000014 0.0 0.0
60.48298729500001 1.0 1.0
61.35660229500001 0.0 0.0
62.23021729500001 1.0 0.0
63.10383229500001 0.0 0.0
63.97744729500001 1.0 1.0
64.851062295 0.0 0.0
65.724677295 1.0 0.0
66.59829229500001 0.0 0.0
67.47190729500001 1.0 1.0
68.34552229500001 0.0 0.0
69.21913729500001 1.0 0.0
70.09275229500001 0.0 0.0
70.96636729500001 1.0 1.0
71.83998229500001 0.0 0.0
72.71359729500001 1.0 0.0
73.58721229500001 0.0 0.0
74.46082729500002 1.0 1.0
75.33444229500002 0.0 0.0
76.20805729500002 1.0 0.0
77.08167229500002 0.0 0.0
77.955287295 1.0 1.0
78.828902295 0.0 0.0
79.702517295 1.0 0.0
80.57613229500001 0.0 0.0
81.44974729500001 1.0 1.0
82.32336229500001 0.0 0.0
83.19697729500001 1.0 0.0
84.07059229500001 0.0 0.0
84.94420729500001 1.0 1.0
85.81782229500001 0.0 0.0
86.69143729500001 1.0 1.0
87.56505229500002 0.0 0.0
88.43866729500002 1.0 0.0
89.31228229500002 0.0 0.0
90.18589729500002 1.0 1.0
91.05951229500002 0.0 0.0
91.93312729500002 1.0 0.0
92.806742295 0.0 0.0
93.68035729500001 1.0 1.0
94.55397229500001 0.0 0.0
95.42758729500001 1.0 0.0
96.30120229500001 0.0 0.0
97.17481729500001 1.0 1.0
98.04843229500001 0.0 0.0
98.92204729500001 1.0 0.0
99.79566229500001 0.0 0.0
100.66927729500001 1.0 1.0
101.54289229500002 0.0 0.0
102.41650729500002 1.0 0.0
103.29012229500002 0.0 0.0
104.16373729500002 1.0 1.0
105.03735229500002 0.0 0.0
105.91096729500002 1.0 0.0
106.784582295 0.0 0.0
107.65819729500001 1.0 1.0
108.53181229500001 0.0 0.0
109.40542729500001 1.0 0.0
110.27904229500001 0.0 0.0
111.15265729500001 1.0 1.0
112.02627229500001 0.0 0.0
112.89988729500001 1.0 0.0
113.77350229500001 0.0 0.0
114.64711729500002 1.0 1.0
115.52073229500002 0.0 0.0
116.39434729500002 1.0 0.0
117.26796229500002 0.0 0.0
118.14157729500002 1.0 1.0
119.01519229500002 0.0 0.0
119.888807295 1.0 0.0
120.76242229500001 0.0 0.0
121.63603729500001 1.0 1.0
122.509652295 0.0 0.0
123.383267295 1.0 0.0
124.256882295 0.0 0.0
125.130497295 1.0 1.0
126.004112295 0.0 0.0
126.877727295 1.0 0.0
127.751342295 0.0 0.0
128.624957295 1.0 1.0
129.498572295 0.0 0.0
130.372187295 1.0 1.0
131.245802295 0.0 0.0
132.119417295 1.0 0.0
132.993032295 0.0 0.0
133.866647295 1.0 1.0
134.740262295 0.0 0.0
135.613877295 1.0 0.0
136.487492295 0.0 0.0
137.361107295 1.0 1.0
138.234722295 0.0 0.0
139.108337295 1.0 0.0
139.981952295 0.0 0.0
140.85556729500001 1.0 1.0
141.72918229500002 0.0 0.0
142.60279729500002 1.0 0.0
143.476412295 0.0 0.0
144.350027295 1.0 1.0
145.223642295 0.0 0.0
146.097257295 1.0 0.0
146.970872295 0.0 0.0
147.844487295 1.0 1.0
148.718102295 0.0 0.0
149.591717295 1.0 0.0
150.465332295 0.0 0.0
151.338947295 1.0 1.0
152.212562295 0.0 0.0
153.086177295 1.0 0.0
153.959792295 0.0 0.0
154.833407295 1.0 1.0
155.707022295 0.0 0.0
156.580637295 1.0 0.0
157.454252295 0.0 0.0
158.327867295 1.0 1.0
159.201482295 0.0 0.0
160.075097295 1.0 0.0
160.948712295 0.0 0.0
161.822327295 1.0 1.0
162.695942295 0.0 0.0
163.569557295 1.0 0.0
164.443172295 0.0 0.0
165.316787295 1.0 1.0
166.190402295 0.0 0.0
167.064017295 1.0 0.0
167.93763229500001 0.0 0.0
168.81124729500002 1.0 1.0
169.68486229500002 0.0 0.0
170.55847729500002 1.0 0.0
171.43209229500002 0.0 0.0
172.305707295 1.0 1.0
173.179322295 0.0 0.0
174.052937295 1.0 0.0
174.926552295 0.0 0.0
175.800167295 1.0 1.0
176.673782295 0.0 0.0
177.547397295 1.0 0.0
178.421012295 0.0 0.0
179.294627295 1.0 1.0
180.168242295 0.0 0.0
181.041857295 1.0 0.0
181.915472295 0.0 0.0
182.789087295 1.0 1.0
183.662702295 0.0 0.0
184.536317295 1.0 0.0
185.409932295 0.0 0.0
186.283547295 1.0 1.0
187.157162295 0.0 0.0
188.030777295 1.0 0.0
188.904392295 0.0 0.0
189.778007295 1.0 1.0
190.651622295 0.0 0.0
191.525237295 1.0 0.0
192.398852295 0.0 0.0
193.272467295 1.0 1.0
194.146082295 0.0 0.0
195.01969729500001 1.0 0.0
195.89331229500002 0.0 0.0
196.76692729500002 1.0 1.0
197.64054229500002 0.0 0.0
198.51415729500002 1.0 1.0
199.38777229500002 0.0 0.0
200.26138729500002 0.0 0.0
201.135002295 1.0 1.0
202.008617295 0.0 0.0
202.882232295 1.0 1.0
203.755847295 0.0 0.0