0.2151723600000001 1.0 0.0
0.9048273600000002 0.0 0.0
1.5944823600000007 1.0 1.0
2.284137360000001 0.0 0.0
2.973792360000001 1.0 0.0
3.663447360000001 0.0 0.0
4.353102360000001 1.0 1.0
5.042757360000001 0.0 0.0
5.732412360000001 1.0 0.0
6.422067360000001 0.0 0.0
7.111722360000001 1.0 1.0
7.801377360000001 0.0 0.0
8.491032360000002 1.0 0.0
9.180687360000002 0.0 0.0
9.870342360000002 1.0 1.0
10.559997360000002 0.0 0.0
11.249652360000002 1.0 0.0
11.939307360000003 0.0 0.0
12.628962360000003 1.0 1.0
13.318617360000003 0.0 0.0
14.008272360000003 1.0 0.0
14.697927360000003 0.0 0.0
15.387582360000003 1.0 1.0
16.077237360000005 0.0 0.0
16.766892360000003 1.0 0.0
17.456547360000005 0.0 0.0
18.146202360000004 1.0 1.0
18.835857360000006 0.0 0.0
19.525512360000004 1.0 0.0
20.215167360000006 0.0 0.0
20.904822360000004 1.0 1.0
21.594477360000006 0.0 0.0
22.284132360000005 1.0 0.0
22.973787360000003 0.0 0.0
23.663442360000005 1.0 1.0
24.353097360000003 0.0 0.0
25.042752360000005 1.0 0.0
25.732407360000003 0.0 0.0
26.422062360000005 1.0 1.0
27.111717360000004 0.0 0.0
27.801372360000006 1.0 0.0
28.491027360000004 0.0 0.0
29.180682360000006 1.0 1.0
29.870337360000004 0.0 0.0
30.559992360000006 1.0 0.0
31.249647360000004 0.0 0.0
31.939302360000006 1.0 1.0
32.62895736000001 0.0 0.0
33.31861236 1.0 0.0
34.008267360000005 0.0 0.0
34.69792236000001 1.0 1.0
35.38757736000001 0.0 0.0
36.07723236 1.0 0.0
36.766887360000005 0.0 0.0
37.45654236000001 1.0 1.0
38.14619736000001 0.0 0.0
38.835852360000004 1.0 0.0
39.525507360000006 0.0 0.0
40.21516236000001 1.0 1.0
40.90481736000001 0.0 0.0
41.594472360000005 1.0 0.0
42.28412736000001 0.0 0.0
42.97378236000001 1.0 1.0
43.66343736000001 0.0 0.0
44.353092360000005 1.0 0.0
45.04274736000001 0.0 0.0
45.73240236000001 1.0 1.0
46.42205736000001 0.0 0.0
47.11171236000001 1.0 0.0
47.801367360000015 0.0 0.0
48.49102236000002 1.0 1.0
49.18067736000002 0.0 0.0
49.87033236000001 1.0 0.0
50.559987360000015 0.0 0.0
51.24964236000002 1.0 1.0
51.93929736000002 0.0 0.0
52.628952360000014 1.0 0.0
53.318607360000016 0.0 0.0
54.00826236000002 1.0 1.0
54.69791736000002 0.0 0.0
55.387572360000014 1.0 0.0
56.077227360000016 0.0 0.0
56.76688236000002 1.0 1.0
57.45653736000002 0.0 0.0
58.146192360000015 1.0 0.0
58.83584736000002 0.0 0.0
59.52550236000002 1.0 1.0
60.21515736000002 0.0 0.0
60.904812360000015 1.0 0.0
61.59446736000002 0.0 0.0
62.28412236000002 1.0 1.0
62.97377736000002 0.0 0.0
63.663432360000016 1.0 0.0
64.35308736000002 0.0 0.0
65.04274236000002 1.0 1.0
65.73239736000002 0.0 0.0
66.42205236000002 1.0 0.0
67.11170736000003 0.0 0.0
67.80136236000001 1.0 1.0
68.49101736000001 0.0 0.0
69.18067236000002 1.0 0.0
69.87032736000002 0.0 0.0
70.55998236000002 1.0 1.0
71.24963736000002 0.0 0.0
71.93929236000002 1.0 0.0
72.62894736000003 0.0 0.0
73.31860236000001 1.0 1.0
74.00825736000002 0.0 0.0
74.69791236000002 1.0 0.0
75.38756736000002 0.0 0.0
76.07722236000002 1.0 1.0
76.76687736000002 0.0 0.0
77.45653236000003 1.0 0.0
78.14618736000003 0.0 0.0
78.83584236000002 1.0 1.0
79.52549736000002 0.0 0.0
80.21515236000002 1.0 0.0
80.90480736000002 0.0 0.0
81.59446236000002 1.0 1.0
82.28411736000002 0.0 0.0
82.97377236000003 1.0 0.0
83.66342736000003 0.0 0.0
84.35308236000003 1.0 1.0
85.04273736000002 0.0 0.0
85.73239236000002 1.0 0.0
86.42204736000002 0.0 0.0
87.11170236000002 1.0 1.0
87.80135736000003 0.0 0.0
88.49101236000004 1.0 0.0
89.18066736000003 0.0 0.0
89.87032236000003 1.0 1.0
90.55997736000003 0.0 0.0
91.24963236000004 1.0 0.0
91.93928736000004 0.0 0.0
92.62894236000004 1.0 1.0
93.31859736000004 0.0 0.0
94.00825236000004 1.0 0.0
94.69790736000003 0.0 0.0
95.38756236000003 1.0 1.0
96.07721736000003 0.0 0.0
96.76687236000004 1.0 0.0
97.45652736000004 0.0 0.0
98.14618236000004 1.0 1.0
98.83583736000004 0.0 0.0
99.52549236000004 1.0 0.0
100.21514736000003 0.0 0.0
100.90480236000003 1.0 1.0
101.59445736000004 0.0 0.0
102.28411236000004 1.0 0.0
102.97376736000004 0.0 0.0
103.66342236000004 1.0 1.0
104.35307736000004 0.0 0.0
105.04273236000004 1.0 0.0
105.73238736000003 0.0 0.0
106.42204236000003 1.0 1.0
107.11169736000004 0.0 0.0
107.80135236000004 1.0 0.0
108.49100736000004 0.0 0.0
109.18066236000004 1.0 1.0
109.87031736000004 0.0 0.0
110.55997236000005 1.0 0.0
111.24962736000003 0.0 0.0
111.93928236000004 1.0 1.0
112.62893736000004 0.0 0.0
113.31859236000004 1.0 0.0
114.00824736000004 0.0 0.0
114.69790236000004 1.0 1.0
115.38755736000005 0.0 0.0
116.07721236000005 1.0 0.0
116.76686736000005 0.0 0.0
117.45652236000004 1.0 1.0
118.14617736000004 0.0 0.0
118.83583236000004 1.0 0.0
119.52548736000004 0.0 0.0
120.21514236000004 1.0 1.0
120.90479736000005 0.0 0.0
121.59445236000005 1.0 0.0
122.28410736000005 0.0 0.0
122.97376236000004 1.0 1.0
123.66341736000004 0.0 0.0
124.35307236000004 1.0 0.0
125.04272736000004 0.0 0.0
125.73238236000005 1.0 1.0
126.42203736000005 0.0 0.0
127.11169236000005 1.0 0.0
127.80134736000005 0.0 0.0
128.49100236000004 1.0 1.0
129.18065736000005 0.0 0.0
129.87031236000004 1.0 0.0
130.55996736000006 0.0 0.0
131.24962236000005 1.0 1.0
131.93927736000003 0.0 0.0
132.62893236000005 1.0 0.0
133.31858736000004 0.0 0.0
134.00824236000005 1.0 1.0
134.69789736000004 0.0 0.0
135.38755236000006 1.0 0.0
136.07720736000005 0.0 0.0
136.76686236000003 1.0 1.0
137.45651736000005 0.0 0.0
138.14617236000004 1.0 1.0
138.83582736000005 0.0 0.0
139.52548236000004 1.0 0.0
140.21513736000006 0.0 0.0
140.90479236000004 1.0 1.0
141.59444736000006 0.0 0.0
142.28410236000005 1.0 0.0
142.97375736000004 0.0 0.0
143.66341236000005 1.0 1.0
144.35306736000004 0.0 0.0
145.04272236000006 1.0 0.0
145.73237736000004 0.0 0.0
146.42203236000006 1.0 1.0
147.11168736000005 0.0 0.0
147.80134236000006 1.0 0.0
148.49099736000005 0.0 0.0
149.18065236000004 1.0 1.0
149.87030736000006 0.0 0.0
150.55996236000004 1.0 0.0
151.24961736000006 0.0 0.0
151.93927236000005 1.0 1.0
152.62892736000006 0.0 0.0
153.31858236000005 1.0 0.0
154.00823736000004 0.0 0.0
154.69789236000005 1.0 1.0
155.38754736000004 0.0 0.0
156.07720236000006 1.0 0.0
156.76685736000005 0.0 0.0
157.45651236000006 1.0 1.0
158.14616736000005 0.0 0.0
158.83582236000007 1.0 0.0
159.52547736000005 0.0 0.0
160.21513236000004 1.0 1.0
160.90478736000006 0.0 0.0
161.59444236000004 1.0 0.0
162.28409736000006 0.0 0.0
162.97375236000005 1.0 1.0
163.66340736000006 0.0 0.0
164.35306236000005 1.0 0.0
165.04271736000004 0.0 0.0
165.73237236000006 1.0 1.0
166.42202736000004 0.0 0.0
167.11168236000006 1.0 0.0
167.80133736000005 0.0 0.0
168.49099236000006 1.0 1.0
169.18064736000005 0.0 0.0
169.87030236000007 1.0 0.0
170.55995736000006 0.0 0.0
171.24961236000004 1.0 1.0
171.93926736000006 0.0 0.0
172.62892236000005 1.0 0.0
173.31857736000006 0.0 0.0
174.00823236000005 1.0 1.0
174.69788736000007 0.0 0.0
175.38754236000005 1.0 0.0
176.07719736000004 0.0 0.0
176.76685236000006 1.0 1.0
177.45650736000005 0.0 0.0
178.14616236000006 1.0 0.0
178.83581736000005 0.0 0.0
179.52547236000007 1.0 1.0
180.21512736000005 0.0 0.0
180.90478236000007 1.0 0.0
181.59443736000006 0.0 0.0
182.28409236000005 1.0 1.0
182.97374736000006 0.0 0.0
183.66340236000005 1.0 0.0
184.35305736000007 0.0 0.0
185.04271236000005 1.0 1.0
185.73236736000007 0.0 0.0
186.42202236000006 1.0 0.0
187.11167736000007 0.0 0.0
187.80133236000006 1.0 1.0
188.49098736000005 0.0 0.0
189.18064236000006 1.0 0.0
189.87029736000005 0.0 0.0
190.55995236000007 1.0 1.0
191.24960736000006 0.0 0.0
191.93926236000007 1.0 0.0
192.62891736000006 0.0 0.0
193.31857236000005 1.0 1.0
194.00822736000006 0.0 0.0
194.69788236000005 1.0 0.0
195.38753736000007 0.0 0.0
196.07719236000005 1.0 1.0
196.76684736000007 0.0 0.0
197.45650236000006 1.0 0.0
198.14615736000007 0.0 0.0
198.83581236000006 1.0 1.0
199.52546736000005 0.0 0.0
200.21512236000007 1.0 0.0
200.90477736000005 0.0 0.0
201.59443236000007 1.0 1.0
202.28408736000006 0.0 0.0
202.97374236000007 1.0 0.0
203.66339736000006 0.0 0.0
204.35305236000005 1.0 1.0
205.04270736000007 0.0 0.0
205.73236236000005 1.0 0.0
206.42201736000007 0.0 0.0
207.11167236000006 1.0 1.0
207.80132736000007 0.0 0.0
208.49098236000006 1.0 0.0
209.18063736000008 0.0 0.0
209.87029236000006 1.0 1.0
210.55994736000005 0.0 0.0
211.24960236000007 1.0 0.0
211.93925736000006 0.0 0.0
212.62891236000007 1.0 1.0
213.31856736000006 0.0 0.0
214.00822236000008 1.0 0.0
214.69787736000006 0.0 0.0
215.38753236000008 1.0 1.0
216.07718736000007 0.0 0.0
216.76684236000006 1.0 0.0
217.45649736000007 0.0 0.0
218.14615236000006 1.0 1.0
218.83580736000008 0.0 0.0
219.52546236000006 1.0 0.0
220.21511736000008 0.0 0.0
220.90477236000007 1.0 1.0
221.59442736000005 0.0 0.0
222.28408236000007 1.0 0.0
222.97373736000006 0.0 0.0
223.66339236000007 1.0 1.0
224.35304736000006 0.0 0.0
225.04270236000008 1.0 0.0
225.73235736000007 0.0 0.0
226.42201236000008 1.0 1.0
227.11166736000007 0.0 0.0
227.80132236000006 1.0 0.0
228.49097736000007 0.0 0.0
229.18063236000006 1.0 1.0
229.87028736000008 0.0 0.0
230.55994236000006 1.0 0.0
231.24959736000008 0.0 0.0
231.93925236000007 1.0 1.0
232.62890736000006 0.0 0.0
233.31856236000007 1.0 0.0
234.00821736000006 0.0 0.0
234.69787236000008 1.0 1.0
235.38752736000006 0.0 0.0
236.07718236000008 1.0 0.0
236.76683736000007 0.0 0.0
237.45649236000008 1.0 1.0
238.14614736000007 0.0 0.0
238.83580236000006 1.0 0.0
239.52545736000008 0.0 0.0
240.21511236000006 1.0 1.0
240.90476736000008 0.0 0.0
241.59442236000007 1.0 0.0
242.28407736000008 0.0 0.0
242.97373236000007 1.0 1.0
243.6633873600001 0.0 0.0
244.35304236000007 1.0 0.0
245.04269736000006 0.0 0.0
245.73235236000008 1.0 1.0
246.42200736000007 0.0 0.0
247.11166236000008 1.0 0.0
247.80131736000007 0.0 0.0
248.4909723600001 1.0 1.0
249.18062736000007 0.0 0.0
249.87028236000006 1.0 0.0
250.55993736000008 0.0 0.0
251.24959236000007 1.0 1.0
251.93924736000008 0.0 0.0
252.62890236000007 1.0 0.0
253.31855736000009 0.0 0.0
254.00821236000007 1.0 1.0
254.6978673600001 0.0 0.0
255.38752236000008 1.0 0.0
256.07717736000006 0.0 0.0
256.7668323600001 1.0 0.0
257.4564873600001 0.0 0.0
258.14614236000006 1.0 1.0
258.8357973600001 0.0 0.0
259.5254523600001 0.0 0.0
260.2151073600001 0.0 0.0