0.50999949 1.0 1.0
1.36714149 0.0 0.0
2.22428349 1.0 0.0
3.08142549 0.0 0.0
3.93856749 1.0 1.0
4.79570949 0.0 0.0
5.65285149 1.0 0.0
6.50999349 0.0 0.0
7.367135490000001 1.0 1.0
8.22427749 0.0 0.0
9.081419490000002 1.0 0.0
9.938561490000001 0.0 0.0
10.795703490000001 1.0 1.0
11.65284549 0.0 0.0
12.509987490000002 1.0 0.0
13.367129490000002 0.0 0.0
14.22427149 1.0 1.0
15.081413489999997 0.0 0.0
15.938555489999999 1.0 0.0
16.79569749 0.0 0.0
17.652839489999998 1.0 1.0
18.509981489999998 0.0 0.0
19.367123489999997 1.0 0.0
20.224265489999997 0.0 0.0
21.08140749 1.0 1.0
21.93854949 0.0 0.0
22.79569149 1.0 0.0
23.65283349 0.0 0.0
24.50997549 1.0 1.0
25.36711749 0.0 0.0
26.224259489999998 1.0 0.0
27.081401489999998 0.0 0.0
27.938543489999997 1.0 1.0
28.79568549 0.0 0.0
29.65282749 1.0 0.0
30.50996949 0.0 0.0
31.36711149 1.0 1.0
32.22425349 0.0 0.0
33.08139549 1.0 0.0
33.93853749 0.0 0.0
34.79567949 1.0 1.0
35.65282149 0.0 0.0
36.50996349 1.0 0.0
37.36710549 0.0 0.0
38.224247489999996 1.0 1.0
39.08138949 0.0 0.0
39.93853149 1.0 0.0
40.79567349 0.0 0.0
41.65281549 1.0 1.0
42.50995749 0.0 0.0
43.36709949 1.0 1.0
44.22424149 0.0 0.0
45.08138349 1.0 0.0
45.938525489999996 0.0 0.0
46.79566749 1.0 1.0
47.65280949 0.0 0.0
48.50995149 1.0 0.0
49.36709349 0.0 0.0
50.22423549 1.0 1.0
51.08137749 0.0 0.0
51.93851949 1.0 0.0
52.79566149 0.0 0.0
53.652803490000004 1.0 1.0
54.50994549 0.0 0.0
55.36708749 1.0 0.0
56.22422949 0.0 0.0
57.08137149 1.0 1.0
57.93851349 0.0 0.0
58.79565549 1.0 0.0
59.65279749 0.0 0.0
60.50993949 1.0 1.0
61.367081490000004 0.0 0.0
62.22422349 1.0 0.0
63.08136549 0.0 0.0
63.93850749 1.0 1.0
64.79564949 0.0 0.0
65.65279149 1.0 0.0
66.50993349 0.0 0.0
67.36707549 1.0 1.0
68.22421749 0.0 0.0
69.08135949 1.0 0.0
69.93850149000001 0.0 0.0
70.79564349 1.0 1.0
71.65278549 0.0 0.0
72.50992749 1.0 0.0
73.36706949 0.0 0.0
74.22421149 1.0 1.0
75.08135349 0.0 0.0
75.93849549000001 1.0 0.0
76.79563749 0.0 0.0
77.65277949 1.0 1.0
78.50992149 0.0 0.0
79.36706349 1.0 0.0
80.22420549 0.0 0.0
81.08134749 1.0 1.0
81.93848949 0.0 0.0
82.79563149 1.0 0.0
83.65277349 0.0 0.0
84.50991549 1.0 1.0
85.36705749000001 0.0 0.0
86.22419949 1.0 1.0
87.08134149 0.0 0.0
87.93848349 1.0 0.0
88.79562549 0.0 0.0
89.65276749 1.0 1.0
90.50990949 0.0 0.0
91.36705149000001 1.0 0.0
92.22419349 0.0 0.0
93.08133549 1.0 1.0
93.93847749 0.0 0.0
94.79561949 1.0 0.0
95.65276149 0.0 0.0
96.50990349 1.0 1.0
97.36704549 0.0 0.0
98.22418749 1.0 0.0
99.08132949 0.0 0.0
99.93847149 1.0 1.0
100.79561349000001 0.0 0.0
101.65275549 1.0 0.0
102.50989749 0.0 0.0
103.36703949 1.0 1.0
104.22418149 0.0 0.0
105.08132349 1.0 0.0
105.93846549 0.0 0.0
106.79560749000001 1.0 1.0
107.65274949 0.0 0.0
108.50989149 1.0 0.0
109.36703349 0.0 0.0
110.22417549000001 1.0 1.0
111.08131749 0.0 0.0
111.93845949 1.0 0.0
112.79560149000001 0.0 0.0
113.65274349 1.0 1.0
114.50988549 0.0 0.0
115.36702749 1.0 0.0
116.22416949000001 0.0 0.0
117.08131149000002 1.0 1.0
117.93845349000001 0.0 0.0
118.79559549000001 1.0 0.0
119.65273749000002 0.0 0.0
120.50987949000002 1.0 1.0
121.36702149000001 0.0 0.0
122.22416349000002 1.0 0.0
123.08130549000002 0.0 0.0
123.93844749000002 1.0 1.0
124.79558949000001 0.0 0.0
125.65273149000002 1.0 0.0
126.50987349000002 0.0 0.0
127.36701549000001 1.0 1.0
128.22415749 0.0 0.0
129.08129949000002 1.0 1.0
129.93844149000003 0.0 0.0
130.79558349 1.0 0.0
131.65272549000002 0.0 0.0
132.50986749 1.0 1.0
133.36700949000002 0.0 0.0
134.22415149000003 1.0 0.0
135.08129349 0.0 0.0
135.93843549000002 1.0 1.0
136.79557749000003 0.0 0.0
137.65271949 1.0 0.0
138.50986149000002 0.0 0.0
139.36700349000003 1.0 1.0
140.22414549 0.0 0.0
141.08128749000002 1.0 0.0
141.93842949 0.0 0.0
142.79557149000001 1.0 1.0
143.65271349000002 0.0 0.0
144.50985549 1.0 0.0
145.36699749000002 0.0 0.0
146.22413949000003 1.0 1.0
147.08128149 0.0 0.0
147.93842349000002 1.0 0.0
148.79556549000003 0.0 0.0
149.65270749 1.0 1.0
150.50984949000002 0.0 0.0
151.36699149000003 1.0 0.0
152.22413349 0.0 0.0
153.08127549000002 1.0 1.0
153.93841749 0.0 0.0
154.79555949000002 1.0 0.0
155.65270149000003 0.0 0.0
156.50984349 1.0 1.0
157.36698549000002 0.0 0.0
158.22412749000003 1.0 0.0
159.08126949 0.0 0.0
159.93841149000002 1.0 1.0
160.79555349000003 0.0 0.0
161.65269549 1.0 0.0
162.50983749000002 0.0 0.0
163.36697949 1.0 1.0
164.22412149000002 0.0 0.0
165.08126349000003 1.0 0.0
165.93840549 0.0 0.0
166.79554749000002 1.0 1.0
167.65268949000003 0.0 0.0
168.50983149 1.0 0.0
169.36697349000002 0.0 0.0
170.22411549000003 1.0 1.0
171.08125749 0.0 0.0
171.93839949000002 1.0 0.0
172.79554149000003 0.0 0.0
173.65268349000002 1.0 1.0
174.50982549000003 0.0 0.0
175.36696749 1.0 0.0
176.22410949000002 0.0 0.0
177.08125149000003 1.0 1.0
177.93839349 0.0 0.0
178.79553549000002 1.0 0.0
179.65267749000003 0.0 0.0
180.50981949 1.0 1.0
181.36696149000002 0.0 0.0
182.22410349000003 1.0 0.0
183.08124549000001 0.0 0.0
183.93838749000003 1.0 1.0
184.79552949 0.0 0.0
185.65267149000002 1.0 0.0
186.50981349000003 0.0 0.0
187.36695549 1.0 1.0
188.22409749000002 0.0 0.0
189.08123949000003 1.0 0.0
189.93838149 0.0 0.0
190.79552349000002 1.0 1.0
191.65266549000003 0.0 0.0
192.50980749000001 1.0 0.0
193.36694949000002 0.0 0.0
194.22409149 1.0 1.0
195.08123349000002 0.0 0.0
195.93837549000003 1.0 0.0
196.79551749 0.0 0.0
197.65265949000002 1.0 1.0
198.50980149000003 0.0 0.0
199.36694349 1.0 0.0
200.22408549000002 0.0 0.0
201.08122749000003 1.0 1.0
201.93836949 0.0 0.0
202.79551149000002 1.0 0.0
203.65265349000003 0.0 0.0
204.50979549000002 1.0 1.0
205.36693749000003 0.0 0.0
206.22407949 1.0 0.0
207.08122149000002 0.0 0.0
207.93836349000003 1.0 1.0
208.79550549 0.0 0.0
209.65264749000002 1.0 0.0
210.50978949000003 0.0 0.0
211.36693149 1.0 1.0
212.22407349000002 0.0 0.0
213.08121549000003 1.0 0.0
213.93835749000002 0.0 0.0
214.79549949000003 1.0 0.0
215.65264149 0.0 0.0
216.50978349000002 1.0 1.0
217.36692549000003 0.0 0.0
218.22406749 1.0 0.0
219.08120949000002 0.0 0.0
219.93835149000003 1.0 1.0
220.79549349 0.0 0.0
221.65263549000002 1.0 0.0
222.50977749000003 0.0 0.0
223.36691949000002 1.0 1.0
224.22406149000003 0.0 0.0
225.08120349000004 1.0 0.0
225.93834549000002 0.0 0.0
226.79548749000003 1.0 1.0
227.65262949 0.0 0.0
228.50977149000002 1.0 0.0
229.36691349000003 0.0 0.0
230.22405549 1.0 1.0
231.08119749000002 0.0 0.0
231.93833949000003 1.0 0.0
232.79548149000001 0.0 0.0
233.65262349000002 1.0 1.0
234.50976549000004 0.0 0.0
235.36690749000002 1.0 0.0
236.22404949000003 0.0 0.0
237.08119149 1.0 1.0
237.93833349000002 0.0 0.0
238.79547549000003 1.0 0.0
239.65261749 0.0 0.0
240.50975949000002 1.0 1.0
241.36690149000003 0.0 0.0
242.22404349 1.0 0.0
243.08118549000002 0.0 0.0
243.93832749000003 1.0 1.0
244.79546949000002 0.0 0.0
245.65261149000003 1.0 0.0
246.50975349000004 0.0 0.0
247.36689549000002 1.0 1.0
248.22403749000003 0.0 0.0
249.08117949 1.0 0.0
249.93832149000002 0.0 0.0
250.79546349000003 1.0 1.0
251.65260549 0.0 0.0
252.50974749000002 1.0 0.0
253.36688949000003 0.0 0.0
254.22403149000002 1.0 1.0
255.08117349000003 0.0 0.0
255.93831549000004 1.0 0.0
256.79545749000005 0.0 0.0
257.65259949 1.0 1.0
258.50974149 0.0 0.0
259.36688349 1.0 0.0
260.22402549000003 0.0 0.0
261.08116749000004 1.0 1.0
261.93830949000005 0.0 0.0
262.79545149 1.0 0.0
263.65259349 0.0 0.0
264.50973549 1.0 1.0
265.36687749000004 0.0 0.0
266.22401949000005 1.0 0.0
267.08116149 0.0 0.0
267.93830349 1.0 1.0
268.79544549 0.0 0.0
269.65258749000003 1.0 0.0
270.50972949000004 0.0 0.0
271.36687149000005 1.0 0.0
272.22401349 0.0 0.0
273.08115549 0.0 0.0