1.87	3.0
2.42	4.0
2.98	1.0
3.53	2.0
4.08	3.0
4.63	4.0
5.18	1.0
5.73	2.0
6.28	3.0
6.83	4.0
7.38	1.0
7.93	2.0
8.49	3.0
9.04	4.0
9.59	1.0
10.13	2.0
10.68	3.0
11.23	4.0
11.79	1.0
12.34	2.0
12.89	3.0
13.44	4.0
13.99	1.0
14.54	2.0
15.09	3.0
15.64	4.0
16.19	1.0
16.74	2.0
17.29	3.0
17.84	4.0
18.39	1.0
18.94	2.0
19.49	3.0
20.05	4.0
20.59	1.0
21.15	2.0
21.7	3.0
22.25	4.0
22.8	1.0
23.35	2.0
23.9	3.0
24.45	4.0
25.0	1.0
25.55	2.0
26.1	3.0
26.65	4.0
27.2	1.0
27.75	2.0
28.3	3.0
28.85	4.0
29.4	1.0
29.95	2.0
30.51	3.0
31.06	4.0
31.61	1.0
32.16	2.0
32.71	3.0
33.26	4.0
33.81	1.0
34.36	2.0
34.91	3.0
35.46	4.0
36.01	1.0
36.55	2.0
37.11	3.0
37.66	4.0
38.21	1.0
38.76	2.0
39.31	3.0
39.86	4.0
40.41	1.0
40.96	2.0
41.51	3.0
42.06	4.0
42.61	1.0
43.16	2.0
43.71	3.0
44.26	4.0
44.81	1.0
45.37	2.0
45.91	3.0
46.47	4.0
47.01	1.0
47.57	2.0
48.12	3.0
48.67	4.0
49.22	1.0
49.77	2.0
50.32	3.0
50.87	4.0
51.42	1.0
51.97	2.0
52.52	3.0
53.07	4.0
53.62	1.0
54.17	2.0
54.73	3.0
55.28	4.0
55.82	1.0
56.38	2.0
56.92	3.0
57.47	4.0
58.02	1.0
58.58	2.0
59.13	3.0
59.68	4.0
60.23	1.0
60.78	2.0
61.33	3.0
61.88	4.0
62.43	1.0
62.98	2.0
63.53	3.0
64.08	4.0
64.63	1.0
65.18	2.0
65.73	3.0
66.28	4.0
66.83	1.0
67.38	2.0
67.94	3.0
68.49	4.0
69.03	1.0
69.59	2.0
70.14	3.0
70.69	4.0
71.23	1.0
71.79	2.0
72.34	3.0
72.89	4.0
73.44	1.0
73.98	2.0
74.54	3.0
75.09	4.0
75.64	1.0
76.19	2.0
76.74	3.0
77.29	4.0
77.84	1.0
78.39	2.0
78.94	3.0
79.49	4.0
80.04	1.0
80.6	2.0
81.15	3.0
81.7	4.0
82.25	1.0
82.8	2.0
83.35	3.0
83.9	4.0
84.45	1.0
85.0	2.0
85.55	3.0
86.1	4.0
86.65	1.0
87.2	2.0
87.75	3.0
88.3	4.0
88.85	1.0
89.4	2.0
89.96	3.0
90.51	4.0
91.05	1.0
91.61	2.0
92.15	3.0
92.71	4.0
93.26	1.0
93.81	2.0
94.36	3.0
94.91	4.0
95.46	1.0
96.01	2.0
96.56	3.0
97.11	4.0
97.66	1.0
98.21	2.0
98.76	3.0
99.31	4.0
99.86	1.0
100.41	2.0
100.96	3.0
101.51	4.0
102.06	1.0
102.62	2.0
103.17	3.0
103.72	4.0
104.27	1.0
104.82	2.0
105.37	3.0
105.92	4.0
106.47	1.0
107.02	2.0
107.57	3.0
108.12	4.0
108.67	1.0
109.22	2.0
109.77	3.0
110.32	4.0
110.87	1.0
111.43	2.0
111.97	3.0
112.53	4.0
113.07	1.0
113.62	2.0
114.17	3.0
114.73	4.0
115.27	1.0
115.81	2.0
116.38	3.0
116.93	4.0
117.47	1.0
118.03	2.0
118.58	3.0
119.13	4.0
119.68	1.0
120.23	2.0
120.78	3.0
121.33	4.0
121.88	1.0
122.43	2.0
122.98	3.0
123.53	4.0
124.08	1.0
124.63	2.0
125.18	3.0
125.74	4.0
126.28	1.0
126.84	2.0
127.39	3.0
127.94	4.0
128.49	1.0
129.04	2.0
129.59	3.0
130.14	4.0
130.69	1.0
131.24	2.0
131.79	3.0
132.34	4.0
132.89	1.0
133.44	2.0
133.99	3.0
134.54	4.0
135.09	1.0
135.64	2.0
136.19	3.0
136.74	4.0
137.29	1.0
137.84	2.0
138.39	3.0
138.94	4.0
139.49	1.0
140.05	2.0
140.6	3.0
141.15	4.0
141.7	1.0
142.25	2.0
142.8	3.0
143.35	4.0
143.9	1.0
144.45	2.0
145.0	3.0
145.55	4.0
146.1	1.0
146.65	2.0
147.2	3.0
147.75	4.0
148.3	1.0
148.85	2.0
149.41	3.0
149.95	4.0
150.5	1.0
151.06	2.0
151.6	3.0
152.16	4.0
152.7	1.0
153.25	2.0
153.81	3.0
154.36	4.0
154.9	1.0
155.46	2.0
156.01	3.0
156.56	4.0
157.11	1.0
157.66	2.0
158.21	3.0
158.76	4.0
159.31	1.0
159.86	2.0
160.41	3.0
160.96	4.0
161.51	1.0
162.06	2.0
162.61	3.0
163.16	4.0
163.71	1.0
164.26	2.0
164.82	3.0
165.37	4.0
165.91	1.0
166.47	2.0
167.02	3.0
167.57	4.0
168.12	1.0
168.67	2.0
169.22	3.0
169.77	4.0
170.32	1.0
170.87	2.0
171.42	3.0
171.97	4.0
172.52	1.0
173.07	2.0
173.63	3.0
174.17	4.0
174.72	1.0
175.27	2.0
175.83	3.0
176.38	4.0
176.92	1.0
177.48	2.0
178.03	3.0
178.58	4.0
179.13	1.0
179.68	2.0
180.23	3.0
180.78	4.0
181.33	1.0
181.88	2.0
182.43	3.0
182.98	4.0
183.53	1.0
184.08	2.0
184.64	3.0
185.18	4.0
185.73	1.0
186.28	2.0
186.83	3.0
187.39	4.0
187.93	1.0
188.49	2.0
189.03	3.0
189.59	4.0
190.14	1.0
190.69	2.0
191.24	3.0
191.79	4.0
192.34	1.0
192.89	2.0
193.44	3.0
193.99	4.0
194.54	1.0
195.09	2.0
195.64	3.0
196.19	4.0
196.74	1.0
197.29	2.0
197.84	3.0
198.4	4.0
198.94	1.0
199.5	2.0
200.05	3.0
200.6	4.0
201.15	1.0
201.7	2.0
202.25	3.0
202.8	4.0
203.35	1.0
203.9	2.0
204.45	3.0
205.0	4.0
205.55	1.0
206.1	2.0
206.65	3.0
207.2	4.0
207.75	1.0
208.3	2.0
208.85	3.0
209.4	4.0
209.95	1.0
210.51	2.0
211.05	3.0
211.61	4.0
212.15	1.0
212.71	2.0
213.26	3.0
213.81	4.0
214.36	1.0
214.91	2.0
215.46	3.0
216.01	4.0
216.56	1.0
217.11	2.0
217.66	3.0
218.21	4.0
218.76	1.0
219.31	2.0
219.86	3.0
220.41	4.0
220.96	1.0
221.51	2.0
222.07	3.0
222.62	4.0
223.17	1.0
223.72	2.0
224.26	3.0
224.82	4.0
225.37	1.0
225.92	2.0
226.47	3.0
227.03	4.0
227.57	1.0
228.12	2.0
228.67	3.0
229.22	4.0
229.77	1.0
230.31	2.0
230.87	3.0
231.42	4.0
231.97	1.0
232.52	2.0
233.07	3.0
233.63	4.0
234.16	1.0
234.72	2.0
235.27	3.0
235.82	4.0
236.37	1.0
236.93	2.0
237.48	3.0
238.03	4.0
238.58	1.0
239.13	2.0
239.68	3.0
240.23	4.0
240.78	1.0
241.33	2.0
241.88	3.0
242.43	4.0
242.98	1.0
243.53	2.0
244.08	3.0
244.63	4.0
245.18	1.0
245.73	2.0
246.29	3.0
246.83	4.0
247.38	1.0
247.94	2.0
248.49	3.0
249.04	4.0
249.59	1.0
250.14	2.0
250.69	3.0
251.24	4.0
251.79	1.0
252.34	2.0
252.89	3.0
253.44	4.0
253.99	1.0
254.54	2.0
255.09	3.0
255.64	4.0
256.19	1.0
256.74	2.0
257.29	3.0
257.84	4.0
258.39	1.0
258.95	2.0
259.49	3.0
260.05	4.0
260.59	1.0
261.15	2.0
261.7	3.0
262.25	4.0
262.8	1.0
263.35	2.0
263.9	3.0
264.45	4.0
265.0	1.0
265.55	2.0
266.1	3.0
266.65	4.0
267.2	1.0
267.75	2.0
268.3	3.0
268.86	4.0
269.4	1.0
269.95	2.0
270.5	3.0
271.06	4.0
271.6	1.0
272.16	2.0
272.71	3.0
273.25	4.0
273.8	1.0
274.36	2.0
274.91	3.0
275.46	4.0
276.0	1.0
276.56	2.0
277.11	3.0
277.66	4.0
278.21	1.0
278.77	2.0
279.3	3.0
