0.284036328 1.0 0.0
0.834494328 0.0 0.0
1.384952328 1.0 1.0
1.935410328 0.0 0.0
2.4858683279999996 1.0 0.0
3.0363263279999995 0.0 0.0
3.586784328 1.0 1.0
4.137242327999999 0.0 0.0
4.687700327999999 1.0 0.0
5.238158328 0.0 0.0
5.788616328 1.0 1.0
6.339074328 0.0 0.0
6.889532328 1.0 0.0
7.439990328 0.0 0.0
7.990448328 1.0 1.0
8.540906328 0.0 0.0
9.091364328 1.0 0.0
9.641822327999998 0.0 0.0
10.192280327999997 1.0 1.0
10.742738327999998 0.0 0.0
11.293196327999997 1.0 0.0
11.843654327999998 0.0 0.0
12.394112327999999 1.0 1.0
12.944570327999998 0.0 0.0
13.495028327999998 1.0 0.0
14.045486327999997 0.0 0.0
14.595944327999998 1.0 1.0
15.146402327999997 0.0 0.0
15.696860327999998 1.0 0.0
16.247318328 0.0 0.0
16.797776327999998 1.0 1.0
17.348234327999997 0.0 0.0
17.898692327999996 1.0 0.0
18.449150327999998 0.0 0.0
18.999608328 1.0 1.0
19.550066328 0.0 0.0
20.100524328 1.0 0.0
20.650982327999998 0.0 0.0
21.201440328 1.0 1.0
21.751898328 0.0 0.0
22.302356328 1.0 0.0
22.852814328 0.0 0.0
23.403272328 1.0 1.0
23.953730328 0.0 0.0
24.504188327999998 1.0 0.0
25.054646328 0.0 0.0
25.605104328 1.0 1.0
26.155562328 0.0 0.0
26.706020327999997 1.0 0.0
27.256478328 0.0 0.0
27.806936328 1.0 1.0
28.357394327999998 0.0 0.0
28.907852328 1.0 0.0
29.458310328 0.0 0.0
30.008768328 1.0 1.0
30.559226327999998 0.0 0.0
31.109684328 1.0 0.0
31.660142328 0.0 0.0
32.210600328 1.0 1.0
32.761058328 0.0 0.0
33.311516327999996 1.0 0.0
33.861974327999995 0.0 0.0
34.412432328 1.0 1.0
34.962890328 0.0 0.0
35.513348328 1.0 0.0
36.063806328000005 0.0 0.0
36.614264328000004 1.0 1.0
37.164722328 0.0 0.0
37.715180327999995 1.0 0.0
38.265638328 0.0 0.0
38.816096328 1.0 1.0
39.366554328 0.0 0.0
39.917012328 1.0 0.0
40.467470328 0.0 0.0
41.017928327999996 1.0 1.0
41.568386327999995 0.0 0.0
42.118844328 1.0 0.0
42.669302328 0.0 0.0
43.219760328 1.0 1.0
43.770218328 0.0 0.0
44.320676328 1.0 0.0
44.871134328 0.0 0.0
45.421592327999996 1.0 1.0
45.972050327999995 0.0 0.0
46.522508328 1.0 0.0
47.072966328 0.0 0.0
47.623424328 1.0 1.0
48.173882328 0.0 0.0
48.724340328 1.0 0.0
49.274798327999996 0.0 0.0
49.825256327999995 1.0 1.0
50.375714328 0.0 0.0
50.926172328 1.0 0.0
51.476630328 0.0 0.0
52.027088328 1.0 1.0
52.577546328 0.0 0.0
53.128004327999996 1.0 0.0
53.678462327999995 0.0 0.0
54.228920328 1.0 0.0
54.779378328 0.0 0.0
55.329836328 1.0 0.0
55.880294328 0.0 0.0
56.430752328 1.0 1.0
56.981210327999996 0.0 0.0
57.531668327999995 1.0 0.0
58.082126327999994 0.0 0.0
58.632584328 1.0 1.0
59.183042328 0.0 0.0
59.733500328 1.0 0.0
60.283958328 0.0 0.0
60.834416327999996 1.0 1.0
61.384874327999995 0.0 0.0
61.935332327999994 1.0 0.0
62.485790328 0.0 0.0
63.036248328 1.0 1.0
63.586706328 0.0 0.0
64.137164328 1.0 0.0
64.687622328 0.0 0.0
65.238080328 1.0 1.0
65.788538328 0.0 0.0
66.338996328 1.0 0.0
66.889454328 0.0 0.0
67.43991232799999 1.0 1.0
67.990370328 0.0 0.0
68.540828328 1.0 0.0
69.091286328 0.0 0.0
69.641744328 1.0 1.0
70.192202328 0.0 0.0
70.74266032799999 1.0 0.0
71.29311832799999 0.0 0.0
71.84357632799998 1.0 1.0
72.39403432799999 0.0 0.0
72.94449232799998 1.0 0.0
73.49495032799999 0.0 0.0
74.045408328 1.0 1.0
74.59586632799999 0.0 0.0
75.14632432799999 1.0 0.0
75.69678232799998 0.0 0.0
76.24724032799999 1.0 1.0
76.79769832799998 0.0 0.0
77.34815632799999 1.0 0.0
77.898614328 0.0 0.0
78.44907232799999 1.0 1.0
78.99953032799999 0.0 0.0
79.54998832799998 1.0 0.0
80.10044632799999 0.0 0.0
80.65090432799998 1.0 1.0
81.20136232799999 0.0 0.0
81.751820328 1.0 0.0
82.30227832799999 0.0 0.0
82.85273632799999 1.0 1.0
83.40319432799998 0.0 0.0
83.95365232799999 1.0 0.0
84.50411032799998 0.0 0.0
85.05456832799999 1.0 1.0
85.605026328 0.0 0.0
86.15548432799999 1.0 0.0
86.70594232799999 0.0 0.0
87.25640032799998 1.0 1.0
87.80685832799999 0.0 0.0
88.35731632799998 1.0 0.0
88.90777432799999 0.0 0.0
89.458232328 1.0 1.0
90.00869032799999 0.0 0.0
90.55914832799999 1.0 0.0
91.10960632799998 0.0 0.0
91.66006432799999 1.0 1.0
92.21052232799998 0.0 0.0
92.76098032799999 1.0 0.0
93.311438328 0.0 0.0
93.86189632799999 1.0 1.0
94.41235432799999 0.0 0.0
94.96281232799998 1.0 0.0
95.51327032799999 0.0 0.0
96.06372832799998 1.0 1.0
96.61418632799999 0.0 0.0
97.16464432799998 1.0 0.0
97.71510232799999 0.0 0.0
98.26556032799999 1.0 1.0
98.81601832799998 0.0 0.0
99.36647632799999 1.0 0.0
99.91693432799998 0.0 0.0
100.46739232799999 1.0 1.0
101.01785032799998 0.0 0.0
101.56830832799999 1.0 0.0
102.11876632799999 0.0 0.0
102.66922432799998 1.0 1.0
103.21968232799999 0.0 0.0
103.77014032799998 1.0 0.0
104.32059832799999 0.0 0.0
104.87105632799998 1.0 1.0
105.42151432799999 0.0 0.0
105.97197232799999 1.0 0.0
106.52243032799998 0.0 0.0
107.07288832799999 1.0 1.0
107.62334632799998 0.0 0.0
108.17380432799999 1.0 0.0
108.72426232799998 0.0 0.0
109.27472032799999 1.0 1.0
109.82517832799999 0.0 0.0
110.37563632799998 0.0 0.0
110.92609432799999 1.0 1.0
111.47655232799998 0.0 0.0
112.02701032799999 1.0 0.0
112.57746832799998 0.0 0.0
113.12792632799999 1.0 1.0
113.67838432799999 0.0 0.0
114.22884232799998 1.0 0.0
114.77930032799999 0.0 0.0
115.32975832799998 1.0 1.0
115.88021632799999 0.0 0.0
116.43067432799998 1.0 0.0
116.98113232799999 0.0 0.0
117.531590328 1.0 1.0
118.08204832799998 0.0 0.0
118.63250632799999 1.0 0.0
119.18296432799998 0.0 0.0
119.73342232799999 1.0 1.0
120.28388032799998 0.0 0.0
120.83433832799999 1.0 0.0
121.38479632799998 0.0 0.0
121.93525432799998 1.0 1.0
122.48571232799999 0.0 0.0
123.03617032799998 1.0 0.0
123.58662832799999 0.0 0.0
124.13708632799998 1.0 1.0
124.68754432799999 0.0 0.0
125.23800232799998 1.0 0.0
125.78846032799999 0.0 0.0
126.33891832799999 1.0 1.0
126.88937632799998 0.0 0.0
127.43983432799999 1.0 0.0
127.99029232799998 0.0 0.0
128.54075032799997 1.0 1.0
129.091208328 0.0 0.0
129.64166632799999 1.0 0.0
130.19212432799998 0.0 0.0
130.742582328 1.0 1.0
131.293040328 0.0 0.0
131.84349832799998 1.0 0.0
132.39395632799997 0.0 0.0
132.944414328 1.0 1.0
133.49487232799999 0.0 0.0
134.04533032799998 1.0 0.0
134.595788328 0.0 0.0
135.146246328 1.0 1.0
135.69670432799998 0.0 0.0
136.24716232799997 1.0 1.0
136.797620328 0.0 0.0
137.34807832799999 0.0 0.0
137.89853632799998 1.0 0.0
138.448994328 0.0 0.0
138.999452328 1.0 0.0
139.54991032799998 0.0 0.0
140.10036832799997 1.0 1.0
140.650826328 0.0 0.0
141.201284328 1.0 0.0
141.751742328 0.0 0.0
142.302200328 1.0 1.0
142.852658328 0.0 0.0
143.403116328 1.0 0.0
143.953574328 0.0 0.0
144.504032328 1.0 1.0
145.054490328 0.0 0.0
145.604948328 1.0 0.0
146.155406328 0.0 0.0
146.705864328 1.0 1.0
147.256322328 0.0 0.0
147.806780328 1.0 0.0
148.357238328 0.0 0.0
148.90769632800001 1.0 1.0
149.458154328 0.0 0.0
150.008612328 1.0 0.0
150.55907032800002 0.0 0.0
151.109528328 1.0 1.0
151.65998632800003 0.0 0.0
152.21044432800002 1.0 0.0
152.76090232800001 0.0 0.0
153.311360328 1.0 1.0
153.86181832800003 0.0 0.0
154.41227632800002 1.0 0.0
154.962734328 0.0 0.0
155.51319232800003 1.0 1.0
156.06365032800002 0.0 0.0
156.61410832800001 1.0 0.0
157.164566328 0.0 0.0
157.71502432800003 1.0 1.0
158.26548232800002 0.0 0.0
158.815940328 1.0 0.0
159.36639832800003 0.0 0.0
159.91685632800002 1.0 1.0
160.46731432800001 0.0 0.0
161.017772328 1.0 0.0
161.56823032800003 0.0 0.0
162.11868832800002 1.0 1.0
162.669146328 0.0 0.0
163.21960432800003 1.0 0.0
163.77006232800002 0.0 0.0
164.32052032800001 1.0 1.0
164.870978328 0.0 0.0
165.42143632800003 1.0 0.0
165.97189432800002 0.0 0.0
166.522352328 1.0 1.0
167.07281032800003 0.0 0.0
167.62326832800002 1.0 0.0
168.17372632800001 0.0 0.0
168.724184328 1.0 1.0
169.27464232800003 0.0 0.0
169.82510032800002 1.0 0.0
170.375558328 0.0 0.0
170.926016328 1.0 1.0
171.47647432800002 0.0 0.0
172.02693232800002 1.0 0.0
172.577390328 0.0 0.0
173.12784832800003 1.0 1.0
173.67830632800002 0.0 0.0
174.228764328 1.0 0.0
174.779222328 0.0 0.0
175.32968032800002 1.0 1.0
175.88013832800002 0.0 0.0
176.430596328 1.0 0.0
176.98105432800003 0.0 0.0
177.53151232800002 1.0 1.0
178.081970328 0.0 0.0
178.632428328 1.0 0.0
179.18288632800002 0.0 0.0
179.73334432800002 1.0 1.0
180.283802328 0.0 0.0
180.83426032800003 1.0 0.0
181.38471832800002 0.0 0.0
181.935176328 1.0 1.0
182.485634328 0.0 0.0
183.03609232800002 1.0 0.0
183.58655032800002 0.0 0.0
184.137008328 1.0 1.0
184.68746632800003 0.0 0.0
185.23792432800002 1.0 0.0
185.788382328 0.0 0.0
186.338840328 1.0 1.0
186.88929832800002 0.0 0.0
187.43975632800002 1.0 0.0
187.990214328 0.0 0.0
188.54067232800003 1.0 1.0
189.09113032800002 0.0 0.0
189.641588328 1.0 0.0
190.192046328 0.0 0.0
190.74250432800002 1.0 1.0
191.29296232800002 0.0 0.0
191.843420328 1.0 0.0
192.39387832800003 0.0 0.0
192.94433632800002 1.0 0.0
193.494794328 0.0 0.0
194.045252328 1.0 0.0
194.59571032800002 0.0 0.0
195.14616832800002 1.0 1.0
195.696626328 0.0 0.0
196.24708432800003 1.0 0.0
196.79754232800002 0.0 0.0
197.348000328 1.0 1.0
197.898458328 0.0 0.0
198.44891632800002 1.0 0.0
198.99937432800002 0.0 0.0
199.549832328 1.0 1.0
200.10029032800003 0.0 0.0
200.65074832800002 1.0 0.0
201.201206328 0.0 0.0
201.751664328 1.0 1.0
202.30212232800002 0.0 0.0
202.85258032800002 1.0 0.0
203.403038328 0.0 0.0
203.95349632800003 1.0 1.0
204.50395432800002 0.0 0.0
205.054412328 1.0 0.0
205.604870328 0.0 0.0
206.15532832800002 1.0 1.0
206.70578632800002 0.0 0.0
207.256244328 1.0 0.0
207.80670232800003 0.0 0.0
208.35716032800002 1.0 1.0
208.907618328 0.0 0.0
209.458076328 1.0 0.0
210.00853432800002 0.0 0.0
210.55899232800002 1.0 1.0
211.109450328 0.0 0.0
211.65990832800003 1.0 0.0
212.21036632800002 0.0 0.0
212.760824328 1.0 1.0
213.311282328 0.0 0.0
213.86174032800002 1.0 0.0
214.41219832800002 0.0 0.0
214.962656328 1.0 1.0
215.51311432800003 0.0 0.0
216.06357232800002 1.0 0.0
216.614030328 0.0 0.0
217.164488328 1.0 1.0
217.71494632800002 0.0 0.0
218.26540432800002 1.0 0.0
218.815862328 0.0 0.0
219.366320328 1.0 1.0
219.91677832800002 0.0 0.0
220.467236328 1.0 0.0
221.017694328 0.0 0.0
221.56815232800002 1.0 1.0
222.11861032800002 0.0 0.0
222.669068328 1.0 0.0
223.219526328 0.0 0.0
223.76998432800002 1.0 1.0
224.320442328 0.0 0.0
224.870900328 0.0 0.0
225.42135832800003 1.0 1.0
225.97181632800002 0.0 0.0
226.522274328 1.0 0.0
227.072732328 0.0 0.0
227.62319032800002 1.0 1.0
228.173648328 0.0 0.0
228.724106328 1.0 0.0
229.27456432800003 0.0 0.0
229.82502232800002 1.0 1.0
230.375480328 0.0 0.0
230.925938328 1.0 0.0
231.47639632800002 0.0 0.0
232.026854328 1.0 1.0
232.577312328 0.0 0.0
233.12777032800003 1.0 0.0
233.67822832800002 0.0 0.0
234.228686328 1.0 1.0
234.779144328 0.0 0.0
235.32960232800002 1.0 0.0
235.880060328 0.0 0.0
236.430518328 1.0 1.0
236.98097632800003 0.0 0.0
237.53143432800002 1.0 0.0
238.081892328 0.0 0.0
238.632350328 1.0 1.0
239.18280832800002 0.0 0.0
239.733266328 1.0 0.0
240.283724328 0.0 0.0
240.83418232800003 1.0 1.0
241.38464032800002 0.0 0.0
241.935098328 1.0 0.0
242.485556328 0.0 0.0
243.03601432800002 1.0 1.0
243.586472328 0.0 0.0
244.136930328 1.0 0.0
244.68738832800003 0.0 0.0
245.23784632800002 1.0 1.0
245.788304328 0.0 0.0
246.338762328 1.0 0.0
246.88922032800002 0.0 0.0
247.439678328 1.0 1.0
247.990136328 0.0 0.0
248.54059432800003 1.0 0.0
249.09105232800002 0.0 0.0
249.641510328 1.0 1.0
250.191968328 0.0 0.0
250.74242632800002 1.0 0.0
251.292884328 0.0 0.0
251.843342328 1.0 1.0
252.39380032800003 0.0 0.0
252.94425832800002 1.0 0.0
253.494716328 0.0 0.0
254.045174328 1.0 1.0
254.59563232800002 0.0 0.0
255.146090328 1.0 0.0
255.696548328 0.0 0.0
256.247006328 1.0 1.0
256.797464328 0.0 0.0
257.34792232800004 1.0 0.0
257.89838032800003 0.0 0.0
258.448838328 1.0 1.0
258.999296328 0.0 0.0
259.549754328 1.0 0.0
260.100212328 0.0 0.0
260.650670328 1.0 1.0
261.20112832800004 0.0 0.0
261.75158632800003 1.0 0.0
262.302044328 0.0 0.0
262.852502328 1.0 1.0
263.402960328 0.0 0.0
263.953418328 1.0 0.0
264.503876328 0.0 0.0
265.05433432800004 1.0 1.0
265.60479232800003 0.0 0.0
266.155250328 1.0 0.0
266.705708328 0.0 0.0
267.256166328 1.0 1.0
267.806624328 0.0 0.0
268.357082328 1.0 0.0
268.90754032800004 0.0 0.0
269.45799832800003 1.0 1.0
270.008456328 0.0 0.0
270.558914328 1.0 0.0
271.109372328 0.0 0.0
271.659830328 1.0 1.0
272.210288328 0.0 0.0
272.76074632800004 1.0 0.0
273.31120432800003 0.0 0.0
273.861662328 1.0 1.0
274.412120328 0.0 0.0
274.962578328 1.0 0.0
275.513036328 0.0 0.0
276.063494328 1.0 1.0
276.61395232800004 0.0 0.0
277.16441032800003 1.0 0.0
277.714868328 0.0 0.0
278.265326328 1.0 1.0
278.815784328 0.0 0.0
279.366242328 0.0 0.0