0.17052638399999995 1.0 1.0
0.9600003839999999 0.0 0.0
1.749474384 1.0 0.0
2.538948384 0.0 0.0
3.328422384 1.0 1.0
4.117896384 0.0 0.0
4.907370384 1.0 0.0
5.696844384 0.0 0.0
6.486318384 1.0 1.0
7.275792383999999 0.0 0.0
8.065266384 1.0 0.0
8.854740383999998 0.0 0.0
9.644214383999998 1.0 1.0
10.433688383999998 0.0 0.0
11.223162383999998 1.0 0.0
12.012636383999999 0.0 0.0
12.802110384 1.0 1.0
13.591584383999999 0.0 0.0
14.381058384 1.0 0.0
15.170532384 0.0 0.0
15.960006384 1.0 1.0
16.749480383999998 0.0 0.0
17.538954384 1.0 0.0
18.328428384 0.0 0.0
19.117902384 1.0 1.0
19.907376384 0.0 0.0
20.696850383999998 1.0 0.0
21.486324384 0.0 0.0
22.275798383999998 1.0 1.0
23.065272384 0.0 0.0
23.854746384 1.0 0.0
24.644220384 0.0 0.0
25.433694384 1.0 1.0
26.223168383999997 0.0 0.0
27.012642384 1.0 0.0
27.802116383999998 0.0 0.0
28.591590384 1.0 1.0
29.381064384 0.0 0.0
30.170538384 1.0 0.0
30.960012384 0.0 0.0
31.749486383999997 1.0 1.0
32.538960384 0.0 0.0
33.328434384 1.0 0.0
34.117908383999996 0.0 0.0
34.907382384 1.0 1.0
35.696856384 0.0 0.0
36.486330384 1.0 0.0
37.275804384 0.0 0.0
38.065278383999996 1.0 1.0
38.854752384 0.0 0.0
39.644226384 1.0 0.0
40.433700384 0.0 0.0
41.223174384 1.0 1.0
42.012648383999995 0.0 0.0
42.802122384 1.0 0.0
43.591596384 0.0 0.0
44.381070384 1.0 1.0
45.170544383999996 0.0 0.0
45.960018383999994 1.0 0.0
46.749492384 0.0 0.0
47.538966384 1.0 1.0
48.328440384 0.0 0.0
49.117914383999995 1.0 0.0
49.907388384 0.0 0.0
50.69686238399999 1.0 1.0
51.48633638399999 0.0 0.0
52.27581038399999 1.0 0.0
53.065284383999995 0.0 0.0
53.85475838399999 1.0 1.0
54.644232384 0.0 0.0
55.433706384 1.0 0.0
56.223180383999996 0.0 0.0
57.012654383999994 1.0 1.0
57.802128384 0.0 0.0
58.591602384 1.0 0.0
59.381076383999996 0.0 0.0
60.170550383999995 1.0 1.0
60.96002438399999 0.0 0.0
61.749498384 1.0 0.0
62.538972384 0.0 0.0
63.328446383999996 1.0 1.0
64.117920384 0.0 0.0
64.907394384 1.0 0.0
65.696868384 0.0 0.0
66.486342384 1.0 1.0
67.275816384 0.0 0.0
68.065290384 1.0 0.0
68.85476438399999 0.0 0.0
69.64423838399999 1.0 1.0
70.433712384 0.0 0.0
71.223186384 1.0 0.0
72.012660384 0.0 0.0
72.802134384 1.0 1.0
73.591608384 0.0 0.0
74.381082384 1.0 0.0
75.170556384 0.0 0.0
75.96003038399999 1.0 1.0
76.74950438399999 0.0 0.0
77.53897838399999 1.0 0.0
78.328452384 0.0 0.0
79.117926384 1.0 1.0
79.907400384 0.0 0.0
80.696874384 1.0 0.0
81.486348384 0.0 0.0
82.275822384 1.0 1.0
83.06529638399999 0.0 0.0
83.85477038399999 1.0 0.0
84.64424438399999 0.0 0.0
85.433718384 1.0 1.0
86.223192384 0.0 0.0
87.012666384 1.0 0.0
87.802140384 0.0 0.0
88.591614384 1.0 1.0
89.381088384 0.0 0.0
90.170562384 1.0 0.0
90.96003638399999 0.0 0.0
91.74951038399999 1.0 1.0
92.53898438399999 0.0 0.0
93.328458384 1.0 0.0
94.117932384 0.0 0.0
94.907406384 1.0 1.0
95.696880384 0.0 0.0
96.486354384 1.0 0.0
97.275828384 0.0 0.0
98.06530238399999 1.0 1.0
98.85477638399999 0.0 0.0
99.64425038399999 1.0 0.0
100.433724384 0.0 0.0
101.223198384 1.0 1.0
102.01267238400001 0.0 0.0
102.80214638400001 1.0 0.0
103.59162038400001 0.0 0.0
104.38109438400001 1.0 1.0
105.170568384 0.0 0.0
105.960042384 1.0 0.0
106.749516384 0.0 0.0
107.538990384 1.0 1.0
108.328464384 0.0 0.0
109.11793838400001 1.0 0.0
109.90741238400001 0.0 0.0
110.69688638400001 1.0 1.0
111.48636038400001 0.0 0.0
112.275834384 1.0 0.0
113.065308384 0.0 0.0
113.854782384 1.0 1.0
114.644256384 0.0 0.0
115.433730384 1.0 0.0
116.223204384 0.0 0.0
117.01267838400001 1.0 1.0
117.80215238400001 0.0 0.0
118.59162638400001 1.0 0.0
119.381100384 0.0 0.0
120.170574384 1.0 1.0
120.960048384 0.0 0.0
121.749522384 1.0 0.0
122.538996384 0.0 0.0
123.328470384 1.0 1.0
124.11794438400001 0.0 0.0
124.90741838400001 1.0 0.0
125.69689238400001 0.0 0.0
126.48636638400001 1.0 1.0
127.275840384 0.0 0.0
128.065314384 1.0 0.0
128.85478838400002 0.0 0.0
129.644262384 1.0 1.0
130.433736384 0.0 0.0
131.223210384 1.0 0.0
132.012684384 0.0 0.0
132.802158384 1.0 1.0
133.591632384 0.0 0.0
134.381106384 1.0 0.0
135.170580384 0.0 0.0
135.96005438400002 1.0 1.0
136.749528384 0.0 0.0
137.539002384 1.0 0.0
138.328476384 0.0 0.0
139.117950384 1.0 1.0
139.907424384 0.0 0.0
140.696898384 1.0 0.0
141.486372384 0.0 0.0
142.275846384 1.0 1.0
143.06532038400002 0.0 0.0
143.854794384 1.0 0.0
144.64426838400001 0.0 0.0
145.433742384 1.0 1.0
146.223216384 0.0 0.0
147.012690384 1.0 0.0
147.802164384 0.0 0.0
148.591638384 1.0 1.0
149.381112384 0.0 0.0
150.17058638400002 1.0 0.0
150.960060384 0.0 0.0
151.74953438400001 1.0 1.0
152.539008384 0.0 0.0
153.328482384 1.0 0.0
154.117956384 0.0 0.0
154.907430384 1.0 1.0
155.696904384 0.0 0.0
156.486378384 1.0 0.0
157.275852384 0.0 0.0
158.065326384 1.0 1.0
158.85480038400001 0.0 0.0
159.644274384 1.0 0.0
160.433748384 0.0 0.0
161.223222384 1.0 1.0
162.012696384 0.0 0.0
162.802170384 1.0 0.0
163.591644384 0.0 0.0
164.381118384 1.0 1.0
165.170592384 0.0 0.0
165.96006638400002 1.0 0.0
166.749540384 0.0 0.0
167.539014384 1.0 1.0
168.328488384 0.0 0.0
169.117962384 1.0 0.0
169.907436384 0.0 0.0
170.696910384 1.0 1.0
171.486384384 0.0 0.0
172.275858384 1.0 0.0
173.06533238400002 0.0 0.0
173.854806384 1.0 1.0
174.644280384 0.0 0.0
175.433754384 1.0 0.0
176.223228384 0.0 0.0
177.012702384 1.0 1.0
177.802176384 0.0 0.0
178.591650384 1.0 0.0
179.381124384 0.0 0.0
180.17059838400002 1.0 1.0
180.960072384 0.0 0.0
181.749546384 1.0 0.0
182.539020384 0.0 0.0
183.328494384 1.0 1.0
184.117968384 0.0 0.0
184.907442384 1.0 0.0
185.696916384 0.0 0.0
186.486390384 1.0 1.0
187.275864384 0.0 0.0
188.065338384 1.0 0.0
188.854812384 0.0 0.0
189.644286384 1.0 1.0
190.433760384 0.0 0.0
191.223234384 1.0 0.0
192.012708384 0.0 0.0
192.802182384 1.0 1.0
193.591656384 0.0 0.0
194.381130384 1.0 0.0
195.170604384 0.0 0.0
195.960078384 1.0 1.0
196.749552384 0.0 0.0
197.539026384 1.0 0.0
198.328500384 0.0 0.0
199.117974384 1.0 1.0
199.907448384 0.0 0.0
200.696922384 1.0 0.0
201.486396384 0.0 0.0
202.275870384 1.0 1.0
203.065344384 0.0 0.0
203.854818384 1.0 0.0
204.644292384 0.0 0.0
205.433766384 1.0 1.0
206.223240384 0.0 0.0
207.012714384 1.0 0.0
207.802188384 0.0 0.0
208.591662384 1.0 1.0
209.381136384 0.0 0.0
210.170610384 1.0 0.0
210.960084384 0.0 0.0
211.749558384 1.0 1.0
212.539032384 0.0 0.0
213.328506384 1.0 0.0
214.117980384 0.0 0.0
214.907454384 1.0 1.0
215.696928384 0.0 0.0
216.48640238399997 1.0 0.0
217.275876384 0.0 0.0
218.06535038399997 1.0 1.0
218.85482438399998 0.0 0.0
219.64429838399997 1.0 0.0
220.43377238399998 0.0 0.0
221.22324638399996 1.0 1.0
222.01272038399998 0.0 0.0
222.802194384 1.0 0.0
223.59166838399997 0.0 0.0
224.381142384 1.0 1.0
225.17061638399997 0.0 0.0
225.96009038399998 1.0 0.0
226.74956438399997 0.0 0.0
227.53903838399998 1.0 1.0
228.32851238399996 0.0 0.0
229.11798638399998 1.0 0.0
229.90746038399996 0.0 0.0
230.69693438399997 1.0 1.0
231.486408384 0.0 0.0
232.27588238399997 1.0 0.0
233.06535638399998 0.0 0.0
233.85483038399997 1.0 1.0
234.64430438399998 0.0 0.0
235.43377838399996 1.0 0.0
236.22325238399998 0.0 0.0
237.01272638399996 1.0 1.0
237.80220038399997 0.0 0.0
238.591674384 1.0 0.0
239.38114838399997 0.0 0.0
240.17062238399998 1.0 1.0
240.96009638399997 0.0 0.0
241.74957038399998 1.0 0.0
242.53904438399996 0.0 0.0
243.32851838399998 1.0 1.0
244.11799238399996 0.0 0.0
244.90746638399997 1.0 0.0
245.696940384 0.0 0.0
246.48641438399997 1.0 1.0
247.27588838399998 0.0 0.0
248.06536238399997 1.0 0.0
248.85483638399998 0.0 0.0
249.64431038399997 1.0 1.0
250.43378438399998 0.0 0.0
251.22325838399996 1.0 0.0
252.01273238399997 0.0 0.0
252.802206384 1.0 1.0
253.59168038399997 0.0 0.0
254.38115438399998 1.0 0.0
255.17062838399997 0.0 0.0
255.96010238399998 1.0 1.0
256.74957638399997 0.0 0.0
257.53905038399995 1.0 0.0
258.328524384 0.0 0.0
259.117998384 1.0 1.0
259.90747238399996 0.0 0.0
260.696946384 1.0 0.0
261.486420384 0.0 0.0
262.27589438399997 1.0 1.0
263.06536838399995 0.0 0.0
263.854842384 1.0 0.0
264.644316384 0.0 0.0
265.43379038399996 1.0 1.0
266.22326438399995 0.0 0.0
267.012738384 1.0 0.0
267.802212384 0.0 0.0
268.59168638399996 1.0 1.0
269.381160384 0.0 0.0
270.170634384 1.0 0.0
270.96010838399997 0.0 0.0
271.74958238399995 1.0 1.0
272.539056384 0.0 0.0
273.328530384 1.0 0.0
274.11800438399996 0.0 0.0
274.90747838399994 1.0 1.0
275.696952384 0.0 0.0
276.48642638399997 1.0 0.0
277.27590038399995 0.0 0.0
278.065374384 1.0 1.0
278.854848384 0.0 0.0
279.64432238399996 0.0 0.0