0.12648636000000002 1.0 1.0
0.9372963600000003 0.0 0.0
1.7481063600000004 1.0 0.0
2.5589163600000004 0.0 0.0
3.36972636 1.0 1.0
4.18053636 0.0 0.0
4.99134636 1.0 0.0
5.80215636 0.0 0.0
6.612966360000001 1.0 1.0
7.423776360000001 0.0 0.0
8.234586360000002 1.0 0.0
9.045396360000002 0.0 0.0
9.856206360000002 1.0 1.0
10.667016360000002 0.0 0.0
11.477826360000002 1.0 0.0
12.288636360000002 0.0 0.0
13.09944636 1.0 1.0
13.91025636 0.0 0.0
14.72106636 1.0 0.0
15.53187636 0.0 0.0
16.34268636 1.0 1.0
17.15349636 0.0 0.0
17.964306360000002 1.0 0.0
18.775116360000002 0.0 0.0
19.585926360000002 1.0 1.0
20.396736360000002 0.0 0.0
21.207546360000002 1.0 0.0
22.018356360000002 0.0 0.0
22.829166360000002 1.0 1.0
23.639976360000002 0.0 0.0
24.450786360000002 1.0 0.0
25.261596360000002 0.0 0.0
26.072406360000002 1.0 1.0
26.883216360000002 0.0 0.0
27.694026360000002 1.0 0.0
28.504836360000006 0.0 0.0
29.315646360000006 1.0 1.0
30.126456360000006 0.0 0.0
30.937266360000006 1.0 0.0
31.748076360000006 0.0 0.0
32.55888636 1.0 1.0
33.369696360000006 0.0 0.0
34.18050636 1.0 0.0
34.991316360000006 0.0 0.0
35.80212636 1.0 1.0
36.612936360000006 0.0 0.0
37.42374636 1.0 0.0
38.234556360000006 0.0 0.0
39.04536636 1.0 1.0
39.856176360000006 0.0 0.0
40.66698636 1.0 1.0
41.477796360000006 0.0 0.0
42.28860636 1.0 0.0
43.099416360000006 0.0 0.0
43.91022636 1.0 1.0
44.72103636000001 0.0 0.0
45.53184636 1.0 0.0
46.34265636000001 0.0 0.0
47.15346636 1.0 1.0
47.96427636000001 0.0 0.0
48.77508636 1.0 0.0
49.58589636000001 0.0 0.0
50.39670636 1.0 1.0
51.20751636000001 0.0 0.0
52.01832636000001 1.0 0.0
52.829136360000014 0.0 0.0
53.63994636000001 1.0 1.0
54.450756360000014 0.0 0.0
55.26156636000001 1.0 0.0
56.072376360000014 0.0 0.0
56.88318636000001 1.0 1.0
57.693996360000014 0.0 0.0
58.50480636000001 1.0 0.0
59.315616360000014 0.0 0.0
60.12642636000001 1.0 1.0
60.937236360000014 0.0 0.0
61.74804636000001 1.0 0.0
62.558856360000014 0.0 0.0
63.36966636000001 1.0 1.0
64.18047636000001 0.0 0.0
64.99128636000002 1.0 0.0
65.80209636000001 0.0 0.0
66.61290636000001 1.0 1.0
67.42371636000001 0.0 0.0
68.23452636000002 1.0 0.0
69.04533636000001 0.0 0.0
69.85614636000001 1.0 1.0
70.66695636000001 0.0 0.0
71.47776636000002 1.0 0.0
72.28857636000001 0.0 0.0
73.09938636000001 1.0 1.0
73.91019636000001 0.0 0.0
74.72100636000002 1.0 0.0
75.53181636000001 0.0 0.0
76.34262636000001 1.0 1.0
77.15343636000001 0.0 0.0
77.96424636000002 1.0 0.0
78.77505636000001 0.0 0.0
79.58586636000001 1.0 1.0
80.39667636000001 0.0 0.0
81.20748636000002 1.0 1.0
82.01829636000001 0.0 0.0
82.82910636000001 1.0 0.0
83.63991636000002 0.0 0.0
84.45072636000002 1.0 1.0
85.26153636000001 0.0 0.0
86.07234636000001 1.0 0.0
86.88315636000002 0.0 0.0
87.69396636000002 1.0 1.0
88.50477636000002 0.0 0.0
89.31558636000001 1.0 0.0
90.12639636000002 0.0 0.0
90.93720636000002 1.0 1.0
91.74801636000002 0.0 0.0
92.55882636000001 1.0 0.0
93.36963636000002 0.0 0.0
94.18044636000002 1.0 1.0
94.99125636000002 0.0 0.0
95.80206636000001 1.0 0.0
96.61287636000002 0.0 0.0
97.42368636000002 1.0 1.0
98.23449636000002 0.0 0.0
99.04530636000001 1.0 0.0
99.85611636000002 0.0 0.0
100.66692636000002 1.0 1.0
101.47773636000002 0.0 0.0
102.28854636000001 1.0 0.0
103.09935636000002 0.0 0.0
103.91016636000002 1.0 1.0
104.72097636000002 0.0 0.0
105.53178636000001 1.0 0.0
106.34259636000002 0.0 0.0
107.15340636000002 1.0 1.0
107.96421636000002 0.0 0.0
108.77502636000001 1.0 0.0
109.58583636000002 0.0 0.0
110.39664636000002 1.0 1.0
111.20745636000002 0.0 0.0
112.01826636000001 1.0 0.0
112.82907636000002 0.0 0.0
113.63988636000002 1.0 1.0
114.45069636000002 0.0 0.0
115.26150636000001 1.0 0.0
116.07231636000002 0.0 0.0
116.88312636000002 1.0 1.0
117.69393636000002 0.0 0.0
118.50474636000001 1.0 0.0
119.31555636000002 0.0 0.0
120.12636636000002 1.0 1.0
120.93717636000002 0.0 0.0
121.74798636000001 1.0 1.0
122.55879636000002 0.0 0.0
123.36960636000002 1.0 0.0
124.18041636000002 0.0 0.0
124.99122636000001 1.0 1.0
125.80203636000002 0.0 0.0
126.61284636000002 1.0 0.0
127.42365636000002 0.0 0.0
128.23446636000003 1.0 1.0
129.04527636000003 0.0 0.0
129.85608636 1.0 0.0
130.66689636 0.0 0.0
131.47770636 1.0 1.0
132.28851636000002 0.0 0.0
133.09932636000002 1.0 0.0
133.91013636000002 0.0 0.0
134.72094636000003 1.0 1.0
135.53175636000003 0.0 0.0
136.34256636 1.0 0.0
137.15337636 0.0 0.0
137.96418636 1.0 1.0
138.77499636000002 0.0 0.0
139.58580636000002 1.0 0.0
140.39661636000002 0.0 0.0
141.20742636000003 1.0 1.0
142.01823636000003 0.0 0.0
142.82904636 1.0 0.0
143.63985636 0.0 0.0
144.45066636 1.0 1.0
145.26147636000002 0.0 0.0
146.07228636000002 1.0 0.0
146.88309636000002 0.0 0.0
147.69390636000003 1.0 1.0
148.50471636000003 0.0 0.0
149.31552636 1.0 0.0
150.12633636 0.0 0.0
150.93714636 1.0 1.0
151.74795636000002 0.0 0.0
152.55876636000002 1.0 0.0
153.36957636000002 0.0 0.0
154.18038636000003 1.0 1.0
154.99119636000003 0.0 0.0
155.80200636 1.0 0.0
156.61281636 0.0 0.0
157.42362636000001 1.0 1.0
158.23443636000002 0.0 0.0
159.04524636000002 1.0 0.0
159.85605636000003 0.0 0.0
160.66686636000003 1.0 1.0
161.47767636000003 0.0 0.0
162.28848636 1.0 0.0
163.09929636 0.0 0.0
163.91010636000001 1.0 1.0
164.72091636000002 0.0 0.0
165.53172636000002 1.0 0.0
166.34253636000003 0.0 0.0
167.15334636000003 1.0 1.0
167.96415636000003 0.0 0.0
168.77496636000004 1.0 0.0
169.58577636 0.0 0.0
170.39658636000001 1.0 1.0
171.20739636000002 0.0 0.0
172.01820636000002 1.0 0.0
172.82901636000003 0.0 0.0
173.63982636000003 1.0 1.0
174.45063636000003 0.0 0.0
175.26144636000004 1.0 0.0
176.07225636 0.0 0.0
176.88306636000002 1.0 1.0
177.69387636000002 0.0 0.0
178.50468636000002 1.0 0.0
179.31549636000003 0.0 0.0
180.12630636000003 1.0 1.0
180.93711636000003 0.0 0.0
181.74792636000004 1.0 0.0
182.55873636 0.0 0.0
183.36954636000002 1.0 1.0
184.18035636000002 0.0 0.0
184.99116636000002 1.0 0.0
185.80197636000003 0.0 0.0
186.61278636000003 1.0 1.0
187.42359636000003 0.0 0.0
188.23440636000004 1.0 0.0
189.04521636 0.0 0.0
189.85602636000002 1.0 1.0
190.66683636000002 0.0 0.0
191.47764636000002 1.0 0.0
192.28845636000003 0.0 0.0
193.09926636000003 1.0 1.0
193.91007636000003 0.0 0.0
194.72088636000004 1.0 0.0
195.53169636 0.0 0.0
196.34250636000002 1.0 1.0
197.15331636000002 0.0 0.0
197.96412636000002 1.0 0.0
198.77493636000003 0.0 0.0
199.58574636000003 1.0 1.0
200.39655636000003 0.0 0.0
201.20736636000004 1.0 0.0
202.01817636 0.0 0.0
202.82898636000002 1.0 1.0
203.63979636000002 0.0 0.0
204.45060636000002 1.0 0.0
205.26141636000003 0.0 0.0
206.07222636000003 1.0 1.0
206.88303636000003 0.0 0.0
207.69384636000004 1.0 0.0
208.50465636 0.0 0.0
209.31546636000002 1.0 1.0
210.12627636000002 0.0 0.0
210.93708636000002 1.0 0.0
211.74789636000003 0.0 0.0
212.55870636000003 1.0 1.0
213.36951636000003 0.0 0.0
214.18032636000004 1.0 0.0
214.99113636 0.0 0.0
215.80194636000002 1.0 0.0
216.61275636000002 0.0 0.0