0.5007470709999999 1.0 0.0
1.061494071 0.0 0.0
1.6222410709999997 1.0 1.0
2.1829880709999996 0.0 0.0
2.7437350709999997 1.0 0.0
3.304482071 0.0 0.0
3.8652290709999995 1.0 1.0
4.425976071 0.0 0.0
4.986723071 1.0 0.0
5.547470071 0.0 0.0
6.108217071 1.0 1.0
6.668964071 0.0 0.0
7.229711071 1.0 0.0
7.790458071 0.0 0.0
8.351205071 1.0 1.0
8.911952071 0.0 0.0
9.472699071 1.0 0.0
10.033446070999998 0.0 0.0
10.594193071 1.0 1.0
11.154940070999999 0.0 0.0
11.715687071 1.0 0.0
12.276434070999999 0.0 0.0
12.837181070999998 1.0 1.0
13.397928070999999 0.0 0.0
13.958675070999998 1.0 0.0
14.519422071 0.0 0.0
15.080169070999998 1.0 1.0
15.640916070999998 0.0 0.0
16.201663071 1.0 0.0
16.762410070999998 0.0 0.0
17.323157070999997 1.0 1.0
17.883904071 0.0 0.0
18.444651071 1.0 0.0
19.005398071 0.0 0.0
19.566145070999998 1.0 1.0
20.126892070999997 0.0 0.0
20.687639071 1.0 0.0
21.248386071 0.0 0.0
21.809133070999998 1.0 1.0
22.369880070999997 0.0 0.0
22.930627071 1.0 0.0
23.491374071 0.0 0.0
24.052121071 1.0 1.0
24.612868070999998 0.0 0.0
25.173615070999997 1.0 0.0
25.734362071 0.0 0.0
26.295109071 1.0 1.0
26.855856070999998 0.0 0.0
27.416603070999997 1.0 0.0
27.977350070999996 0.0 0.0
28.538097071 1.0 1.0
29.098844071 0.0 0.0
29.659591070999998 1.0 0.0
30.220338070999997 0.0 0.0
30.781085070999996 1.0 1.0
31.341832071 0.0 0.0
31.902579070999998 1.0 0.0
32.463326071 0.0 0.0
33.024073071 1.0 1.0
33.584820070999996 0.0 0.0
34.145567070999995 1.0 0.0
34.706314070999994 0.0 0.0
35.267061071 1.0 1.0
35.827808071 0.0 0.0
36.388555071 1.0 0.0
36.949302071 0.0 0.0
37.510049071 1.0 1.0
38.070796071 0.0 0.0
38.631543070999996 1.0 0.0
39.192290070999995 0.0 0.0
39.753037070999994 1.0 1.0
40.313784071 0.0 0.0
40.874531071 1.0 0.0
41.435278071 0.0 0.0
41.996025071 1.0 1.0
42.556772071 0.0 0.0
43.117519071 1.0 0.0
43.678266070999996 0.0 0.0
44.239013070999995 1.0 1.0
44.799760070999994 0.0 0.0
45.360507071 1.0 0.0
45.921254071 0.0 0.0
46.482001071 1.0 1.0
47.042748071 0.0 0.0
47.603495071 1.0 0.0
48.164242071 0.0 0.0
48.724989070999996 1.0 1.0
49.285736070999995 0.0 0.0
49.846483070999994 1.0 0.0
50.407230070999994 0.0 0.0
50.967977071 1.0 1.0
51.528724071 0.0 0.0
52.089471071 1.0 0.0
52.650218071 0.0 0.0
53.210965071 1.0 1.0
53.771712070999996 0.0 0.0
54.332459070999995 1.0 0.0
54.893206070999994 0.0 0.0
55.453953070999994 1.0 1.0
56.014700071 0.0 0.0
56.575447071 1.0 0.0
57.136194071 0.0 0.0
57.696941071 1.0 1.0
58.257688071 0.0 0.0
58.818435070999996 1.0 0.0
59.379182070999995 0.0 0.0
59.939929070999995 1.0 1.0
60.500676070999994 0.0 0.0
61.06142307099999 1.0 0.0
61.622170071 0.0 0.0
62.182917071 1.0 1.0
62.743664071 0.0 0.0
63.304411071 1.0 0.0
63.865158070999996 0.0 0.0
64.425905071 1.0 1.0
64.986652071 0.0 0.0
65.547399071 1.0 0.0
66.108146071 0.0 0.0
66.668893071 1.0 1.0
67.22964007099999 0.0 0.0
67.790387071 1.0 0.0
68.35113407099999 0.0 0.0
68.911881071 1.0 1.0
69.472628071 0.0 0.0
70.033375071 1.0 0.0
70.594122071 0.0 0.0
71.154869071 1.0 1.0
71.715616071 0.0 0.0
72.27636307099999 1.0 0.0
72.837110071 0.0 0.0
73.39785707099999 1.0 1.0
73.958604071 0.0 0.0
74.519351071 1.0 0.0
75.080098071 0.0 0.0
75.640845071 1.0 1.0
76.201592071 0.0 0.0
76.762339071 1.0 0.0
77.32308607099999 0.0 0.0
77.883833071 1.0 1.0
78.44458007099999 0.0 0.0
79.005327071 1.0 0.0
79.56607407099999 0.0 0.0
80.126821071 1.0 1.0
80.687568071 0.0 0.0
81.248315071 1.0 0.0
81.809062071 0.0 0.0
82.36980907099999 1.0 1.0
82.930556071 0.0 0.0
83.49130307099999 1.0 0.0
84.052050071 0.0 0.0
84.61279707099999 1.0 1.0
85.173544071 0.0 0.0
85.734291071 1.0 0.0
86.295038071 0.0 0.0
86.855785071 1.0 1.0
87.41653207099999 0.0 0.0
87.977279071 1.0 0.0
88.53802607099999 0.0 0.0
89.098773071 1.0 1.0
89.65952007099999 0.0 0.0
90.220267071 1.0 0.0
90.781014071 0.0 0.0
91.341761071 1.0 1.0
91.902508071 0.0 0.0
92.46325507099999 1.0 0.0
93.024002071 0.0 0.0
93.58474907099999 1.0 1.0
94.145496071 0.0 0.0
94.70624307099999 1.0 0.0
95.266990071 0.0 0.0
95.827737071 1.0 1.0
96.388484071 0.0 0.0
96.949231071 1.0 0.0
97.50997807099999 0.0 0.0
98.070725071 1.0 1.0
98.63147207099999 0.0 0.0
99.192219071 1.0 0.0
99.75296607099999 0.0 0.0
100.313713071 1.0 1.0
100.874460071 0.0 0.0
101.435207071 1.0 0.0
101.995954071 0.0 0.0
102.55670107099999 1.0 1.0
103.117448071 0.0 0.0
103.67819507099999 1.0 0.0
104.238942071 0.0 0.0
104.79968907099999 1.0 1.0
105.360436071 0.0 0.0
105.92118307099999 1.0 0.0
106.481930071 0.0 0.0
107.042677071 1.0 1.0
107.60342407099999 0.0 0.0
108.164171071 1.0 0.0
108.72491807099999 0.0 0.0
109.285665071 1.0 1.0
109.84641207099999 0.0 0.0
110.407159071 1.0 0.0
110.96790607099999 0.0 0.0
111.528653071 1.0 1.0
112.089400071 0.0 0.0
112.65014707099999 1.0 0.0
113.210894071 0.0 0.0
113.77164107099999 1.0 1.0
114.332388071 0.0 0.0
114.89313507099999 1.0 0.0
115.453882071 0.0 0.0
116.01462907099999 1.0 1.0
116.575376071 0.0 0.0
117.136123071 1.0 0.0
117.69687007099999 0.0 0.0
118.257617071 1.0 1.0
118.81836407099999 0.0 0.0
119.379111071 1.0 0.0
119.93985807099999 0.0 0.0
120.500605071 1.0 1.0
121.06135207099999 0.0 0.0
121.622099071 1.0 0.0
122.182846071 0.0 0.0
122.74359307099999 1.0 1.0
123.304340071 0.0 0.0
123.86508707099999 1.0 0.0
124.425834071 0.0 0.0
124.98658107099999 1.0 1.0
125.547328071 0.0 0.0
126.10807507099999 1.0 0.0
126.668822071 0.0 0.0
127.229569071 1.0 1.0
127.79031607099999 0.0 0.0
128.351063071 1.0 0.0
128.911810071 0.0 0.0
129.47255707099998 1.0 1.0
130.033304071 0.0 0.0
130.594051071 1.0 0.0
131.154798071 0.0 0.0
131.71554507099998 1.0 1.0
132.276292071 0.0 0.0
132.837039071 1.0 0.0
133.39778607099998 0.0 0.0
133.958533071 1.0 1.0
134.519280071 0.0 0.0
135.080027071 1.0 0.0
135.64077407099998 0.0 0.0
136.201521071 1.0 1.0
136.762268071 0.0 0.0
137.323015071 1.0 0.0
137.883762071 0.0 0.0
138.444509071 1.0 1.0
139.005256071 0.0 0.0
139.56600307099998 1.0 0.0
140.126750071 0.0 0.0
140.687497071 1.0 1.0
141.248244071 0.0 0.0
141.80899107099998 1.0 0.0
142.369738071 0.0 0.0
142.930485071 1.0 1.0
143.49123207099998 0.0 0.0
144.05197907099998 1.0 0.0
144.61272607099997 0.0 0.0
145.173473071 1.0 1.0
145.73422007099998 0.0 0.0
146.29496707099997 1.0 0.0
146.85571407099997 0.0 0.0
147.416461071 1.0 1.0
147.97720807099998 0.0 0.0
148.53795507099997 1.0 0.0
149.09870207099996 0.0 0.0
149.65944907099998 1.0 1.0
150.22019607099998 0.0 0.0
150.78094307099997 1.0 0.0
151.341690071 0.0 0.0
151.90243707099998 1.0 1.0
152.46318407099997 0.0 0.0
153.02393107099996 1.0 0.0
153.58467807099998 0.0 0.0
154.14542507099998 1.0 1.0
154.70617207099997 0.0 0.0
155.26691907099996 1.0 0.0
155.82766607099998 0.0 0.0
156.38841307099997 1.0 1.0
156.94916007099997 0.0 0.0
157.509907071 1.0 0.0
158.07065407099998 0.0 0.0
158.63140107099997 1.0 1.0
159.19214807099996 0.0 0.0
159.75289507099998 1.0 0.0
160.31364207099998 0.0 0.0
160.87438907099997 1.0 1.0
161.435136071 0.0 0.0
161.99588307099998 1.0 0.0
162.55663007099997 0.0 0.0
163.11737707099996 1.0 1.0
163.67812407099998 0.0 0.0
164.23887107099998 1.0 0.0
164.79961807099997 0.0 0.0
165.36036507099996 1.0 1.0
165.92111207099998 0.0 0.0
166.48185907099997 1.0 0.0
167.04260607099997 0.0 0.0
167.603353071 1.0 1.0
168.16410007099998 0.0 0.0
168.72484707099997 1.0 0.0
169.28559407099996 0.0 0.0
169.84634107099998 1.0 1.0
170.40708807099998 0.0 0.0
170.96783507099997 1.0 0.0
171.528582071 0.0 0.0
172.08932907099998 1.0 1.0
172.65007607099997 0.0 0.0
173.21082307099996 1.0 0.0
173.77157007099999 0.0 0.0
174.33231707099998 1.0 1.0
174.89306407099997 0.0 0.0
175.45381107099996 1.0 0.0
176.01455807099998 0.0 0.0
176.57530507099997 1.0 1.0
177.13605207099997 0.0 0.0
177.696799071 1.0 0.0
178.25754607099998 0.0 0.0
178.81829307099997 1.0 1.0
179.37904007099996 0.0 0.0
179.93978707099998 1.0 0.0
180.50053407099998 0.0 0.0
181.06128107099997 1.0 1.0
181.62202807099996 0.0 0.0
182.18277507099998 1.0 0.0
182.74352207099997 0.0 0.0
183.30426907099996 1.0 1.0
183.86501607099999 0.0 0.0
184.42576307099998 1.0 0.0
184.98651007099997 0.0 0.0
185.54725707099996 1.0 1.0
186.10800407099998 0.0 0.0
186.66875107099997 1.0 0.0
187.22949807099997 0.0 0.0
187.790245071 1.0 1.0
188.35099207099998 0.0 0.0
188.91173907099997 1.0 0.0
189.47248607099996 0.0 0.0
190.03323307099998 1.0 1.0
190.59398007099998 0.0 0.0
191.15472707099997 1.0 0.0
191.71547407099996 0.0 0.0
192.27622107099998 1.0 1.0
192.83696807099997 0.0 0.0
193.39771507099996 1.0 0.0
193.95846207099999 0.0 0.0
194.51920907099998 1.0 1.0
195.07995607099997 0.0 0.0
195.64070307099996 1.0 0.0
196.20145007099998 0.0 0.0
196.76219707099997 1.0 1.0
197.32294407099997 0.0 0.0
197.88369107099996 1.0 0.0
198.44443807099998 0.0 0.0
199.00518507099997 1.0 1.0
199.56593207099996 0.0 0.0
200.12667907099998 1.0 0.0
200.68742607099998 0.0 0.0
201.24817307099997 1.0 1.0
201.80892007099996 0.0 0.0
202.36966707099998 1.0 0.0
202.93041407099997 0.0 0.0
203.49116107099996 1.0 1.0
204.05190807099999 0.0 0.0
204.61265507099998 1.0 0.0
205.17340207099997 0.0 0.0
205.73414907099996 1.0 1.0
206.29489607099998 0.0 0.0
206.85564307099997 1.0 0.0
207.41639007099997 0.0 0.0
207.97713707099996 1.0 1.0
208.53788407099998 0.0 0.0
209.09863107099997 1.0 0.0
209.65937807099996 0.0 0.0
210.22012507099998 1.0 1.0
210.78087207099998 0.0 0.0
211.34161907099997 1.0 0.0
211.90236607099996 0.0 0.0
212.46311307099998 1.0 1.0
213.02386007099997 0.0 0.0
213.58460707099997 1.0 0.0
214.14535407099999 0.0 0.0
214.70610107099998 1.0 1.0
215.26684807099997 0.0 0.0
215.82759507099996 1.0 0.0
216.38834207099998 0.0 0.0
216.94908907099997 1.0 1.0
217.50983607099997 0.0 0.0
218.07058307099996 1.0 0.0
218.63133007099998 0.0 0.0
219.19207707099997 1.0 1.0
219.75282407099996 0.0 0.0
220.31357107099998 1.0 0.0
220.87431807099998 0.0 0.0
221.43506507099997 1.0 1.0
221.99581207099996 0.0 0.0
222.55655907099998 1.0 0.0
223.11730607099997 0.0 0.0
223.67805307099997 1.0 1.0
224.23880007099996 0.0 0.0
224.79954707099998 1.0 0.0
225.36029407099997 0.0 0.0
225.92104107099996 1.0 1.0
226.48178807099998 0.0 0.0
227.04253507099997 1.0 0.0
227.60328207099997 0.0 0.0
228.16402907099996 1.0 1.0
228.72477607099998 0.0 0.0
229.28552307099997 1.0 0.0
229.84627007099996 0.0 0.0
230.40701707099998 1.0 1.0
230.96776407099998 0.0 0.0
231.52851107099997 1.0 0.0
232.08925807099996 0.0 0.0
232.65000507099998 1.0 1.0
233.21075207099997 0.0 0.0
233.77149907099997 1.0 0.0
234.33224607099996 0.0 0.0
234.89299307099998 1.0 1.0
235.45374007099997 0.0 0.0
236.01448707099996 1.0 0.0
236.57523407099998 0.0 0.0
237.13598107099997 1.0 1.0
237.69672807099997 0.0 0.0
238.25747507099996 1.0 0.0
238.81822207099998 0.0 0.0
239.37896907099997 1.0 1.0
239.93971607099996 0.0 0.0
240.50046307099998 1.0 0.0
241.06121007099998 0.0 0.0
241.62195707099997 1.0 1.0
242.18270407099996 0.0 0.0
242.74345107099998 1.0 0.0
243.30419807099997 0.0 0.0
243.86494507099997 1.0 1.0
244.42569207099996 0.0 0.0
244.98643907099998 1.0 0.0
245.54718607099997 0.0 0.0
246.10793307099996 1.0 1.0
246.66868007099998 0.0 0.0
247.22942707099998 1.0 0.0
247.79017407099997 0.0 0.0
248.35092107099996 1.0 1.0
248.91166807099998 0.0 0.0
249.47241507099997 1.0 0.0
250.03316207099996 0.0 0.0
250.59390907099996 1.0 1.0
251.15465607099998 0.0 0.0
251.71540307099997 1.0 0.0
252.27615007099996 0.0 0.0
252.83689707099998 1.0 1.0
253.39764407099997 0.0 0.0
253.95839107099997 1.0 0.0
254.51913807099996 0.0 0.0
255.07988507099998 1.0 1.0
255.64063207099997 0.0 0.0
256.20137907099996 1.0 0.0
256.76212607099995 0.0 0.0
257.32287307099995 1.0 1.0
257.883620071 0.0 0.0
258.444367071 1.0 0.0
259.005114071 0.0 0.0
259.565861071 1.0 1.0
260.12660807099996 0.0 0.0
260.68735507099996 1.0 0.0
261.24810207099995 0.0 0.0
261.808849071 1.0 1.0
262.369596071 0.0 0.0
262.930343071 1.0 0.0
263.491090071 0.0 0.0
264.05183707099997 1.0 1.0
264.61258407099996 0.0 0.0
265.17333107099995 1.0 0.0
265.73407807099994 0.0 0.0
266.294825071 1.0 1.0
266.855572071 0.0 0.0
267.416319071 1.0 0.0
267.97706607099997 0.0 0.0
268.53781307099996 1.0 1.0
269.09856007099995 0.0 0.0
269.65930707099994 1.0 0.0
270.220054071 0.0 0.0
270.780801071 1.0 1.0
271.341548071 0.0 0.0
271.90229507099997 1.0 0.0
272.46304207099996 0.0 0.0
273.02378907099995 1.0 1.0
273.58453607099995 0.0 0.0
274.145283071 1.0 0.0
274.706030071 0.0 0.0
275.266777071 1.0 1.0
275.82752407099997 0.0 0.0
276.38827107099996 1.0 0.0
276.94901807099995 0.0 0.0
277.50976507099995 1.0 1.0
278.070512071 0.0 0.0
278.631259071 0.0 0.0
279.192006071 1.0 1.0
279.752753071 0.0 0.0