0.12153818200000004 0.0 0.0
0.8907671819999999 1.0 1.0
1.659996182 0.0 0.0
2.4292251819999997 0.0 0.0
3.1984541820000003 1.0 0.0
3.9676831820000005 0.0 0.0
4.736912182 0.0 0.0
5.506141182 1.0 1.0
6.275370182 0.0 0.0
7.044599182000001 0.0 0.0
7.813828182 1.0 0.0
8.583057182000001 0.0 0.0
9.352286182 0.0 0.0
10.121515182 1.0 1.0
10.890744182 0.0 0.0
11.659973182 0.0 0.0
12.429202182000001 0.0 0.0
13.198431182 0.0 0.0
13.967660182000001 1.0 1.0
14.736889182 0.0 0.0
15.506118182 0.0 0.0
16.275347182 1.0 0.0
17.044576182 0.0 0.0
17.813805182 0.0 0.0
18.583034182000002 1.0 1.0
19.352263182 0.0 0.0
20.121492182 0.0 0.0
20.890721182 1.0 0.0
21.659950182 0.0 0.0
22.429179182000002 0.0 0.0
23.198408182 1.0 1.0
23.967637182 0.0 0.0
24.736866182 0.0 0.0
25.506095182 1.0 0.0
26.275324182000002 0.0 0.0
27.044553182 0.0 0.0
27.813782182 1.0 1.0
28.583011182 0.0 0.0
29.352240182 0.0 0.0
30.121469182000002 1.0 0.0
30.890698182 0.0 0.0
31.659927182 0.0 0.0
32.429156182 1.0 1.0
33.198385182 0.0 0.0
33.967614182 0.0 0.0
34.736843182 1.0 0.0
35.506072182000004 0.0 0.0
36.275301182 0.0 0.0
37.044530182 1.0 1.0
37.813759182 0.0 0.0
38.582988182 0.0 0.0
39.352217182000004 1.0 0.0
40.121446182 0.0 0.0
40.890675182 0.0 0.0
41.659904182 1.0 1.0
42.429133182 0.0 0.0
43.198362182000004 0.0 0.0
43.967591182 1.0 0.0
44.736820182 0.0 0.0
45.506049182 0.0 0.0
46.275278182 1.0 1.0
47.044507182000004 0.0 0.0
47.813736182 0.0 0.0
48.582965182 1.0 0.0
49.352194182 0.0 0.0
50.121423182 0.0 0.0
50.890652182000004 1.0 1.0
51.659881182 0.0 0.0
52.429110182 0.0 0.0
53.198339182000005 1.0 0.0
53.96756818200001 0.0 0.0
54.736797182000004 0.0 0.0
55.50602618200001 1.0 1.0
56.27525518200001 0.0 0.0
57.044484182000005 0.0 0.0
57.81371318200001 1.0 0.0
58.582942182000004 0.0 0.0
59.352171182000006 0.0 0.0
60.12140018200001 1.0 1.0
60.890629182000005 0.0 0.0
61.65985818200001 0.0 0.0
62.42908718200001 1.0 0.0
63.198316182000006 0.0 0.0
63.96754518200001 0.0 0.0
64.736774182 1.0 1.0
65.506003182 0.0 0.0
66.27523218200001 0.0 0.0
67.044461182 1.0 0.0
67.813690182 0.0 0.0
68.58291918200001 0.0 0.0
69.35214818200001 1.0 1.0
70.121377182 0.0 0.0
70.89060618200001 0.0 0.0
71.65983518200001 1.0 0.0
72.429064182 0.0 0.0
73.198293182 0.0 0.0
73.96752218200001 1.0 1.0
74.736751182 0.0 0.0
75.505980182 0.0 0.0
76.27520918200001 1.0 0.0
77.04443818200001 0.0 0.0
77.813667182 0.0 0.0
78.58289618200001 1.0 1.0
79.35212518200001 0.0 0.0
80.121354182 0.0 0.0
80.890583182 1.0 0.0
81.65981218200001 0.0 0.0
82.429041182 0.0 0.0
83.198270182 1.0 1.0
83.96749918200001 0.0 0.0
84.73672818200001 0.0 0.0
85.505957182 1.0 0.0
86.27518618200001 0.0 0.0
87.04441518200001 0.0 0.0
87.813644182 1.0 1.0
88.58287318200001 0.0 0.0
89.35210218200001 0.0 0.0
90.121331182 1.0 0.0
90.890560182 0.0 0.0
91.65978918200001 0.0 0.0
92.42901818200001 1.0 1.0
93.198247182 0.0 0.0
93.96747618200001 0.0 0.0
94.73670518200001 1.0 0.0
95.505934182 0.0 0.0
96.27516318200001 0.0 0.0
97.04439218200001 1.0 1.0
97.813621182 0.0 0.0
98.582850182 0.0 0.0
99.352079182 1.0 0.0
100.12130818199999 0.0 0.0
100.890537182 0.0 0.0
101.659766182 1.0 1.0
102.428995182 0.0 0.0
103.19822418199999 0.0 0.0
103.967453182 1.0 0.0
104.736682182 0.0 0.0
105.50591118199999 0.0 0.0
106.275140182 1.0 1.0
107.044369182 0.0 0.0
107.81359818199999 0.0 0.0
108.582827182 1.0 0.0
109.352056182 0.0 0.0
110.121285182 0.0 0.0
110.89051418199999 1.0 1.0
111.659743182 0.0 0.0
112.428972182 0.0 0.0
113.19820118199999 1.0 0.0
113.967430182 0.0 0.0
114.736659182 0.0 0.0
115.50588818199999 1.0 1.0
116.275117182 0.0 0.0
117.044346182 0.0 0.0
117.813575182 1.0 0.0
118.58280418199999 0.0 0.0
119.352033182 0.0 0.0
120.121262182 1.0 1.0
120.89049118199999 0.0 0.0
121.659720182 0.0 0.0
122.428949182 1.0 0.0
123.19817818199999 0.0 0.0
123.967407182 0.0 0.0
124.736636182 1.0 1.0
125.505865182 0.0 0.0
126.27509418199999 0.0 0.0
127.044323182 1.0 0.0
127.813552182 0.0 0.0
128.582781182 0.0 0.0
129.352010182 1.0 1.0
130.121239182 0.0 0.0
130.890468182 0.0 0.0
131.659697182 1.0 0.0
132.428926182 0.0 0.0
133.198155182 0.0 0.0
133.967384182 1.0 1.0
134.73661318199999 0.0 0.0
135.505842182 0.0 0.0
136.275071182 1.0 0.0
137.044300182 0.0 0.0
137.813529182 0.0 0.0
138.582758182 1.0 1.0
139.351987182 0.0 0.0
140.12121618199998 0.0 0.0
140.890445182 1.0 0.0
141.659674182 0.0 0.0
142.428903182 0.0 0.0
143.198132182 1.0 1.0
143.967361182 0.0 0.0
144.736590182 0.0 0.0
145.505819182 1.0 0.0
146.275048182 0.0 0.0
147.044277182 0.0 0.0
147.813506182 1.0 1.0
148.582735182 0.0 0.0
149.351964182 0.0 0.0
150.12119318199998 1.0 0.0
150.890422182 0.0 0.0
151.659651182 0.0 0.0
152.428880182 1.0 1.0
153.198109182 0.0 0.0
153.967338182 0.0 0.0
154.736567182 1.0 0.0
155.50579618199998 0.0 0.0
156.275025182 0.0 0.0
157.044254182 1.0 1.0
157.813483182 0.0 0.0
158.582712182 0.0 0.0
159.351941182 1.0 0.0
160.121170182 0.0 0.0
160.890399182 0.0 0.0
161.659628182 1.0 1.0
162.428857182 0.0 0.0
163.198086182 0.0 0.0
163.967315182 1.0 0.0
164.736544182 0.0 0.0
165.50577318199998 0.0 0.0
166.275002182 1.0 1.0
167.044231182 0.0 0.0
167.813460182 0.0 0.0
168.582689182 1.0 0.0
169.351918182 0.0 0.0
170.121147182 0.0 0.0
170.890376182 1.0 1.0
171.659605182 0.0 0.0
172.428834182 0.0 0.0
173.198063182 1.0 0.0
173.967292182 0.0 0.0
174.736521182 0.0 0.0
175.50575018199999 1.0 1.0
176.274979182 0.0 0.0
177.044208182 0.0 0.0
177.813437182 1.0 0.0
178.582666182 0.0 0.0
179.351895182 0.0 0.0
180.121124182 1.0 1.0
180.89035318199998 0.0 0.0
181.659582182 0.0 0.0
182.428811182 1.0 0.0
183.198040182 0.0 0.0
183.967269182 0.0 0.0
184.736498182 1.0 1.0
185.505727182 0.0 0.0
186.274956182 0.0 0.0
187.044185182 1.0 0.0
187.813414182 0.0 0.0
188.582643182 0.0 0.0
189.351872182 1.0 1.0
190.121101182 0.0 0.0
190.89033018199999 0.0 0.0
191.659559182 1.0 0.0
192.428788182 0.0 0.0
193.198017182 0.0 0.0
193.967246182 1.0 1.0
194.736475182 0.0 0.0
195.505704182 0.0 0.0
196.27493318199998 1.0 0.0
197.044162182 0.0 0.0
197.81339118200003 0.0 0.0
198.58262018200003 1.0 1.0
199.35184918200002 0.0 0.0
200.12107818200002 0.0 0.0
200.89030718200002 1.0 0.0
201.659536182 0.0 0.0
202.42876518200003 0.0 0.0
203.19799418200003 1.0 1.0
203.96722318200003 0.0 0.0
204.73645218200002 0.0 0.0
205.50568118200002 1.0 0.0
206.274910182 0.0 0.0
207.044139182 0.0 0.0
207.81336818200003 1.0 1.0
208.58259718200003 0.0 0.0
209.35182618200002 0.0 0.0
210.121055182 1.0 0.0
210.890284182 0.0 0.0
211.659513182 0.0 0.0
212.428742182 1.0 1.0
213.197971182 0.0 0.0
213.967200182 0.0 0.0
214.736429182 1.0 0.0
215.505658182 0.0 0.0
216.274887182 0.0 0.0
217.044116182 1.0 1.0
217.813345182 0.0 0.0
218.582574182 0.0 0.0
219.351803182 1.0 0.0
220.121032182 0.0 0.0
220.890261182 0.0 0.0
221.65949018199998 1.0 1.0
222.428719182 0.0 0.0
223.197948182 0.0 0.0
223.967177182 1.0 0.0
224.736406182 0.0 0.0
225.505635182 0.0 0.0
226.274864182 1.0 1.0
227.044093182 0.0 0.0
227.813322182 0.0 0.0
228.582551182 1.0 0.0
229.351780182 0.0 0.0
230.121009182 0.0 0.0
230.890238182 1.0 1.0
231.659467182 0.0 0.0
232.428696182 0.0 0.0
233.197925182 1.0 0.0
233.967154182 0.0 0.0
234.736383182 0.0 0.0
235.505612182 1.0 1.0
236.274841182 0.0 0.0
237.04407018199998 0.0 0.0
237.813299182 1.0 0.0
238.582528182 0.0 0.0
239.351757182 0.0 0.0
240.120986182 1.0 1.0
240.890215182 0.0 0.0
241.659444182 0.0 0.0
242.428673182 1.0 0.0
243.197902182 0.0 0.0
243.967131182 0.0 0.0
244.736360182 1.0 1.0
245.505589182 0.0 0.0
246.274818182 0.0 0.0
247.04404718199999 1.0 0.0
247.813276182 0.0 0.0
248.582505182 0.0 0.0
249.351734182 1.0 1.0
250.120963182 0.0 0.0
250.890192182 0.0 0.0
251.659421182 1.0 0.0
252.428650182 0.0 0.0
253.197879182 0.0 0.0
253.967108182 1.0 1.0
254.736337182 0.0 0.0
255.505566182 0.0 0.0
256.274795182 1.0 0.0
257.044024182 0.0 0.0
257.813253182 0.0 0.0
258.582482182 1.0 1.0
259.351711182 0.0 0.0
260.120940182 0.0 0.0
260.890169182 1.0 0.0
261.659398182 0.0 0.0
262.428627182 0.0 0.0
263.197856182 1.0 1.0
263.967085182 0.0 0.0
264.736314182 0.0 0.0
265.505543182 1.0 0.0
266.274772182 0.0 0.0
267.044001182 0.0 0.0
267.813230182 1.0 1.0
268.582459182 0.0 0.0
269.351688182 0.0 0.0
270.12091718199997 1.0 0.0
270.890146182 0.0 0.0
271.659375182 0.0 0.0
272.428604182 1.0 1.0
273.197833182 0.0 0.0
273.967062182 0.0 0.0
274.736291182 1.0 0.0
275.505520182 0.0 0.0
276.274749182 0.0 0.0
277.043978182 1.0 1.0
277.813207182 0.0 0.0
278.582436182 0.0 0.0
279.351665182 1.0 0.0
280.120894182 0.0 0.0
280.890123182 0.0 0.0