0.202 1.0 1.0
0.702 0.0 0.0
1.2020000000000002 1.0 0.0
1.7020000000000002 0.0 0.0
2.202 1.0 1.0
2.702 0.0 0.0
3.202 1.0 0.0
3.702 0.0 0.0
4.202 1.0 1.0
4.702 0.0 0.0
5.202 1.0 0.0
5.702 0.0 0.0
6.202 1.0 1.0
6.702 0.0 0.0
7.202 1.0 0.0
7.702 0.0 0.0
8.202 1.0 1.0
8.702 0.0 0.0
9.202 1.0 0.0
9.702 0.0 0.0
10.202 1.0 1.0
10.702 0.0 0.0
11.202 1.0 0.0
11.702 0.0 0.0
12.202 1.0 1.0
12.702 0.0 0.0
13.202 1.0 0.0
13.702 0.0 0.0
14.202 1.0 1.0
14.702 0.0 0.0
15.202 1.0 0.0
15.702 0.0 0.0
16.202 1.0 1.0
16.702 0.0 0.0
17.202 1.0 0.0
17.702 0.0 0.0
18.202 1.0 1.0
18.702 0.0 0.0
19.202 1.0 0.0
19.702 0.0 0.0
20.202 1.0 1.0
20.702 0.0 0.0
21.202 1.0 0.0
21.702 0.0 0.0
22.202 1.0 1.0
22.702 0.0 0.0
23.202 1.0 0.0
23.702 0.0 0.0
24.202 1.0 1.0
24.702 0.0 0.0
25.202 1.0 0.0
25.702 0.0 0.0
26.202 1.0 1.0
26.702 0.0 0.0
27.202 1.0 0.0
27.702 0.0 0.0
28.202 1.0 1.0
28.702 0.0 0.0
29.202 1.0 0.0
29.702 0.0 0.0
30.202 1.0 1.0
30.702 0.0 0.0
31.202 1.0 0.0
31.702 0.0 0.0
32.202 1.0 1.0
32.702 0.0 0.0
33.202 1.0 0.0
33.702 0.0 0.0
34.202 1.0 1.0
34.702 0.0 0.0
35.202 1.0 0.0
35.702 0.0 0.0
36.202 1.0 1.0
36.702 0.0 0.0
37.202 1.0 0.0
37.702 0.0 0.0
38.202 1.0 1.0
38.702 0.0 0.0
39.202 1.0 0.0
39.702 0.0 0.0
40.202 1.0 1.0
40.702 0.0 0.0
41.202 1.0 0.0
41.702 0.0 0.0
42.202 1.0 1.0
42.702 0.0 0.0
43.202 1.0 0.0
43.702 0.0 0.0
44.202 1.0 1.0
44.702 0.0 0.0
45.202 1.0 0.0
45.702 0.0 0.0
46.202 1.0 1.0
46.702 0.0 0.0
47.202 1.0 0.0
47.702 0.0 0.0
48.202 1.0 1.0
48.702 0.0 0.0
49.202 1.0 0.0
49.702 0.0 0.0
50.202 1.0 1.0
50.702 0.0 0.0
51.202 1.0 0.0
51.702 0.0 0.0
52.202 1.0 1.0
52.702 0.0 0.0
53.202 1.0 0.0
53.702 0.0 0.0
54.202 1.0 1.0
54.702 0.0 0.0
55.202 1.0 0.0
55.702 0.0 0.0
56.202 1.0 1.0
56.702 0.0 0.0
57.202 1.0 0.0
57.702 0.0 0.0
58.202 1.0 1.0
58.702 0.0 0.0
59.202 1.0 0.0
59.702 0.0 0.0
60.202 1.0 1.0
60.702 0.0 0.0
61.202 1.0 0.0
61.702 0.0 0.0
62.202 1.0 1.0
62.702 0.0 0.0
63.202 1.0 0.0
63.702 0.0 0.0
64.202 1.0 1.0
64.702 0.0 0.0
65.202 1.0 0.0
65.702 0.0 0.0
66.202 1.0 1.0
66.702 0.0 0.0
67.202 1.0 0.0
67.702 0.0 0.0
68.202 1.0 1.0
68.702 0.0 0.0
69.202 1.0 0.0
69.702 0.0 0.0
70.202 1.0 1.0
70.702 0.0 0.0
71.202 1.0 0.0
71.702 0.0 0.0
72.202 1.0 1.0
72.702 0.0 0.0
73.202 1.0 0.0
73.702 0.0 0.0
74.202 1.0 1.0
74.702 0.0 0.0
75.202 1.0 0.0
75.702 0.0 0.0
76.202 1.0 1.0
76.702 0.0 0.0
77.202 1.0 0.0
77.702 0.0 0.0
78.202 1.0 1.0
78.702 0.0 0.0
79.202 1.0 0.0
79.702 0.0 0.0
80.202 1.0 1.0
80.702 0.0 0.0
81.202 1.0 0.0
81.702 0.0 0.0
82.202 1.0 1.0
82.702 0.0 0.0
83.202 1.0 0.0
83.702 0.0 0.0
84.202 1.0 1.0
84.702 0.0 0.0
85.202 1.0 0.0
85.702 0.0 0.0
86.202 1.0 1.0
86.702 0.0 0.0
87.202 1.0 0.0
87.702 0.0 0.0
88.202 1.0 1.0
88.702 0.0 0.0
89.202 1.0 0.0
89.702 0.0 0.0
90.202 1.0 1.0
90.702 0.0 0.0
91.202 1.0 0.0
91.702 0.0 0.0
92.202 1.0 1.0
92.702 0.0 0.0
93.202 1.0 0.0
93.702 0.0 0.0
94.202 1.0 1.0
94.702 0.0 0.0
95.202 1.0 0.0
95.702 0.0 0.0
96.202 1.0 1.0
96.702 0.0 0.0
97.202 1.0 0.0
97.702 0.0 0.0
98.202 1.0 1.0
98.702 0.0 0.0
99.202 1.0 0.0
99.702 0.0 0.0
100.202 1.0 1.0
100.702 0.0 0.0
101.202 1.0 0.0
101.702 0.0 0.0
102.202 1.0 1.0
102.702 0.0 0.0
103.202 1.0 0.0
103.702 0.0 0.0
104.202 1.0 1.0
104.702 0.0 0.0
105.202 1.0 0.0
105.702 0.0 0.0
106.202 1.0 1.0
106.702 0.0 0.0
107.202 1.0 0.0
107.702 0.0 0.0
108.202 1.0 1.0
108.702 0.0 0.0
109.202 1.0 0.0
109.702 0.0 0.0
110.202 1.0 1.0
110.702 0.0 0.0
111.202 1.0 0.0
111.702 0.0 0.0
112.202 1.0 1.0
112.702 0.0 0.0
113.202 1.0 0.0
113.702 0.0 0.0
114.202 1.0 1.0
114.702 0.0 0.0
115.202 1.0 0.0
115.702 0.0 0.0
116.202 1.0 1.0
116.702 0.0 0.0
117.202 1.0 0.0
117.702 0.0 0.0
118.202 1.0 1.0
118.702 0.0 0.0
119.202 1.0 0.0
119.702 0.0 0.0
120.202 1.0 1.0
120.702 0.0 0.0
121.202 1.0 0.0
121.702 0.0 0.0
122.202 1.0 1.0
122.702 0.0 0.0
123.202 1.0 0.0
123.702 0.0 0.0
124.202 1.0 1.0
124.702 0.0 0.0
125.202 1.0 0.0
125.702 0.0 0.0
126.202 1.0 1.0
126.702 0.0 0.0
127.202 1.0 0.0
127.702 0.0 0.0
128.202 1.0 1.0
128.702 0.0 0.0
129.202 1.0 0.0
129.702 0.0 0.0
130.202 1.0 1.0
130.702 0.0 0.0
131.202 1.0 0.0
131.702 0.0 0.0
132.202 1.0 1.0
132.702 0.0 0.0
133.202 1.0 0.0
133.702 0.0 0.0
134.202 1.0 1.0
134.702 0.0 0.0
135.202 1.0 0.0
135.702 0.0 0.0
136.202 1.0 1.0
136.70199999999997 0.0 0.0
137.20199999999997 1.0 0.0
137.70199999999997 0.0 0.0
138.20199999999997 1.0 1.0
138.70199999999997 0.0 0.0
139.20199999999997 1.0 0.0
139.70199999999997 0.0 0.0
140.20199999999997 1.0 1.0
140.70199999999997 0.0 0.0
141.20199999999997 1.0 0.0
141.70199999999997 0.0 0.0
142.20199999999997 1.0 1.0
142.70199999999997 0.0 0.0
143.20199999999997 1.0 0.0
143.70199999999997 0.0 0.0
144.20199999999997 1.0 1.0
144.70199999999997 0.0 0.0
145.20199999999997 1.0 0.0
145.70199999999997 0.0 0.0
146.20199999999997 1.0 1.0
146.70199999999997 0.0 0.0
147.20199999999997 1.0 0.0
147.70199999999997 0.0 0.0
148.20199999999997 1.0 1.0
148.70199999999997 0.0 0.0
149.20199999999997 1.0 0.0
149.70199999999997 0.0 0.0
150.20199999999997 1.0 1.0
150.70199999999997 0.0 0.0
151.20199999999997 1.0 0.0
151.70199999999997 0.0 0.0
152.20199999999997 1.0 1.0
152.70199999999997 0.0 0.0
153.20199999999997 1.0 0.0
153.70199999999997 0.0 0.0
154.20199999999997 1.0 1.0
154.70199999999997 0.0 0.0
155.20199999999997 1.0 0.0
155.70199999999997 0.0 0.0
156.20199999999997 1.0 1.0
156.70199999999997 0.0 0.0
157.20199999999997 1.0 0.0
157.70199999999997 0.0 0.0
158.20199999999997 1.0 1.0
158.70199999999997 0.0 0.0
159.20199999999997 1.0 0.0
159.70199999999997 0.0 0.0
160.20199999999997 1.0 1.0
160.70199999999997 0.0 0.0
161.20199999999997 1.0 0.0
161.70199999999997 0.0 0.0
162.20199999999997 1.0 1.0
162.70199999999997 0.0 0.0
163.20199999999997 1.0 0.0
163.70199999999997 0.0 0.0
164.20199999999997 1.0 1.0
164.70199999999997 0.0 0.0
165.20199999999997 1.0 0.0
165.70199999999997 0.0 0.0
166.20199999999997 1.0 1.0
166.70199999999997 0.0 0.0
167.20199999999997 1.0 0.0
167.70199999999997 0.0 0.0
168.20199999999997 1.0 1.0
168.70199999999997 0.0 0.0
169.20199999999997 1.0 0.0
169.70199999999997 0.0 0.0
170.20199999999997 1.0 1.0
170.70199999999997 0.0 0.0
171.20199999999997 1.0 0.0
171.70199999999997 0.0 0.0
172.20199999999997 1.0 1.0
172.70199999999997 0.0 0.0
173.20199999999997 1.0 0.0
173.70199999999997 0.0 0.0
174.20199999999997 1.0 1.0
174.70199999999997 0.0 0.0
175.20199999999997 1.0 0.0
175.70199999999997 0.0 0.0
176.20199999999997 1.0 1.0
176.70199999999997 0.0 0.0
177.20199999999997 1.0 0.0
177.70199999999997 0.0 0.0
178.20199999999997 1.0 1.0
178.70199999999997 0.0 0.0
179.20199999999997 1.0 0.0
179.70199999999997 0.0 0.0
180.20199999999997 1.0 1.0
180.70199999999997 0.0 0.0
181.20199999999997 1.0 0.0
181.70199999999997 0.0 0.0
182.20199999999997 1.0 1.0
182.70199999999997 0.0 0.0
183.20199999999997 1.0 0.0
183.70199999999997 0.0 0.0
184.20199999999997 1.0 1.0
184.70199999999997 0.0 0.0
185.20199999999997 1.0 0.0
185.70199999999997 0.0 0.0
186.20199999999997 1.0 1.0
186.70199999999997 0.0 0.0
187.20199999999997 1.0 0.0
187.70199999999997 0.0 0.0
188.20199999999997 1.0 1.0
188.70199999999997 0.0 0.0
189.20199999999997 1.0 0.0
189.70199999999997 0.0 0.0
190.20199999999997 1.0 1.0
190.70199999999997 0.0 0.0
191.20199999999997 1.0 0.0
191.70199999999997 0.0 0.0
192.20199999999997 1.0 1.0
192.70199999999997 0.0 0.0
193.20199999999997 1.0 0.0
193.70199999999997 0.0 0.0
194.20199999999997 1.0 1.0
194.70199999999997 0.0 0.0
195.20199999999997 1.0 0.0
195.70199999999997 0.0 0.0
196.20199999999997 1.0 1.0
196.70199999999997 0.0 0.0
197.20199999999997 1.0 0.0
197.70199999999997 0.0 0.0
198.20199999999997 1.0 1.0
198.70199999999997 0.0 0.0
199.20199999999997 1.0 0.0
199.70199999999997 0.0 0.0
200.20199999999997 1.0 1.0
200.70199999999997 0.0 0.0
201.20199999999997 1.0 0.0
201.70199999999997 0.0 0.0
202.20199999999997 1.0 1.0
202.70199999999997 0.0 0.0
203.20199999999997 1.0 0.0
203.70199999999997 0.0 0.0
204.20199999999997 1.0 1.0
204.70199999999997 0.0 0.0
205.20199999999997 1.0 0.0
205.70199999999997 0.0 0.0
206.20199999999997 1.0 1.0
206.70199999999997 0.0 0.0
207.20199999999997 1.0 0.0
207.70199999999997 0.0 0.0
208.20199999999997 1.0 1.0
208.70199999999997 0.0 0.0
209.20199999999997 1.0 0.0
209.70199999999997 0.0 0.0
210.20199999999997 1.0 1.0
210.70199999999997 0.0 0.0
211.20199999999997 1.0 0.0
211.70199999999997 0.0 0.0
212.20199999999997 1.0 1.0
212.70199999999997 0.0 0.0
213.20199999999997 1.0 0.0
213.70199999999997 0.0 0.0
214.20199999999997 1.0 1.0
214.70199999999997 0.0 0.0
215.20199999999997 1.0 0.0
215.70199999999997 0.0 0.0
216.20199999999997 1.0 1.0
216.70199999999997 0.0 0.0
217.20199999999997 1.0 0.0
217.70199999999997 0.0 0.0
218.20199999999997 1.0 1.0
218.70199999999997 0.0 0.0
219.20199999999997 1.0 0.0
219.70199999999997 0.0 0.0
220.20199999999997 1.0 1.0
220.70199999999997 0.0 0.0
221.20199999999997 1.0 0.0
221.70199999999997 0.0 0.0
222.20199999999997 1.0 1.0
222.70199999999997 0.0 0.0
223.20199999999997 1.0 0.0
223.70199999999997 0.0 0.0
224.20199999999997 1.0 1.0
224.70199999999997 0.0 0.0
225.20199999999997 1.0 0.0
225.70199999999997 0.0 0.0
226.20199999999997 1.0 1.0
226.70199999999997 0.0 0.0
227.20199999999997 1.0 0.0
227.70199999999997 0.0 0.0
228.20199999999997 1.0 1.0
228.70199999999997 0.0 0.0
229.20199999999997 1.0 0.0
229.70199999999997 0.0 0.0
230.20199999999997 1.0 1.0
230.70199999999997 0.0 0.0
231.20199999999997 1.0 0.0
231.70199999999997 0.0 0.0
232.20199999999997 1.0 1.0
232.70199999999997 0.0 0.0
233.20199999999997 1.0 0.0
233.70199999999997 0.0 0.0
234.20199999999997 1.0 1.0
234.70199999999997 0.0 0.0
235.20199999999997 1.0 0.0
235.70199999999997 0.0 0.0
236.20199999999997 1.0 1.0
236.70199999999997 0.0 0.0
237.20199999999997 1.0 0.0
237.70199999999997 0.0 0.0
238.20199999999997 1.0 1.0
238.70199999999997 0.0 0.0
239.20199999999997 1.0 0.0
239.70199999999997 0.0 0.0
240.20199999999997 1.0 1.0
240.70199999999997 0.0 0.0
241.20199999999997 1.0 0.0
241.70199999999997 0.0 0.0
242.20199999999997 1.0 0.0
242.70199999999997 0.0 0.0
243.20199999999997 1.0 1.0
243.70199999999997 0.0 0.0
244.20199999999997 0.0 0.0