0.34099999999999997 0.0 0.0
1.341 1.0 1.0
2.341 0.0 0.0
3.341 1.0 0.0
4.341 0.0 0.0
5.341 1.0 1.0
6.341 0.0 0.0
7.341 1.0 0.0
8.341 0.0 0.0
9.341 1.0 1.0
10.341 0.0 0.0
11.341 1.0 0.0
12.341 0.0 0.0
13.341 1.0 1.0
14.341 0.0 0.0
15.341 1.0 0.0
16.341 0.0 0.0
17.341 1.0 1.0
18.341 0.0 0.0
19.341 1.0 0.0
20.341 0.0 0.0
21.341 1.0 1.0
22.341 0.0 0.0
23.341 1.0 0.0
24.341 0.0 0.0
25.341 1.0 1.0
26.341 0.0 0.0
27.341 1.0 0.0
28.341 0.0 0.0
29.341 1.0 1.0
30.341 0.0 0.0
31.341 1.0 0.0
32.341 0.0 0.0
33.341 1.0 1.0
34.33938611733333 0.0 0.0
35.334410117333334 1.0 0.0
36.329434117333335 0.0 0.0
37.324458117333336 1.0 1.0
38.32126186666667 0.0 0.0
39.32126186666667 1.0 0.0
40.32126186666667 0.0 0.0
41.32126186666667 1.0 1.0
42.32126186666667 0.0 0.0
43.32126186666667 1.0 0.0
44.32126186666667 0.0 0.0
45.32126186666667 1.0 1.0
46.32126186666667 0.0 0.0
47.32126186666667 1.0 0.0
48.32126186666667 0.0 0.0
49.32126186666667 1.0 1.0
50.32126186666667 0.0 0.0
51.32126186666667 1.0 0.0
52.32126186666667 0.0 0.0
53.32126186666667 1.0 1.0
54.32126186666667 0.0 0.0
55.32126186666667 1.0 0.0
56.32126186666667 0.0 0.0
57.32126186666667 1.0 1.0
58.32126186666667 0.0 0.0
59.32126186666667 1.0 0.0
60.32126186666667 0.0 0.0
61.32126186666667 1.0 1.0
62.32126186666667 0.0 0.0
63.32126186666667 1.0 0.0
64.32126186666666 0.0 0.0
65.32126186666666 1.0 1.0
66.32126186666666 0.0 0.0
67.32126186666666 1.0 0.0
68.32126186666666 0.0 0.0
69.32126186666666 1.0 1.0
70.32126186666666 0.0 0.0
71.32126186666666 1.0 0.0
72.32126186666666 0.0 0.0
73.32126186666666 1.0 1.0
74.32126186666666 0.0 0.0
75.32126186666666 1.0 0.0
76.32126186666666 0.0 0.0
77.32126186666666 1.0 1.0
78.32126186666666 0.0 0.0
79.32126186666666 1.0 0.0
80.32126186666666 0.0 0.0
81.32126186666666 1.0 1.0
82.32126186666666 0.0 0.0
83.32126186666666 1.0 0.0
84.32126186666666 0.0 0.0
85.32126186666666 1.0 1.0
86.32126186666666 0.0 0.0
87.32126186666666 1.0 0.0
88.32126186666666 0.0 0.0
89.32126186666666 1.0 1.0
90.32126186666666 0.0 0.0
91.32126186666666 1.0 0.0
92.32126186666666 0.0 0.0
93.32126186666666 1.0 1.0
94.32126186666666 0.0 0.0
95.32126186666666 1.0 0.0
96.32126186666666 0.0 0.0
97.32126186666666 1.0 1.0
98.32126186666666 0.0 0.0
99.32126186666666 1.0 0.0
100.32126186666666 0.0 0.0
101.32126186666666 1.0 1.0
102.32126186666666 0.0 0.0
103.32126186666666 1.0 0.0
104.32126186666666 0.0 0.0
105.32126186666666 1.0 1.0
106.32126186666665 0.0 0.0
107.32126186666665 1.0 0.0
108.32126186666665 0.0 0.0
109.32126186666665 1.0 1.0
110.32126186666665 0.0 0.0
111.32126186666665 1.0 0.0
112.32126186666665 0.0 0.0
113.32126186666665 1.0 1.0
114.32126186666665 0.0 0.0
115.32126186666665 1.0 0.0
116.32126186666665 0.0 0.0
117.32126186666665 1.0 1.0
118.32126186666665 0.0 0.0
119.32126186666665 1.0 0.0
120.32126186666665 0.0 0.0
121.32126186666665 1.0 1.0
122.32126186666665 0.0 0.0
123.32126186666665 1.0 0.0
124.32126186666665 0.0 0.0
125.32126186666665 1.0 1.0
126.32126186666665 0.0 0.0
127.32126186666665 1.0 0.0
128.32126186666667 0.0 0.0
129.32126186666667 1.0 1.0
130.32126186666667 0.0 0.0
131.32126186666667 1.0 0.0
132.32126186666667 0.0 0.0
133.32126186666667 1.0 1.0
134.32126186666667 0.0 0.0
135.32126186666667 1.0 0.0
136.32126186666667 0.0 0.0
137.32126186666667 1.0 1.0
138.32126186666667 0.0 0.0
139.32126186666667 1.0 0.0
140.32126186666667 0.0 0.0
141.32126186666667 1.0 1.0
142.32126186666667 0.0 0.0
143.32126186666667 1.0 0.0
144.32126186666667 0.0 0.0
145.32126186666667 1.0 1.0
146.32126186666667 0.0 0.0
147.32126186666667 1.0 0.0
148.32126186666667 0.0 0.0
149.32126186666667 1.0 0.0
150.32126186666667 0.0 0.0
151.32126186666667 1.0 1.0
152.32126186666667 0.0 0.0
153.32126186666667 1.0 0.0
154.32126186666667 0.0 0.0
155.32126186666667 1.0 1.0
156.32126186666667 0.0 0.0
157.32126186666667 1.0 0.0
158.32126186666667 0.0 0.0
159.32126186666667 1.0 1.0
160.32126186666667 0.0 0.0
161.32126186666667 1.0 0.0
162.32126186666667 0.0 0.0
163.32126186666667 1.0 1.0
164.32126186666667 0.0 0.0
165.32126186666667 1.0 0.0
166.32126186666665 0.0 0.0
167.32126186666665 1.0 1.0
168.32126186666665 0.0 0.0
169.32126186666665 1.0 0.0
170.32126186666665 0.0 0.0
171.32126186666665 1.0 1.0
172.32126186666665 0.0 0.0
173.32126186666665 1.0 0.0
174.32126186666665 0.0 0.0
175.32126186666665 1.0 1.0
176.32126186666665 0.0 0.0
177.32126186666665 1.0 0.0
178.32126186666665 0.0 0.0
179.32126186666665 1.0 1.0
180.32126186666665 0.0 0.0
181.32126186666665 1.0 0.0
182.32126186666665 0.0 0.0
183.32126186666665 1.0 1.0
184.32126186666665 0.0 0.0
185.32126186666665 1.0 0.0
186.32126186666665 0.0 0.0
187.32126186666665 1.0 1.0
188.32126186666665 0.0 0.0
189.32126186666665 1.0 0.0
190.32126186666665 0.0 0.0
191.32126186666665 1.0 1.0
192.32126186666665 0.0 0.0
193.32126186666665 1.0 0.0
194.32126186666665 0.0 0.0
195.32126186666665 1.0 1.0
196.32126186666665 0.0 0.0
197.32126186666665 1.0 0.0
198.32126186666665 0.0 0.0
199.32126186666665 1.0 1.0
200.32126186666665 0.0 0.0
201.32126186666665 1.0 0.0
202.32126186666665 0.0 0.0
203.32126186666665 1.0 1.0
204.32126186666665 0.0 0.0
205.32126186666665 1.0 0.0
206.32126186666665 0.0 0.0
207.32126186666665 1.0 1.0
208.32126186666665 0.0 0.0
209.32126186666665 1.0 0.0
210.32126186666665 0.0 0.0
211.32126186666665 1.0 1.0
212.32126186666665 0.0 0.0
213.32126186666665 1.0 0.0
214.32126186666665 0.0 0.0
215.32126186666665 1.0 1.0
216.32126186666665 0.0 0.0
217.32126186666665 1.0 0.0
218.32126186666665 0.0 0.0
219.32126186666665 1.0 1.0
220.32126186666665 0.0 0.0
221.32126186666665 1.0 0.0
222.32126186666665 0.0 0.0
223.32126186666665 1.0 1.0
224.32126186666665 0.0 0.0
225.32126186666665 1.0 0.0
226.32126186666665 0.0 0.0
227.32126186666665 1.0 1.0
228.32126186666665 0.0 0.0
229.32126186666665 1.0 1.0
230.32126186666665 0.0 0.0
231.32126186666665 0.0 0.0
232.32126186666665 1.0 0.0
233.32126186666665 0.0 0.0
234.32126186666665 1.0 1.0
235.32126186666665 0.0 0.0
236.32126186666665 1.0 0.0
237.32126186666665 0.0 0.0
238.32126186666665 1.0 0.0
239.32126186666665 0.0 0.0