0.08499999999999996 1.0 0.0
1.085 0.0 0.0
2.085 1.0 1.0
3.085 0.0 0.0
4.085 1.0 0.0
5.085 0.0 0.0
6.085 1.0 1.0
7.085 0.0 0.0
8.085 1.0 0.0
9.085 0.0 0.0
10.085 1.0 1.0
11.085 0.0 0.0
12.085 1.0 0.0
13.085 0.0 0.0
14.085 1.0 1.0
15.085 0.0 0.0
16.085 1.0 0.0
17.085 0.0 0.0
18.085 1.0 1.0
19.085 0.0 0.0
20.085 1.0 0.0
21.085 0.0 0.0
22.085 1.0 1.0
23.085 0.0 0.0
24.085 1.0 0.0
25.085 0.0 0.0
26.085 1.0 1.0
27.085 0.0 0.0
28.085 1.0 0.0
29.085 0.0 0.0
30.085 1.0 1.0
31.085 0.0 0.0
32.085 1.0 0.0
33.085 0.0 0.0
34.085 1.0 1.0
35.085 0.0 0.0
36.085 1.0 0.0
37.085 0.0 0.0
38.085 1.0 1.0
39.085 0.0 0.0
40.085 1.0 0.0
41.085 0.0 0.0
42.085 1.0 1.0
43.085 0.0 0.0
44.085 1.0 0.0
45.085 0.0 0.0
46.085 1.0 1.0
47.085 0.0 0.0
48.085 1.0 0.0
49.085 0.0 0.0
50.085 1.0 1.0
51.085 0.0 0.0
52.085 1.0 0.0
53.085 0.0 0.0
54.085 1.0 1.0
55.085 0.0 0.0
56.085 1.0 0.0
57.085 0.0 0.0
58.085 1.0 1.0
59.085 0.0 0.0
60.085 1.0 0.0
61.085 0.0 0.0
62.085 1.0 1.0
63.085 0.0 0.0
64.085 1.0 0.0
65.085 0.0 0.0
66.085 1.0 1.0
67.085 0.0 0.0
68.085 1.0 0.0
69.085 0.0 0.0
70.085 1.0 1.0
71.085 0.0 0.0
72.085 1.0 0.0
73.085 0.0 0.0
74.085 1.0 1.0
75.085 0.0 0.0
76.085 1.0 0.0
77.085 0.0 0.0
78.085 1.0 1.0
79.085 0.0 0.0
80.085 1.0 0.0
81.085 0.0 0.0
82.085 1.0 1.0
83.085 0.0 0.0
84.085 1.0 0.0
85.085 0.0 0.0
86.08428034333333 1.0 1.0
87.07601634333332 0.0 0.0
88.06775234333332 1.0 0.0
89.0601047 0.0 0.0
90.0601047 1.0 1.0
91.0601047 0.0 0.0
92.0601047 1.0 0.0
93.0601047 0.0 0.0
94.0601047 1.0 1.0
95.0601047 0.0 0.0
96.0601047 1.0 0.0
97.0601047 0.0 0.0
98.0601047 1.0 1.0
99.0601047 0.0 0.0
100.0601047 1.0 1.0
101.0601047 0.0 0.0
102.0601047 1.0 0.0
103.0601047 0.0 0.0
104.0601047 1.0 1.0
105.0601047 0.0 0.0
106.0601047 1.0 0.0
107.0601047 0.0 0.0
108.0601047 1.0 1.0
109.0601047 0.0 0.0
110.0601047 1.0 0.0
111.0601047 0.0 0.0
112.0601047 1.0 1.0
113.0601047 0.0 0.0
114.0601047 1.0 0.0
115.0601047 0.0 0.0
116.0601047 1.0 1.0
117.0601047 0.0 0.0
118.0601047 1.0 0.0
119.0601047 0.0 0.0
120.0601047 1.0 1.0
121.0601047 0.0 0.0
122.0601047 1.0 0.0
123.0601047 0.0 0.0
124.0601047 1.0 1.0
125.0601047 0.0 0.0
126.0601047 1.0 0.0
127.0601047 0.0 0.0
128.0601047 1.0 1.0
129.0601047 0.0 0.0
130.0601047 1.0 0.0
131.0601047 0.0 0.0
132.0601047 1.0 1.0
133.0601047 0.0 0.0
134.0601047 1.0 0.0
135.0601047 0.0 0.0
136.0601047 1.0 1.0
137.0601047 0.0 0.0
138.0601047 1.0 0.0
139.0601047 0.0 0.0
140.0601047 1.0 1.0
141.0601047 0.0 0.0
142.0601047 1.0 0.0
143.0601047 0.0 0.0
144.0601047 1.0 1.0
145.0601047 0.0 0.0
146.0601047 1.0 0.0
147.0601047 0.0 0.0
148.0601047 1.0 1.0
149.0601047 0.0 0.0
150.0601047 1.0 1.0
151.0601047 0.0 0.0
152.0601047 1.0 0.0
153.0601047 0.0 0.0
154.0601047 1.0 1.0
155.0601047 0.0 0.0
156.0601047 1.0 0.0
157.0601047 0.0 0.0
158.0601047 1.0 1.0
159.0601047 0.0 0.0
160.0601047 1.0 0.0
161.0601047 0.0 0.0
162.0601047 1.0 1.0
163.0601047 0.0 0.0
164.0601047 1.0 0.0
165.0601047 0.0 0.0
166.0601047 1.0 1.0
167.0601047 0.0 0.0
168.0601047 1.0 0.0
169.0601047 0.0 0.0
170.0601047 1.0 1.0
171.0601047 0.0 0.0
172.0601047 1.0 0.0
173.0601047 0.0 0.0
174.0601047 1.0 1.0
175.0601047 0.0 0.0
176.0601047 1.0 0.0
177.0601047 0.0 0.0
178.0601047 1.0 1.0
179.0601047 0.0 0.0
180.0601047 1.0 0.0
181.0601047 0.0 0.0
182.0601047 1.0 1.0
183.0601047 0.0 0.0
184.0601047 1.0 0.0
185.0601047 0.0 0.0
186.0601047 1.0 1.0
187.0601047 0.0 0.0
188.0601047 1.0 0.0
189.0601047 0.0 0.0
190.0601047 1.0 1.0
191.0601047 0.0 0.0
192.0601047 1.0 0.0
193.0601047 0.0 0.0
194.0601047 1.0 1.0
195.0601047 0.0 0.0
196.0601047 1.0 0.0
197.0601047 0.0 0.0
198.0601047 1.0 1.0
199.0601047 0.0 0.0
200.0601047 1.0 0.0
201.0601047 0.0 0.0
202.0601047 1.0 1.0
203.0601047 0.0 0.0
204.0601047 1.0 0.0
205.0601047 0.0 0.0
206.0601047 1.0 1.0
207.0601047 0.0 0.0
208.0601047 1.0 0.0
209.0601047 0.0 0.0
210.0601047 1.0 1.0
211.0601047 0.0 0.0
212.0601047 1.0 0.0
213.0601047 0.0 0.0
214.0601047 1.0 1.0
215.0601047 0.0 0.0
216.0601047 1.0 0.0
217.0601047 0.0 0.0
218.0601047 1.0 1.0
219.0601047 0.0 0.0
220.0601047 1.0 0.0
221.0601047 0.0 0.0
222.0601047 1.0 1.0
223.0601047 0.0 0.0
224.0601047 1.0 0.0
225.0601047 0.0 0.0
226.0601047 1.0 1.0
227.0601047 0.0 0.0
228.0601047 1.0 0.0
229.0601047 0.0 0.0
230.0601047 1.0 1.0
231.0601047 0.0 0.0
232.0601047 1.0 0.0
233.0601047 0.0 0.0
234.0601047 1.0 1.0
235.0601047 0.0 0.0
236.0601047 1.0 0.0
237.0601047 0.0 0.0
238.0601047 1.0 1.0
239.0601047 0.0 0.0
240.0601047 1.0 0.0
241.0601047 0.0 0.0
242.0601047 1.0 1.0
243.0601047 0.0 0.0
244.0601047 1.0 1.0
245.0601047 0.0 0.0
246.0601047 0.0 0.0
247.0601047 1.0 1.0
248.0601047 0.0 0.0