0.47499923999999993 0.0 0.0
1.3083312399999998 1.0 1.0
2.1416632399999997 0.0 0.0
2.9749952399999997 1.0 0.0
3.8083272400000006 0.0 0.0
4.64165924 1.0 1.0
5.4749912400000005 0.0 0.0
6.30832324 1.0 0.0
7.14165524 0.0 0.0
7.97498724 1.0 1.0
8.80831924 0.0 0.0
9.64165124 1.0 0.0
10.47498324 0.0 0.0
11.30831524 1.0 1.0
12.14164724 0.0 0.0
12.97497924 1.0 0.0
13.80831124 0.0 0.0
14.64164324 1.0 1.0
15.47497524 0.0 0.0
16.308307239999998 1.0 0.0
17.14163924 0.0 0.0
17.97497124 1.0 1.0
18.80830324 0.0 0.0
19.64163524 1.0 0.0
20.474967239999998 0.0 0.0
21.30829924 1.0 1.0
22.14163124 0.0 0.0
22.974963239999997 1.0 0.0
23.80829524 0.0 0.0
24.64162724 1.0 1.0
25.47495924 0.0 0.0
26.30829124 1.0 0.0
27.141623239999998 0.0 0.0
27.97495524 1.0 1.0
28.808287239999995 0.0 0.0
29.641619239999997 1.0 0.0
30.474951239999996 0.0 0.0
31.308283239999994 1.0 1.0
32.14161523999999 0.0 0.0
32.97494724 1.0 0.0
33.80827924 0.0 0.0
34.641611239999996 1.0 1.0
35.474943239999995 0.0 0.0
36.30827523999999 1.0 0.0
37.14160723999999 0.0 0.0
37.97493924 1.0 1.0
38.808271239999996 0.0 0.0
39.641603239999995 1.0 0.0
40.47493523999999 0.0 0.0
41.30826723999999 1.0 1.0
42.14159924 0.0 0.0
42.97493124 1.0 0.0
43.808263239999995 0.0 0.0
44.641595239999994 1.0 1.0
45.47492723999999 0.0 0.0
46.30825923999999 1.0 0.0
47.14159124 0.0 0.0
47.974923239999995 1.0 1.0
48.808255239999994 0.0 0.0
49.64158723999999 1.0 0.0
50.47491923999999 0.0 0.0
51.30825124 1.0 1.0
52.141583239999996 0.0 0.0
52.974915239999994 1.0 0.0
53.80824723999999 0.0 0.0
54.64157923999999 1.0 1.0
55.47491123999999 0.0 0.0
56.308243239999996 1.0 0.0
57.141575239999995 0.0 0.0
57.97490723999999 1.0 1.0
58.80823923999999 0.0 0.0
59.64157123999999 1.0 0.0
60.474903239999996 0.0 0.0
61.308235239999995 1.0 1.0
62.14156723999999 0.0 0.0
62.97489923999999 1.0 0.0
63.80823123999999 0.0 0.0
64.64156324 1.0 1.0
65.47489524 0.0 0.0
66.30822724 1.0 0.0
67.14155923999999 0.0 0.0
67.97489123999999 1.0 1.0
68.80822323999999 0.0 0.0
69.64155523999999 1.0 0.0
70.47488723999999 0.0 0.0
71.30821924 1.0 1.0
72.14155124 0.0 0.0
72.97488324 1.0 0.0
73.80821524 0.0 0.0
74.64154724 1.0 1.0
75.47487923999999 0.0 0.0
76.30821123999999 1.0 0.0
77.14154323999999 0.0 0.0
77.97487523999999 1.0 1.0
78.80820723999999 0.0 0.0
79.64153923999999 1.0 0.0
80.47487124 0.0 0.0
81.30820324 1.0 1.0
82.14153524 0.0 0.0
82.97486724 1.0 0.0
83.80819924 0.0 0.0
84.64153123999999 1.0 1.0
85.47486323999999 0.0 0.0
86.30819523999999 1.0 0.0
87.14152723999999 0.0 0.0
87.97485923999999 1.0 1.0
88.80819123999999 0.0 0.0
89.64152324 1.0 0.0
90.47485524 0.0 0.0
91.30818724 1.0 1.0
92.14151924 0.0 0.0
92.97485123999999 1.0 0.0
93.80818323999999 0.0 0.0
94.64151523999999 1.0 1.0
95.47484723999999 0.0 0.0
96.30817923999999 1.0 0.0
97.14151123999999 0.0 0.0
97.97484323999998 1.0 1.0
98.80817524 0.0 0.0
99.64150724 1.0 0.0
100.47483924 0.0 0.0
101.30817124 1.0 1.0
102.14150323999999 0.0 0.0
102.97483523999999 1.0 0.0
103.80816723999999 0.0 0.0
104.64149923999999 1.0 1.0
105.47483123999999 0.0 0.0
106.30816323999998 1.0 0.0
107.14149523999998 0.0 0.0
107.97482724 1.0 1.0
108.80815924 0.0 0.0
109.64149124 1.0 0.0
110.47482323999999 0.0 0.0
111.30815523999999 1.0 1.0
112.14148723999999 0.0 0.0
112.97481923999999 1.0 0.0
113.80815123999997 0.0 0.0
114.64148323999997 1.0 1.0
115.47481523999998 0.0 0.0
116.30814723999998 1.0 0.0
117.14147923999998 0.0 0.0
117.97481123999998 1.0 1.0
118.80814323999998 0.0 0.0
119.64147523999998 1.0 0.0
120.47480723999998 0.0 0.0
121.30813923999997 1.0 1.0
122.14147123999997 0.0 0.0
122.97480323999997 1.0 0.0
123.80813523999997 0.0 0.0
124.64146723999998 1.0 1.0
125.47479923999998 0.0 0.0
126.30813123999998 1.0 1.0
127.14146323999998 0.0 0.0
127.97479523999998 1.0 0.0
128.80812723999998 0.0 0.0
129.64145924 1.0 1.0
130.47479123999997 0.0 0.0
131.30812324 1.0 0.0
132.14145523999997 0.0 0.0
132.97478723999998 1.0 1.0
133.80811923999997 0.0 0.0
134.64145123999998 1.0 0.0
135.47478323999997 0.0 0.0
136.30811523999998 1.0 1.0
137.14144723999996 0.0 0.0
137.97477923999998 1.0 0.0
138.80811124 0.0 0.0
139.64144323999997 1.0 1.0
140.47477523999999 0.0 0.0
141.30810723999997 1.0 0.0
142.14143923999998 0.0 0.0
142.97477123999997 1.0 1.0
143.80810323999998 0.0 0.0
144.64143523999996 1.0 0.0
145.47476723999998 0.0 0.0
146.30809923999996 1.0 1.0
147.14143123999997 0.0 0.0
147.97476324 1.0 0.0
148.80809523999997 0.0 0.0
149.64142723999998 1.0 1.0
150.47475923999997 0.0 0.0
151.30809123999998 1.0 0.0
152.14142323999997 0.0 0.0
152.97475523999998 1.0 1.0
153.80808723999996 0.0 0.0
154.64141923999998 1.0 0.0
155.47475123999996 0.0 0.0
156.30808323999997 1.0 1.0
157.14141524 0.0 0.0
157.97474723999997 1.0 0.0
158.80807923999998 0.0 0.0
159.64141123999997 1.0 1.0
160.47474323999998 0.0 0.0
161.30807523999997 1.0 0.0
162.14140723999998 0.0 0.0
162.97473923999996 1.0 1.0
163.80807123999998 0.0 0.0
164.64140323999996 1.0 0.0
165.47473523999997 0.0 0.0
166.30806723999999 1.0 1.0
167.14139923999997 0.0 0.0
167.97473123999998 1.0 0.0
168.80806323999997 0.0 0.0
169.64139523999998 1.0 1.0
170.47472723999996 0.0 0.0
171.30805923999998 1.0 0.0
172.14139123999996 0.0 0.0
172.97472323999997 1.0 1.0
173.80805523999996 0.0 0.0
174.64138723999997 1.0 0.0
175.47471923999998 0.0 0.0
176.30805123999997 1.0 1.0
177.14138323999998 0.0 0.0
177.97471523999997 1.0 0.0
178.80804723999998 0.0 0.0
179.64137923999996 1.0 1.0
180.47471123999998 0.0 0.0
181.30804323999996 1.0 0.0
182.14137523999997 0.0 0.0
182.97470724 1.0 1.0
183.80803923999997 0.0 0.0
184.64137123999998 1.0 0.0
185.47470323999997 0.0 0.0
186.30803523999998 1.0 1.0
187.14136723999997 0.0 0.0
187.97469923999998 1.0 0.0
188.80803123999996 0.0 0.0
189.64136323999998 1.0 1.0
190.47469523999996 0.0 0.0
191.30802723999997 1.0 0.0
192.14135923999999 0.0 0.0
192.97469123999997 1.0 1.0
193.80802323999998 0.0 0.0
194.64135523999997 1.0 0.0
195.47468723999998 0.0 0.0
196.30801923999996 1.0 1.0
197.14135123999998 0.0 0.0
197.97468323999996 1.0 0.0
198.80801523999997 0.0 0.0
199.64134723999996 1.0 1.0
200.47467923999997 0.0 0.0
201.30801123999998 1.0 0.0
202.14134323999997 0.0 0.0
202.97467523999998 1.0 0.0
203.80800723999997 0.0 0.0