0.40285674 0.0 0.0
1.2599987400000001 1.0 1.0
2.11714074 0.0 0.0
2.97428274 1.0 1.0
3.83142474 0.0 0.0
4.68856674 0.0 0.0
5.54570874 1.0 1.0
6.40285074 0.0 0.0
7.259992740000001 1.0 0.0
8.117134740000001 0.0 0.0
8.97427674 1.0 0.0
9.831418740000002 0.0 0.0
10.688560740000002 1.0 1.0
11.545702740000001 0.0 0.0
12.40284474 1.0 0.0
13.259986740000002 0.0 0.0
14.11712874 1.0 1.0
14.974270739999998 0.0 0.0
15.831412739999998 1.0 0.0
16.688554739999997 0.0 0.0
17.545696739999997 1.0 1.0
18.40283874 0.0 0.0
19.25998074 1.0 0.0
20.11712274 0.0 0.0
20.97426474 1.0 1.0
21.83140674 0.0 0.0
22.688548739999998 1.0 0.0
23.545690739999998 0.0 0.0
24.402832739999997 1.0 1.0
25.259974739999997 0.0 0.0
26.11711674 1.0 0.0
26.97425874 0.0 0.0
27.83140074 1.0 1.0
28.68854274 0.0 0.0
29.54568474 1.0 0.0
30.40282674 0.0 0.0
31.259968739999998 1.0 1.0
32.11711074 0.0 0.0
32.97425274 1.0 0.0
33.83139474 0.0 0.0
34.688536739999996 1.0 1.0
35.54567874 0.0 0.0
36.40282074 1.0 0.0
37.25996274 0.0 0.0
38.11710474 1.0 1.0
38.97424674 0.0 0.0
39.83138874 1.0 0.0
40.68853074 0.0 0.0
41.54567274 1.0 1.0
42.40281474 0.0 0.0
43.25995674 1.0 0.0
44.11709874 0.0 0.0
44.97424074 1.0 1.0
45.83138274 0.0 0.0
46.68852474 1.0 0.0
47.54566674 0.0 0.0
48.40280874 1.0 1.0
49.25995074 0.0 0.0
50.11709274 1.0 0.0
50.97423474 0.0 0.0
51.83137674 1.0 1.0
52.68851874 0.0 0.0
53.54566074 1.0 0.0
54.40280274 0.0 0.0
55.25994474 1.0 1.0
56.11708674 0.0 0.0
56.97422874 1.0 0.0
57.83137074 0.0 0.0
58.68851274 1.0 1.0
59.54565474 0.0 0.0
60.40279674 1.0 0.0
61.25993874 0.0 0.0
62.11708074 1.0 1.0
62.97422274 0.0 0.0
63.83136474 1.0 0.0
64.68850674 0.0 0.0
65.54564874 1.0 1.0
66.40279074 0.0 0.0
67.25993274 1.0 0.0
68.11707474 0.0 0.0
68.97421674 1.0 1.0
69.83135874 0.0 0.0
70.68850074 1.0 0.0
71.54564274 0.0 0.0
72.40278474 1.0 1.0
73.25992674 0.0 0.0
74.11706874000001 1.0 0.0
74.97421074 0.0 0.0
75.83135274 1.0 1.0
76.68849474 0.0 0.0
77.54563674 1.0 0.0
78.40277874 0.0 0.0
79.25992074 1.0 1.0
80.11706274000001 0.0 0.0
80.97420474 1.0 0.0
81.83134674 0.0 0.0
82.68848874 1.0 1.0
83.54563074000001 0.0 0.0
84.40277274 1.0 0.0
85.25991474 0.0 0.0
86.11705674 1.0 1.0
86.97419874 0.0 0.0
87.83134074 1.0 0.0
88.68848274 0.0 0.0
89.54562474000001 1.0 1.0
90.40276674 0.0 0.0
91.25990874 1.0 0.0
92.11705074 0.0 0.0
92.97419274 1.0 1.0
93.83133474 0.0 0.0
94.68847674 1.0 0.0
95.54561874000001 0.0 0.0
96.40276074 1.0 1.0
97.25990274 0.0 0.0
98.11704474 1.0 0.0
98.97418674000001 0.0 0.0
99.83132874 1.0 1.0
100.68847074 0.0 0.0
101.54561274 1.0 0.0
102.40275474 0.0 0.0
103.25989674 1.0 1.0
104.11703874 0.0 0.0
104.97418074000001 1.0 0.0
105.83132274 0.0 0.0
106.68846474 1.0 1.0
107.54560674 0.0 0.0
108.40274874 1.0 0.0
109.25989074 0.0 0.0
110.11703274 1.0 1.0
110.97417474000001 0.0 0.0
111.83131674 1.0 0.0
112.68845874 0.0 0.0
113.54560074 1.0 1.0
114.40274274000001 0.0 0.0
115.25988474 1.0 0.0
116.11702674 0.0 0.0
116.97416874000001 1.0 1.0
117.83131074000002 0.0 0.0
118.68845274000002 1.0 0.0
119.54559474000001 0.0 0.0
120.40273674000002 1.0 1.0
121.25987874000002 0.0 0.0
122.11702074000002 1.0 0.0
122.97416274000001 0.0 0.0
123.83130474000002 1.0 1.0
124.68844674000002 0.0 0.0
125.54558874000001 1.0 0.0
126.40273074000002 0.0 0.0
127.25987274000002 1.0 1.0
128.11701474000003 0.0 0.0
128.97415674 1.0 0.0
129.83129874000002 0.0 0.0
130.68844074 1.0 1.0
131.54558274000001 0.0 0.0
132.40272474000002 1.0 0.0
133.25986674 0.0 0.0
134.11700874000002 1.0 0.0
134.97415074000003 0.0 0.0
135.83129274 1.0 1.0
136.68843474000002 0.0 0.0
137.54557674000003 1.0 0.0
138.40271874 0.0 0.0
139.25986074000002 1.0 1.0
140.11700274 0.0 0.0
140.97414474 1.0 0.0
141.83128674000002 0.0 0.0
142.68842874 1.0 1.0
143.54557074000002 0.0 0.0
144.40271274000003 1.0 0.0
145.25985474 0.0 0.0
146.11699674000002 1.0 1.0
146.97413874000003 0.0 0.0
147.83128074 1.0 0.0
148.68842274000002 0.0 0.0
149.54556474000003 1.0 1.0
150.40270674 0.0 0.0
151.25984874000002 1.0 0.0
152.11699074 0.0 0.0
152.97413274000002 1.0 1.0
153.83127474000003 0.0 0.0
154.68841674 1.0 0.0
155.54555874000002 0.0 0.0
156.40270074000003 1.0 1.0
157.25984274 0.0 0.0
158.11698474000002 1.0 0.0
158.97412674000003 0.0 0.0
159.83126874 1.0 1.0
160.68841074000002 0.0 0.0
161.54555274 1.0 0.0
162.40269474000002 0.0 0.0
163.25983674000003 1.0 1.0
164.11697874 0.0 0.0
164.97412074000002 1.0 0.0
165.83126274000003 0.0 0.0
166.68840474 1.0 1.0
167.54554674000002 0.0 0.0
168.40268874000003 1.0 0.0
169.25983074 0.0 0.0
170.11697274000002 1.0 1.0
170.97411474000003 0.0 0.0
171.83125674000001 1.0 0.0
172.68839874000003 0.0 0.0
173.54554074 1.0 1.0
174.40268274000002 0.0 0.0
175.25982474000003 1.0 0.0
176.11696674 0.0 0.0
176.97410874000002 1.0 0.0
177.83125074000003 0.0 0.0
178.68839274 1.0 1.0
179.54553474000002 0.0 0.0
180.40267674000003 1.0 0.0
181.25981874000001 0.0 0.0
182.11696074000002 1.0 1.0
182.97410274 0.0 0.0
183.83124474000002 1.0 0.0
184.68838674000003 0.0 0.0
185.54552874 1.0 1.0
186.40267074000002 0.0 0.0
187.25981274000003 1.0 0.0
188.11695474 0.0 0.0
188.97409674000002 1.0 1.0
189.83123874000003 0.0 0.0
190.68838074 1.0 0.0
191.54552274000002 0.0 0.0
192.40266474000003 1.0 1.0
193.25980674000002 0.0 0.0
194.11694874000003 1.0 0.0
194.97409074 0.0 0.0
195.83123274000002 1.0 1.0
196.68837474000003 0.0 0.0
197.54551674 1.0 0.0
198.40265874000002 0.0 0.0
199.25980074000003 1.0 1.0
200.11694274 0.0 0.0
200.97408474000002 1.0 0.0
201.83122674000003 0.0 0.0
202.68836874000002 1.0 1.0
203.54551074000003 0.0 0.0
204.40265274 1.0 0.0
205.25979474000002 0.0 0.0
206.11693674000003 1.0 1.0
206.97407874 0.0 0.0
207.83122074000002 1.0 0.0
208.68836274000003 0.0 0.0
209.54550474 1.0 1.0
210.40264674000002 0.0 0.0
211.25978874000003 1.0 0.0
212.11693074000002 0.0 0.0
212.97407274000003 1.0 1.0
213.83121474000004 0.0 0.0
214.68835674000002 1.0 0.0
215.54549874000003 0.0 0.0
216.40264074 1.0 1.0
217.25978274000002 0.0 0.0
218.11692474000003 1.0 0.0
218.97406674 0.0 0.0
219.83120874000002 1.0 1.0
220.68835074000003 0.0 0.0
221.54549274000001 1.0 0.0
222.40263474000002 0.0 0.0
223.25977674000004 1.0 1.0
224.11691874000002 0.0 0.0
224.97406074000003 1.0 0.0
225.83120274 0.0 0.0
226.68834474000002 1.0 1.0
227.54548674000003 0.0 0.0
228.40262874 1.0 0.0
229.25977074000002 0.0 0.0
230.11691274000003 1.0 1.0
230.97405474 0.0 0.0
231.83119674000002 1.0 0.0
232.68833874000003 0.0 0.0
233.54548074000002 1.0 1.0
234.40262274000003 0.0 0.0
235.25976474 1.0 0.0
236.11690674000002 0.0 0.0
236.97404874000003 1.0 1.0
237.83119074 0.0 0.0
238.68833274000002 1.0 0.0
239.54547474000003 0.0 0.0
240.40261674 1.0 1.0
241.25975874000002 0.0 0.0
242.11690074000003 1.0 0.0
242.97404274000002 0.0 0.0
243.83118474000003 1.0 1.0
244.68832674000004 0.0 0.0
245.54546874000002 1.0 0.0
246.40261074000003 0.0 0.0
247.25975274 1.0 1.0
248.11689474000002 0.0 0.0
248.97403674000003 1.0 0.0
249.83117874 0.0 0.0
250.68832074000002 1.0 1.0
251.54546274000003 0.0 0.0
252.40260474000002 1.0 0.0
253.25974674000003 0.0 0.0
254.11688874000004 1.0 1.0
254.97403074000002 0.0 0.0
255.83117274000003 1.0 0.0
256.68831474 0.0 0.0
257.54545674 1.0 0.0
258.40259874000003 0.0 0.0
259.25974074000004 1.0 1.0