0.682655207 1.0 0.0
1.5391862070000002 0.0 0.0
2.395717207 1.0 1.0
3.252248207 0.0 0.0
4.1087792069999995 1.0 0.0
4.965310207 0.0 0.0
5.821841206999999 1.0 1.0
6.678372207 0.0 0.0
7.534903207000001 1.0 0.0
8.391434207000001 0.0 0.0
9.247965207 1.0 1.0
10.104496207 0.0 0.0
10.961027207 1.0 0.0
11.817558207000001 0.0 0.0
12.674089207 1.0 1.0
13.530620207 0.0 0.0
14.387151207 1.0 0.0
15.243682206999999 0.0 0.0
16.100213207 1.0 1.0
16.956744207 0.0 0.0
17.813275207 1.0 0.0
18.669806207 0.0 0.0
19.526337206999997 1.0 1.0
20.382868206999998 0.0 0.0
21.239399206999998 1.0 0.0
22.095930207 0.0 0.0
22.952461207 1.0 1.0
23.808992207 0.0 0.0
24.665523207 1.0 0.0
25.522054207 0.0 0.0
26.378585207 1.0 1.0
27.235116206999997 0.0 0.0
28.091647206999994 1.0 0.0
28.948178206999994 0.0 0.0
29.804709206999995 1.0 1.0
30.661240206999995 0.0 0.0
31.517771206999996 1.0 0.0
32.37430220699999 0.0 0.0
33.230833206999996 1.0 1.0
34.08736420699999 0.0 0.0
34.943895207 1.0 0.0
35.800426206999994 0.0 0.0
36.656957207 1.0 1.0
37.513488206999995 0.0 0.0
38.370019207 1.0 0.0
39.226550206999995 0.0 0.0
40.08308120699999 1.0 1.0
40.939612206999996 0.0 0.0
41.79614320699999 1.0 0.0
42.652674207 0.0 0.0
43.509205206999994 1.0 0.0
44.365736207 0.0 0.0
45.222267206999994 1.0 1.0
46.078798207 0.0 0.0
46.935329206999995 1.0 0.0
47.79186020699999 0.0 0.0
48.648391206999996 1.0 1.0
49.50492220699999 0.0 0.0
50.361453207 1.0 0.0
51.21798420699999 0.0 0.0
52.074515207 1.0 1.0
52.931046206999994 0.0 0.0
53.787577207 1.0 0.0
54.644108206999995 0.0 0.0
55.50063920699999 1.0 1.0
56.357170206999996 0.0 0.0
57.21370120699999 1.0 0.0
58.070232207 0.0 0.0
58.92676320699999 1.0 1.0
59.783294207 0.0 0.0
60.639825206999994 1.0 0.0
61.496356207 0.0 0.0
62.352887206999995 1.0 1.0
63.20941820699999 0.0 0.0
64.06594920699999 1.0 0.0
64.92248020699999 0.0 0.0
65.779011207 1.0 1.0
66.635542207 0.0 0.0
67.49207320699999 1.0 0.0
68.348604207 0.0 0.0
69.205135207 1.0 1.0
70.061666207 0.0 0.0
70.91819720699999 1.0 0.0
71.774728207 0.0 0.0
72.631259207 1.0 1.0
73.48779020699999 0.0 0.0
74.344321207 1.0 0.0
75.200852207 0.0 0.0
76.057383207 1.0 1.0
76.91391420699999 0.0 0.0
77.770445207 1.0 0.0
78.626976207 0.0 0.0
79.48350720699999 1.0 1.0
80.34003820699999 0.0 0.0
81.196569207 1.0 0.0
82.053100207 0.0 0.0
82.90963120699999 1.0 1.0
83.766162207 0.0 0.0
84.622693207 1.0 0.0
85.479224207 0.0 0.0
86.33575520699999 1.0 1.0
87.192286207 0.0 0.0
88.048817207 1.0 0.0
88.90534820699999 0.0 0.0
89.76187920699999 1.0 1.0
90.618410207 0.0 0.0
91.474941207 1.0 0.0
92.33147220699999 0.0 0.0
93.188003207 1.0 1.0
94.044534207 0.0 0.0
94.90106520699999 1.0 0.0
95.75759620699999 0.0 0.0
96.614127207 1.0 1.0
97.470658207 0.0 0.0
98.32718920699999 1.0 0.0
99.183720207 0.0 0.0
100.040251207 1.0 1.0
100.896782207 0.0 0.0
101.75331320699999 1.0 0.0
102.609844207 0.0 0.0
103.466375207 1.0 1.0
104.32290620699999 0.0 0.0
105.17943720699999 1.0 0.0
106.035968207 0.0 0.0
106.892499207 1.0 1.0
107.74903020699999 0.0 0.0
108.605561207 1.0 0.0
109.462092207 0.0 0.0
110.318623207 1.0 1.0
111.17515420699999 0.0 0.0
112.031685207 1.0 0.0
112.888216207 0.0 0.0
113.74474720699999 1.0 1.0
114.601278207 0.0 0.0
115.457809207 1.0 0.0
116.314340207 0.0 0.0
117.17087120699999 1.0 1.0
118.027402207 0.0 0.0
118.883933207 1.0 0.0
119.74046420699999 0.0 0.0
120.59699520699999 1.0 1.0
121.453526207 0.0 0.0
122.310057207 1.0 0.0
123.16658820699999 0.0 0.0
124.023119207 1.0 1.0
124.879650207 0.0 0.0
125.736181207 1.0 0.0
126.59271220699999 0.0 0.0
127.449243207 1.0 1.0
128.30577420699998 0.0 0.0
129.162305207 1.0 1.0
130.018836207 0.0 0.0
130.87536720699998 1.0 0.0
131.731898207 0.0 0.0
132.588429207 1.0 1.0
133.444960207 0.0 0.0
134.301491207 1.0 0.0
135.158022207 0.0 0.0
136.014553207 1.0 1.0
136.871084207 0.0 0.0
137.72761520699999 1.0 0.0
138.584146207 0.0 0.0
139.440677207 1.0 1.0
140.29720820699998 0.0 0.0
141.153739207 1.0 0.0
142.010270207 0.0 0.0
142.86680120699998 1.0 1.0
143.723332207 0.0 0.0
144.579863207 1.0 0.0
145.436394207 0.0 0.0
146.292925207 1.0 1.0
147.149456207 0.0 0.0
148.005987207 1.0 0.0
148.862518207 0.0 0.0
149.71904920699998 1.0 1.0
150.575580207 0.0 0.0
151.432111207 1.0 0.0
152.28864220699998 0.0 0.0
153.145173207 1.0 1.0
154.001704207 0.0 0.0
154.858235207 1.0 0.0
155.714766207 0.0 0.0
156.571297207 1.0 1.0
157.427828207 0.0 0.0
158.284359207 1.0 0.0
159.14089020699998 0.0 0.0
159.997421207 1.0 1.0
160.853952207 0.0 0.0
161.71048320699998 1.0 0.0
162.567014207 0.0 0.0
163.423545207 1.0 1.0
164.280076207 0.0 0.0
165.136607207 1.0 0.0
165.993138207 0.0 0.0
166.849669207 1.0 1.0
167.706200207 0.0 0.0
168.56273120699998 1.0 0.0
169.419262207 0.0 0.0
170.275793207 1.0 1.0
171.13232420699998 0.0 0.0
171.988855207 1.0 0.0
172.845386207 0.0 0.0
173.701917207 1.0 1.0
174.558448207 0.0 0.0
175.414979207 1.0 0.0
176.271510207 0.0 0.0
177.128041207 1.0 1.0
177.98457220699999 0.0 0.0
178.841103207 1.0 0.0
179.697634207 0.0 0.0
180.55416520699998 1.0 1.0
181.410696207 0.0 0.0
182.267227207 1.0 0.0
183.12375820699998 0.0 0.0
183.980289207 1.0 1.0
184.836820207 0.0 0.0
185.693351207 1.0 0.0
186.549882207 0.0 0.0
187.40641320699999 1.0 1.0
188.262944207 0.0 0.0
189.119475207 1.0 0.0
189.97600620699998 0.0 0.0
190.832537207 1.0 1.0
191.689068207 0.0 0.0
192.54559920699998 1.0 0.0
193.402130207 0.0 0.0
194.258661207 1.0 1.0
195.115192207 0.0 0.0
195.971723207 1.0 1.0
196.828254207 0.0 0.0
197.684785207 0.0 0.0