0.62	1.0
1.21	2.0
1.76	3.0
2.31	4.0
2.87	1.0
3.43	2.0
4.01	3.0
4.57	4.0
5.12	1.0
5.69	2.0
6.26	3.0
6.82	4.0
7.37	1.0
7.91	2.0
8.48	3.0
9.05	4.0
9.61	1.0
10.18	2.0
10.73	3.0
11.3	4.0
11.84	1.0
12.37	2.0
12.92	3.0
13.48	4.0
14.04	1.0
14.63	2.0
15.17	3.0
15.72	4.0
16.29	1.0
16.85	2.0
17.43	3.0
17.98	4.0
18.53	1.0
19.08	2.0
19.65	3.0
20.23	4.0
20.79	1.0
21.37	2.0
21.93	3.0
22.49	4.0
23.03	1.0
23.59	2.0
24.16	3.0
24.73	4.0
25.31	1.0
25.87	2.0
26.42	3.0
26.98	4.0
27.55	1.0
28.12	2.0
28.68	3.0
29.22	4.0
29.8	1.0
30.35	2.0
30.91	3.0
31.47	4.0
32.05	1.0
32.61	2.0
33.18	3.0
33.75	4.0
34.31	1.0
34.85	2.0
35.4	3.0
35.98	4.0
36.53	1.0
37.09	2.0
37.66	3.0
38.23	4.0
38.79	1.0
39.33	2.0
39.91	3.0
40.45	4.0
41.01	1.0
41.57	2.0
42.14	3.0
42.71	4.0
43.28	1.0
43.85	2.0
44.4	3.0
44.96	4.0
45.53	1.0
46.08	2.0
46.64	3.0
47.19	4.0
47.76	1.0
48.32	2.0
48.9	3.0
49.47	4.0
50.03	1.0
50.6	2.0
51.16	3.0
51.73	4.0
52.28	1.0
52.84	2.0
53.41	3.0
53.98	4.0
54.52	1.0
55.07	2.0
55.65	3.0
56.21	4.0
56.77	1.0
57.32	2.0
57.9	3.0
58.46	4.0
59.03	1.0
59.59	2.0
60.16	3.0
60.72	4.0
61.29	1.0
61.85	2.0
62.39	3.0
62.96	4.0
63.52	1.0
64.08	2.0
64.65	3.0
65.21	4.0
65.76	1.0
66.34	2.0
66.89	3.0
67.45	4.0
68.04	1.0
68.59	2.0
69.16	3.0
69.72	4.0
70.29	1.0
70.86	2.0
71.41	3.0
71.97	4.0
72.5	1.0
73.06	2.0
73.63	3.0
74.19	4.0
74.75	1.0
75.33	2.0
75.91	3.0
76.47	4.0
77.02	1.0
77.6	2.0
78.15	3.0
78.73	4.0
79.26	1.0
79.84	2.0
80.4	3.0
80.96	4.0
81.51	1.0
82.09	2.0
82.64	3.0
83.21	4.0
83.74	1.0
84.34	2.0
84.9	3.0
85.46	4.0
86.01	1.0
86.58	2.0
87.14	3.0
87.7	4.0
88.24	1.0
88.8	2.0
89.36	3.0
89.94	4.0
90.52	1.0
91.08	2.0
91.66	3.0
92.2	4.0
92.75	1.0
93.33	2.0
93.9	3.0
94.45	4.0
94.99	1.0
95.57	2.0
96.13	3.0
96.69	4.0
97.26	1.0
97.83	2.0
98.41	3.0
98.96	4.0
99.52	1.0
100.08	2.0
100.66	3.0
101.22	4.0
101.75	1.0
102.34	2.0
102.9	3.0
103.48	4.0
104.04	1.0
104.6	2.0
105.15	3.0
105.73	4.0
106.27	1.0
106.85	2.0
107.41	3.0
107.98	4.0
108.52	1.0
109.08	2.0
109.66	3.0
110.21	4.0
110.78	1.0
111.34	2.0
111.91	3.0
112.49	4.0
113.06	1.0
113.68	2.0
114.27	3.0
114.84	4.0
115.37	1.0
115.94	2.0
116.48	3.0
116.98	4.0
117.51	1.0
118.09	2.0
118.63	3.0
119.2	4.0
119.75	1.0
120.32	2.0
120.91	3.0
121.48	4.0
122.01	1.0
122.58	2.0
123.15	3.0
123.7	4.0
124.25	1.0
124.84	2.0
125.4	3.0
125.93	4.0
126.52	1.0
127.06	2.0
127.63	3.0
128.19	4.0
128.74	1.0
129.3	2.0
129.88	3.0
130.44	4.0
131.04	1.0
131.59	2.0
132.15	3.0
132.72	4.0
133.27	1.0
133.83	2.0
134.38	3.0
134.95	4.0
135.51	1.0
136.06	2.0
136.63	3.0
137.21	4.0
137.76	1.0
138.33	2.0
138.89	3.0
139.44	4.0
140.0	1.0
140.57	2.0
141.13	3.0
141.69	4.0
142.25	1.0
142.81	2.0
143.39	3.0
143.95	4.0
144.5	1.0
145.06	2.0
145.64	3.0
146.19	4.0
146.74	1.0
147.32	2.0
147.91	3.0
148.47	4.0
149.03	1.0
149.58	2.0
150.15	3.0
150.71	4.0
151.27	1.0
151.82	2.0
152.38	3.0
152.93	4.0
153.49	1.0
154.06	2.0
154.64	3.0
155.2	4.0
155.75	1.0
156.32	2.0
156.9	3.0
157.46	4.0
158.03	1.0
158.6	2.0
159.16	3.0
159.73	4.0
160.28	1.0
160.85	2.0
161.41	3.0
161.97	4.0
162.51	1.0
163.07	2.0
163.63	3.0
164.18	4.0
164.75	1.0
165.32	2.0
165.89	3.0
166.44	4.0
167.0	1.0
167.55	2.0
168.13	3.0
168.69	4.0
169.22	1.0
169.79	2.0
170.36	3.0
170.93	4.0
171.52	1.0
172.07	2.0
172.63	3.0
173.2	4.0
173.76	1.0
174.31	2.0
174.88	3.0
175.43	4.0
175.98	1.0
176.55	2.0
177.12	3.0
177.66	4.0
178.23	1.0
178.78	2.0
179.34	3.0
179.91	4.0
180.46	1.0
181.02	2.0
181.6	3.0
182.13	4.0
182.7	1.0
183.26	2.0
183.85	3.0
184.42	4.0
184.97	1.0
185.51	2.0
186.09	3.0
186.65	4.0
187.21	1.0
187.77	2.0
188.34	3.0
188.9	4.0
189.46	1.0
190.03	2.0
190.59	3.0
191.15	4.0
191.69	1.0
192.26	2.0
192.83	3.0
193.39	4.0
193.93	1.0
194.49	2.0
195.07	3.0
195.63	4.0
196.19	1.0
196.74	2.0
197.32	3.0
197.87	4.0
198.43	1.0
198.98	2.0
199.56	3.0
200.12	4.0
200.67	1.0
201.25	2.0
201.81	3.0
202.38	4.0
202.93	1.0
203.48	2.0
204.05	3.0
204.61	4.0
205.18	1.0
205.74	2.0
206.29	3.0
206.85	4.0
207.4	1.0
207.97	2.0
208.54	3.0
209.09	4.0
209.65	1.0
210.22	2.0
210.78	3.0
211.33	4.0
211.9	1.0
212.47	2.0
213.03	3.0
213.59	4.0
214.14	1.0
214.71	2.0
215.28	3.0
215.81	4.0
216.39	1.0
216.95	2.0
217.51	3.0
218.07	4.0
218.61	1.0
219.19	2.0
219.73	3.0
220.31	4.0
220.87	1.0
221.46	2.0
222.02	3.0
222.57	4.0
223.14	1.0
223.69	2.0
224.26	3.0
224.81	4.0
225.37	1.0
225.92	2.0
226.47	3.0
