0.11249999999999999 1.0 0.0
1.05 0.0 0.0
1.9875 1.0 1.0
2.9250000000000003 0.0 0.0
3.8625000000000003 1.0 0.0
4.8 0.0 0.0
5.7375 1.0 1.0
6.675 0.0 0.0
7.612499999999999 1.0 0.0
8.549999999999999 0.0 0.0
9.487499999999999 1.0 1.0
10.424999999999999 0.0 0.0
11.362499999999999 1.0 0.0
12.299999999999999 0.0 0.0
13.237499999999999 1.0 1.0
14.174999999999999 0.0 0.0
15.1125 1.0 0.0
16.05 0.0 0.0
16.9875 1.0 1.0
17.925 0.0 0.0
18.8625 1.0 0.0
19.8 0.0 0.0
20.7375 1.0 1.0
21.675 0.0 0.0
22.6125 1.0 0.0
23.55 0.0 0.0
24.4875 1.0 1.0
25.425 0.0 0.0
26.3625 1.0 0.0
27.3 0.0 0.0
28.2375 1.0 1.0
29.175 0.0 0.0
30.112499999999997 1.0 0.0
31.049999999999997 0.0 0.0
31.987499999999997 1.0 1.0
32.925 0.0 0.0
33.8625 1.0 0.0
34.8 0.0 0.0
35.7375 1.0 1.0
36.675 0.0 0.0
37.6125 1.0 0.0
38.55 0.0 0.0
39.4875 1.0 1.0
40.425 0.0 0.0
41.3625 1.0 0.0
42.3 0.0 0.0
43.2375 1.0 1.0
44.175 0.0 0.0
45.1125 1.0 0.0
46.05 0.0 0.0
46.9875 1.0 1.0
47.925 0.0 0.0
48.8625 1.0 0.0
49.8 0.0 0.0
50.7375 1.0 1.0
51.675 0.0 0.0
52.6125 1.0 0.0
53.55 0.0 0.0
54.4875 1.0 1.0
55.425 0.0 0.0
56.3625 1.0 0.0
57.3 0.0 0.0
58.2375 1.0 1.0
59.175 0.0 0.0
60.112500000000004 1.0 0.0
61.050000000000004 0.0 0.0
61.987500000000004 1.0 1.0
62.925000000000004 0.0 0.0
63.862500000000004 1.0 0.0
64.80000000000001 0.0 0.0
65.73750000000001 1.0 1.0
66.67500000000001 0.0 0.0
67.61250000000001 1.0 0.0
68.55000000000001 0.0 0.0
69.48750000000001 1.0 1.0
70.42500000000001 0.0 0.0
71.36250000000001 1.0 0.0
72.30000000000001 0.0 0.0
73.23750000000001 1.0 1.0
74.17500000000001 0.0 0.0
75.11250000000001 1.0 0.0
76.05000000000001 0.0 0.0
76.98750000000001 1.0 1.0
77.92500000000001 0.0 0.0
78.86250000000001 1.0 0.0
79.80000000000001 0.0 0.0
80.73750000000001 1.0 1.0
81.67500000000001 0.0 0.0
82.61250000000001 1.0 0.0
83.55000000000001 0.0 0.0
84.48750000000001 1.0 1.0
85.42500000000001 0.0 0.0
86.36250000000001 1.0 0.0
87.30000000000001 0.0 0.0
88.23750000000001 1.0 1.0
89.17500000000001 0.0 0.0
90.11250000000001 1.0 0.0
91.05000000000001 0.0 0.0
91.98750000000001 1.0 1.0
92.92500000000001 0.0 0.0
93.86250000000001 1.0 0.0
94.80000000000001 0.0 0.0
95.73750000000001 1.0 1.0
96.67500000000001 0.0 0.0
97.61250000000001 1.0 0.0
98.55000000000001 0.0 0.0
99.48750000000001 1.0 1.0
100.42500000000001 0.0 0.0
101.36250000000001 1.0 0.0
102.30000000000001 0.0 0.0
103.23750000000001 1.0 1.0
104.17500000000001 0.0 0.0
105.11250000000001 1.0 0.0
106.05000000000001 0.0 0.0
106.98750000000001 1.0 1.0
107.92500000000001 0.0 0.0
108.86250000000001 1.0 0.0
109.80000000000001 0.0 0.0
110.73750000000001 1.0 1.0
111.67500000000001 0.0 0.0
112.61250000000001 1.0 0.0
113.55000000000001 0.0 0.0
114.48750000000001 1.0 1.0
115.42500000000001 0.0 0.0
116.36250000000001 1.0 0.0
117.30000000000001 0.0 0.0
118.23750000000001 1.0 1.0
119.17500000000001 0.0 0.0
120.11250000000001 1.0 0.0
121.05000000000001 0.0 0.0
121.98750000000001 1.0 1.0
122.92500000000001 0.0 0.0
123.86250000000001 1.0 0.0
124.80000000000001 0.0 0.0
125.73750000000001 1.0 1.0
126.67500000000001 0.0 0.0
127.61250000000001 1.0 0.0
128.55 0.0 0.0
129.4875 1.0 1.0
130.425 0.0 0.0
131.3625 1.0 0.0
132.3 0.0 0.0
133.2375 1.0 1.0
134.175 0.0 0.0
135.1125 1.0 0.0
136.05 0.0 0.0
136.9875 1.0 1.0
137.925 0.0 0.0
138.8625 1.0 0.0
139.8 0.0 0.0
140.7375 1.0 1.0
141.675 0.0 0.0
142.6125 1.0 0.0
143.55 0.0 0.0
144.4875 1.0 1.0
145.425 0.0 0.0
146.3625 1.0 0.0
147.3 0.0 0.0
148.2375 1.0 1.0
149.175 0.0 0.0
150.1125 1.0 0.0
151.05 0.0 0.0
151.9875 1.0 1.0
152.925 0.0 0.0
153.8625 1.0 0.0
154.8 0.0 0.0
155.7375 1.0 1.0
156.675 0.0 0.0
157.6125 1.0 0.0
158.55 0.0 0.0
159.4875 1.0 1.0
160.425 0.0 0.0
161.3625 1.0 0.0
162.3 0.0 0.0
163.2375 1.0 1.0
164.175 0.0 0.0
165.1125 1.0 0.0
166.05 0.0 0.0
166.9875 1.0 1.0
167.925 0.0 0.0
168.8625 1.0 0.0
169.8 0.0 0.0
170.7375 1.0 1.0
171.675 0.0 0.0
172.6125 1.0 0.0
173.55 0.0 0.0
174.4875 1.0 1.0
175.425 0.0 0.0
176.3625 1.0 0.0
177.3 0.0 0.0
178.2375 1.0 1.0
179.175 0.0 0.0
180.1125 1.0 0.0
181.05 0.0 0.0
181.9875 1.0 1.0
182.925 0.0 0.0
183.8625 1.0 0.0
184.8 0.0 0.0
185.7375 1.0 1.0
186.675 0.0 0.0
187.6125 1.0 0.0
188.55 0.0 0.0
189.4875 1.0 1.0
190.425 0.0 0.0
191.3625 1.0 0.0
192.3 0.0 0.0
193.2375 1.0 1.0
194.175 0.0 0.0
195.1125 1.0 0.0
196.05 0.0 0.0
196.9875 1.0 1.0
197.925 0.0 0.0
198.8625 1.0 0.0
199.8 0.0 0.0
200.7375 1.0 1.0
201.675 0.0 0.0
202.6125 1.0 0.0
203.55 0.0 0.0
204.4875 1.0 1.0
205.425 0.0 0.0
206.3625 1.0 0.0
207.3 0.0 0.0
208.2375 1.0 1.0
209.175 0.0 0.0
210.1125 1.0 0.0
211.05 0.0 0.0
211.9875 1.0 1.0
212.925 0.0 0.0
213.8625 1.0 0.0
214.8 0.0 0.0
215.7375 1.0 1.0
216.675 0.0 0.0
217.6125 1.0 0.0
218.55 0.0 0.0
219.4875 1.0 1.0
220.425 0.0 0.0
221.3625 1.0 0.0
222.3 0.0 0.0
223.2375 1.0 1.0
224.175 0.0 0.0
225.1125 1.0 0.0
226.05 0.0 0.0
226.9875 1.0 1.0
227.925 0.0 0.0
228.8625 1.0 0.0
229.8 0.0 0.0
230.7375 1.0 1.0
231.675 0.0 0.0
232.6125 1.0 0.0
233.55 0.0 0.0
234.4875 1.0 1.0
235.425 0.0 0.0
236.3625 1.0 0.0
237.3 0.0 0.0
238.2375 1.0 1.0
239.175 0.0 0.0
240.1125 1.0 0.0
241.05 0.0 0.0
241.9875 1.0 1.0
242.925 0.0 0.0
243.8625 1.0 0.0
244.8 0.0 0.0
245.7375 1.0 1.0
246.675 0.0 0.0
247.6125 1.0 0.0
248.55 0.0 0.0
249.4875 1.0 1.0
250.425 0.0 0.0
251.3625 1.0 0.0
252.3 0.0 0.0
253.2375 1.0 1.0
254.175 0.0 0.0
255.1125 1.0 0.0
256.05 0.0 0.0
256.9875 1.0 1.0
257.925 0.0 0.0
258.8625 1.0 0.0
259.8 0.0 0.0
260.7375 1.0 1.0
261.675 0.0 0.0
262.6125 1.0 0.0
263.55 0.0 0.0
264.4875 1.0 1.0
265.425 0.0 0.0
266.3625 1.0 0.0
267.3 0.0 0.0
268.2375 1.0 1.0
269.175 0.0 0.0
270.1125 1.0 0.0
271.05 0.0 0.0
271.9875 1.0 1.0
272.925 0.0 0.0
273.8625 1.0 0.0
274.8 0.0 0.0
275.7375 1.0 1.0
276.675 0.0 0.0
277.6125 1.0 0.0
278.55 0.0 0.0
279.4875 1.0 1.0
280.425 0.0 0.0
281.3625 1.0 0.0
282.3 0.0 0.0
283.2375 1.0 1.0
284.175 0.0 0.0
285.1125 1.0 0.0
286.05 0.0 0.0
286.9875 1.0 1.0
287.925 0.0 0.0
288.8625 1.0 0.0
289.8 0.0 0.0
290.7375 1.0 1.0
291.675 0.0 0.0
292.6125 1.0 1.0
293.55 0.0 0.0
294.4875 0.0 0.0
295.425 1.0 1.0
296.3625 0.0 0.0
297.3 1.0 1.0