0.17499971999999997 1.0 0.0
1.00833172 0.0 0.0
1.84166372 1.0 1.0
2.6749957199999996 0.0 0.0
3.5083277199999996 1.0 0.0
4.34165972 0.0 0.0
5.17499172 1.0 1.0
6.00832372 0.0 0.0
6.841655719999999 1.0 0.0
7.67498772 0.0 0.0
8.50831972 1.0 1.0
9.34165172 0.0 0.0
10.17498372 1.0 0.0
11.008315719999999 0.0 0.0
11.84164772 1.0 1.0
12.67497972 0.0 0.0
13.50831172 1.0 0.0
14.34164372 0.0 0.0
15.17497572 1.0 1.0
16.00830772 0.0 0.0
16.84163972 1.0 0.0
17.674971720000002 0.0 0.0
18.50830372 1.0 1.0
19.34163572 0.0 0.0
20.17496772 1.0 0.0
21.00829972 0.0 0.0
21.84163172 1.0 1.0
22.67496372 0.0 0.0
23.50829572 1.0 0.0
24.34162772 0.0 0.0
25.17495972 1.0 1.0
26.00829172 0.0 0.0
26.84162372 1.0 0.0
27.67495572 0.0 0.0
28.50828772 1.0 1.0
29.341619719999997 0.0 0.0
30.174951719999996 1.0 0.0
31.008283719999998 0.0 0.0
31.841615719999997 1.0 1.0
32.67494772 0.0 0.0
33.50827972 1.0 0.0
34.341611719999996 0.0 0.0
35.174943719999995 1.0 1.0
36.00827571999999 0.0 0.0
36.84160772 1.0 0.0
37.67493972 0.0 0.0
38.508271719999996 1.0 1.0
39.341603719999995 0.0 0.0
40.17493571999999 1.0 0.0
41.00826772 0.0 0.0
41.84159972 1.0 1.0
42.67493172 0.0 0.0
43.508263719999995 1.0 0.0
44.341595719999994 0.0 0.0
45.17492771999999 1.0 1.0
46.00825972 0.0 0.0
46.84159172 1.0 0.0
47.674923719999995 0.0 0.0
48.508255719999994 1.0 1.0
49.34158771999999 0.0 0.0
50.17491972 1.0 0.0
51.00825172 0.0 0.0
51.841583719999996 1.0 1.0
52.674915719999994 0.0 0.0
53.508247719999986 1.0 0.0
54.34157971999999 0.0 0.0
55.17491171999999 1.0 1.0
56.00824371999999 0.0 0.0
56.84157571999999 1.0 0.0
57.674907719999986 0.0 0.0
58.50823971999999 1.0 1.0
59.34157171999999 0.0 0.0
60.17490371999999 1.0 0.0
61.00823571999999 0.0 0.0
61.841567719999986 1.0 1.0
62.674899719999985 0.0 0.0
63.50823171999999 1.0 0.0
64.34156371999998 0.0 0.0
65.17489572 1.0 1.0
66.00822772 0.0 0.0
66.84155971999999 1.0 0.0
67.67489171999999 0.0 0.0
68.50822371999999 1.0 1.0
69.34155571999999 0.0 0.0
70.17488771999999 1.0 0.0
71.00821971999999 0.0 0.0
71.84155171999998 1.0 1.0
72.67488371999998 0.0 0.0
73.50821571999998 1.0 0.0
74.34154772 0.0 0.0
75.17487971999999 1.0 1.0
76.00821171999999 0.0 0.0
76.84154371999999 1.0 0.0
77.67487571999999 0.0 0.0
78.50820771999999 1.0 1.0
79.34153971999999 0.0 0.0
80.17487171999998 1.0 0.0
81.00820371999998 0.0 0.0
81.84153571999998 1.0 1.0
82.67486771999998 0.0 0.0
83.50819972 1.0 0.0
84.34153171999999 0.0 0.0
85.17486371999999 1.0 1.0
86.00819571999999 0.0 0.0
86.84152771999999 1.0 0.0
87.67485971999999 0.0 0.0
88.50819171999999 1.0 1.0
89.34152371999998 0.0 0.0
90.17485571999998 1.0 0.0
91.00818771999998 0.0 0.0
91.84151971999998 1.0 1.0
92.67485171999999 0.0 0.0
93.50818371999999 1.0 0.0
94.34151571999999 0.0 0.0
95.17484771999999 1.0 1.0
96.00817971999999 0.0 0.0
96.84151171999999 1.0 0.0
97.67484371999998 0.0 0.0
98.50817571999998 1.0 1.0
99.34150771999998 0.0 0.0
100.17483971999998 1.0 0.0
101.00817171999998 0.0 0.0
101.84150371999999 1.0 1.0
102.67483571999999 0.0 0.0
103.50816771999999 1.0 0.0
104.34149971999999 0.0 0.0
105.17483171999999 1.0 1.0
106.00816371999998 0.0 0.0
106.84149572 1.0 0.0
107.67482772 0.0 0.0
108.50815972 1.0 1.0
109.34149172 0.0 0.0
110.17482371999999 1.0 0.0
111.00815571999999 0.0 0.0
111.84148772 1.0 1.0
112.67481972 0.0 0.0
113.50815172 1.0 0.0
114.34148372 0.0 0.0
115.17481572 1.0 1.0
116.00814772 0.0 0.0
116.84147972 1.0 0.0
117.67481172 0.0 0.0
118.50814371999999 1.0 1.0
119.34147571999999 0.0 0.0
120.17480771999999 1.0 0.0
121.00813972 0.0 0.0
121.84147172 1.0 1.0
122.67480372 0.0 0.0
123.50813572 1.0 0.0
124.34146772 0.0 0.0
125.17479972 1.0 1.0
126.00813172 0.0 0.0
126.84146372 1.0 0.0
127.67479571999999 0.0 0.0
128.50812772 1.0 1.0
129.34145972 0.0 0.0
130.17479172 1.0 0.0
131.00812372 0.0 0.0
131.84145572 1.0 1.0
132.67478771999998 0.0 0.0
133.50811972 1.0 0.0
134.34145172 0.0 0.0
135.17478372 1.0 1.0
136.00811572 0.0 0.0
136.84144772 1.0 0.0
137.67477972 0.0 0.0
138.50811172 1.0 1.0
139.34144372 0.0 0.0
140.17477571999999 1.0 0.0
141.00810772 0.0 0.0
141.84143971999998 1.0 1.0
142.67477172 0.0 0.0
143.50810372 1.0 0.0
144.34143572 0.0 0.0
145.17476772 1.0 1.0
146.00809972 0.0 0.0
146.84143172 1.0 0.0
147.67476372 0.0 0.0
148.50809572 1.0 1.0
149.34142771999998 0.0 0.0
150.17475972 1.0 0.0
151.00809171999998 0.0 0.0
151.84142372 1.0 1.0
152.67475572 0.0 0.0
153.50808772 1.0 0.0
154.34141972 0.0 0.0
155.17475172 1.0 1.0
156.00808372 0.0 0.0
156.84141572 1.0 0.0
157.67474772 0.0 0.0
158.50807971999998 1.0 1.0
159.34141172 0.0 0.0
160.17474371999998 1.0 0.0
161.00807572 0.0 0.0
161.84140772 1.0 1.0
162.67473972 0.0 0.0
163.50807172 1.0 0.0
164.34140372 0.0 0.0
165.17473572 1.0 1.0
166.00806771999999 0.0 0.0
166.84139972 1.0 0.0
167.67473171999998 0.0 0.0
168.50806372 1.0 1.0
169.34139571999998 0.0 0.0
170.17472772 1.0 0.0
171.00805972 0.0 0.0
171.84139172 1.0 1.0
172.67472372 0.0 0.0
173.50805572 1.0 0.0
174.34138772 0.0 0.0
175.17471971999998 1.0 1.0
176.00805172 0.0 0.0
176.84138371999998 1.0 0.0
177.67471572 0.0 0.0
178.50804771999998 1.0 1.0
179.34137972 0.0 0.0
180.17471172 1.0 0.0
181.00804372 0.0 0.0
181.84137572 1.0 1.0
182.67470772 0.0 0.0
183.50803972 1.0 0.0
184.34137171999998 0.0 0.0
185.17470372 1.0 1.0
186.00803571999998 0.0 0.0
186.84136772 1.0 0.0
187.67469971999998 0.0 0.0
188.50803172 1.0 1.0
189.34136372 0.0 0.0
190.17469572 1.0 0.0
191.00802772 0.0 0.0
191.84135971999999 1.0 1.0
192.67469172 0.0 0.0
193.50802371999998 1.0 0.0
194.34135572 0.0 0.0
195.17468771999998 1.0 1.0
196.00801972 0.0 0.0
196.84135172 1.0 0.0
197.67468372 0.0 0.0
198.50801572 1.0 1.0
199.34134772 0.0 0.0
200.17467972 1.0 0.0
201.00801171999998 0.0 0.0
201.84134372 1.0 1.0
202.67467571999998 0.0 0.0
203.50800772 1.0 0.0
204.34133971999998 0.0 0.0
205.17467172 1.0 1.0
206.00800372 0.0 0.0
206.84133572 1.0 0.0
207.67466772 0.0 0.0
208.50799972 1.0 1.0
209.34133172 0.0 0.0
210.17466371999998 1.0 0.0
211.00799572 0.0 0.0
211.84132771999998 1.0 1.0
212.67465972 0.0 0.0
213.50799171999998 1.0 0.0
214.34132371999996 0.0 0.0
215.17465571999998 1.0 1.0
216.00798771999996 0.0 0.0
216.84131971999997 1.0 0.0
217.67465171999996 0.0 0.0
218.50798371999997 1.0 1.0
219.34131571999995 0.0 0.0
220.17464771999997 1.0 0.0
221.00797971999995 0.0 0.0
221.84131171999996 1.0 1.0
222.67464371999998 0.0 0.0
223.50797571999996 1.0 0.0
224.34130771999997 0.0 0.0
225.17463971999996 1.0 1.0
226.00797171999997 0.0 0.0
226.84130371999996 1.0 0.0
227.67463571999997 0.0 0.0
228.50796771999995 1.0 1.0
229.34129971999997 0.0 0.0
230.17463171999995 1.0 0.0
231.00796371999996 0.0 0.0
231.84129571999998 1.0 1.0
232.67462771999996 0.0 0.0
233.50795971999997 1.0 0.0
234.34129171999996 0.0 0.0
235.17462371999997 1.0 1.0
236.00795571999996 0.0 0.0
236.84128771999997 1.0 0.0
237.67461971999995 0.0 0.0
238.50795171999997 1.0 1.0
239.34128371999995 0.0 0.0
240.17461571999996 1.0 0.0
241.00794771999998 0.0 0.0
241.84127971999996 1.0 1.0
242.67461171999997 0.0 0.0
243.50794371999996 1.0 0.0
244.34127571999997 0.0 0.0
245.17460771999995 1.0 1.0
246.00793971999997 0.0 0.0
246.84127171999995 1.0 0.0
247.67460371999996 0.0 0.0
248.50793571999995 1.0 1.0
249.34126771999996 0.0 0.0
250.17459971999997 1.0 0.0
251.00793171999996 0.0 0.0
251.84126371999997 1.0 1.0
252.67459571999996 0.0 0.0
253.50792771999997 1.0 0.0
254.34125971999995 0.0 0.0
255.17459171999997 1.0 1.0
256.00792371999995 0.0 0.0
256.84125571999994 1.0 0.0
257.67458772 0.0 0.0
258.50791971999996 1.0 1.0
259.34125171999995 0.0 0.0
260.17458372 1.0 0.0
261.00791571999997 0.0 0.0
261.84124771999996 1.0 1.0
262.67457971999994 0.0 0.0
263.50791172 1.0 0.0
264.34124371999997 0.0 0.0
265.17457571999995 1.0 1.0
266.00790771999993 0.0 0.0
266.84123972 1.0 0.0
267.67457171999996 0.0 0.0
268.50790371999994 1.0 1.0
269.34123572 0.0 0.0
270.17456771999997 1.0 0.0
271.00789971999995 0.0 0.0
271.84123171999994 1.0 1.0
272.67456372 0.0 0.0
273.50789571999996 1.0 0.0
274.34122771999995 0.0 0.0
275.17455971999993 1.0 1.0
276.00789172 0.0 0.0
276.84122371999996 1.0 0.0
277.67455571999994 0.0 0.0
278.50788772 1.0 1.0
279.34121971999997 0.0 0.0
280.17455171999995 1.0 0.0
281.00788371999994 0.0 0.0
281.84121572 1.0 1.0
282.67454771999996 0.0 0.0
283.50787971999995 1.0 0.0
284.34121171999993 0.0 0.0
285.17454372 1.0 1.0
286.00787571999996 0.0 0.0
286.84120771999994 1.0 0.0
287.67453972 0.0 0.0
288.50787171999997 1.0 1.0
289.34120371999995 0.0 0.0
290.17453571999994 1.0 0.0
291.00786772 0.0 0.0
291.84119971999996 1.0 1.0
292.67453171999995 0.0 0.0
293.50786371999993 1.0 0.0
294.34119572 0.0 0.0
295.17452771999996 1.0 1.0
296.00785971999994 0.0 0.0
296.84119172 1.0 0.0
297.67452371999997 0.0 0.0
298.50785571999995 1.0 1.0
299.34118771999994 0.0 0.0
300.17451972 1.0 0.0
301.00785171999996 0.0 0.0
301.84118371999995 1.0 1.0
302.67451571999993 0.0 0.0
303.50784772 1.0 0.0
304.34117971999996 0.0 0.0
305.17451171999994 1.0 1.0
306.00784372 0.0 0.0
306.84117571999997 1.0 0.0
307.67450771999995 0.0 0.0
308.50783971999994 1.0 1.0
309.3619900233333 0.0 0.0
310.2542650041666 1.0 0.0
311.1633550041666 0.0 0.0
312.0887689166666 1.0 1.0
313.0262689166666 0.0 0.0
313.9996803749999 1.0 1.0
314.9996803749999 0.0 0.0
315.90391571999993 0.0 0.0
316.7372477199999 1.0 1.0
317.57057971999996 0.0 0.0
318.40391171999994 1.0 0.0
319.2372437199999 0.0 0.0
320.0705757199999 1.0 0.0
320.90390771999995 0.0 0.0