0.9334542359999999 0.0 0.0
2.0213962359999997 1.0 0.0
3.109338236 0.0 0.0
4.197280236 1.0 1.0
5.285222235999999 0.0 0.0
6.373164235999999 1.0 0.0
7.461106235999999 0.0 0.0
8.549048235999999 1.0 1.0
9.636990235999999 0.0 0.0
10.724932235999999 1.0 0.0
11.812874235999999 0.0 0.0
12.900816235999999 1.0 1.0
13.988758235999999 0.0 0.0
15.076700235999999 1.0 0.0
16.164642236 0.0 0.0
17.252584236 1.0 1.0
18.340526236 0.0 0.0
19.428468236 1.0 0.0
20.516410236 0.0 0.0
21.604352235999997 1.0 1.0
22.692294236 0.0 0.0
23.780236235999997 1.0 0.0
24.868178236 0.0 0.0
25.956120235999997 1.0 1.0
27.044062236 0.0 0.0
28.132004235999997 1.0 0.0
29.219946236 0.0 0.0
30.307888235999997 1.0 1.0
31.395830236 0.0 0.0
32.483772236 1.0 0.0
33.571714236 0.0 0.0
34.659656236 1.0 1.0
35.747598235999995 0.0 0.0
36.84667278599999 1.0 0.0
37.947589785999995 0.0 0.0
39.04850678599999 1.0 1.0
40.14942378599999 0.0 0.0
41.250340785999995 1.0 0.0
42.35125778599999 0.0 0.0
43.45217478599999 1.0 1.0
44.553091785999996 0.0 0.0
45.65400878599999 1.0 0.0
46.74633892199999 0.0 0.0
47.837247921999996 1.0 1.0
48.928156922 0.0 0.0
50.019065921999996 1.0 0.0
51.109974922 0.0 0.0
52.200883921999996 1.0 1.0
53.291792922 0.0 0.0
54.382701921999995 1.0 0.0
55.473610922 0.0 0.0
56.564519921999995 1.0 0.0
57.655428922 0.0 0.0
58.746337921999995 1.0 1.0
59.837246922 0.0 0.0
60.928155922 1.0 0.0
62.019064922 0.0 0.0
63.109973921999995 1.0 1.0
64.200882922 0.0 0.0
65.291791922 1.0 0.0
66.382700922 0.0 0.0
67.473609922 1.0 1.0
68.56451892199999 0.0 0.0
69.655427922 1.0 0.0
70.74633692200001 0.0 0.0
71.83724592200001 1.0 1.0
72.928154922 0.0 0.0
74.01906392200002 1.0 0.0
75.10997292200001 0.0 0.0
76.20088192200001 1.0 1.0
77.291790922 0.0 0.0
78.382699922 1.0 0.0
79.47360892200001 0.0 0.0
80.56451792200001 1.0 1.0
81.655426922 0.0 0.0
82.74633592200001 1.0 0.0
83.83724492200002 0.0 0.0
84.928153922 1.0 1.0
86.01906292200002 0.0 0.0
87.10997192200001 1.0 0.0
88.20088092200001 0.0 0.0
89.29178992200002 1.0 1.0
90.38269892200002 0.0 0.0
91.47360792200001 1.0 0.0
92.56451692200002 0.0 0.0
93.655425922 1.0 1.0
94.74633492200002 0.0 0.0
95.84583078600001 1.0 0.0
96.946747786 0.0 0.0
98.04766478600001 1.0 1.0
99.14858178600001 0.0 0.0
100.249498786 1.0 0.0
101.35041578600001 0.0 0.0
102.45133278600001 1.0 1.0
103.552249786 0.0 0.0
104.65316678600001 1.0 0.0
105.75408378600001 0.0 0.0
106.855000786 1.0 1.0
107.947330922 0.0 0.0
109.038239922 1.0 0.0
110.129148922 0.0 0.0
111.22005792200001 1.0 0.0
112.310966922 0.0 0.0
113.401875922 1.0 1.0
114.492784922 0.0 0.0
115.58369392200001 1.0 0.0
116.674602922 0.0 0.0
117.765511922 1.0 1.0
118.85642092200001 0.0 0.0
119.94732992200001 1.0 0.0
121.038238922 0.0 0.0
122.129147922 1.0 1.0
123.220056922 0.0 0.0
124.31096592200001 1.0 0.0
125.401874922 0.0 0.0
126.492783922 1.0 1.0
127.58369292200001 0.0 0.0
128.67460192200002 1.0 0.0
129.765510922 0.0 0.0
130.85641992200001 1.0 1.0
131.947328922 0.0 0.0
133.038237922 1.0 0.0
134.12914692200002 0.0 0.0
135.220055922 1.0 1.0
136.310964922 0.0 0.0
137.401873922 1.0 0.0
138.492782922 0.0 0.0
139.583691922 1.0 1.0
140.67460092200002 0.0 0.0
141.765509922 1.0 0.0
142.85641892200002 0.0 0.0
143.947327922 1.0 1.0
145.038236922 0.0 0.0
146.12914592200002 1.0 0.0
147.22005492200003 0.0 0.0
148.310963922 1.0 1.0
149.40187292200002 0.0 0.0
150.492781922 1.0 0.0
151.58369092200002 0.0 0.0
152.67459992200003 1.0 1.0
153.765508922 0.0 0.0
154.85641792200002 1.0 0.0
155.947326922 0.0 0.0
157.038235922 1.0 1.0
158.12914492200002 0.0 0.0
159.22005392200003 1.0 0.0
160.31096292200002 0.0 0.0
161.40187192200003 1.0 1.0
162.492780922 0.0 0.0
163.58368992200002 1.0 0.0
164.67459892200003 0.0 0.0
165.765507922 1.0 1.0
166.85641692200002 0.0 0.0
167.947325922 1.0 0.0
169.03823492200002 0.0 0.0
170.12914392200003 1.0 1.0
171.22005292200004 0.0 0.0
172.31096192200002 1.0 0.0
173.401870922 0.0 0.0
174.492779922 1.0 1.0
175.58368892200002 0.0 0.0
176.67459792200003 1.0 0.0
177.76550692200001 0.0 0.0
178.85641592200002 1.0 1.0
179.947324922 0.0 0.0
181.03823392200002 1.0 0.0
182.12914292200003 0.0 0.0
183.22005192200004 1.0 1.0
184.31096092200002 0.0 0.0
185.401869922 1.0 0.0
186.492778922 0.0 0.0
187.58368792200002 1.0 1.0
188.67459692200003 0.0 0.0
189.76550592200002 1.0 0.0
190.85641492200003 0.0 0.0
191.947323922 1.0 1.0
193.03823292200002 0.0 0.0
194.12914192200003 1.0 0.0
195.22005092200004 0.0 0.0
196.31095992200002 1.0 1.0
197.401868922 0.0 0.0
198.49277792200002 1.0 0.0
199.58368692200003 0.0 0.0
200.67459592200004 1.0 1.0
201.76550492200002 0.0 0.0
202.85641392200003 1.0 0.0
203.947322922 0.0 0.0
205.03823192200002 1.0 1.0
206.12914092200003 0.0 0.0
207.22004992200004 1.0 0.0
208.31095892200003 0.0 0.0
209.401867922 1.0 1.0
210.49277692200002 0.0 0.0
211.58368592200003 1.0 0.0
212.67459492200004 0.0 0.0