0.19344813400000008 1.0 1.0
1.2279301340000002 0.0 0.0
2.2624121340000007 1.0 0.0
3.296894134000001 0.0 0.0
4.331376134000001 1.0 1.0
5.3658581340000016 0.0 0.0
6.400340134000001 1.0 0.0
7.434822134000002 0.0 0.0
8.469304134000001 1.0 1.0
9.503786134 0.0 0.0
10.538268134 1.0 0.0
11.572750134000001 0.0 0.0
12.607232134 1.0 1.0
13.641714134 0.0 0.0
14.676196134000001 1.0 0.0
15.710678134000002 0.0 0.0
16.745160134000002 1.0 1.0
17.779642134000003 0.0 0.0
18.814124134000004 1.0 0.0
19.848606134000004 0.0 0.0
20.883088134000005 1.0 1.0
21.917570134000005 0.0 0.0
22.952052134000006 1.0 0.0
23.986534134000006 0.0 0.0
25.021016134000003 1.0 1.0
26.055498134000004 0.0 0.0
27.089980134000005 1.0 0.0
28.124462134000005 0.0 0.0
29.158944134000006 1.0 1.0
30.193426134000006 0.0 0.0
31.227908134000007 1.0 0.0
32.26239013400001 0.0 0.0
33.296872134000004 1.0 1.0
34.331354134 0.0 0.0
35.365836134000006 1.0 0.0
36.400318134 0.0 0.0
37.43480013400001 1.0 1.0
38.469282134000004 0.0 0.0
39.503764134 1.0 0.0
40.538246134000005 0.0 0.0
41.572728134 1.0 1.0
42.607210134000006 0.0 0.0
43.641692134 1.0 0.0
44.67617413400001 0.0 0.0
45.710656134000004 1.0 1.0
46.74513813400001 0.0 0.0
47.779620134000005 1.0 0.0
48.814102134 0.0 0.0
49.848584134000006 1.0 1.0
50.883066134 0.0 0.0
51.91754813400001 1.0 1.0
52.952030134000005 0.0 0.0
53.98651213400001 1.0 0.0
55.020994134000006 0.0 0.0
56.05547613400001 1.0 1.0
57.08995813400001 0.0 0.0
58.124440134000004 1.0 0.0
59.15892213400001 0.0 0.0
60.193404134000005 1.0 1.0
61.22788613400001 0.0 0.0
62.262368134000006 1.0 0.0
63.29685013400001 0.0 0.0
64.33133213400001 1.0 1.0
65.365814134 0.0 0.0
66.40029613400002 1.0 0.0
67.43477813400001 0.0 0.0
68.46926013400001 1.0 1.0
69.503742134 0.0 0.0
70.538224134 1.0 0.0
71.57270613400001 0.0 0.0
72.60718813400001 1.0 1.0
73.64167013400002 0.0 0.0
74.67615213400002 1.0 0.0
75.71063413400002 0.0 0.0
76.74511613400001 1.0 1.0
77.77959813400003 0.0 0.0
78.81408013400002 1.0 0.0
79.84856213400002 0.0 0.0
80.88304413400002 1.0 1.0
81.91752613400001 0.0 0.0
82.95200813400002 1.0 0.0
83.98649013400002 0.0 0.0
85.02097213400002 1.0 1.0
86.05545413400002 0.0 0.0
87.08993613400003 1.0 0.0
88.12441813400002 0.0 0.0
89.15890013400002 1.0 1.0
90.19338213400002 0.0 0.0
91.22786413400001 1.0 0.0
92.26234613400003 0.0 0.0
93.29682813400002 1.0 1.0
94.33131013400002 0.0 0.0
95.36579213400002 1.0 0.0
96.40027413400003 0.0 0.0
97.43475613400003 1.0 1.0
98.46923813400002 0.0 0.0
99.50372013400002 1.0 0.0
100.53820213400002 0.0 0.0
101.57268413400003 1.0 1.0
102.60716613400002 0.0 0.0
103.64164813400002 1.0 0.0
104.67613013400002 0.0 0.0
105.71061213400003 1.0 1.0
106.74509413400003 0.0 0.0
107.77957613400002 1.0 0.0
108.81405813400002 0.0 0.0
109.84854013400002 1.0 1.0
110.88302213400003 0.0 0.0
111.91750413400003 1.0 0.0
112.95198613400002 0.0 0.0
113.98646813400002 1.0 1.0
115.02095013400003 0.0 0.0
116.05543213400003 1.0 0.0
117.08991413400003 0.0 0.0
118.12439613400002 1.0 1.0
119.15887813400002 0.0 0.0
120.19336013400003 1.0 0.0
121.22784213400003 0.0 0.0
122.26232413400002 1.0 1.0
123.29680613400002 0.0 0.0
124.33128813400003 1.0 0.0
125.36577013400003 0.0 0.0
126.40025213400003 1.0 1.0
127.43473413400002 0.0 0.0
128.46921613400002 1.0 0.0
129.50369813400002 0.0 0.0
130.53818013400002 1.0 1.0
131.57266213400004 0.0 0.0
132.60714413400004 1.0 0.0
133.64162613400003 0.0 0.0
134.67610813400003 1.0 1.0
135.71059013400006 0.0 0.0
136.74507213400005 1.0 0.0
137.77955413400005 0.0 0.0
138.81403613400005 1.0 1.0
139.84851813400005 0.0 0.0
140.88300013400004 1.0 0.0
141.91748213400004 0.0 0.0
142.95196413400004 1.0 1.0
143.98644613400003 0.0 0.0
145.02092813400006 1.0 0.0
146.05541013400006 0.0 0.0
147.08989213400005 1.0 1.0
148.12437413400005 0.0 0.0
149.15885613400005 1.0 0.0
150.19333813400004 0.0 0.0
151.22782013400004 1.0 1.0
152.26230213400004 0.0 0.0
153.29678413400003 1.0 0.0
154.33126613400006 0.0 0.0
155.36574813400006 1.0 1.0
156.40023013400005 0.0 0.0
157.43471213400005 1.0 0.0
158.46919413400005 0.0 0.0
159.50367613400005 1.0 1.0
160.53815813400004 0.0 0.0
161.57264013400004 1.0 0.0
162.60712213400004 0.0 0.0
163.64160413400006 1.0 1.0
164.67608613400006 0.0 0.0
165.71056813400006 1.0 0.0
166.74505013400005 0.0 0.0
167.77953213400005 1.0 1.0
168.81401413400005 0.0 0.0
169.84849613400004 1.0 0.0
170.88297813400004 0.0 0.0
171.91746013400004 1.0 1.0
172.95194213400006 0.0 0.0
173.98642413400006 1.0 0.0
175.02090613400006 0.0 0.0
176.05538813400005 1.0 1.0
177.08987013400005 0.0 0.0
178.12435213400005 1.0 0.0
179.15883413400005 0.0 0.0
180.19331613400004 1.0 1.0
181.22779813400004 0.0 0.0
182.26228013400006 1.0 0.0
183.29676213400006 0.0 0.0
184.33124413400006 1.0 1.0
185.36572613400006 0.0 0.0
186.40020813400005 1.0 0.0
187.43469013400005 0.0 0.0
188.46917213400005 1.0 1.0
189.50365413400004 0.0 0.0
190.53813613400004 1.0 1.0
191.57261813400007 0.0 0.0
192.60710013400006 0.0 0.0
193.64158213400006 1.0 1.0
194.67606413400006 0.0 0.0
195.71054613400005 1.0 0.0
196.74502813400005 0.0 0.0
197.77951013400005 1.0 1.0
198.81399213400005 0.0 0.0
199.84847413400004 1.0 0.0
200.88295613400007 0.0 0.0
201.91743813400007 1.0 1.0
202.95192013400006 0.0 0.0
203.98640213400006 1.0 0.0
205.02088413400006 0.0 0.0
206.05536613400005 1.0 1.0
207.08984813400005 0.0 0.0
208.12433013400005 1.0 0.0
209.15881213400004 0.0 0.0