0.39972933 1.0 1.0
1.21053933 0.0 0.0
2.02134933 1.0 0.0
2.83215933 0.0 0.0
3.642969330000001 1.0 1.0
4.453779330000001 0.0 0.0
5.264589330000001 1.0 0.0
6.075399330000001 0.0 0.0
6.886209330000002 1.0 1.0
7.697019330000002 0.0 0.0
8.507829330000002 1.0 0.0
9.318639330000002 0.0 0.0
10.129449330000002 1.0 1.0
10.940259330000002 0.0 0.0
11.751069330000002 1.0 0.0
12.561879330000002 0.0 0.0
13.37268933 1.0 1.0
14.18349933 0.0 0.0
14.99430933 1.0 0.0
15.80511933 0.0 0.0
16.61592933 1.0 1.0
17.42673933 0.0 0.0
18.23754933 1.0 0.0
19.04835933 0.0 0.0
19.85916933 1.0 1.0
20.66997933 0.0 0.0
21.48078933 1.0 0.0
22.29159933 0.0 0.0
23.10240933 1.0 1.0
23.91321933 0.0 0.0
24.72402933 1.0 0.0
25.53483933 0.0 0.0
26.345649330000004 1.0 1.0
27.156459330000004 0.0 0.0
27.96726933 1.0 0.0
28.77807933 0.0 0.0
29.58888933 1.0 1.0
30.39969933 0.0 0.0
31.21050933 1.0 0.0
32.021319330000004 0.0 0.0
32.83212933 1.0 1.0
33.642939330000004 0.0 0.0
34.45374933 1.0 0.0
35.264559330000004 0.0 0.0
36.07536933 1.0 1.0
36.886179330000004 0.0 0.0
37.69698933 1.0 0.0
38.507799330000005 0.0 0.0
39.31860933 1.0 1.0
40.129419330000005 0.0 0.0
40.94022933 1.0 0.0
41.751039330000005 0.0 0.0
42.56184933 1.0 1.0
43.372659330000005 0.0 0.0
44.18346933 1.0 0.0
44.994279330000005 0.0 0.0
45.80508933 1.0 1.0
46.615899330000005 0.0 0.0
47.42670933 1.0 0.0
48.237519330000005 0.0 0.0
49.04832933 1.0 1.0
49.859139330000005 0.0 0.0
50.66994933 1.0 0.0
51.480759330000005 0.0 0.0
52.29156933 1.0 1.0
53.102379330000005 0.0 0.0
53.91318933 1.0 0.0
54.723999330000005 0.0 0.0
55.53480933 1.0 1.0
56.345619330000005 0.0 0.0
57.15642933 1.0 0.0
57.967239330000005 0.0 0.0
58.77804933 1.0 1.0
59.588859330000005 0.0 0.0
60.39966933 1.0 0.0
61.210479330000005 0.0 0.0
62.02128933 1.0 1.0
62.832099330000005 0.0 0.0
63.64290933 1.0 0.0
64.45371933 0.0 0.0
65.26452933 1.0 1.0
66.07533933 0.0 0.0
66.88614933000001 1.0 0.0
67.69695933 0.0 0.0
68.50776933 1.0 1.0
69.31857933 0.0 0.0
70.12938933000001 1.0 0.0
70.94019933 0.0 0.0
71.75100933 1.0 1.0
72.56181933 0.0 0.0
73.37262933000001 1.0 0.0
74.18343933 0.0 0.0
74.99424933 1.0 1.0
75.80505933 0.0 0.0
76.61586933000001 1.0 0.0
77.42667933 0.0 0.0
78.23748933 1.0 1.0
79.04829933 0.0 0.0
79.85910933000001 1.0 0.0
80.66991933 0.0 0.0
81.48072933 1.0 0.0
82.29153933 0.0 0.0
83.10234933000001 1.0 1.0
83.91315933 0.0 0.0
84.72396933 1.0 0.0
85.53477933 0.0 0.0
86.34558933000001 1.0 1.0
87.15639933 0.0 0.0
87.96720933 1.0 0.0
88.77801933 0.0 0.0
89.58882933000001 1.0 1.0
90.39963933000001 0.0 0.0
91.21044933 1.0 0.0
92.02125933 0.0 0.0
92.83206933000001 1.0 1.0
93.64287933000001 0.0 0.0
94.45368933 1.0 0.0
95.26449933 0.0 0.0
96.07530933000001 1.0 1.0
96.88611933000001 0.0 0.0
97.69692933 1.0 0.0
98.50773933 0.0 0.0
99.31854933000001 1.0 1.0
100.12935933000001 0.0 0.0
100.94016933 1.0 0.0
101.75097933 0.0 0.0
102.56178933000001 1.0 1.0
103.37259933000001 0.0 0.0
104.18340933 1.0 0.0
104.99421933 0.0 0.0
105.80502933000001 1.0 1.0
106.61583933000001 0.0 0.0
107.42664933 1.0 0.0
108.23745933000001 0.0 0.0
109.04826933000001 1.0 1.0
109.85907933000001 0.0 0.0
110.66988933 1.0 0.0
111.48069933000001 0.0 0.0
112.29150933000001 1.0 1.0
113.10231933000001 0.0 0.0
113.91312933 1.0 0.0
114.72393933000001 0.0 0.0
115.53474933000001 1.0 1.0
116.34555933000001 0.0 0.0
117.15636933 1.0 0.0
117.96717933000001 0.0 0.0
118.77798933000001 1.0 1.0
119.58879933000001 0.0 0.0
120.39960933 1.0 0.0
121.21041933000001 0.0 0.0
122.02122933000001 1.0 0.0
122.83203933000001 0.0 0.0
123.64284933 1.0 1.0
124.45365933000001 0.0 0.0
125.26446933000001 1.0 0.0
126.07527933000001 0.0 0.0
126.88608933 1.0 1.0
127.69689933000001 0.0 0.0
128.50770933 1.0 0.0
129.31826996200002 0.0 0.0
130.12820396200001 1.0 1.0
130.938137962 0.0 0.0
131.748071962 1.0 0.0
132.558005962 0.0 0.0
133.367939962 1.0 1.0
134.177873962 0.0 0.0
134.987807962 1.0 0.0
135.797741962 0.0 0.0
136.607675962 1.0 1.0
137.417609962 0.0 0.0
138.227543962 1.0 0.0
139.037477962 0.0 0.0
139.84741196200002 1.0 1.0
140.65734596200002 0.0 0.0
141.46727996200002 1.0 0.0
142.27721396200002 0.0 0.0
143.08714796200002 1.0 1.0
143.89708196200002 0.0 0.0
144.707015962 1.0 0.0
145.516949962 0.0 0.0
146.326883962 1.0 1.0
147.136817962 0.0 0.0
147.946751962 1.0 0.0
148.756685962 0.0 0.0
149.566619962 1.0 1.0
150.376553962 0.0 0.0
151.186487962 1.0 0.0
151.996421962 0.0 0.0
152.806355962 1.0 1.0
153.61628996200002 0.0 0.0
154.42622396200002 1.0 0.0
155.23615796200002 0.0 0.0
156.04609196200002 1.0 1.0
156.85602596200002 0.0 0.0
157.66595996200002 1.0 0.0
158.47589396200001 0.0 0.0
159.285827962 1.0 1.0
160.095761962 0.0 0.0
160.905695962 1.0 0.0
161.715629962 0.0 0.0
162.525563962 1.0 1.0
163.335497962 0.0 0.0
164.14543196200003 1.0 0.0
164.95536596200003 0.0 0.0
165.76529996200003 1.0 1.0
166.57523396200003 0.0 0.0
167.38516796200003 1.0 0.0
168.19510196200002 0.0 0.0
169.00503596200002 1.0 1.0
169.81496996200002 0.0 0.0
170.62490396200002 1.0 0.0
171.43483796200002 0.0 0.0
172.24477196200002 1.0 1.0
173.054705962 0.0 0.0
173.864639962 1.0 0.0
174.67506605500003 0.0 0.0
175.48587605500003 1.0 1.0
176.296686055 0.0 0.0
177.107496055 1.0 0.0
177.91830605500002 0.0 0.0
178.72911605500002 1.0 1.0
179.53992605500002 0.0 0.0
180.35073605500003 1.0 0.0
181.16154605500003 0.0 0.0
181.97235605500003 1.0 1.0
182.78316605500004 0.0 0.0
183.593976055 1.0 0.0
184.40478605500002 0.0 0.0
185.21559605500002 1.0 1.0
186.02640605500002 0.0 0.0
186.83721605500003 1.0 0.0
187.64802605500003 0.0 0.0
188.45883605500003 1.0 1.0
189.26964605500004 0.0 0.0
190.080456055 1.0 0.0
190.89126605500002 0.0 0.0
191.70207605500002 1.0 1.0
192.51288605500002 0.0 0.0
193.32369605500003 1.0 0.0
194.13450605500003 0.0 0.0
194.94531605500003 1.0 1.0
195.75612605500004 0.0 0.0
196.56693605500004 1.0 0.0
197.37774605500002 0.0 0.0
198.18855605500002 1.0 1.0
198.99936605500002 0.0 0.0
199.81017605500003 1.0 0.0
200.62098605500003 0.0 0.0
201.43179605500004 1.0 1.0
202.24260605500004 0.0 0.0
203.053416055 1.0 1.0
203.86422605500002 0.0 0.0
204.67503605500002 1.0 0.0
205.48584605500002 0.0 0.0
206.29665605500003 1.0 1.0
207.10746605500003 0.0 0.0
207.91827605500004 1.0 0.0
208.72908605500004 0.0 0.0
209.53989605500004 1.0 1.0
210.35070605500002 0.0 0.0
211.16151605500002 1.0 0.0
211.97232605500002 0.0 0.0
212.78313605500003 1.0 1.0
213.59394605500003 0.0 0.0
214.404251187 1.0 0.0
215.214185187 0.0 0.0
216.024119187 1.0 1.0
216.834053187 0.0 0.0
217.64398718700002 1.0 0.0
218.45360087233337 0.0 0.0
219.26309887233336 1.0 1.0
220.07259687233338 0.0 0.0
220.88209487233337 1.0 0.0
221.69159287233336 0.0 0.0
222.50109087233335 1.0 1.0
223.31058887233337 0.0 0.0
224.12008687233336 1.0 0.0
224.92958487233335 0.0 0.0
225.73908287233337 1.0 1.0
226.54858087233336 0.0 0.0
227.35807887233335 1.0 0.0
228.16757687233337 0.0 0.0
228.97707487233336 1.0 1.0
229.78657287233335 0.0 0.0
230.59607087233337 1.0 0.0
231.40597515500005 0.0 0.0
232.21678515500005 1.0 1.0
233.02759515500006 0.0 0.0
233.83840515500006 1.0 0.0
234.64921515500006 0.0 0.0
235.46002515500007 1.0 1.0
236.27083515500004 0.0 0.0
237.08164515500005 1.0 0.0
237.89245515500005 0.0 0.0
238.70326515500005 1.0 1.0
239.51407515500006 0.0 0.0
240.32488515500006 1.0 0.0
241.13569515500006 0.0 0.0
241.94650515500007 1.0 1.0
242.75731515500004 0.0 0.0
243.56812515500005 1.0 1.0
244.37893515500005 0.0 0.0
245.18974515500005 1.0 0.0
246.00055515500006 0.0 0.0
246.81136515500006 1.0 1.0
247.62217515500006 0.0 0.0
248.43298515500004 1.0 0.0
249.24379515500004 0.0 0.0
250.05460515500005 1.0 1.0
250.86541515500005 0.0 0.0
251.67622515500005 1.0 0.0
252.48703515500006 0.0 0.0
253.29784515500006 1.0 1.0
254.10865515500006 0.0 0.0
254.91946515500007 1.0 0.0
255.73027515500004 0.0 0.0
256.5410851550001 1.0 1.0
257.3518951550001 0.0 0.0
258.1627051550001 1.0 0.0
258.97351515500003 0.0 0.0
259.78432515500003 1.0 1.0
260.59513515500004 0.0 0.0
261.40594515500004 1.0 0.0
262.21675515500004 0.0 0.0
263.02756515500005 1.0 1.0
263.83837515500005 0.0 0.0
264.64918515500005 1.0 0.0
265.45999515500006 0.0 0.0
266.27080515500006 1.0 1.0
267.08161515500007 0.0 0.0
267.89242515500007 1.0 0.0
268.7032351550001 0.0 0.0
269.5140451550001 1.0 1.0
270.324855155 0.0 0.0
271.1356651550001 1.0 0.0
271.94647515500003 0.0 0.0
272.75728515500003 1.0 1.0
273.56809515500004 0.0 0.0
274.37890515500004 1.0 0.0
275.18971515500004 0.0 0.0
276.00052515500005 1.0 1.0
276.81133515500005 0.0 0.0
277.62214515500006 1.0 0.0
278.43295515500006 0.0 0.0
279.24376515500006 1.0 1.0
280.05457515500007 0.0 0.0
280.86538515500007 1.0 0.0
281.6761951550001 0.0 0.0
282.4870051550001 1.0 1.0
283.2978151550001 0.0 0.0
284.108625155 1.0 0.0
284.91943515500003 0.0 0.0
285.73024515500003 1.0 1.0
286.54105515500004 0.0 0.0
287.35186515500004 1.0 0.0
288.16267515500004 0.0 0.0
288.97348515500005 1.0 1.0
289.78429515500005 0.0 0.0
290.59510515500006 1.0 0.0
291.40591515500006 0.0 0.0
292.21672515500006 1.0 1.0
293.07334963100004 0.0 0.0
293.98917889050006 1.0 0.0
294.91567489050004 0.0 0.0
295.8421708905001 1.0 1.0
296.7094645800001 0.0 0.0
297.5202745800001 1.0 0.0
298.3310845800001 0.0 0.0
299.1418945800001 1.0 1.0
299.9527045800001 0.0 0.0
300.76351458000005 1.0 0.0
301.57432458000005 0.0 0.0
302.38513458000006 1.0 1.0
303.19594458000006 0.0 0.0
304.00675458000006 1.0 0.0
304.81756458000007 0.0 0.0
305.62837458000007 1.0 1.0
306.4422800280001 0.0 0.0
307.28683238250005 1.0 0.0
308.1686908875001 0.0 0.0
309.12512984083344 1.0 1.0
310.10776984083344 0.0 0.0
311.09040984083344 1.0 0.0
312.07304984083345 0.0 0.0
313.05568984083345 1.0 1.0
314.0383298408334 0.0 0.0
315.0209698408334 0.0 0.0