0.05837831999999996 1.0 1.0
0.8691883200000001 0.0 0.0
1.6799983200000002 1.0 0.0
2.49080832 0.0 0.0
3.30161832 1.0 1.0
4.11242832 0.0 0.0
4.92323832 1.0 0.0
5.73404832 0.0 0.0
6.5448583199999995 1.0 1.0
7.3556683199999995 0.0 0.0
8.16647832 1.0 0.0
8.97728832 0.0 0.0
9.78809832 1.0 1.0
10.59890832 0.0 0.0
11.40971832 1.0 0.0
12.22052832 0.0 0.0
13.03133832 1.0 1.0
13.84214832 0.0 0.0
14.65295832 1.0 0.0
15.46376832 0.0 0.0
16.27457832 1.0 1.0
17.08538832 0.0 0.0
17.89619832 1.0 0.0
18.70700832 0.0 0.0
19.51781832 1.0 1.0
20.32862832 0.0 0.0
21.13943832 1.0 0.0
21.95024832 0.0 0.0
22.76105832 1.0 1.0
23.57186832 0.0 0.0
24.38267832 1.0 0.0
25.19348832 0.0 0.0
26.004298320000004 1.0 0.0
26.815108320000004 0.0 0.0
27.625918320000004 1.0 1.0
28.436728320000004 0.0 0.0
29.247538320000004 1.0 0.0
30.058348320000004 0.0 0.0
30.869158320000004 1.0 1.0
31.679968320000004 0.0 0.0
32.490778320000004 1.0 0.0
33.30158832000001 0.0 0.0
34.112398320000004 1.0 1.0
34.92320832000001 0.0 0.0
35.734018320000004 1.0 0.0
36.54482832000001 0.0 0.0
37.355638320000004 1.0 1.0
38.16644832000001 0.0 0.0
38.977258320000004 1.0 0.0
39.78806832000001 0.0 0.0
40.598878320000004 1.0 1.0
41.40968832000001 0.0 0.0
42.220498320000004 1.0 0.0
43.03130832000001 0.0 0.0
43.842118320000004 1.0 1.0
44.65292832000001 0.0 0.0
45.463738320000004 1.0 0.0
46.27454832000001 0.0 0.0
47.085358320000005 1.0 1.0
47.89616832000001 0.0 0.0
48.706978320000005 1.0 0.0
49.51778832000001 0.0 0.0
50.328598320000005 1.0 1.0
51.13940832000001 0.0 0.0
51.950218320000005 1.0 0.0
52.76102832000001 0.0 0.0
53.571838320000005 1.0 1.0
54.38264832000001 0.0 0.0
55.193458320000005 1.0 0.0
56.00426832 0.0 0.0
56.81507832 1.0 1.0
57.62588832 0.0 0.0
58.43669832 1.0 0.0
59.24750832 0.0 0.0
60.05831832 1.0 1.0
60.86912832 0.0 0.0
61.67993832 1.0 0.0
62.49074832 0.0 0.0
63.30155832 1.0 1.0
64.11236832 0.0 0.0
64.92317832 1.0 0.0
65.73398832 0.0 0.0
66.54479832 1.0 1.0
67.35560832 0.0 0.0
68.16641832 1.0 0.0
68.97722832000001 0.0 0.0
69.78803832 1.0 1.0
70.59884832 0.0 0.0
71.40965832 1.0 0.0
72.22046832000001 0.0 0.0
73.03127832 1.0 1.0
73.84208832 0.0 0.0
74.65289832 1.0 0.0
75.46370832000001 0.0 0.0
76.27451832 1.0 1.0
77.08532832 0.0 0.0
77.89613832 1.0 0.0
78.70694832000001 0.0 0.0
79.51775832 1.0 1.0
80.32856832 0.0 0.0
81.13937832 1.0 0.0
81.95018832000001 0.0 0.0
82.76099832 1.0 1.0
83.57180832 0.0 0.0
84.38261832 1.0 0.0
85.19342832000001 0.0 0.0
86.00423832 1.0 1.0
86.81504832 0.0 0.0
87.62585832 1.0 0.0
88.43666832000001 0.0 0.0
89.24747832 1.0 1.0
90.05828832 0.0 0.0
90.86909832 1.0 0.0
91.67990832000001 0.0 0.0
92.49071832 1.0 1.0
93.30152832 0.0 0.0
94.11233832 1.0 0.0
94.92314832000001 0.0 0.0
95.73395832 1.0 1.0
96.54476832 0.0 0.0
97.35557832 1.0 0.0
98.16638832000001 0.0 0.0
98.97719832 1.0 1.0
99.78800832 0.0 0.0
100.59881832 1.0 0.0
101.40962832000001 0.0 0.0
102.22043832 1.0 1.0
103.03124832 0.0 0.0
103.84205832 1.0 0.0
104.65286832000001 0.0 0.0
105.46367832 1.0 1.0
106.27448832 0.0 0.0
107.08529832 1.0 0.0
107.89610832000001 0.0 0.0
108.70691832 1.0 1.0
109.51772832 0.0 0.0
110.32853832 1.0 0.0
111.13934832000001 0.0 0.0
111.95015832 1.0 1.0
112.76096832 0.0 0.0
113.57177832 1.0 0.0
114.38258832000001 0.0 0.0
115.19339832 1.0 1.0
116.00420832 0.0 0.0
116.81501832000001 1.0 0.0
117.62582832000001 0.0 0.0
118.43663832 1.0 1.0
119.24744832 0.0 0.0
120.05825832000001 1.0 0.0
120.86906832000001 0.0 0.0
121.67987832 1.0 1.0
122.49068832 0.0 0.0
123.30149832000001 1.0 0.0
124.11230832000001 0.0 0.0
124.92311832 1.0 1.0
125.73392832 0.0 0.0
126.54473832000001 1.0 0.0
127.35554832000001 0.0 0.0
128.16635832 1.0 1.0
128.97716832 0.0 0.0
129.78797832 1.0 0.0
130.59878832 0.0 0.0
131.40959832000001 1.0 1.0
132.22040832000002 0.0 0.0
133.03121832 1.0 0.0
133.84202832 0.0 0.0
134.65283832 1.0 1.0
135.46364832 0.0 0.0
136.27445832 1.0 0.0
137.08526832 0.0 0.0
137.89607832000002 1.0 1.0
138.70688832000002 0.0 0.0
139.51769832 1.0 0.0
140.32850832 0.0 0.0
141.13931832 1.0 1.0
141.95012832 0.0 0.0
142.76093832 1.0 0.0
143.57174832 0.0 0.0
144.38255832000002 1.0 1.0
145.19336832000002 0.0 0.0
146.00417832000002 1.0 0.0
146.81498832 0.0 0.0
147.62579832 1.0 1.0
148.43660832 0.0 0.0
149.24741832 1.0 0.0
150.05822832 0.0 0.0
150.86903832000002 1.0 1.0
151.67984832000002 0.0 0.0
152.49065832000002 1.0 0.0
153.30146832 0.0 0.0
154.11227832 1.0 1.0
154.92308832 0.0 0.0
155.73389832 1.0 0.0
156.54470832 0.0 0.0
157.35551832000002 1.0 1.0
158.16632832000002 0.0 0.0
158.97713832000002 1.0 0.0
159.78794832 0.0 0.0
160.59875832 1.0 1.0
161.40956832 0.0 0.0
162.22037832 1.0 0.0
163.03118832 0.0 0.0
163.84199832000002 1.0 1.0
164.65280832000002 0.0 0.0
165.46361832000002 1.0 0.0
166.27442832 0.0 0.0
167.08523832 1.0 1.0
167.89604832 0.0 0.0
168.70685832 1.0 0.0
169.51766832 0.0 0.0
170.32847832000002 1.0 1.0
171.13928832000002 0.0 0.0
171.95009832000002 1.0 0.0
172.76090832 0.0 0.0
173.57171832 1.0 1.0
174.38252832 0.0 0.0
175.19333832 1.0 0.0
176.00414832 0.0 0.0
176.81495832000002 1.0 1.0
177.62576832000002 0.0 0.0
178.43657832000002 1.0 0.0
179.24738832 0.0 0.0
180.05819832 1.0 1.0
180.86900832 0.0 0.0
181.67981832 1.0 0.0
182.49062832 0.0 0.0
183.30143832000002 1.0 1.0
184.11224832000002 0.0 0.0
184.92305832000002 1.0 0.0
185.73386832 0.0 0.0
186.54467832 1.0 1.0
187.35548832 0.0 0.0
188.16629832 1.0 0.0
188.97710832 0.0 0.0
189.78791832000002 1.0 1.0
190.59872832000002 0.0 0.0
191.40953832000002 1.0 0.0
192.22034832 0.0 0.0
193.03115832 1.0 1.0
193.84196832 0.0 0.0
194.65277832 1.0 0.0
195.46358832 0.0 0.0
196.27439832000002 1.0 1.0
197.08520832000002 0.0 0.0
197.89601832000002 1.0 0.0
198.70682832 0.0 0.0
199.51763832 1.0 1.0
200.32844832 0.0 0.0
201.13925832 1.0 0.0
201.95006832 0.0 0.0
202.76087832000002 1.0 1.0
203.57168832000002 0.0 0.0
204.38249832000002 1.0 0.0
205.19330832 0.0 0.0
206.00411832 1.0 1.0
206.81492832 0.0 0.0
207.62573832 1.0 0.0
208.43654832 0.0 0.0
209.24735832000002 1.0 1.0
210.05816832000002 0.0 0.0
210.86897832000002 1.0 0.0
211.67978832 0.0 0.0
212.49059832 1.0 1.0
213.30140832 0.0 0.0
214.11221832 1.0 0.0
214.92302832000001 0.0 0.0
215.73383832000002 1.0 1.0
216.54464832000002 0.0 0.0
217.35545832000003 1.0 0.0
218.16626832 0.0 0.0
218.97707832 1.0 1.0
219.78788832 0.0 0.0
220.59869832 1.0 0.0
221.40950832000001 0.0 0.0
222.22031832000002 1.0 1.0
223.03112832000002 0.0 0.0
223.84193832000003 1.0 0.0
224.65274832000003 0.0 0.0
225.46355832 1.0 1.0
226.27436832 0.0 0.0
227.08517832 1.0 0.0
227.89598832000001 0.0 0.0
228.70679832000002 1.0 1.0
229.51760832000002 0.0 0.0
230.32841832000003 1.0 0.0
231.13922832000003 0.0 0.0
231.95003832 1.0 1.0
232.76084832 0.0 0.0
233.57165832 1.0 0.0
234.38246832000002 0.0 0.0
235.19327832000002 1.0 1.0
236.00408832000002 0.0 0.0
236.81489832000003 1.0 0.0
237.62570832000003 0.0 0.0
238.43651832 1.0 1.0
239.24732832 0.0 0.0
240.05813832 1.0 0.0
240.86894832000002 0.0 0.0
241.67975832000002 1.0 1.0
242.49056832000002 0.0 0.0
243.30137832000003 1.0 0.0
244.11218832000003 0.0 0.0
244.92299832 1.0 1.0
245.73380832 0.0 0.0
246.54461832 1.0 0.0
247.35542832000002 0.0 0.0
248.16623832000002 1.0 1.0
248.97704832000002 0.0 0.0
249.78785832000003 1.0 0.0
250.59866832000003 0.0 0.0
251.40947832 1.0 1.0
252.22028832 0.0 0.0
253.03109832 1.0 1.0
253.84190832000002 0.0 0.0
254.65271832000002 0.0 0.0