0.37361865800000005 0.0 0.0
1.2938616580000002 1.0 0.0
2.214104658 0.0 0.0
3.1343476580000003 1.0 1.0
4.0545906579999995 0.0 0.0
4.974833657999999 1.0 0.0
5.895076657999999 0.0 0.0
6.815319657999999 1.0 1.0
7.735562658 0.0 0.0
8.655805658 1.0 0.0
9.576048658 0.0 0.0
10.496291658 1.0 1.0
11.416534658 0.0 0.0
12.336777657999999 1.0 0.0
13.257020658 0.0 0.0
14.177263658 1.0 1.0
15.097506657999999 0.0 0.0
16.017749657999996 1.0 0.0
16.937992658 0.0 0.0
17.858235657999998 1.0 1.0
18.778478657999997 0.0 0.0
19.698721657999997 1.0 0.0
20.618964657999996 0.0 0.0
21.539207658 1.0 1.0
22.459450657999998 0.0 0.0
23.379693657999997 1.0 0.0
24.299936657999996 0.0 0.0
25.220179657999996 1.0 1.0
26.140422658 0.0 0.0
27.060665657999998 1.0 0.0
27.980908657999997 0.0 0.0
28.901151657999996 1.0 1.0
29.821394657999996 0.0 0.0
30.741637658 1.0 0.0
31.661880658 0.0 0.0
32.582123658 1.0 1.0
33.502366658 0.0 0.0
34.422609658 1.0 0.0
35.342852658 0.0 0.0
36.263095658 1.0 1.0
37.183338658 0.0 0.0
38.103581658 1.0 0.0
39.023824658 0.0 0.0
39.944067658 1.0 1.0
40.864310658 0.0 0.0
41.784553658 1.0 0.0
42.704796658 0.0 0.0
43.625039658 1.0 1.0
44.545282658 0.0 0.0
45.465525658 1.0 0.0
46.385768657999996 0.0 0.0
47.306011658 1.0 1.0
48.226254658 0.0 0.0
49.146497658 1.0 0.0
50.066740658 0.0 0.0
50.986983658 1.0 1.0
51.907226658 0.0 0.0
52.827469658 1.0 0.0
53.747712658 0.0 0.0
54.667955658 1.0 1.0
55.588198657999996 0.0 0.0
56.508441658 1.0 0.0
57.428684658 0.0 0.0
58.348927658 1.0 1.0
59.26917065800001 0.0 0.0
60.18941365800001 1.0 0.0
61.109656658000006 0.0 0.0
62.029899658000005 1.0 1.0
62.950142658000004 0.0 0.0
63.870385658000004 1.0 0.0
64.790628658 0.0 0.0
65.710871658 1.0 1.0
66.631114658 0.0 0.0
67.551357658 1.0 0.0
68.471600658 0.0 0.0
69.391843658 1.0 1.0
70.312086658 0.0 0.0
71.23232965800001 1.0 0.0
72.15257265800001 0.0 0.0
73.07281565800001 1.0 1.0
73.99305865800001 0.0 0.0
74.91330165800001 1.0 1.0
75.83354465800001 0.0 0.0
76.75378765800001 0.0 0.0
77.674030658 1.0 1.0
78.594273658 0.0 0.0
79.514516658 1.0 0.0
80.434759658 0.0 0.0
81.355002658 1.0 1.0
82.275245658 0.0 0.0
83.195488658 1.0 0.0
84.115731658 0.0 0.0
85.035974658 1.0 1.0
85.956217658 0.0 0.0
86.876460658 1.0 0.0
87.796703658 0.0 0.0
88.716946658 1.0 1.0
89.63718965800001 0.0 0.0
90.55743265800001 1.0 0.0
91.47767565800001 0.0 0.0
92.39791865800001 1.0 1.0
93.31816165800001 0.0 0.0
94.23840465800001 1.0 0.0
95.158647658 0.0 0.0
96.078890658 1.0 1.0
96.999133658 0.0 0.0
97.919376658 1.0 0.0
98.839619658 0.0 0.0
99.759862658 1.0 1.0
100.680105658 0.0 0.0
101.600348658 1.0 0.0
102.520591658 0.0 0.0
103.440834658 1.0 1.0
104.361077658 0.0 0.0
105.281320658 1.0 0.0
106.201563658 0.0 0.0
107.121806658 1.0 1.0
108.04204965800001 0.0 0.0
108.96229265800001 1.0 0.0
109.88253565800001 0.0 0.0
110.80277865800001 1.0 1.0
111.72302165800001 0.0 0.0
112.643264658 1.0 0.0
113.563507658 0.0 0.0
114.483750658 1.0 1.0
115.403993658 0.0 0.0
116.324236658 1.0 0.0
117.244479658 0.0 0.0
118.164722658 1.0 1.0
119.084965658 0.0 0.0
120.005208658 1.0 0.0
120.925451658 0.0 0.0
121.845694658 1.0 1.0
122.765937658 0.0 0.0
123.686180658 1.0 0.0
124.606423658 0.0 0.0
125.526666658 1.0 1.0
126.446909658 0.0 0.0
127.36715265800001 1.0 0.0
128.287395658 0.0 0.0
129.207638658 1.0 1.0
130.127881658 0.0 0.0
131.048124658 1.0 0.0
131.968367658 0.0 0.0
132.888610658 1.0 1.0
133.808853658 0.0 0.0
134.729096658 1.0 0.0
135.649339658 0.0 0.0
136.569582658 1.0 1.0
137.489825658 0.0 0.0
138.410068658 1.0 0.0
139.330311658 0.0 0.0
140.250554658 1.0 1.0
141.170797658 0.0 0.0
142.091040658 1.0 0.0
143.011283658 0.0 0.0
143.931526658 1.0 1.0
144.851769658 0.0 0.0
145.772012658 1.0 0.0
146.692255658 0.0 0.0
147.612498658 1.0 1.0
148.532741658 0.0 0.0
149.452984658 1.0 0.0
150.373227658 0.0 0.0
151.293470658 1.0 1.0
152.213713658 0.0 0.0
153.133956658 1.0 0.0
154.054199658 0.0 0.0
154.97444265800002 1.0 1.0
155.89468565800001 0.0 0.0
156.814928658 1.0 0.0
157.735171658 0.0 0.0
158.655414658 1.0 1.0
159.575657658 0.0 0.0
160.495900658 1.0 0.0
161.416143658 0.0 0.0
162.336386658 1.0 1.0
163.256629658 0.0 0.0
164.176872658 1.0 0.0
165.097115658 0.0 0.0
166.017358658 1.0 1.0
166.937601658 0.0 0.0
167.857844658 1.0 0.0
168.778087658 0.0 0.0
169.698330658 1.0 1.0
170.618573658 0.0 0.0
171.538816658 1.0 0.0
172.459059658 0.0 0.0
173.379302658 1.0 1.0
174.299545658 0.0 0.0
175.219788658 1.0 0.0
176.140031658 0.0 0.0
177.060274658 1.0 1.0
177.980517658 0.0 0.0
178.900760658 1.0 0.0
179.821003658 0.0 0.0
180.741246658 1.0 1.0
181.661489658 0.0 0.0
182.581732658 1.0 0.0
183.501975658 0.0 0.0
184.422218658 1.0 1.0
185.342461658 0.0 0.0
186.262704658 1.0 0.0
187.182947658 0.0 0.0
188.103190658 1.0 1.0
189.023433658 0.0 0.0
189.943676658 1.0 0.0
190.863919658 0.0 0.0
191.78416265799999 1.0 1.0
192.704405658 0.0 0.0
193.624648658 1.0 0.0
194.544891658 0.0 0.0
195.465134658 1.0 1.0
196.385377658 0.0 0.0
197.305620658 1.0 0.0
198.225863658 0.0 0.0
199.146106658 1.0 1.0
200.066349658 0.0 0.0
200.986592658 1.0 0.0
201.906835658 0.0 0.0
202.827078658 1.0 1.0
203.747321658 0.0 0.0
204.667564658 1.0 0.0
205.587807658 0.0 0.0
206.508050658 1.0 1.0
207.428293658 0.0 0.0
208.348536658 1.0 0.0
209.268779658 0.0 0.0
210.189022658 1.0 1.0
211.109265658 0.0 0.0
212.029508658 1.0 0.0
212.949751658 0.0 0.0
213.869994658 1.0 1.0
214.790237658 0.0 0.0
215.710480658 1.0 0.0
216.630723658 0.0 0.0
217.550966658 1.0 1.0
218.471209658 0.0 0.0
219.391452658 1.0 0.0
220.311695658 0.0 0.0
221.231938658 1.0 1.0
222.152181658 0.0 0.0
223.072424658 1.0 0.0
223.992667658 0.0 0.0
224.912910658 1.0 1.0
225.833153658 0.0 0.0
226.75339665799999 1.0 0.0
227.67363965799998 0.0 0.0
228.59388265799998 1.0 1.0
229.51412565799998 0.0 0.0
230.434368658 1.0 0.0
231.354611658 0.0 0.0
232.274854658 1.0 1.0
233.195097658 0.0 0.0
234.115340658 1.0 0.0
235.035583658 0.0 0.0
235.955826658 1.0 1.0
236.876069658 0.0 0.0
237.796312658 1.0 0.0
238.716555658 0.0 0.0
239.636798658 1.0 1.0
240.557041658 0.0 0.0
241.477284658 1.0 0.0
242.397527658 0.0 0.0
243.317770658 1.0 1.0
244.238013658 0.0 0.0
245.158256658 1.0 0.0
246.078499658 0.0 0.0
246.998742658 1.0 1.0
247.918985658 0.0 0.0
248.839228658 1.0 0.0
249.759471658 0.0 0.0
250.679714658 1.0 1.0
251.599957658 0.0 0.0
252.520200658 1.0 0.0
253.440443658 0.0 0.0
254.360686658 1.0 1.0
255.280929658 0.0 0.0
256.201172658 1.0 0.0
257.121415658 0.0 0.0