0.026428545000000022 0.0 0.0
0.740713545 1.0 0.0
1.454998545 0.0 0.0
2.169283545 1.0 1.0
2.883568545 0.0 0.0
3.5978535449999995 1.0 0.0
4.312138545 0.0 0.0
5.026423544999999 1.0 1.0
5.740708545 0.0 0.0
6.454993545 1.0 0.0
7.169278545 0.0 0.0
7.883563545 1.0 1.0
8.597848545 0.0 0.0
9.312133545 1.0 0.0
10.026418545 0.0 0.0
10.740703545 1.0 1.0
11.454988544999999 0.0 0.0
12.169273545 1.0 0.0
12.883558545 0.0 0.0
13.597843545 1.0 1.0
14.312128545 0.0 0.0
15.026413545 1.0 0.0
15.740698545 0.0 0.0
16.454983545 1.0 1.0
17.169268545 0.0 0.0
17.883553545 1.0 0.0
18.597838545 0.0 0.0
19.312123545 1.0 1.0
20.026408545 0.0 0.0
20.740693545 1.0 0.0
21.454978545 0.0 0.0
22.169263545 1.0 1.0
22.885238484166663 0.0 0.0
23.601228484166665 1.0 0.0
24.317218484166663 0.0 0.0
25.033208484166664 1.0 1.0
25.749198484166666 0.0 0.0
26.465188484166664 1.0 0.0
27.181178484166665 0.0 0.0
27.897168484166663 1.0 1.0
28.613158484166664 0.0 0.0
29.329148484166666 1.0 0.0
30.045138484166664 0.0 0.0
30.761128484166665 1.0 1.0
31.477118484166667 0.0 0.0
32.193108484166665 1.0 0.0
32.90909848416666 0.0 0.0
33.62508848416667 1.0 1.0
34.341078484166665 0.0 0.0
35.05706848416666 1.0 0.0
35.77305848416667 0.0 0.0
36.489048484166666 1.0 1.0
37.205038484166664 0.0 0.0
37.92102848416666 1.0 0.0
38.63701848416666 0.0 0.0
39.353008484166665 1.0 1.0
40.06899848416667 0.0 0.0
40.78498848416666 1.0 0.0
41.500978484166666 0.0 0.0
42.216968484166664 1.0 1.0
42.93295848416666 0.0 0.0
43.64894848416667 1.0 0.0
44.364938484166665 0.0 0.0
45.08092848416666 1.0 1.0
45.79691848416667 0.0 0.0
46.51290848416667 1.0 0.0
47.22889848416666 0.0 0.0
47.94488848416667 1.0 1.0
48.66087848416667 0.0 0.0
49.376868484166664 1.0 0.0
50.09169780541667 0.0 0.0
50.805982805416676 1.0 1.0
51.52026780541667 0.0 0.0
52.234552805416676 1.0 0.0
52.94883780541667 0.0 0.0
53.66312280541668 1.0 1.0
54.377407805416674 0.0 0.0
55.09169280541667 1.0 0.0
55.805977805416674 0.0 0.0
56.52026280541667 1.0 1.0
57.234547805416675 0.0 0.0
57.94883280541667 1.0 0.0
58.663117805416675 0.0 0.0
59.37740280541667 1.0 1.0
60.091687805416676 0.0 0.0
60.80597280541667 1.0 0.0
61.520257805416676 0.0 0.0
62.23454280541667 1.0 1.0
62.94882780541668 0.0 0.0
63.663112805416674 1.0 0.0
64.37739780541668 0.0 0.0
65.09168280541667 1.0 1.0
65.80596780541667 0.0 0.0
66.52025280541667 1.0 0.0
67.23453780541668 0.0 0.0
67.94882280541668 1.0 1.0
68.66310780541667 0.0 0.0
69.37739280541668 1.0 0.0
70.09167780541668 0.0 0.0
70.80596280541667 1.0 1.0
71.52024780541667 0.0 0.0
72.23453280541668 1.0 0.0
72.94881780541667 0.0 0.0
73.66310280541667 1.0 1.0
74.37738780541667 0.0 0.0
75.09167280541668 1.0 0.0
75.80595780541668 0.0 0.0
76.52024280541667 1.0 1.0
77.23452780541668 0.0 0.0
77.94881280541668 1.0 0.0
78.66309780541667 0.0 0.0
79.37738280541667 1.0 1.0
80.09166780541668 0.0 0.0
80.80595280541667 1.0 0.0
81.52023780541667 0.0 0.0
82.23452280541667 1.0 1.0
82.94880780541668 0.0 0.0
83.66309280541668 1.0 0.0
84.37737780541667 0.0 0.0
85.09166280541668 1.0 1.0
85.80594780541668 0.0 0.0
86.52023280541667 1.0 0.0
87.23451780541667 0.0 0.0
87.94880280541668 1.0 1.0
88.66308780541667 0.0 0.0
89.37737280541668 1.0 0.0
90.09165780541667 0.0 0.0
90.80594280541668 1.0 1.0
91.52022780541668 0.0 0.0
92.23451280541667 1.0 0.0
92.94879780541667 0.0 0.0
93.66308280541668 1.0 1.0
94.37736780541667 0.0 0.0
95.09165280541667 1.0 0.0
95.80736489041668 0.0 0.0
96.52335489041667 1.0 1.0
97.23934489041667 0.0 0.0
97.95533489041668 1.0 0.0
98.67132489041667 0.0 0.0
99.38731489041668 1.0 1.0
100.10330489041668 0.0 0.0
100.81929489041667 1.0 0.0
101.53528489041668 0.0 0.0
102.25127489041668 1.0 1.0
102.96726489041667 0.0 0.0
103.68325489041668 1.0 0.0
104.39924489041667 0.0 0.0
105.11523489041667 1.0 1.0
105.83122489041668 0.0 0.0
106.54721489041668 1.0 0.0
107.26320489041667 0.0 0.0
107.97919489041668 1.0 1.0
108.69518489041667 0.0 0.0
109.41117489041667 1.0 0.0
110.12716489041668 0.0 0.0
110.84315489041668 1.0 1.0
111.55914489041668 0.0 0.0
112.27513489041668 1.0 0.0
112.99112489041667 0.0 0.0
113.70711489041668 1.0 1.0
114.42310489041668 0.0 0.0
115.13909489041669 1.0 0.0
115.85508489041668 0.0 0.0
116.57107489041668 1.0 1.0
117.28706489041667 0.0 0.0
118.00305489041668 1.0 0.0
118.71904489041668 0.0 0.0
119.43503489041667 1.0 1.0
120.15102489041668 0.0 0.0
120.86701489041668 1.0 0.0
121.58300489041667 0.0 0.0
122.29899489041668 1.0 1.0
123.01498489041668 0.0 0.0
123.73097489041668 1.0 0.0
124.44696489041668 0.0 0.0
125.16295489041667 1.0 1.0
125.87894489041668 0.0 0.0
126.59493489041668 1.0 0.0
127.31092489041669 0.0 0.0
128.02691489041666 1.0 1.0
128.7429048904167 0.0 0.0
129.45889489041667 1.0 0.0
130.17488489041668 0.0 0.0
130.89087489041668 1.0 1.0
131.6068648904167 0.0 0.0
132.3228548904167 1.0 0.0
133.03884489041667 0.0 0.0
133.75483489041667 1.0 1.0
134.47082489041668 0.0 0.0
135.18681489041668 1.0 0.0
135.9028048904167 0.0 0.0
136.61879489041667 1.0 1.0
137.33478489041667 0.0 0.0
138.05077489041668 1.0 0.0
138.76676489041668 0.0 0.0
139.4827548904167 1.0 1.0
140.19874489041666 0.0 0.0
140.91443736791666 1.0 0.0
141.62872236791668 0.0 0.0
142.34300736791667 1.0 1.0
143.05729236791666 0.0 0.0
143.77157736791668 1.0 0.0
144.48586236791667 0.0 0.0
145.20014736791668 1.0 1.0
145.91443236791667 0.0 0.0
146.62871736791666 1.0 0.0
147.34300236791668 0.0 0.0
148.05728736791667 1.0 1.0
148.77157236791666 0.0 0.0
149.48585736791668 1.0 0.0
150.20014236791667 0.0 0.0
150.91442736791666 1.0 1.0
151.62871236791668 0.0 0.0
152.34299736791667 1.0 0.0
153.05728236791668 0.0 0.0
153.77156736791667 1.0 1.0
154.48585236791666 0.0 0.0
155.20013736791668 1.0 0.0
155.91442236791667 0.0 0.0
156.62870736791666 1.0 1.0
157.34299236791668 0.0 0.0
158.05727736791667 1.0 0.0
158.77156236791666 0.0 0.0
159.48584736791668 1.0 1.0
160.20013236791667 0.0 0.0
160.91441736791666 1.0 0.0
161.62870236791667 0.0 0.0
162.34298736791666 1.0 1.0
163.05727236791668 0.0 0.0
163.77155736791667 1.0 0.0
164.48584236791666 0.0 0.0
165.20012736791668 1.0 1.0
165.91441236791667 0.0 0.0
166.62869736791666 1.0 0.0
167.34298236791668 0.0 0.0
168.05726736791667 1.0 1.0
168.77155236791668 0.0 0.0
169.48583736791667 1.0 0.0
170.20012236791666 0.0 0.0
170.91440736791668 1.0 1.0
171.62869236791667 0.0 0.0
172.34297736791666 1.0 0.0
173.05726236791668 0.0 0.0
173.77154736791667 1.0 1.0
174.48583236791666 0.0 0.0
175.20011736791668 0.0 0.0
175.91440236791667 0.0 0.0