0.658837749 0.0 0.0
1.4083687489999999 1.0 1.0
2.1578997490000003 0.0 0.0
2.907430749 1.0 0.0
3.6569617489999993 0.0 0.0
4.406492748999999 1.0 1.0
5.156023748999999 0.0 0.0
5.905554748999999 1.0 0.0
6.655085749 0.0 0.0
7.404616749 1.0 1.0
8.154147749 0.0 0.0
8.903678749 1.0 0.0
9.653209749 0.0 0.0
10.402740749 1.0 1.0
11.152271749 0.0 0.0
11.901802749 1.0 0.0
12.651333749 0.0 0.0
13.400864749 1.0 1.0
14.150395749 0.0 0.0
14.899926749 1.0 0.0
15.649457749 0.0 0.0
16.398988749 1.0 1.0
17.148519749 0.0 0.0
17.898050749 1.0 0.0
18.647581749 0.0 0.0
19.397112749 1.0 1.0
20.146643749 0.0 0.0
20.896174749 1.0 0.0
21.645705749 0.0 0.0
22.395236749 1.0 1.0
23.144767749 0.0 0.0
23.894298749 1.0 0.0
24.643829749 0.0 0.0
25.393360748999996 1.0 1.0
26.142891748999997 0.0 0.0
26.892422748999998 1.0 0.0
27.641953748999995 0.0 0.0
28.391484748999996 1.0 1.0
29.141015748999997 0.0 0.0
29.890546748999995 1.0 0.0
30.640077748999996 0.0 0.0
31.389608748999997 1.0 1.0
32.139139748999995 0.0 0.0
32.888670749 1.0 0.0
33.638201749 0.0 0.0
34.387732748999994 1.0 1.0
35.137263749 0.0 0.0
35.886794748999996 1.0 0.0
36.636325748999994 0.0 0.0
37.385856749 1.0 1.0
38.135387748999996 0.0 0.0
38.88491874899999 1.0 0.0
39.634449749 0.0 0.0
40.383980748999996 1.0 1.0
41.13351174899999 0.0 0.0
41.883042749 1.0 0.0
42.632573748999995 0.0 0.0
43.382104749 1.0 1.0
44.131635749 0.0 0.0
44.881166748999995 1.0 0.0
45.630697749 0.0 0.0
46.380228749 1.0 1.0
47.129759748999994 0.0 0.0
47.879290749 1.0 0.0
48.628821749000004 0.0 0.0
49.378352749 1.0 1.0
50.127883749 0.0 0.0
50.877414749 1.0 0.0
51.62694574900001 0.0 0.0
52.376476749000005 1.0 1.0
53.12600774900001 0.0 0.0
53.87553874900001 1.0 0.0
54.625069749000005 0.0 0.0
55.37460074900001 1.0 1.0
56.12413174900001 0.0 0.0
56.873662749000005 1.0 0.0
57.62319374900001 0.0 0.0
58.37272474900001 1.0 1.0
59.122255749000004 0.0 0.0
59.87178674900001 1.0 0.0
60.621317749000006 0.0 0.0
61.37084874900001 1.0 1.0
62.12037974900001 0.0 0.0
62.869910749000006 1.0 0.0
63.61944174900001 0.0 0.0
64.36897274900001 1.0 1.0
65.11850374900001 0.0 0.0
65.868034749 1.0 0.0
66.61756574900001 0.0 0.0
67.36709674900001 1.0 1.0
68.116627749 0.0 0.0
68.86615874900001 1.0 0.0
69.61568974900001 0.0 0.0
70.365220749 1.0 1.0
71.114751749 0.0 0.0
71.86428274900001 1.0 0.0
72.613813749 0.0 0.0
73.363344749 1.0 1.0
74.11287574900001 0.0 0.0
74.862406749 1.0 0.0
75.611937749 0.0 0.0
76.36146874900001 1.0 1.0
77.110999749 0.0 0.0
77.860530749 1.0 0.0
78.61006174900001 0.0 0.0
79.359592749 1.0 1.0
80.109123749 0.0 0.0
80.85865474900001 1.0 0.0
81.608185749 0.0 0.0
82.357716749 1.0 1.0
83.10724774900001 0.0 0.0
83.856778749 1.0 0.0
84.606309749 0.0 0.0
85.35584074900001 1.0 1.0
86.10537174900001 0.0 0.0
86.854902749 1.0 0.0
87.60443374900001 0.0 0.0
88.35396474900001 1.0 1.0
89.103495749 0.0 0.0
89.85302674900001 1.0 0.0
90.60255774900001 0.0 0.0
91.352088749 1.0 1.0
92.10161974900001 0.0 0.0
92.85115074900001 1.0 0.0
93.600681749 0.0 0.0
94.35021274900001 1.0 1.0
95.09974374900001 0.0 0.0
95.849274749 1.0 0.0
96.598805749 0.0 0.0
97.348336749 1.0 1.0
98.097867749 0.0 0.0
98.84739874899999 1.0 0.0
99.596929749 0.0 0.0
100.346460749 1.0 1.0
101.09599174899999 0.0 0.0
101.845522749 1.0 0.0
102.595053749 0.0 0.0
103.34458474899999 1.0 1.0
104.094115749 0.0 0.0
104.843646749 1.0 0.0
105.59317774899999 0.0 0.0
106.342708749 1.0 1.0
107.092239749 0.0 0.0
107.84177074899999 1.0 0.0
108.591301749 0.0 0.0
109.340832749 1.0 1.0
110.09036374899999 0.0 0.0
110.839894749 1.0 0.0
111.589425749 0.0 0.0
112.33895674899999 1.0 1.0
113.088487749 0.0 0.0
113.838018749 1.0 0.0
114.58754974899999 0.0 0.0
115.337080749 1.0 1.0
116.086611749 0.0 0.0
116.83614274899999 1.0 0.0
117.585673749 0.0 0.0
118.335204749 1.0 1.0
119.08473574899999 0.0 0.0
119.834266749 1.0 0.0
120.583797749 0.0 0.0
121.33332874899999 1.0 1.0
122.082859749 0.0 0.0
122.832390749 1.0 0.0
123.58192174899999 0.0 0.0
124.331452749 1.0 1.0
125.080983749 0.0 0.0
125.83051474899999 1.0 0.0
126.58004574899999 0.0 0.0
127.329576749 1.0 1.0
128.079107749 0.0 0.0
128.828638749 1.0 0.0
129.57816974899998 0.0 0.0
130.327700749 1.0 1.0
131.077231749 0.0 0.0
131.82676274899998 1.0 0.0
132.576293749 0.0 0.0
133.325824749 1.0 1.0
134.07535574899998 0.0 0.0
134.824886749 1.0 0.0
135.574417749 0.0 0.0
136.32394874899998 1.0 1.0
137.073479749 0.0 0.0
137.823010749 1.0 0.0
138.57254174899998 0.0 0.0
139.322072749 1.0 1.0
140.071603749 0.0 0.0
140.82113474899998 1.0 0.0
141.570665749 0.0 0.0
142.320196749 1.0 1.0
143.06972774899998 0.0 0.0
143.819258749 1.0 0.0
144.568789749 0.0 0.0
145.318320749 1.0 1.0
146.067851749 0.0 0.0
146.817382749 1.0 0.0
147.566913749 0.0 0.0
148.316444749 1.0 1.0
149.065975749 0.0 0.0
149.815506749 1.0 0.0
150.565037749 0.0 0.0
151.314568749 1.0 1.0
152.064099749 0.0 0.0
152.813630749 1.0 0.0
153.563161749 0.0 0.0
154.312692749 1.0 1.0
155.062223749 0.0 0.0
155.811754749 1.0 0.0
156.561285749 0.0 0.0
157.310816749 1.0 0.0