0.30509394300000003 1.0 1.0
0.871130943 0.0 0.0
1.4371679430000002 1.0 0.0
2.003204943 0.0 0.0
2.5692419429999998 1.0 1.0
3.135278943 0.0 0.0
3.701315943 1.0 0.0
4.267352943 0.0 0.0
4.833389943 1.0 1.0
5.399426943000001 0.0 0.0
5.9654639430000005 1.0 0.0
6.531500943000001 0.0 0.0
7.097537943000001 1.0 1.0
7.663574943000001 0.0 0.0
8.229611943 1.0 0.0
8.795648943000002 0.0 0.0
9.361685943000001 1.0 1.0
9.927722943000003 0.0 0.0
10.493759943000002 1.0 0.0
11.059796943000002 0.0 0.0
11.625833943000002 1.0 1.0
12.191870943000001 0.0 0.0
12.757907943000003 1.0 0.0
13.323944943000003 0.0 0.0
13.889981943000002 1.0 1.0
14.456018943000002 0.0 0.0
15.022055943000003 1.0 0.0
15.588092943000003 0.0 0.0
16.154129943 1.0 1.0
16.720166943000002 0.0 0.0
17.286203943000004 1.0 0.0
17.852240943 0.0 0.0
18.418277943000003 1.0 1.0
18.984314943 0.0 0.0
19.550351943000003 1.0 0.0
20.116388943000004 0.0 0.0
20.682425943000002 1.0 1.0
21.248462943000003 0.0 0.0
21.814499943 1.0 0.0
22.380536943000003 0.0 0.0
22.946573943000004 1.0 1.0
23.512610943000002 0.0 0.0
24.078647943000004 1.0 0.0
24.644684943 0.0 0.0
25.210721943000003 1.0 1.0
25.776758943000004 0.0 0.0
26.342795943000002 1.0 0.0
26.908832943000004 0.0 0.0
27.474869943000005 1.0 1.0
28.040906943000003 0.0 0.0
28.606943943000005 1.0 0.0
29.172980943000002 0.0 0.0
29.739017943000004 1.0 1.0
30.305054943000005 0.0 0.0
30.871091943000003 1.0 0.0
31.437128943000005 0.0 0.0
32.003165943000006 1.0 1.0
32.569202943 0.0 0.0
33.135239943 1.0 0.0
33.701276943 0.0 0.0
34.267313943000005 1.0 1.0
34.833350943000006 0.0 0.0
35.399387943 1.0 0.0
35.965424943 0.0 0.0
36.531461943000004 1.0 1.0
37.097498943000005 0.0 0.0
37.66353594300001 1.0 0.0
38.229572943 0.0 0.0
38.795609943 1.0 1.0
39.361646943000004 0.0 0.0
39.927683943000005 1.0 0.0
40.49372094300001 0.0 0.0
41.059757943 1.0 1.0
41.625794943 0.0 0.0
42.191831943000004 1.0 0.0
42.757868943000005 0.0 0.0
43.32390594300001 1.0 1.0
43.889942943 0.0 0.0
44.455979943 1.0 0.0
45.022016943000004 0.0 0.0
45.588053943000006 1.0 1.0
46.15409094300001 0.0 0.0
46.720127943 1.0 0.0
47.286164943 0.0 0.0
47.852201943000004 1.0 1.0
48.418238943000006 0.0 0.0
48.98427594300001 1.0 0.0
49.550312943 0.0 0.0
50.116349943 1.0 1.0
50.682386943000004 0.0 0.0
51.248423943000006 1.0 0.0
51.81446094300001 0.0 0.0
52.380497943 1.0 1.0
52.946534943 0.0 0.0
53.512571943000005 1.0 0.0
54.078608943000006 0.0 0.0
54.64464594300001 1.0 1.0
55.21068294300001 0.0 0.0
55.776719943 1.0 0.0
56.342756943000005 0.0 0.0
56.908793943000006 1.0 1.0
57.47483094300001 0.0 0.0
58.04086794300001 1.0 0.0
58.606904943 0.0 0.0
59.172941943000005 1.0 1.0
59.738978943000006 0.0 0.0
60.30501594300001 1.0 0.0
60.87105294300001 0.0 0.0
61.437089943000004 1.0 1.0
62.003126943000005 0.0 0.0
62.56916394300001 1.0 0.0
63.13520094300001 0.0 0.0
63.70123794300001 1.0 1.0
64.267274943 0.0 0.0
64.83331194300001 1.0 0.0
65.399348943 0.0 0.0
65.965385943 1.0 1.0
66.53142294300001 0.0 0.0
67.097459943 1.0 0.0
67.66349694300001 0.0 0.0
68.229533943 1.0 1.0
68.795570943 0.0 0.0
69.36160794300001 1.0 0.0
69.927644943 0.0 0.0
70.49368194300001 1.0 1.0
71.05971894300001 0.0 0.0
71.625755943 1.0 0.0
72.19179294300001 0.0 0.0
72.757829943 1.0 1.0
73.323866943 0.0 0.0
73.889903943 1.0 0.0
74.455940943 0.0 0.0
75.021977943 1.0 1.0
75.588014943 0.0 0.0
76.154051943 1.0 0.0
76.720088943 0.0 0.0
77.286125943 1.0 1.0
77.85216294300001 0.0 0.0
78.418199943 1.0 0.0
78.98423694300001 0.0 0.0
79.55027394300001 1.0 1.0
80.116310943 0.0 0.0
80.68234794300001 1.0 0.0
81.248384943 0.0 0.0
81.81442194300001 1.0 1.0
82.38045894300001 0.0 0.0
82.946495943 1.0 0.0
83.51253294300001 0.0 0.0
84.078569943 1.0 1.0
84.64460694300001 0.0 0.0
85.21064394300001 1.0 0.0
85.776680943 0.0 0.0
86.34271794300001 1.0 1.0
86.908754943 0.0 0.0
87.47479194300001 1.0 0.0
88.04082894300001 0.0 0.0
88.606865943 1.0 1.0
89.17290294300001 0.0 0.0
89.738939943 1.0 0.0
90.30497694300001 0.0 0.0
90.87101394300001 1.0 1.0
91.437050943 0.0 0.0
92.00308794300001 1.0 0.0
92.569124943 0.0 0.0
93.13516194300001 1.0 1.0
93.70119894300001 0.0 0.0
94.267235943 1.0 0.0
94.83327294300001 0.0 0.0
95.399309943 1.0 1.0
95.96534694300001 0.0 0.0
96.53138394300001 1.0 0.0
97.097420943 0.0 0.0
97.66345794300001 1.0 1.0
98.229494943 0.0 0.0
98.79553194300001 1.0 0.0
99.36156894300001 0.0 0.0
99.927605943 1.0 1.0
100.49364294300001 0.0 0.0
101.059679943 1.0 0.0
101.62571694300001 0.0 0.0
102.19175394300001 1.0 1.0
102.757790943 0.0 0.0
103.32382794300001 1.0 0.0
103.889864943 0.0 0.0
104.45590194300001 1.0 1.0
105.02193894300001 0.0 0.0
105.587975943 1.0 0.0
106.15401294300001 0.0 0.0
106.720049943 1.0 1.0
107.28608694300002 0.0 0.0
107.85212394300001 1.0 0.0
108.418160943 0.0 0.0
108.98419794300001 1.0 1.0
109.550234943 0.0 0.0
110.11627194300002 1.0 0.0
110.68230894300001 0.0 0.0
111.248345943 1.0 1.0
111.81438294300001 0.0 0.0
112.380419943 1.0 0.0
112.94645694300002 0.0 0.0
113.51249394300001 1.0 1.0
114.078530943 0.0 0.0
114.64456794300001 1.0 0.0
115.210604943 0.0 0.0
115.77664194300002 1.0 1.0
116.34267894300001 0.0 0.0
116.908715943 1.0 0.0
117.47475294300001 0.0 0.0
118.04078994300001 1.0 1.0
118.60682694300002 0.0 0.0
119.17286394300001 1.0 0.0
119.738900943 0.0 0.0
120.30493794300001 1.0 1.0
120.87097494300001 0.0 0.0
121.43701194300002 1.0 0.0
122.00304894300001 0.0 0.0
122.569085943 1.0 1.0
123.13512294300001 0.0 0.0
123.70115994300001 1.0 0.0
124.26719694300002 0.0 0.0
124.83323394300001 1.0 1.0
125.399270943 0.0 0.0
125.96530794300001 1.0 0.0
126.53134494300001 0.0 0.0
127.09738194300002 1.0 1.0
127.66341894300001 0.0 0.0
128.229455943 1.0 0.0
128.795492943 0.0 0.0
129.36152994300002 1.0 1.0
129.92756694300002 0.0 0.0
130.493603943 1.0 0.0
131.059640943 0.0 0.0
131.625677943 1.0 1.0
132.19171494300002 0.0 0.0
132.75775194300002 1.0 0.0
133.323788943 0.0 0.0
133.889825943 1.0 1.0
134.455862943 0.0 0.0
135.02189994300002 1.0 0.0
135.58793694300002 0.0 0.0
136.153973943 1.0 1.0
136.720010943 0.0 0.0
137.286047943 1.0 0.0
137.85208494300002 0.0 0.0
138.41812194300002 1.0 1.0
138.984158943 0.0 0.0
139.550195943 1.0 0.0
140.116232943 0.0 0.0
140.68226994300002 1.0 1.0
141.24830694300002 0.0 0.0
141.814343943 1.0 0.0
142.380380943 0.0 0.0
142.946417943 1.0 1.0
143.51245494300002 0.0 0.0
144.07849194300002 1.0 0.0
144.644528943 0.0 0.0
145.210565943 1.0 1.0
145.776602943 0.0 0.0
146.34263994300002 1.0 0.0
146.90867694300002 0.0 0.0
147.474713943 1.0 1.0
148.040750943 0.0 0.0
148.606787943 1.0 0.0
149.17282494300002 0.0 0.0
149.73886194300002 1.0 1.0
150.304898943 0.0 0.0
150.870935943 1.0 0.0
151.436972943 0.0 0.0
152.00300994300002 1.0 1.0
152.56904694300002 0.0 0.0
153.135083943 1.0 0.0
153.701120943 0.0 0.0
154.267157943 1.0 1.0
154.83319494300002 0.0 0.0
155.39923194300002 1.0 0.0
155.965268943 0.0 0.0
156.531305943 1.0 1.0
157.097342943 0.0 0.0
157.66337994300002 1.0 0.0
158.22941694300002 0.0 0.0
158.795453943 1.0 1.0
159.361490943 0.0 0.0
159.927527943 1.0 0.0
160.49356494300002 0.0 0.0
161.05960194300002 1.0 1.0
161.625638943 0.0 0.0
162.191675943 1.0 0.0
162.757712943 0.0 0.0
163.32374994300002 1.0 1.0
163.88978694300002 0.0 0.0
164.455823943 1.0 0.0
165.021860943 0.0 0.0
165.587897943 1.0 1.0
166.15393494300002 0.0 0.0
166.71997194300002 1.0 0.0
167.286008943 0.0 0.0
167.852045943 1.0 1.0
168.418082943 0.0 0.0
168.98411994300002 1.0 0.0
169.55015694300002 0.0 0.0
170.116193943 1.0 1.0
170.682230943 0.0 0.0
171.248267943 1.0 0.0
171.81430494300002 0.0 0.0
172.38034194300002 1.0 1.0
172.946378943 0.0 0.0
173.512415943 1.0 0.0
174.078452943 0.0 0.0
174.64448994300002 1.0 1.0
175.21052694300002 0.0 0.0
175.776563943 1.0 0.0
176.342600943 0.0 0.0
176.908637943 1.0 1.0
177.47467494300002 0.0 0.0
178.04071194300002 1.0 0.0
178.606748943 0.0 0.0
179.172785943 1.0 1.0
179.738822943 0.0 0.0
180.30485994300003 1.0 0.0
180.87089694300002 0.0 0.0
181.436933943 1.0 1.0
182.002970943 0.0 0.0
182.569007943 1.0 0.0
183.13504494300003 0.0 0.0
183.70108194300002 1.0 1.0
184.267118943 0.0 0.0
184.833155943 1.0 0.0
185.399192943 0.0 0.0
185.96522994300003 1.0 1.0
186.53126694300002 0.0 0.0
187.09730394300001 1.0 0.0
187.663340943 0.0 0.0
188.229377943 1.0 1.0
188.79541494300003 0.0 0.0
189.36145194300002 1.0 0.0
189.92748894300001 0.0 0.0
190.493525943 1.0 1.0
191.059562943 0.0 0.0
191.62559994300003 1.0 0.0
192.19163694300002 0.0 0.0
192.75767394300001 1.0 1.0
193.323710943 0.0 0.0
193.889747943 1.0 0.0
194.45578494300003 0.0 0.0
195.02182194300002 1.0 1.0
195.58785894300001 0.0 0.0
196.153895943 1.0 0.0
196.719932943 0.0 0.0
197.28596994300003 1.0 1.0
197.85200694300002 0.0 0.0
198.41804394300001 1.0 0.0
198.984080943 0.0 0.0
199.550117943 1.0 1.0
200.11615494300003 0.0 0.0
200.68219194300002 1.0 0.0
201.24822894300002 0.0 0.0
201.814265943 1.0 1.0
202.380302943 0.0 0.0
202.94633994300003 1.0 0.0
203.51237694300002 0.0 0.0
204.07841394300002 1.0 1.0
204.644450943 0.0 0.0
205.210487943 1.0 0.0
205.77652494300003 0.0 0.0
206.34256194300002 1.0 1.0
206.90859894300002 0.0 0.0
207.474635943 1.0 0.0
208.040672943 0.0 0.0
208.60670994300003 1.0 1.0
209.17274694300002 0.0 0.0
209.73878394300002 1.0 0.0
210.304820943 0.0 0.0
210.870857943 1.0 1.0
211.43689494300003 0.0 0.0
212.00293194300002 1.0 0.0
212.56896894300002 0.0 0.0
213.135005943 1.0 1.0
213.701042943 0.0 0.0
214.26707994300003 1.0 0.0
214.83311694300002 0.0 0.0
215.39915394300002 1.0 1.0
215.965190943 0.0 0.0
216.531227943 1.0 0.0
217.09726494300003 0.0 0.0
217.66330194300002 1.0 1.0
218.22933894300002 0.0 0.0
218.795375943 1.0 0.0
219.361412943 0.0 0.0
219.92744994300003 1.0 1.0
220.49348694300002 0.0 0.0
221.05952394300002 1.0 0.0
221.625560943 0.0 0.0
222.191597943 1.0 1.0
222.75763494300003 0.0 0.0
223.32367194300002 1.0 0.0
223.88970894300002 0.0 0.0
224.455745943 1.0 1.0
225.021782943 0.0 0.0
225.58781994300003 1.0 0.0
226.15385694300002 0.0 0.0
226.71989394300002 1.0 1.0
227.285930943 0.0 0.0
227.851967943 1.0 0.0
228.41800494300003 0.0 0.0
228.98404194300002 1.0 1.0
229.55007894300002 0.0 0.0
230.116115943 1.0 0.0
230.682152943 0.0 0.0
231.24818994300003 1.0 1.0
231.81422694300002 0.0 0.0
232.38026394300002 1.0 0.0
232.946300943 0.0 0.0
233.512337943 1.0 1.0
234.07837494300003 0.0 0.0
234.64441194300002 1.0 0.0
235.21044894300002 0.0 0.0
235.776485943 1.0 1.0
236.342522943 0.0 0.0
236.90855994300003 1.0 0.0
237.47459694300002 0.0 0.0
238.04063394300002 1.0 1.0
238.606670943 0.0 0.0
239.172707943 1.0 0.0
239.73874494300003 0.0 0.0
240.30478194300002 1.0 1.0
240.87081894300002 0.0 0.0
241.436855943 1.0 0.0
242.002892943 0.0 0.0
242.56892994300003 1.0 1.0
243.13496694300002 0.0 0.0
243.70100394300002 1.0 0.0
244.267040943 0.0 0.0
244.833077943 1.0 1.0
245.39911494300003 0.0 0.0
245.96515194300002 1.0 0.0
246.53118894300002 0.0 0.0
247.097225943 1.0 1.0
247.663262943 0.0 0.0
248.22929994300003 1.0 0.0
248.79533694300002 0.0 0.0
249.36137394300002 1.0 1.0
249.927410943 0.0 0.0
250.493447943 1.0 0.0
251.05948494300003 0.0 0.0
251.62552194300002 1.0 1.0
252.19155894300002 0.0 0.0
252.757595943 1.0 0.0
253.323632943 0.0 0.0
253.88966994300003 1.0 1.0
254.45570694300002 0.0 0.0
255.02174394300002 1.0 0.0
255.587780943 0.0 0.0
256.15381794300004 1.0 1.0
256.71985494300003 0.0 0.0
257.285891943 1.0 0.0
257.851928943 0.0 0.0
258.417965943 1.0 1.0
258.984002943 0.0 0.0
259.550039943 1.0 0.0
260.116076943 0.0 0.0
260.68211394300005 1.0 1.0
261.24815094300004 0.0 0.0
261.81418794300004 1.0 0.0
262.38022494300003 0.0 0.0
262.946261943 1.0 1.0
263.512298943 0.0 0.0
264.078335943 1.0 0.0
264.644372943 0.0 0.0
265.210409943 1.0 1.0
265.776446943 0.0 0.0
266.34248394300005 1.0 0.0
266.90852094300004 0.0 0.0
267.47455794300004 1.0 1.0
268.04059494300003 0.0 0.0
268.606631943 1.0 0.0
269.172668943 0.0 0.0
269.738705943 1.0 1.0
270.304742943 0.0 0.0
270.870779943 1.0 0.0
271.436816943 0.0 0.0
272.00285394300005 1.0 1.0
272.56889094300004 0.0 0.0
273.13492794300004 1.0 0.0
273.70096494300003 0.0 0.0
274.267001943 1.0 0.0
274.833038943 0.0 0.0
275.399075943 1.0 1.0
275.965112943 0.0 0.0
276.531149943 0.0 0.0