0.6229860480000001 1.0 1.0
1.5612180480000002 0.0 0.0
2.4994500480000004 1.0 0.0
3.437682048 0.0 0.0
4.375914047999999 1.0 1.0
5.314146048 0.0 0.0
6.252378048 1.0 0.0
7.190610048 0.0 0.0
8.128842048000001 1.0 1.0
9.067074048 0.0 0.0
10.005306048000001 1.0 0.0
10.943538048 0.0 0.0
11.881770048000002 1.0 1.0
12.820002048000001 0.0 0.0
13.758234048 1.0 0.0
14.696466048000001 0.0 0.0
15.634698048000002 1.0 1.0
16.572930048000003 0.0 0.0
17.511162048000003 1.0 0.0
18.449394048000002 0.0 0.0
19.387626048 1.0 1.0
20.325858048000004 0.0 0.0
21.264090048000003 1.0 0.0
22.202322048000003 0.0 0.0
23.140554048000002 1.0 1.0
24.078786048000005 0.0 0.0
25.017018048000004 1.0 0.0
25.955250048000003 0.0 0.0
26.893482048000003 1.0 1.0
27.831714048000002 0.0 0.0
28.769946048000005 1.0 0.0
29.708178048000004 0.0 0.0
30.646410048000003 1.0 1.0
31.584642048000003 0.0 0.0
32.522874048000006 1.0 0.0
33.461106048000005 0.0 0.0
34.399338048000004 1.0 1.0
35.337570048 0.0 0.0
36.275802048 1.0 0.0
37.214034048 0.0 0.0
38.152266048 1.0 1.0
39.090498048 0.0 0.0
40.02873004800001 1.0 0.0
40.966962048000006 0.0 0.0
41.905194048000006 1.0 1.0
42.843426048000005 0.0 0.0
43.781658048000004 1.0 0.0
44.719890048 0.0 0.0
45.658122048 1.0 1.0
46.596354048 0.0 0.0
47.534586048 1.0 1.0
48.472818048 0.0 0.0
49.41105004800001 1.0 0.0
50.349282048000006 0.0 0.0
51.287514048000006 1.0 1.0
52.225746048000005 0.0 0.0
53.163978048000004 1.0 0.0
54.102210048 0.0 0.0
55.040442048 1.0 1.0
55.978674048 0.0 0.0
56.916906048 1.0 0.0
57.85513804800001 0.0 0.0
58.79337004800001 1.0 1.0
59.731602048000006 0.0 0.0
60.669834048000006 1.0 0.0
61.608066048000005 0.0 0.0
62.546298048000004 1.0 1.0
63.484530048 0.0 0.0
64.42276204800001 1.0 0.0
65.36099404800001 0.0 0.0
66.29922604800001 1.0 1.0
67.23745804800001 0.0 0.0
68.175690048 1.0 0.0
69.113922048 0.0 0.0
70.052154048 1.0 1.0
70.990386048 0.0 0.0
71.928618048 1.0 0.0
72.866850048 0.0 0.0
73.805082048 1.0 1.0
74.743314048 0.0 0.0
75.681546048 1.0 0.0
76.619778048 0.0 0.0
77.558010048 1.0 1.0
78.496242048 0.0 0.0
79.434474048 1.0 0.0
80.37270604800001 0.0 0.0
81.31093804800001 1.0 1.0
82.24917004800001 0.0 0.0
83.18740204800001 1.0 0.0
84.12563404800001 0.0 0.0
85.06386604800001 1.0 1.0
86.00209804800001 0.0 0.0
86.940330048 1.0 0.0
87.878562048 0.0 0.0
88.816794048 1.0 1.0
89.755026048 0.0 0.0
90.693258048 1.0 0.0
91.631490048 0.0 0.0
92.569722048 1.0 1.0
93.507954048 0.0 0.0
94.446186048 1.0 1.0
95.384418048 0.0 0.0
96.322650048 1.0 0.0
97.260882048 0.0 0.0
98.19911404800001 1.0 1.0
99.13734604800001 0.0 0.0
100.07557804800001 1.0 0.0
101.01381004800001 0.0 0.0
101.95204204800001 1.0 1.0
102.89027404800001 0.0 0.0
103.82850604800001 1.0 0.0
104.76673804800001 0.0 0.0
105.704970048 1.0 1.0
106.643202048 0.0 0.0
107.581434048 1.0 0.0
108.519666048 0.0 0.0
109.457898048 1.0 1.0
110.396130048 0.0 0.0
111.334362048 1.0 0.0
112.272594048 0.0 0.0
113.210826048 1.0 1.0
114.149058048 0.0 0.0
115.087290048 1.0 0.0
116.02552204800001 0.0 0.0
116.96375404800001 1.0 1.0
117.90198604800001 0.0 0.0
118.84021804800001 1.0 0.0
119.77845004800001 0.0 0.0
120.716682048 1.0 1.0
121.654914048 0.0 0.0
122.593146048 1.0 0.0
123.531378048 0.0 0.0
124.46961004799999 1.0 1.0
125.40784204799999 0.0 0.0
126.34607404799999 1.0 0.0
127.28430604799999 0.0 0.0
128.22253804800002 1.0 1.0
129.16077004800002 0.0 0.0
130.09900204800002 1.0 0.0
131.03723404800002 0.0 0.0
131.97546604800002 1.0 1.0
132.91369804800001 0.0 0.0
133.851930048 1.0 0.0
134.790162048 0.0 0.0
135.728394048 1.0 1.0
136.666626048 0.0 0.0
137.604858048 1.0 0.0
138.543090048 0.0 0.0
139.481322048 1.0 1.0
140.419554048 0.0 0.0
141.357786048 1.0 1.0
142.296018048 0.0 0.0
143.234250048 1.0 0.0
144.172482048 0.0 0.0
145.110714048 1.0 1.0
146.048946048 0.0 0.0
146.987178048 1.0 0.0
147.925410048 0.0 0.0
148.863642048 1.0 1.0
149.801874048 0.0 0.0
150.740106048 1.0 0.0
151.678338048 0.0 0.0
152.616570048 1.0 1.0
153.554802048 0.0 0.0
154.493034048 1.0 0.0
155.431266048 0.0 0.0
156.369498048 1.0 1.0
157.307730048 0.0 0.0
158.245962048 1.0 0.0
159.184194048 0.0 0.0
160.122426048 1.0 1.0
161.06065804800002 0.0 0.0
161.99889004800002 1.0 0.0
162.93712204800002 0.0 0.0
163.87535404800002 1.0 1.0
164.81358604800002 0.0 0.0
165.75181804800002 1.0 0.0
166.69005004800002 0.0 0.0
167.62828204800002 1.0 1.0
168.56651404800002 0.0 0.0
169.50474604800002 1.0 0.0
170.44297804800001 0.0 0.0
171.381210048 1.0 1.0
172.319442048 0.0 0.0
173.257674048 1.0 0.0
174.195906048 0.0 0.0
175.134138048 1.0 1.0
176.072370048 0.0 0.0
177.010602048 1.0 0.0
177.948834048 0.0 0.0
178.887066048 1.0 1.0
179.825298048 0.0 0.0
180.763530048 1.0 0.0
181.701762048 0.0 0.0
182.639994048 1.0 1.0
183.578226048 0.0 0.0
184.516458048 1.0 0.0
185.454690048 0.0 0.0
186.392922048 1.0 1.0
187.331154048 0.0 0.0
188.269386048 1.0 1.0
189.207618048 0.0 0.0
190.145850048 1.0 0.0
191.084082048 0.0 0.0
192.022314048 1.0 1.0
192.960546048 0.0 0.0
193.898778048 1.0 0.0
194.837010048 0.0 0.0
195.775242048 1.0 1.0
196.71347404800002 0.0 0.0
197.65170604800002 1.0 0.0
198.58993804800002 0.0 0.0
199.52817004800002 1.0 1.0
200.46640204800002 0.0 0.0
201.40463404800002 1.0 0.0
202.34286604800002 0.0 0.0
203.28109804800002 1.0 1.0
204.21933004800002 0.0 0.0
205.15756204800002 1.0 0.0
206.09579404800002 0.0 0.0
207.03402604800002 1.0 1.0
207.97225804800001 0.0 0.0
208.910490048 1.0 0.0
209.848722048 0.0 0.0
210.786954048 1.0 1.0
211.725186048 0.0 0.0
212.663418048 1.0 0.0
213.601650048 0.0 0.0
214.539882048 1.0 1.0
215.478114048 0.0 0.0
216.416346048 1.0 0.0
217.354578048 0.0 0.0
218.292810048 1.0 1.0
219.231042048 0.0 0.0
220.169274048 1.0 0.0
221.107506048 0.0 0.0
222.045738048 1.0 1.0
222.983970048 0.0 0.0
223.922202048 1.0 0.0
224.860434048 0.0 0.0
225.798666048 1.0 1.0
226.736898048 0.0 0.0
227.675130048 1.0 0.0
228.613362048 0.0 0.0
229.551594048 1.0 1.0
230.489826048 0.0 0.0
231.428058048 1.0 0.0
232.36629004800002 0.0 0.0
233.30452204800002 1.0 1.0
234.24275404800002 0.0 0.0
235.18098604800002 1.0 0.0
236.11921804800002 0.0 0.0
237.05745004800002 1.0 1.0
237.99568204800002 0.0 0.0
238.93391404800002 1.0 0.0
239.87214604800002 0.0 0.0
240.81037804800002 1.0 1.0
241.74861004800002 0.0 0.0
242.68684204800002 1.0 0.0
243.62507404800002 0.0 0.0
244.56330604800002 1.0 1.0
245.50153804800001 0.0 0.0
246.439770048 1.0 0.0
247.378002048 0.0 0.0
248.316234048 1.0 1.0
249.254466048 0.0 0.0
250.192698048 1.0 0.0
251.130930048 0.0 0.0
252.069162048 1.0 0.0
253.007394048 0.0 0.0
253.945626048 1.0 1.0
254.883858048 0.0 0.0
255.822090048 1.0 0.0
256.76032204800003 0.0 0.0
257.698554048 1.0 1.0
258.63678604800003 0.0 0.0
259.575018048 1.0 0.0
260.51325004800003 0.0 0.0
261.451482048 1.0 1.0
262.38971404800003 0.0 0.0
263.327946048 1.0 0.0
264.26617804800003 0.0 0.0
265.204410048 1.0 1.0
266.142642048 0.0 0.0
267.080874048 1.0 0.0
268.019106048 0.0 0.0
268.957338048 1.0 1.0
269.895570048 0.0 0.0
270.833802048 1.0 0.0
271.772034048 0.0 0.0
272.710266048 1.0 1.0
273.648498048 0.0 0.0
274.586730048 0.0 0.0