0.5805630900000002 0.0 0.0
1.42563309 1.0 1.0
2.2707030900000005 0.0 0.0
3.1157730900000007 1.0 0.0
3.9608430900000005 0.0 0.0
4.805913090000001 1.0 1.0
5.65098309 0.0 0.0
6.496053090000001 1.0 0.0
7.341123089999999 0.0 0.0
8.18619309 1.0 1.0
9.03126309 0.0 0.0
9.87633309 1.0 0.0
10.721403089999999 0.0 0.0
11.566473089999999 1.0 1.0
12.41154309 0.0 0.0
13.25661309 1.0 0.0
14.101683090000002 0.0 0.0
14.946753090000001 1.0 1.0
15.791823090000001 0.0 0.0
16.63689309 1.0 0.0
17.48196309 0.0 0.0
18.32703309 1.0 1.0
19.17210309 0.0 0.0
20.017173090000004 1.0 0.0
20.862243090000003 0.0 0.0
21.707313090000003 1.0 1.0
22.552383090000003 0.0 0.0
23.397453090000003 1.0 0.0
24.242523090000002 0.0 0.0
25.087593090000002 1.0 1.0
25.932663090000002 0.0 0.0
26.77773309 1.0 0.0
27.622803089999998 0.0 0.0
28.467873089999998 1.0 1.0
29.31294309 0.0 0.0
30.15801309 1.0 0.0
31.00308309 0.0 0.0
31.84815309 1.0 1.0
32.69322309 0.0 0.0
33.538293089999996 1.0 0.0
34.38336309 0.0 0.0
35.22843309 1.0 1.0
36.07350309 0.0 0.0
36.91857309 1.0 0.0
37.76364309 0.0 0.0
38.60871309 1.0 1.0
39.45378309 0.0 0.0
40.29885309 1.0 0.0
41.14392309 0.0 0.0
41.98899309 1.0 1.0
42.83406309 0.0 0.0
43.67913309 1.0 0.0
44.52420309 0.0 0.0
45.36927309 1.0 1.0
46.21434309 0.0 0.0
47.05941309 1.0 0.0
47.90448309 0.0 0.0
48.74955309 1.0 1.0
49.59462309 0.0 0.0
50.43969309 1.0 0.0
51.28476309 0.0 0.0
52.12983309 1.0 1.0
52.97490309 0.0 0.0
53.81997309 1.0 0.0
54.66504309 0.0 0.0
55.510113090000004 1.0 1.0
56.355183090000004 0.0 0.0
57.200253090000004 1.0 0.0
58.04532309000001 0.0 0.0
58.89039309000001 1.0 1.0
59.73546309000001 0.0 0.0
60.58053309000001 1.0 0.0
61.42560309000001 0.0 0.0
62.27067309000001 1.0 1.0
63.11574309000001 0.0 0.0
63.96081309000001 1.0 0.0
64.80588309000001 0.0 0.0
65.65095309 1.0 1.0
66.49602309000001 0.0 0.0
67.34109309000002 1.0 0.0
68.18616309000001 0.0 0.0
69.03123309000001 1.0 1.0
69.87630309000001 0.0 0.0
70.72137309000001 1.0 0.0
71.56644309 0.0 0.0
72.41151309000001 1.0 1.0
73.25658309 0.0 0.0
74.10165309000001 1.0 0.0
74.94672309 0.0 0.0
75.79179309000001 1.0 1.0
76.63686309 0.0 0.0
77.48193309000001 1.0 0.0
78.32700309 0.0 0.0
79.17207309000001 1.0 1.0
80.01714309 0.0 0.0
80.86221309000001 1.0 0.0
81.70728309 0.0 0.0
82.55235309000001 1.0 1.0
83.39742309 0.0 0.0
84.24249309000001 1.0 1.0
85.08756309 0.0 0.0
85.93263309000001 1.0 0.0
86.77770309 0.0 0.0
87.62277309000001 1.0 1.0
88.46784309000002 0.0 0.0
89.31291309000001 1.0 0.0
90.15798309000002 0.0 0.0
91.00305309000001 1.0 1.0
91.84812309000002 0.0 0.0
92.69319309000001 1.0 0.0
93.53826309000002 0.0 0.0
94.38333309000001 1.0 1.0
95.22840309000001 0.0 0.0
96.07347309000001 1.0 0.0
96.91854309000001 0.0 0.0
97.76361309 1.0 1.0
98.60868309000001 0.0 0.0
99.45375309 1.0 0.0
100.29882309000001 0.0 0.0
101.14389309 1.0 1.0
101.98896309000001 0.0 0.0
102.83403309 1.0 0.0
103.67910309000001 0.0 0.0
104.52417309 1.0 1.0
105.36924309000001 0.0 0.0
106.21431309 1.0 0.0
107.05938309000001 0.0 0.0
107.90445309000002 1.0 1.0
108.74952309000003 0.0 0.0
109.59459309000002 1.0 0.0
110.43966309000002 0.0 0.0
111.28473309000002 1.0 1.0
112.12980309000002 0.0 0.0
112.97487309000003 1.0 0.0
113.81994309000002 0.0 0.0
114.66501309000003 1.0 1.0
115.51008309000002 0.0 0.0
116.35515309000003 1.0 0.0
117.20022309000002 0.0 0.0
118.04529309000003 1.0 1.0
118.89036309000002 0.0 0.0
119.73543309000003 1.0 0.0
120.58050309000002 0.0 0.0
121.42557309000003 1.0 1.0
122.27064309000002 0.0 0.0
123.11571309000003 1.0 0.0
123.96078309000002 0.0 0.0
124.80585309000003 1.0 1.0
125.65092309000002 0.0 0.0
126.49599309000003 1.0 1.0
127.34106309000002 0.0 0.0
128.18613309000003 1.0 0.0
129.03120309000002 0.0 0.0
129.87627309 1.0 1.0
130.72134309000003 0.0 0.0
131.56641309000003 1.0 0.0
132.41148309000002 0.0 0.0
133.25655309000004 1.0 1.0
134.10162309000003 0.0 0.0
134.94669309000002 1.0 0.0
135.79176309000002 0.0 0.0
136.63683309000004 1.0 1.0
137.48190309000003 0.0 0.0
138.32697309000002 1.0 0.0
139.17204309000002 0.0 0.0
140.01711309000004 1.0 1.0
140.86218309000003 0.0 0.0
141.70725309000002 1.0 0.0
142.55232309000002 0.0 0.0
143.39739309000004 1.0 1.0
144.24246309000003 0.0 0.0
145.08753309000002 1.0 0.0
145.93260309000001 0.0 0.0
146.77767309000004 1.0 1.0
147.62274309000003 0.0 0.0
148.46781309000002 1.0 0.0
149.31288309 0.0 0.0
150.15795309000003 1.0 1.0
151.00302309000003 0.0 0.0
151.84809309000002 1.0 0.0
152.69316309 0.0 0.0
153.53823309000003 1.0 1.0
154.38330309000003 0.0 0.0
155.22837309000002 1.0 0.0
156.07344309000004 0.0 0.0
156.91851309000003 1.0 1.0
157.76358309000003 0.0 0.0
158.60865309000002 1.0 0.0
159.45372309000004 0.0 0.0
160.29879309000003 1.0 1.0
161.14386309000002 0.0 0.0
161.98893309000002 1.0 0.0
162.83400309000004 0.0 0.0
163.67907309000003 1.0 1.0
164.52414309000002 0.0 0.0
165.36921309000002 1.0 0.0
166.21428309000004 0.0 0.0
167.05935309000003 1.0 1.0
167.90442309000002 0.0 0.0
168.74949309000002 1.0 0.0
169.59456309000004 0.0 0.0
170.43963309000003 1.0 1.0
171.28470309000002 0.0 0.0
172.12977309000001 1.0 0.0
172.97484309000004 0.0 0.0
173.81991309000003 1.0 1.0
174.66498309000002 0.0 0.0
175.51005309000004 1.0 0.0
176.35512309000003 0.0 0.0
177.20019309000003 1.0 1.0
178.04526309000002 0.0 0.0
178.89033309000004 1.0 0.0
179.73540309000003 0.0 0.0
180.58047309000003 1.0 1.0
181.42554309000002 0.0 0.0
182.27061309000004 1.0 0.0
183.11568309000003 0.0 0.0
183.96075309000003 1.0 1.0
184.80582309000002 0.0 0.0
185.65089309000004 1.0 0.0
186.49596309000003 0.0 0.0
187.34103309000002 1.0 1.0
188.18610309000002 0.0 0.0
189.03117309000004 1.0 0.0
189.87624309000003 0.0 0.0
190.72131309000002 1.0 1.0
191.56638309000002 0.0 0.0
192.41145309000004 1.0 0.0
193.25652309000003 0.0 0.0
194.10159309000002 1.0 1.0
194.94666309000004 0.0 0.0
195.79173309000004 1.0 0.0
196.63680309000003 0.0 0.0
197.48187309000002 1.0 1.0
198.32694309000004 0.0 0.0
199.17201309000004 1.0 0.0
200.01708309000003 0.0 0.0
200.86215309000002 1.0 1.0
201.70722309000004 0.0 0.0
202.55229309000003 1.0 0.0
203.39736309000003 0.0 0.0
204.24243309000002 1.0 1.0
205.08750309000004 0.0 0.0
205.93257309000003 1.0 0.0
206.77764309000003 0.0 0.0
207.62271309000002 1.0 1.0
208.46778309000004 0.0 0.0
209.31285309000003 1.0 0.0
210.15792309000003 0.0 0.0
211.00299309000002 1.0 1.0
211.84806309000004 0.0 0.0
212.69313309000003 1.0 0.0
213.53820309000002 0.0 0.0
214.38327309000005 1.0 1.0
215.22834309000004 0.0 0.0
216.07341309000003 1.0 0.0
216.91848309000002 0.0 0.0
217.76355309000004 1.0 1.0
218.60862309000004 0.0 0.0
219.45369309000003 1.0 0.0
220.29876309000002 0.0 0.0
221.14383309000004 1.0 1.0
221.98890309000004 0.0 0.0
222.83397309000003 1.0 0.0
223.67904309000002 0.0 0.0
224.52411309000004 1.0 1.0
225.36918309000004 0.0 0.0
226.21425309000003 1.0 0.0
227.05932309000002 0.0 0.0
227.90439309000004 1.0 1.0
228.74946309000003 0.0 0.0
229.59453309000003 1.0 0.0
230.43960309000002 0.0 0.0
231.28467309000004 1.0 1.0
232.12974309000003 0.0 0.0
232.97481309000003 1.0 0.0
233.81988309000002 0.0 0.0
234.66495309000004 1.0 1.0
235.51002309000003 0.0 0.0
236.35509309000003 1.0 0.0
237.20016309000005 0.0 0.0
238.04523309000004 1.0 1.0
238.89030309000003 0.0 0.0
239.73537309000002 1.0 0.0
240.58044309000005 0.0 0.0
241.42551309000004 1.0 1.0
242.27058309000003 0.0 0.0
243.11565309000002 1.0 0.0
243.96072309000004 0.0 0.0
244.80579309000004 1.0 1.0
245.65086309000003 0.0 0.0
246.49593309000002 1.0 0.0
247.34100309000004 0.0 0.0
248.18607309000004 1.0 1.0
249.03114309000003 0.0 0.0
249.87621309000002 1.0 0.0
250.72128309000004 0.0 0.0
251.56635309000004 1.0 1.0
252.41142309000003 0.0 0.0
253.25649309000002 1.0 0.0
254.10156309000004 0.0 0.0
254.94663309000003 1.0 1.0
255.79170309000003 0.0 0.0
256.63677309 1.0 0.0
257.48184309000004 0.0 0.0
258.32691309000006 1.0 1.0
259.17198309 0.0 0.0
260.01705309000005 1.0 0.0
260.86212309 0.0 0.0
261.70719309000003 1.0 1.0
262.55226309000005 0.0 0.0
263.39733309 1.0 0.0
264.24240309000004 0.0 0.0
265.08747309000006 1.0 1.0
265.93254309 0.0 0.0
266.77761309000005 1.0 0.0
267.62268309 0.0 0.0
268.46775309000003 1.0 1.0
269.31282309000005 0.0 0.0
270.15789309 1.0 0.0
271.00296309000004 0.0 0.0
271.84803309000006 1.0 1.0
272.69310309 0.0 0.0
273.53817309000004 1.0 0.0
274.38324309 0.0 0.0
275.22831309000003 1.0 1.0
276.07338309000005 0.0 0.0
276.91845309 0.0 0.0