0.06744514699999997 0.0 0.0
0.9433561470000001 1.0 1.0
1.8192671470000001 0.0 0.0
2.6951781470000005 1.0 0.0
3.5710891470000004 0.0 0.0
4.447000147000001 1.0 1.0
5.322911147 0.0 0.0
6.1988221470000004 1.0 0.0
7.074733147000001 0.0 0.0
7.950644147000001 1.0 1.0
8.826555147 0.0 0.0
9.702466147 1.0 0.0
10.578377147000001 0.0 0.0
11.454288147000002 1.0 1.0
12.330199147000002 0.0 0.0
13.206110147 1.0 0.0
14.082021146999999 0.0 0.0
14.957932147 1.0 1.0
15.833843147 0.0 0.0
16.709754146999998 1.0 0.0
17.585665147 0.0 0.0
18.461576147 1.0 1.0
19.337487147 0.0 0.0
20.213398147 1.0 0.0
21.089309147 0.0 0.0
21.965220147 1.0 1.0
22.841131147 0.0 0.0
23.717042147 1.0 0.0
24.592953147 0.0 0.0
25.468864147 1.0 1.0
26.344775147 0.0 0.0
27.220686147000002 1.0 0.0
28.096597147 0.0 0.0
28.972508147000003 1.0 1.0
29.848419147 0.0 0.0
30.724330147 1.0 0.0
31.600241147000002 0.0 0.0
32.476152147 1.0 1.0
33.352063147 0.0 0.0
34.227974147000005 1.0 0.0
35.103885147 0.0 0.0
35.979796147 1.0 1.0
36.855707147000004 0.0 0.0
37.731618147 1.0 0.0
38.607529147 0.0 0.0
39.483440147 1.0 1.0
40.359351147000005 0.0 0.0
41.235262147 1.0 0.0
42.111173147 0.0 0.0
42.987084147000004 1.0 1.0
43.862995147 0.0 0.0
44.738906147 1.0 0.0
45.614817147000004 0.0 0.0
46.490728147000006 1.0 1.0
47.366639147 0.0 0.0
48.242550147 1.0 0.0
49.118461147000005 0.0 0.0
49.994372147 1.0 1.0
50.870283147 0.0 0.0
51.746194147000004 1.0 0.0
52.622105147000006 0.0 0.0
53.498016147 1.0 1.0
54.373927147 0.0 0.0
55.249838147000006 1.0 0.0
56.125749147 0.0 0.0
57.001660147 1.0 1.0
57.877571147000005 0.0 0.0
58.75348214700001 1.0 0.0
59.629393147 0.0 0.0
60.505304147000004 1.0 1.0
61.381215147000006 0.0 0.0
62.257126147 1.0 0.0
63.133037147 0.0 0.0
64.008948147 1.0 1.0
64.884859147 0.0 0.0
65.760770147 1.0 0.0
66.636681147 0.0 0.0
67.512592147 1.0 1.0
68.38850314700001 0.0 0.0
69.26441414700001 1.0 0.0
70.140325147 0.0 0.0
71.016236147 1.0 1.0
71.892147147 0.0 0.0
72.768058147 1.0 0.0
73.643969147 0.0 0.0
74.51988014700001 1.0 1.0
75.39579114700001 0.0 0.0
76.271702147 1.0 0.0
77.147613147 0.0 0.0
78.023524147 1.0 1.0
78.899435147 0.0 0.0
79.77534614700001 1.0 0.0
80.65125714700001 0.0 0.0
81.52716814700001 1.0 1.0
82.403079147 0.0 0.0
83.278990147 1.0 0.0
84.154607084 0.0 0.0
85.026699084 1.0 1.0
85.898791084 0.0 0.0
86.770883084 1.0 0.0
87.642975084 0.0 0.0
88.51506708400001 1.0 1.0
89.387159084 0.0 0.0
90.259251084 1.0 0.0
91.13134308400001 0.0 0.0
92.003435084 1.0 1.0
92.87597231575 0.0 0.0
93.75188331575 1.0 0.0
94.62779431575001 0.0 0.0
95.50370531575001 1.0 1.0
96.37961631575001 0.0 0.0
97.25552731575 1.0 0.0
98.13143831575 0.0 0.0
99.00734931575 1.0 1.0
99.88326031575001 0.0 0.0
100.75917131575001 1.0 0.0
101.63508231575001 0.0 0.0
102.51099331575 1.0 1.0
103.38690431575 0.0 0.0
104.26281531575 1.0 0.0
105.13872631575 0.0 0.0
106.01463731575001 1.0 1.0
106.89054831575001 0.0 0.0
107.76645931575001 1.0 0.0
108.64237031575001 0.0 0.0
109.51828131575002 1.0 1.0
110.39419231575 0.0 0.0
111.27010331575 1.0 0.0
112.14601431575001 0.0 0.0
113.02192531575001 1.0 1.0
113.89783631575001 0.0 0.0
114.77374731575 1.0 0.0
115.64965831575 0.0 0.0
116.52556931575 1.0 1.0
117.40148031575 0.0 0.0
118.27739131575001 1.0 0.0
119.15330231575001 0.0 0.0
120.02921331575001 1.0 1.0
120.90512431575002 0.0 0.0
121.78103531575002 1.0 0.0
122.65694631575 0.0 0.0
123.53285731575001 1.0 1.0
124.40876831575001 0.0 0.0
125.28467931575001 1.0 0.0
126.16059031575 0.0 0.0
127.03650131575 1.0 1.0
127.91241231575 0.0 0.0
128.78832331575 1.0 0.0
129.66423431575 0.0 0.0
130.54014531575 1.0 1.0
131.41605631575 0.0 0.0
132.29196731575001 1.0 0.0
133.16787831575002 0.0 0.0
134.04378931575002 1.0 1.0
134.91970031575002 0.0 0.0
135.79561131575002 1.0 0.0
136.67152231575 0.0 0.0
137.54743331575003 1.0 1.0
138.42334431575 0.0 0.0
139.29925531575 1.0 0.0
140.17516631575 0.0 0.0
141.05107731575 1.0 1.0
141.92698831575 0.0 0.0
142.80289931575 1.0 0.0
143.67881031575 0.0 0.0
144.55472131575002 1.0 1.0
145.43063231575002 0.0 0.0
146.30654331575002 1.0 0.0
147.18245431575002 0.0 0.0
148.05836531575 1.0 1.0
148.93402162816668 0.0 0.0
149.8073836281667 1.0 0.0
150.68074562816668 0.0 0.0
151.5541076281667 1.0 1.0
152.42746962816668 0.0 0.0
153.3008316281667 1.0 0.0
154.17419362816668 0.0 0.0
155.0475556281667 1.0 1.0
155.92091762816668 0.0 0.0
156.7942796281667 1.0 0.0
157.66764162816668 0.0 0.0
158.5410036281667 1.0 1.0
159.41436562816668 0.0 0.0
160.2877276281667 1.0 0.0
161.16108962816668 0.0 0.0
162.0344516281667 1.0 1.0
162.90781362816668 0.0 0.0
163.7811756281667 1.0 0.0
164.65453762816668 0.0 0.0
165.52947632691667 1.0 1.0
166.40795332691667 0.0 0.0
167.28643032691667 1.0 0.0
168.16490732691668 0.0 0.0
169.04338432691668 1.0 1.0
169.92186132691668 0.0 0.0
170.8003383269167 1.0 0.0
171.6788153269167 0.0 0.0
172.55729232691667 1.0 1.0
173.43576932691667 0.0 0.0
174.31424632691667 1.0 0.0
175.19272332691668 0.0 0.0
176.07120032691668 1.0 1.0
176.94967732691669 0.0 0.0
177.8281543269167 1.0 0.0
178.7066313269167 0.0 0.0
179.58510832691667 1.0 1.0
180.46340912825002 0.0 0.0
181.33932012825002 1.0 0.0
182.21509565958334 0.0 0.0
183.08973065958335 1.0 1.0
183.96436565958336 0.0 0.0
184.83900065958335 1.0 0.0
185.71363565958336 0.0 0.0
186.58827065958334 1.0 1.0
187.46290565958336 0.0 0.0
188.33754065958334 1.0 0.0
189.21217565958335 0.0 0.0
190.08681065958336 1.0 1.0
190.96144565958335 0.0 0.0
191.83608065958336 1.0 0.0
192.71071565958334 0.0 0.0
193.58535065958336 1.0 1.0
194.45998565958334 0.0 0.0
195.33462065958335 1.0 0.0
196.20925565958336 0.0 0.0
197.08389065958335 1.0 1.0
197.95852565958336 0.0 0.0
198.83316065958334 1.0 0.0
199.70779565958335 0.0 0.0
200.58243065958334 1.0 1.0
201.45706565958335 0.0 0.0
202.33170065958336 1.0 0.0
203.20633565958335 0.0 0.0
204.08097065958336 1.0 1.0
204.95560565958334 0.0 0.0
205.83024065958335 1.0 0.0
206.70487565958334 0.0 0.0
207.57951065958335 1.0 1.0
208.45414565958336 0.0 0.0
209.32878065958334 1.0 0.0
210.20341565958336 0.0 0.0
211.07805065958334 1.0 1.0
211.95268565958335 0.0 0.0
212.82732065958334 1.0 0.0
213.70195565958335 0.0 0.0
214.57659065958336 1.0 1.0
215.45122565958334 0.0 0.0
216.32586065958336 1.0 0.0
217.20049565958334 0.0 0.0
218.07513065958335 1.0 1.0
218.94976565958336 0.0 0.0
219.82440065958335 1.0 0.0
220.69903565958333 0.0 0.0
221.57367065958334 1.0 1.0
222.44830565958335 0.0 0.0
223.32294065958334 1.0 0.0
224.19757565958335 0.0 0.0
225.07221065958333 1.0 1.0
225.94684565958335 0.0 0.0
226.82148065958336 1.0 0.0
227.69611565958334 0.0 0.0
228.57075065958335 1.0 1.0
229.44538565958334 0.0 0.0
230.32002065958335 1.0 0.0
231.19465565958336 0.0 0.0
232.06929065958334 1.0 1.0
232.94523109225003 0.0 0.0
233.82242409225 1.0 0.0
234.69961709225 0.0 0.0
235.57681009225 1.0 1.0
236.45400309225002 0.0 0.0
237.33119609225002 1.0 0.0
238.20838909225 0.0 0.0
239.08558209225 1.0 1.0
239.96277509225 0.0 0.0
240.83996809225002 1.0 0.0
241.71716109225002 0.0 0.0
242.59435409225 1.0 1.0
243.47154709225 0.0 0.0
244.34874009225 1.0 0.0
245.22593309225002 0.0 0.0
246.10312609225002 1.0 1.0
246.98031909225003 0.0 0.0
247.85751209225 1.0 0.0
248.73470509225 0.0 0.0
249.61189809225002 1.0 1.0
250.48909109225002 0.0 0.0
251.36628409225003 1.0 0.0
252.24347709225 0.0 0.0
253.12067009225 1.0 1.0
253.99786309225001 0.0 0.0
254.87505609225002 1.0 0.0
255.75224909225003 0.0 0.0
256.62944209225003 1.0 1.0
257.50663509225 0.0 0.0
258.38382809225004 1.0 0.0
259.26102109225 0.0 0.0
260.13821409225 1.0 1.0
261.01540709225003 0.0 0.0
261.89260009225 1.0 0.0
262.76979309225 0.0 0.0
263.64698609225 1.0 1.0
264.52417909225 0.0 0.0
265.40137209225 1.0 1.0
266.27856509225 0.0 0.0
267.15575809225004 0.0 0.0