0.2772 0.0 0.0
0.8772 1.0 1.0
1.4771999999999996 0.0 0.0
2.0771999999999995 1.0 0.0
2.6771999999999996 0.0 0.0
3.2771999999999997 1.0 1.0
3.8771999999999998 0.0 0.0
4.4772 1.0 0.0
5.0771999999999995 0.0 0.0
5.6772 1.0 1.0
6.277200000000001 0.0 0.0
6.8772 1.0 0.0
7.4772 0.0 0.0
8.0772 1.0 1.0
8.677200000000001 0.0 0.0
9.2772 1.0 0.0
9.8772 0.0 0.0
10.4772 1.0 1.0
11.0772 0.0 0.0
11.677200000000001 1.0 0.0
12.2772 0.0 0.0
12.8772 1.0 1.0
13.4772 0.0 0.0
14.0772 1.0 0.0
14.677200000000001 0.0 0.0
15.2772 1.0 1.0
15.8772 0.0 0.0
16.4772 1.0 0.0
17.0772 0.0 0.0
17.6772 1.0 1.0
18.2772 0.0 0.0
18.877200000000002 1.0 0.0
19.477200000000003 0.0 0.0
20.0772 1.0 1.0
20.677200000000003 0.0 0.0
21.277200000000004 1.0 0.0
21.877200000000002 0.0 0.0
22.477200000000003 1.0 1.0
23.0772 0.0 0.0
23.677200000000003 1.0 0.0
24.277200000000004 0.0 0.0
24.877200000000002 1.0 1.0
25.477200000000003 0.0 0.0
26.0772 1.0 0.0
26.677200000000003 0.0 0.0
27.277200000000004 1.0 1.0
27.877200000000002 0.0 0.0
28.477200000000003 1.0 0.0
29.0772 0.0 0.0
29.677200000000003 1.0 1.0
30.277200000000004 0.0 0.0
30.877200000000002 1.0 0.0
31.477200000000003 0.0 0.0
32.077200000000005 1.0 1.0
32.6772 0.0 0.0
33.2772 1.0 0.0
33.8772 0.0 0.0
34.4772 1.0 1.0
35.077200000000005 0.0 0.0
35.6772 1.0 0.0
36.2772 0.0 0.0
36.8772 1.0 1.0
37.4772 0.0 0.0
38.077200000000005 1.0 0.0
38.6772 0.0 0.0
39.2772 1.0 1.0
39.8772 0.0 0.0
40.4772 1.0 0.0
41.077200000000005 0.0 0.0
41.6772 1.0 1.0
42.2772 0.0 0.0
42.8772 1.0 0.0
43.4772 0.0 0.0
44.077200000000005 1.0 1.0
44.6772 0.0 0.0
45.2772 1.0 0.0
45.8772 0.0 0.0
46.4772 1.0 1.0
47.077200000000005 0.0 0.0
47.6772 1.0 0.0
48.2772 0.0 0.0
48.8772 1.0 1.0
49.4772 0.0 0.0
50.077200000000005 1.0 0.0
50.6772 0.0 0.0
51.2772 1.0 1.0
51.8772 0.0 0.0
52.4772 1.0 0.0
53.077200000000005 0.0 0.0
53.6772 1.0 1.0
54.2772 0.0 0.0
54.8772 1.0 0.0
55.4772 0.0 0.0
56.077200000000005 1.0 1.0
56.6772 0.0 0.0
57.2772 1.0 0.0
57.8772 0.0 0.0
58.4772 1.0 1.0
59.077200000000005 0.0 0.0
59.6772 1.0 1.0
60.2772 0.0 0.0
60.8772 1.0 0.0
61.4772 0.0 0.0
62.077200000000005 1.0 1.0
62.6772 0.0 0.0
63.2772 1.0 0.0
63.8772 0.0 0.0
64.4772 1.0 1.0
65.0772 0.0 0.0
65.6772 1.0 0.0
66.27720000000001 0.0 0.0
66.8772 1.0 1.0
67.4772 0.0 0.0
68.0772 1.0 0.0
68.6772 0.0 0.0
69.27720000000001 1.0 1.0
69.8772 0.0 0.0
70.4772 1.0 0.0
71.0772 0.0 0.0
71.6772 1.0 1.0
72.27720000000001 0.0 0.0
72.8772 1.0 0.0
73.4772 0.0 0.0
74.0772 1.0 1.0
74.6772 0.0 0.0
75.27720000000001 1.0 0.0
75.8772 0.0 0.0
76.4772 1.0 1.0
77.07719999999999 0.0 0.0
77.6772 1.0 0.0
78.2772 0.0 0.0
78.87719999999999 1.0 1.0
79.4772 0.0 0.0
80.07719999999999 1.0 0.0
80.6772 0.0 0.0
81.2772 1.0 1.0
81.87719999999999 0.0 0.0
82.4772 1.0 0.0
83.07719999999999 0.0 0.0
83.6772 1.0 1.0
84.2772 0.0 0.0
84.87719999999999 1.0 0.0
85.4772 0.0 0.0
86.07719999999999 1.0 1.0
86.6772 0.0 0.0
87.2772 1.0 0.0
87.87719999999999 0.0 0.0
88.4772 1.0 1.0
89.07719999999999 0.0 0.0
89.6772 1.0 1.0
90.2772 0.0 0.0
90.87719999999999 1.0 0.0
91.4772 0.0 0.0
92.07719999999999 1.0 1.0
92.6772 0.0 0.0
93.2772 1.0 0.0
93.87719999999999 0.0 0.0
94.4772 1.0 1.0
95.07719999999999 0.0 0.0
95.6772 1.0 0.0
96.2772 0.0 0.0
96.87719999999999 1.0 1.0
97.4772 0.0 0.0
98.07719999999999 1.0 0.0
98.6772 0.0 0.0
99.2772 1.0 1.0
99.87719999999999 0.0 0.0
100.4772 1.0 0.0
101.07719999999999 0.0 0.0
101.6772 1.0 1.0
102.2772 0.0 0.0
102.87719999999999 1.0 0.0
103.4772 0.0 0.0
104.07719999999999 1.0 1.0
104.6772 0.0 0.0
105.2772 1.0 0.0
105.87719999999999 0.0 0.0
106.4772 1.0 1.0
107.07719999999999 0.0 0.0
107.6772 1.0 0.0
108.2772 0.0 0.0
108.87719999999999 1.0 1.0
109.4772 0.0 0.0
110.07719999999999 1.0 0.0
110.6772 0.0 0.0
111.2772 1.0 1.0
111.87719999999999 0.0 0.0
112.4772 1.0 0.0
113.07719999999999 0.0 0.0
113.6772 1.0 1.0
114.2772 0.0 0.0
114.87719999999999 1.0 0.0
115.4772 0.0 0.0
116.07719999999999 1.0 1.0
116.6772 0.0 0.0
117.2772 1.0 0.0
117.87719999999999 0.0 0.0
118.4772 1.0 1.0
119.07719999999999 0.0 0.0
119.6772 1.0 1.0
120.2772 0.0 0.0
120.87719999999999 1.0 0.0
121.4772 0.0 0.0
122.07719999999999 1.0 1.0
122.6772 0.0 0.0
123.2772 1.0 0.0
123.87719999999999 0.0 0.0
124.4772 1.0 1.0
125.07719999999999 0.0 0.0
125.6772 1.0 0.0
126.2772 0.0 0.0
126.87719999999999 1.0 1.0
127.4772 0.0 0.0
128.0772 1.0 0.0
128.6772 0.0 0.0
129.2772 1.0 1.0
129.8772 0.0 0.0
130.47719999999998 1.0 0.0
131.0772 0.0 0.0
131.6772 1.0 1.0
132.2772 0.0 0.0
132.8772 1.0 0.0
133.47719999999998 0.0 0.0
134.0772 1.0 1.0
134.6772 0.0 0.0
135.2772 1.0 0.0
135.8772 0.0 0.0
136.47719999999998 1.0 1.0
137.0772 0.0 0.0
137.6772 1.0 0.0
138.2772 0.0 0.0
138.8772 1.0 1.0
139.47719999999998 0.0 0.0
140.0772 1.0 0.0
140.6772 0.0 0.0
141.2772 1.0 1.0
141.8772 0.0 0.0
142.47719999999998 1.0 0.0
143.0772 0.0 0.0
143.6772 1.0 1.0
144.2772 0.0 0.0
144.8772 1.0 0.0
145.47719999999998 0.0 0.0
146.0772 1.0 1.0
146.6772 0.0 0.0
147.2772 1.0 0.0
147.8772 0.0 0.0
148.47719999999998 1.0 1.0
149.0772 0.0 0.0
149.6772 1.0 1.0
150.2772 0.0 0.0
150.8772 1.0 0.0
151.47719999999998 0.0 0.0
152.0772 1.0 1.0
152.6772 0.0 0.0
153.2772 1.0 0.0
153.8772 0.0 0.0
154.47719999999998 1.0 1.0
155.0772 0.0 0.0
155.6772 1.0 0.0
156.2772 0.0 0.0
156.8772 1.0 1.0
157.47719999999998 0.0 0.0
158.0772 1.0 0.0
158.6772 0.0 0.0
159.2772 1.0 1.0
159.8772 0.0 0.0
160.47719999999998 1.0 0.0
161.0772 0.0 0.0
161.6772 1.0 1.0
162.2772 0.0 0.0
162.8772 1.0 0.0
163.47719999999998 0.0 0.0
164.0772 1.0 1.0
164.6772 0.0 0.0
165.27720000000002 1.0 0.0
165.87720000000002 0.0 0.0
166.4772 1.0 1.0
167.0772 0.0 0.0
167.6772 1.0 0.0
168.27720000000002 0.0 0.0
168.87720000000002 1.0 1.0
169.4772 0.0 0.0
170.0772 1.0 0.0
170.6772 0.0 0.0
171.27720000000002 1.0 1.0
171.87720000000002 0.0 0.0
172.4772 1.0 0.0
173.0772 0.0 0.0
173.6772 1.0 1.0
174.27720000000002 0.0 0.0
174.87720000000002 1.0 0.0
175.4772 0.0 0.0
176.0772 1.0 1.0
176.6772 0.0 0.0
177.27720000000002 1.0 0.0
177.87720000000002 0.0 0.0
178.4772 1.0 1.0
179.0772 0.0 0.0
179.6772 1.0 1.0
180.27720000000002 0.0 0.0
180.87720000000002 1.0 0.0
181.4772 0.0 0.0
182.0772 1.0 1.0
182.6772 0.0 0.0
183.27720000000002 1.0 0.0
183.87720000000002 0.0 0.0
184.4772 1.0 1.0
185.0772 0.0 0.0
185.6772 1.0 0.0
186.27720000000002 0.0 0.0
186.87720000000002 1.0 1.0
187.4772 0.0 0.0
188.0772 1.0 0.0
188.6772 0.0 0.0
189.27720000000002 1.0 1.0
189.87720000000002 0.0 0.0
190.4772 1.0 0.0
191.0772 0.0 0.0
191.6772 1.0 1.0
192.27720000000002 0.0 0.0
192.87720000000002 1.0 0.0
193.4772 0.0 0.0
194.0772 1.0 1.0
194.6772 0.0 0.0
195.27720000000002 1.0 0.0
195.87720000000002 0.0 0.0
196.4772 1.0 1.0
197.0772 0.0 0.0
197.6772 1.0 0.0
198.27720000000002 0.0 0.0
198.87720000000002 1.0 1.0
199.4772 0.0 0.0
200.0772 1.0 0.0
200.6772 0.0 0.0
201.27720000000002 1.0 1.0
201.87720000000002 0.0 0.0
202.4772 1.0 0.0
203.0772 0.0 0.0
203.6772 1.0 1.0
204.27720000000002 0.0 0.0
204.87720000000002 1.0 0.0
205.4772 0.0 0.0
206.0772 1.0 1.0
206.6772 0.0 0.0
207.27720000000002 1.0 0.0
207.87720000000002 0.0 0.0
208.4772 1.0 1.0
209.0772 0.0 0.0
209.6772 1.0 1.0
210.27720000000002 0.0 0.0
210.87720000000002 1.0 0.0
211.4772 0.0 0.0
212.0772 1.0 1.0
212.6772 0.0 0.0
213.27720000000002 1.0 0.0
213.87720000000002 0.0 0.0
214.4772 1.0 1.0
215.0772 0.0 0.0
215.6772 1.0 0.0
216.27720000000002 0.0 0.0
216.87720000000002 1.0 1.0
217.4772 0.0 0.0
218.0772 1.0 0.0
218.6772 0.0 0.0
219.27720000000002 1.0 1.0
219.87720000000002 0.0 0.0
220.4772 1.0 0.0
221.0772 0.0 0.0
221.6772 1.0 1.0
222.27720000000002 0.0 0.0
222.87720000000002 1.0 0.0
223.4772 0.0 0.0
224.0772 1.0 1.0
224.6772 0.0 0.0
225.27720000000002 1.0 0.0
225.87720000000002 0.0 0.0
226.4772 1.0 1.0
227.0772 0.0 0.0
227.6772 1.0 0.0
228.27720000000002 0.0 0.0
228.87720000000002 1.0 1.0
229.4772 0.0 0.0
230.0772 1.0 0.0
230.6772 0.0 0.0
231.27720000000002 1.0 1.0
231.87720000000002 0.0 0.0
232.4772 1.0 0.0
233.0772 0.0 0.0
233.6772 1.0 1.0
234.27720000000002 0.0 0.0
234.87720000000002 1.0 0.0
235.4772 0.0 0.0
236.0772 1.0 1.0
236.6772 0.0 0.0
237.27720000000002 1.0 0.0
237.87720000000002 0.0 0.0
238.4772 1.0 1.0
239.0772 0.0 0.0
239.6772 1.0 0.0
240.27720000000002 0.0 0.0
240.87720000000002 1.0 0.0
241.4772 0.0 0.0
242.0772 1.0 1.0
242.6772 0.0 0.0
243.27720000000002 0.0 0.0