0.47888841 1.0 0.0
1.03444341 0.0 0.0
1.58999841 1.0 1.0
2.14555341 0.0 0.0
2.7011084100000002 1.0 0.0
3.2566634100000003 0.0 0.0
3.8122184100000003 1.0 1.0
4.36777341 0.0 0.0
4.92332841 1.0 0.0
5.47888341 0.0 0.0
6.03443841 1.0 1.0
6.58999341 0.0 0.0
7.14554841 1.0 0.0
7.70110341 0.0 0.0
8.25665841 1.0 1.0
8.81221341 0.0 0.0
9.36776841 1.0 0.0
9.923323409999998 0.0 0.0
10.478878409999998 1.0 1.0
11.034433409999998 0.0 0.0
11.589988409999998 1.0 0.0
12.145543409999998 0.0 0.0
12.701098409999998 1.0 1.0
13.256653409999998 0.0 0.0
13.812208409999998 1.0 0.0
14.367763409999998 0.0 0.0
14.923318409999998 1.0 1.0
15.478873409999999 0.0 0.0
16.034428409999997 1.0 0.0
16.58998341 0.0 0.0
17.145538409999997 1.0 1.0
17.70109341 0.0 0.0
18.25664841 1.0 0.0
18.81220341 0.0 0.0
19.367758410000004 1.0 1.0
19.923313410000002 0.0 0.0
20.478868410000004 1.0 0.0
21.034423410000002 0.0 0.0
21.589978410000004 1.0 1.0
22.145533410000002 0.0 0.0
22.701088410000004 1.0 0.0
23.256643410000002 0.0 0.0
23.812198410000004 1.0 1.0
24.367753410000002 0.0 0.0
24.923308410000004 1.0 0.0
25.478863410000002 0.0 0.0
26.03441841 1.0 1.0
26.589973410000002 0.0 0.0
27.14552841 1.0 0.0
27.701083410000003 0.0 0.0
28.25663841 1.0 1.0
28.812193410000003 0.0 0.0
29.36774841 1.0 0.0
29.923303410000003 0.0 0.0
30.47885841 1.0 1.0
31.034413410000003 0.0 0.0
31.58996841 1.0 0.0
32.14552341 0.0 0.0
32.70107841 1.0 1.0
33.25663341 0.0 0.0
33.812188410000005 1.0 0.0
34.36774341 0.0 0.0
34.92329841 1.0 1.0
35.47885341 0.0 0.0
36.03440841 1.0 0.0
36.589963409999996 0.0 0.0
37.14551841 1.0 1.0
37.70107341 0.0 0.0
38.25662841 1.0 0.0
38.812183409999996 0.0 0.0
39.367738409999994 1.0 1.0
39.92329340999999 0.0 0.0
40.47884840999999 1.0 0.0
41.034403409999996 0.0 0.0
41.589958409999994 1.0 1.0
42.14551340999999 0.0 0.0
42.70106840999999 1.0 0.0
43.256623409999996 0.0 0.0
43.812178409999994 1.0 1.0
44.36773340999999 0.0 0.0
44.92328840999999 1.0 0.0
45.478843409999996 0.0 0.0
46.034398409999994 1.0 1.0
46.58995340999999 0.0 0.0
47.14550840999999 0.0 0.0
47.701063409999996 1.0 0.0
48.256618409999994 0.0 0.0
48.81217340999999 1.0 1.0
49.36772840999999 0.0 0.0
49.923283409999996 1.0 0.0
50.478838409999994 0.0 0.0
51.03439340999999 1.0 1.0
51.58994840999999 0.0 0.0
52.145503409999996 1.0 0.0
52.701058409999995 0.0 0.0
53.25661340999999 1.0 1.0
53.81216840999999 0.0 0.0
54.367723409999996 1.0 0.0
54.923278409999995 0.0 0.0
55.47883340999999 1.0 1.0
56.03438840999999 0.0 0.0
56.58994341 1.0 0.0
57.145498409999995 0.0 0.0
57.70105340999999 1.0 1.0
58.25660840999999 0.0 0.0
58.81216341 1.0 0.0
59.367718409999995 0.0 0.0
59.92327340999999 1.0 1.0
60.47882840999999 0.0 0.0
61.03438341 1.0 0.0
61.589938409999995 0.0 0.0
62.14549340999999 1.0 1.0
62.70104840999999 0.0 0.0
63.25660341 1.0 0.0
63.812158409999995 0.0 0.0
64.36771341 1.0 1.0
64.92326840999999 0.0 0.0
65.47882340999999 1.0 0.0
66.03437840999999 0.0 0.0
66.58993341 1.0 1.0
67.14548841 0.0 0.0
67.70104341 1.0 0.0
68.25659841 0.0 0.0
68.81215341 1.0 1.0
69.36770840999999 0.0 0.0
69.92326340999999 1.0 0.0
70.47881840999999 0.0 0.0
71.03437341 1.0 1.0
71.58992841 0.0 0.0
72.14548341 1.0 0.0
72.70103841 0.0 0.0
73.25659341 1.0 1.0
73.81214840999999 0.0 0.0
74.36770340999999 1.0 0.0
74.92325840999999 0.0 0.0
75.47881341 1.0 1.0
76.03436841 0.0 0.0
76.58992341 1.0 0.0
77.14547841 0.0 0.0
77.70103341 1.0 1.0
78.25658840999999 0.0 0.0
78.81214340999999 1.0 0.0
79.36769840999999 0.0 0.0
79.92325341 1.0 1.0
80.47880841 0.0 0.0
81.03436341 1.0 0.0
81.58991841 0.0 0.0
82.14547341 1.0 1.0
82.70102840999999 0.0 0.0
83.25658340999999 1.0 0.0
83.81213840999999 0.0 0.0
84.36769341 1.0 1.0
84.92324841 0.0 0.0
85.47880341 1.0 0.0
86.03435841 0.0 0.0
86.58991341 1.0 1.0
87.14546840999999 0.0 0.0
87.70102340999999 1.0 0.0
88.25657840999999 0.0 0.0
88.81213340999999 1.0 1.0
89.36768841 0.0 0.0
89.92324341 1.0 0.0
90.47879841 0.0 0.0
91.03435341 1.0 1.0
91.58990840999999 0.0 0.0
92.14546340999999 1.0 0.0
92.70101840999999 0.0 0.0
93.25657340999999 1.0 1.0
93.81212841 0.0 0.0
94.36768341 1.0 0.0
94.92323841 0.0 0.0
95.47879341 1.0 1.0
96.03434840999999 0.0 0.0
96.58990340999999 1.0 0.0
97.14545840999999 0.0 0.0
97.70101340999999 1.0 1.0
98.25656841 0.0 0.0
98.81212341 1.0 0.0
99.36767841 0.0 0.0
99.92323341 1.0 1.0
100.47878840999999 0.0 0.0
101.03434340999999 1.0 0.0
101.58989840999999 0.0 0.0
102.14545340999999 1.0 1.0
102.70100841 0.0 0.0
103.25656341 1.0 0.0
103.81211841 0.0 0.0
104.36767341 1.0 1.0
104.92322841 0.0 0.0
105.47878340999999 1.0 0.0
106.03433840999999 0.0 0.0
106.58989340999999 1.0 1.0
107.14544841 0.0 0.0
107.70100341 1.0 0.0
108.25655841 0.0 0.0
108.81211341 1.0 1.0
109.36766841 0.0 0.0
109.92322340999999 1.0 0.0
110.47877840999999 0.0 0.0
111.03433340999999 1.0 1.0
111.58988841 0.0 0.0
112.14544341 1.0 0.0
112.70099841 0.0 0.0
113.25655341 1.0 1.0
113.81210841 0.0 0.0
114.36766340999999 1.0 0.0
114.92321840999999 0.0 0.0
115.47877340999999 1.0 1.0
116.03432841 0.0 0.0
116.58988341 1.0 0.0
117.14543841 0.0 0.0
117.70099341 1.0 1.0
118.25654841 0.0 0.0
118.81210340999999 1.0 0.0
119.36765840999999 0.0 0.0
119.92321340999999 1.0 1.0
120.47876841 0.0 0.0
121.03432341 1.0 0.0
121.58987841 0.0 0.0
122.14543341 1.0 1.0
122.70098841 0.0 0.0
123.25654340999999 1.0 0.0
123.81209840999999 0.0 0.0
124.36765340999999 1.0 1.0
124.92320841 0.0 0.0
125.47876341 1.0 0.0
126.03431841 0.0 0.0
126.58987341 1.0 1.0
127.14542841 0.0 0.0
127.70098340999999 1.0 0.0
128.25653841 0.0 0.0
128.81209341 1.0 1.0
129.36764841 0.0 0.0
129.92320340999999 1.0 0.0
130.47875840999998 0.0 0.0
131.03431340999998 1.0 1.0
131.58986841 0.0 0.0
132.14542341 1.0 0.0
132.70097841 0.0 0.0
133.25653341 1.0 1.0
133.81208841 0.0 0.0
134.36764341 1.0 0.0
134.92319841 0.0 0.0
135.47875341 1.0 1.0
136.03430841 0.0 0.0
136.58986341 1.0 0.0
137.14541841 0.0 0.0
137.70097341 1.0 1.0
138.25652841 0.0 0.0
138.81208340999999 1.0 0.0
139.36763840999998 0.0 0.0
139.92319340999998 1.0 1.0
140.47874840999998 0.0 0.0
141.03430341 1.0 0.0
141.58985841 0.0 0.0
142.14541341 1.0 1.0
142.70096841 0.0 0.0
143.25652341 1.0 0.0
143.81207841 0.0 0.0
144.36763341000002 1.0 1.0
144.92318841000002 0.0 0.0
145.47874341000002 1.0 0.0
146.03429841000002 0.0 0.0
146.58985341000002 1.0 1.0
147.14540841000002 0.0 0.0
147.70096341 1.0 0.0
148.25651841 0.0 0.0
148.81207341 1.0 1.0
149.36762841 0.0 0.0
149.92318341 1.0 0.0
150.47873841 0.0 0.0
151.03429341 1.0 1.0
151.58984841 0.0 0.0
152.14540341 1.0 0.0
152.70095841 0.0 0.0
153.25651341000003 1.0 1.0
153.81206841000002 0.0 0.0
154.36762341000002 1.0 0.0
154.92317841000002 0.0 0.0
155.47873341000002 1.0 1.0
156.03428841000002 0.0 0.0
156.58984341000001 1.0 0.0
157.14539841 0.0 0.0
157.70095341 1.0 1.0
158.25650841 0.0 0.0
158.81206341 1.0 0.0
159.36761841 0.0 0.0
159.92317341 1.0 1.0
160.47872841 0.0 0.0
161.03428341 1.0 0.0
161.58983841 0.0 0.0
162.14539341000003 1.0 1.0
162.70094841000002 0.0 0.0
163.25650341000002 1.0 0.0
163.81205841000002 0.0 0.0
164.36761341000002 1.0 1.0
164.92316841000002 0.0 0.0
165.47872341000001 1.0 0.0
166.03427841 0.0 0.0
166.58983341 1.0 1.0
167.14538841 0.0 0.0
167.70094341 1.0 0.0
168.25649841 0.0 0.0
168.81205341 1.0 1.0
169.36760841 0.0 0.0
169.92316341 1.0 0.0
170.47871841 0.0 0.0
171.03427341 1.0 1.0
171.58982841000002 0.0 0.0
172.14538341000002 1.0 0.0
172.70093841000002 0.0 0.0
173.25649341000002 1.0 1.0
173.81204841000002 0.0 0.0
174.36760341000002 1.0 0.0
174.92315841 0.0 0.0
175.47871341 1.0 1.0
176.03426841 0.0 0.0
176.58982341 1.0 0.0
177.14537841 0.0 0.0
177.70093341 1.0 1.0
178.25648841 0.0 0.0
178.81204341 1.0 0.0
179.36759841 0.0 0.0
179.92315341 1.0 1.0
180.47870841000002 0.0 0.0
181.03426341000002 1.0 0.0
181.58981841000002 0.0 0.0
182.14537341000002 1.0 1.0
182.70092841000002 0.0 0.0
183.25648341000002 1.0 0.0
183.81203841 0.0 0.0
184.36759341 1.0 1.0
184.92314841 0.0 0.0
185.47870341 1.0 0.0
186.03425841 0.0 0.0
186.58981341 1.0 1.0
187.14536841 0.0 0.0
187.70092341 1.0 0.0
188.25647841 0.0 0.0
188.81203341 1.0 1.0
189.36758841000002 0.0 0.0
189.92314341000002 1.0 0.0
190.47869841000002 0.0 0.0
191.03425341000002 1.0 1.0
191.58980841000002 0.0 0.0
192.14536341000002 1.0 0.0
192.70091841 0.0 0.0
193.25647341 1.0 1.0
193.81202841 0.0 0.0
194.36758341 1.0 0.0
194.92313841 0.0 0.0
195.47869341 1.0 1.0
196.03424841 0.0 0.0
196.58980341 1.0 0.0
197.14535841 0.0 0.0
197.70091341 1.0 1.0
198.25646841000002 0.0 0.0
198.81202341000002 1.0 0.0
199.36757841000002 0.0 0.0
199.92313341000002 1.0 1.0
200.47868841000002 0.0 0.0
201.03424341000002 1.0 0.0
201.58979841000001 0.0 0.0
202.14535341 1.0 1.0
202.70090841 0.0 0.0
203.25646341 1.0 0.0
203.81201841 0.0 0.0
204.36757341 1.0 1.0
204.92312841 0.0 0.0
205.47868341 1.0 0.0
206.03423841 0.0 0.0
206.58979341 1.0 1.0
207.14534841000003 0.0 0.0
207.70090341000002 1.0 0.0
208.25645841000002 0.0 0.0
208.81201341000002 1.0 1.0
209.36756841000002 0.0 0.0
209.92312341000002 1.0 0.0
210.47867841000001 0.0 0.0
211.03423341 1.0 1.0
211.58978841 0.0 0.0
212.14534341 1.0 0.0
212.70089841 0.0 0.0
213.25645341 1.0 1.0
213.81200841 0.0 0.0
214.36756341 1.0 0.0
214.92311841 0.0 0.0
215.47867341 1.0 1.0
216.03422841 0.0 0.0
216.58978341000002 1.0 0.0
217.14533841000002 0.0 0.0
217.70089341000002 1.0 1.0
218.25644841000002 0.0 0.0
218.81200341000002 1.0 0.0
219.36755841000002 0.0 0.0
219.92311341 1.0 1.0
220.47866841 0.0 0.0
221.03422341 1.0 0.0
221.58977841 0.0 0.0
222.14533341 1.0 1.0
222.70088841 0.0 0.0
223.25644341 1.0 0.0
223.81199841 0.0 0.0
224.36755341 1.0 1.0
224.92310841 0.0 0.0
225.47866341000002 1.0 0.0
226.03421841000002 0.0 0.0
226.58977341000002 1.0 1.0
227.14532841000002 0.0 0.0
227.70088341000002 1.0 0.0
228.25643841000002 0.0 0.0
228.81199341 1.0 1.0
229.36754841 0.0 0.0
229.92310341 1.0 0.0
230.47865841 0.0 0.0
231.03421341 1.0 1.0
231.58976841 0.0 0.0
232.14532341 1.0 0.0
232.70087841 0.0 0.0
233.25643341 1.0 1.0
233.81198841 0.0 0.0
234.36754341000002 1.0 0.0
234.92309841000002 0.0 0.0
235.47865341000002 1.0 1.0
236.03420841000002 0.0 0.0
236.58976341000002 1.0 0.0
237.14531841000002 0.0 0.0
237.70087341 1.0 1.0
238.25642841 0.0 0.0
238.81198341 1.0 0.0
239.36753841 0.0 0.0
239.92309341 1.0 1.0
240.47864841 0.0 0.0
241.03420341 1.0 0.0
241.58975841 0.0 0.0
242.14531341 1.0 1.0
242.70086841 0.0 0.0
243.25642341000002 1.0 0.0
243.81197841000002 0.0 0.0
244.36753341000002 1.0 1.0
244.92308841000002 0.0 0.0
245.47864341000002 1.0 0.0
246.03419841000002 0.0 0.0
246.58975341000001 1.0 1.0
247.14530841 0.0 0.0
247.70086341 1.0 0.0
248.25641841 0.0 0.0
248.81197341 1.0 1.0
249.36752841 0.0 0.0
249.92308341 1.0 0.0
250.47863841 0.0 0.0
251.03419341 1.0 1.0
251.58974841 0.0 0.0
252.14530341000003 1.0 0.0
252.70085841000002 0.0 0.0
253.25641341000002 1.0 1.0
253.81196841000002 0.0 0.0
254.36752341000002 1.0 0.0
254.92307841000002 0.0 0.0
255.47863341000001 1.0 1.0
256.03418841 0.0 0.0
256.58974341000004 1.0 0.0
257.14529841 0.0 0.0
257.70085341000004 1.0 1.0
258.25640841 0.0 0.0
258.81196341000003 1.0 0.0
259.36751841 0.0 0.0
259.92307341000003 1.0 1.0
260.47862841 0.0 0.0
261.03418341 1.0 0.0
261.58973841 0.0 0.0
262.14529341 1.0 1.0
262.70084841 0.0 0.0
263.25640341 1.0 0.0
263.81195841 0.0 0.0
264.36751341 1.0 1.0
264.92306841 0.0 0.0