0.6756512280000001 1.0 0.0
1.5452152280000002 0.0 0.0
2.414779228 1.0 1.0
3.2843432280000004 0.0 0.0
4.1539072280000005 1.0 0.0
5.023471228 0.0 0.0
5.8930352280000005 1.0 1.0
6.762599228 0.0 0.0
7.6321632280000005 1.0 0.0
8.501727228 0.0 0.0
9.371291228 1.0 0.0
10.240855228000001 0.0 0.0
11.110419228000001 1.0 1.0
11.979983228 0.0 0.0
12.849547228 1.0 1.0
13.719111228000001 0.0 0.0
14.588675228000003 0.0 0.0
15.458239228000002 1.0 1.0
16.327803228000004 0.0 0.0
17.217536594000002 1.0 0.0
18.113058594 0.0 0.0
19.008580594 1.0 1.0
19.904102594 0.0 0.0
20.799624594 1.0 0.0
21.674977228000003 0.0 0.0
22.544541228000003 1.0 1.0
23.414105228000004 0.0 0.0
24.283669228000004 1.0 0.0
25.153233228000005 0.0 0.0
26.022797228000005 1.0 1.0
26.892361228000006 0.0 0.0
27.761925228000003 1.0 0.0
28.631489228000007 0.0 0.0
29.501053228000004 1.0 1.0
30.370617228000008 0.0 0.0
31.240181228000004 1.0 0.0
32.10974522800001 0.0 0.0
32.98924550400001 1.0 1.0
33.87159750400001 0.0 0.0
34.753949504000005 1.0 0.0
35.63630150400001 0.0 0.0
36.51865350400001 1.0 1.0
37.401005504000004 0.0 0.0
38.28335750400001 1.0 0.0
39.165709504000006 0.0 0.0
40.04806150400001 1.0 1.0
40.93041350400001 0.0 0.0
41.812765504000005 1.0 0.0
42.69511750400001 0.0 0.0
43.59824570700001 1.0 1.0
44.49679359400001 0.0 0.0
45.39231559400001 1.0 0.0
46.28783759400002 0.0 0.0
47.18335959400002 1.0 1.0
48.078881594000016 0.0 0.0
48.974403594000016 1.0 0.0
49.869925594000016 0.0 0.0
50.78685782900001 1.0 1.0
51.70993482900001 0.0 0.0
52.61160159400001 1.0 0.0
53.50712359400001 0.0 0.0
54.40264559400001 1.0 1.0
55.29816759400001 0.0 0.0
56.19368959400001 1.0 0.0
57.08921159400001 0.0 0.0
57.98473359400001 1.0 1.0
58.88025559400001 0.0 0.0
59.77577759400001 1.0 0.0
60.67129959400001 0.0 0.0
61.56682159400001 1.0 1.0
62.46234359400001 0.0 0.0
63.35786559400001 1.0 0.0
64.253387594 0.0 0.0
65.148909594 1.0 1.0
66.02426222800001 0.0 0.0
66.89382622800001 1.0 0.0
67.763390228 0.0 0.0
68.663666707 1.0 1.0
69.57275770700001 0.0 0.0
70.48184870700001 1.0 0.0
71.39093970700002 0.0 0.0
72.27925450400001 1.0 1.0
73.161606504 0.0 0.0
74.04395850400002 1.0 0.0
74.92631050400001 0.0 0.0
75.80866250400001 1.0 1.0
76.711790707 0.0 0.0
77.62088170700001 1.0 0.0
78.52997270700001 0.0 0.0
79.418287504 1.0 1.0
80.321415707 0.0 0.0
81.230506707 1.0 0.0
82.13959770700001 0.0 0.0
83.04868870700001 1.0 1.0
83.957779707 0.0 0.0
84.846094504 1.0 0.0
85.728446504 0.0 0.0
86.61079850400002 1.0 1.0
87.49315050400001 0.0 0.0
88.39627870700001 1.0 0.0
89.30536970700001 0.0 0.0
90.19368450400002 1.0 1.0
91.07603650400002 0.0 0.0
91.95838850400003 1.0 0.0
92.85097359400001 0.0 0.0
93.74649559400001 1.0 1.0
94.64201759400001 0.0 0.0
95.53753959400001 1.0 0.0
96.43306159400001 0.0 0.0
97.32858359400001 1.0 1.0
98.22410559400001 0.0 0.0
99.11962759400001 1.0 0.0
100.01514959400001 0.0 0.0
100.91067159400001 1.0 1.0
101.80619359400002 0.0 0.0
102.70171559400002 1.0 0.0
103.607780707 0.0 0.0
104.516871707 1.0 1.0
105.43682982900002 0.0 0.0
106.34903970700002 1.0 0.0
107.25813070700002 0.0 0.0
108.16722170700002 1.0 1.0
109.07631270700003 0.0 0.0
109.98540370700002 1.0 0.0
110.88395159400002 0.0 0.0
111.77947359400002 1.0 1.0
112.67499559400002 0.0 0.0
113.57051759400002 1.0 0.0
114.46603959400001 0.0 0.0
115.36156159400001 1.0 1.0
116.25708359400001 0.0 0.0
117.15260559400001 1.0 0.0
118.04812759400002 0.0 0.0
118.94364959400002 1.0 1.0
119.83917159400002 0.0 0.0
120.73469359400002 1.0 0.0
121.63021559400002 0.0 0.0
122.52573759400002 1.0 1.0
123.42125959400002 0.0 0.0
124.30654850400002 1.0 0.0
125.18890050400002 0.0 0.0
126.07125250400003 1.0 1.0
126.95360450400003 0.0 0.0
127.83595650400002 1.0 0.0
128.71830850400002 0.0 0.0
129.60066050400002 1.0 1.0
130.47307622800002 0.0 0.0
131.34264022800002 1.0 0.0
132.21220422800002 0.0 0.0
133.08176822800002 1.0 1.0
133.951332228 0.0 0.0
134.811245111 1.0 0.0
135.668388111 0.0 0.0
136.51615039 1.0 1.0
137.36122039000003 0.0 0.0
138.20629039000002 1.0 0.0
139.06074111100003 0.0 0.0
139.93747150400003 1.0 1.0
140.81982350400003 0.0 0.0
141.70217550400002 1.0 0.0
142.58452750400002 0.0 0.0
143.46687950400002 1.0 1.0
144.34923150400004 0.0 0.0
145.23158350400004 1.0 0.0
146.11393550400004 0.0 0.0
146.97670011100004 1.0 1.0
147.83384311100005 0.0 0.0
148.69098611100003 1.0 0.0
149.54812911100004 0.0 0.0
150.42485950400004 1.0 1.0
151.30721150400004 0.0 0.0
152.18956350400003 1.0 0.0
153.07191550400003 0.0 0.0
153.95426750400003 1.0 1.0
154.83661950400005 0.0 0.0
155.69938411100003 1.0 0.0
156.55652711100004 0.0 0.0
157.41367011100002 1.0 1.0
158.27081311100002 0.0 0.0
159.12795611100003 1.0 0.0
159.98509911100004 0.0 0.0
160.861829504 1.0 1.0
161.744181504 0.0 0.0
162.626533504 1.0 0.0
163.508885504 0.0 0.0
164.381301228 1.0 1.0
165.250865228 0.0 0.0
166.10139739000002 1.0 0.0
166.94646739 0.0 0.0
167.810569228 1.0 1.0
168.680133228 0.0 0.0
169.55963350399998 1.0 0.0
170.44198550399997 0.0 0.0
171.32433750399997 1.0 1.0
172.206689504 0.0 0.0
173.089041504 1.0 0.0
173.971393504 0.0 0.0
174.853745504 1.0 1.0
175.73609750399999 0.0 0.0
176.61844950399998 1.0 0.0
177.47183339 0.0 0.0
178.31690339 1.0 1.0
179.16197338999999 0.0 0.0
180.00704338999998 1.0 0.0
180.86149411099998 0.0 0.0
181.718637111 1.0 1.0
182.575780111 0.0 0.0
183.43292311099998 1.0 0.0
184.290066111 0.0 0.0
185.147209111 1.0 1.0
186.004352111 0.0 0.0
186.86149511099998 1.0 0.0
187.718638111 0.0 0.0
188.575781111 1.0 1.0
189.43292411099998 0.0 0.0
190.29006711099998 1.0 0.0
191.147210111 0.0 0.0
192.004353111 1.0 1.0
192.86149611099998 0.0 0.0
193.718639111 1.0 0.0
194.575782111 0.0 0.0
195.432925111 1.0 1.0
196.29006811099998 0.0 0.0
197.147211111 1.0 0.0
198.004354111 0.0 0.0
198.861497111 1.0 1.0
199.71864011099998 0.0 0.0
200.575783111 1.0 0.0
201.432926111 0.0 0.0
202.29006911099998 1.0 1.0
203.147212111 0.0 0.0
204.004355111 1.0 0.0
204.861498111 0.0 0.0
205.71864111099998 1.0 1.0
206.575784111 0.0 0.0
207.432927111 1.0 0.0
208.29007011099998 0.0 0.0
209.14721311099999 1.0 1.0
210.004356111 0.0 0.0
210.861499111 1.0 0.0
211.71864211099998 0.0 0.0
212.575785111 1.0 1.0
213.432928111 0.0 0.0
214.29007111099997 1.0 0.0
215.14721411099998 0.0 0.0
216.004357111 1.0 1.0
216.861500111 0.0 0.0
217.718643111 1.0 0.0
218.57578611099999 0.0 0.0
219.432929111 1.0 1.0
220.29007211099997 0.0 0.0
221.14721511099998 1.0 0.0
222.004358111 0.0 0.0
222.861501111 1.0 1.0
223.718644111 0.0 0.0
224.57578711099998 1.0 0.0
225.432930111 0.0 0.0
226.376008534 1.0 1.0
227.343750534 0.0 0.0
228.235208228 1.0 0.0
229.104772228 0.0 0.0
229.974336228 1.0 1.0
230.843900228 0.0 0.0
231.713464228 1.0 0.0
232.583028228 0.0 0.0
233.45259222800001 1.0 1.0
234.322156228 0.0 0.0
235.191720228 1.0 0.0
236.061284228 0.0 0.0
236.930848228 1.0 1.0
237.800412228 0.0 0.0
238.669976228 1.0 0.0
239.539540228 0.0 0.0
240.39007239000003 1.0 1.0
241.23514239000002 0.0 0.0
242.07109274100003 1.0 0.0
242.90442574100004 0.0 0.0
243.73775874100002 1.0 1.0
244.57109174100003 0.0 0.0
245.40442474100004 1.0 0.0
246.23775774100002 0.0 0.0
247.07109074100003 1.0 1.0
247.90442374100002 0.0 0.0
248.73775674100003 1.0 0.0
249.57108974100004 0.0 0.0
250.40442274100002 1.0 0.0
251.23775574100003 0.0 0.0
252.07108874100004 1.0 1.0
252.90442174100002 0.0 0.0