1.81	1.0
2.72	2.0
3.64	3.0
4.53	4.0
5.46	1.0
6.36	2.0
7.31	3.0
8.19	4.0
9.14	1.0
10.06	2.0
10.98	3.0
11.83	4.0
12.75	1.0
13.7	2.0
14.63	3.0
15.54	4.0
16.47	1.0
17.37	2.0
18.31	3.0
19.22	4.0
20.14	1.0
21.07	2.0
22.02	3.0
22.88	4.0
23.8	1.0
24.71	2.0
25.64	3.0
26.56	4.0
27.47	1.0
28.4	2.0
29.29	3.0
30.22	4.0
31.14	1.0
32.05	2.0
32.95	3.0
33.88	4.0
34.8	1.0
35.71	2.0
36.64	3.0
37.54	4.0
38.46	1.0
39.35	2.0
40.26	3.0
41.18	4.0
42.12	1.0
43.03	2.0
43.93	3.0
44.87	4.0
45.78	1.0
46.7	2.0
47.63	3.0
48.51	4.0
49.45	1.0
50.36	2.0
51.28	3.0
52.19	4.0
53.11	1.0
54.03	2.0
54.95	3.0
55.86	4.0
56.78	1.0
57.69	2.0
58.61	3.0
59.52	4.0
60.44	1.0
61.35	2.0
62.27	3.0
63.19	4.0
64.11	1.0
65.02	2.0
65.94	3.0
66.85	4.0
67.77	1.0
68.68	2.0
69.6	3.0
70.52	4.0
71.44	1.0
72.35	2.0
73.27	3.0
74.18	4.0
75.1	1.0
76.01	2.0
76.93	3.0
77.85	4.0
78.76	1.0
79.68	2.0
80.59	3.0
81.51	4.0
82.42	1.0
83.34	2.0
84.26	3.0
85.17	4.0
86.09	1.0
87.01	2.0
87.92	3.0
88.84	4.0
89.76	1.0
90.67	2.0
91.59	3.0
92.5	4.0
93.42	1.0
94.33	2.0
95.25	3.0
96.17	4.0
97.08	1.0
98.0	2.0
98.92	3.0
99.83	4.0
100.75	1.0
101.66	2.0
102.58	3.0
103.49	4.0
104.41	1.0
105.33	2.0
106.24	3.0
107.16	4.0
108.07	1.0
108.99	2.0
109.91	3.0
110.82	4.0
111.74	1.0
112.66	2.0
113.57	3.0
114.49	4.0
115.4	1.0
116.32	2.0
117.24	3.0
118.15	4.0
119.07	1.0
119.98	2.0
120.9	3.0
121.81	4.0
122.73	1.0
123.64	2.0
124.57	3.0
125.48	4.0
126.4	1.0
127.31	2.0
128.23	3.0
129.14	4.0
130.06	1.0
130.97	2.0
131.89	3.0
132.81	4.0
133.73	1.0
134.64	2.0
135.56	3.0
136.47	4.0
137.39	1.0
138.3	2.0
139.22	3.0
140.13	4.0
141.05	1.0
141.97	2.0
142.89	3.0
143.8	4.0
144.65	1.0
145.17	2.0
145.63	3.0
146.09	4.0
146.55	1.0
147.01	2.0
147.47	3.0
147.92	4.0
148.38	1.0
148.83	2.0
149.29	3.0
149.75	4.0
150.21	1.0
150.67	2.0
151.13	3.0
151.59	4.0
152.04	1.0
152.5	2.0
152.96	3.0
153.42	4.0
153.88	1.0
154.33	2.0
154.79	3.0
155.25	4.0
155.7	1.0
156.16	2.0
156.62	3.0
157.08	4.0
157.54	1.0
158.01	2.0
158.46	3.0
158.92	4.0
159.37	1.0
159.82	2.0
160.29	3.0
160.75	4.0
161.21	1.0
161.66	2.0
162.12	3.0
162.58	4.0
163.03	1.0
163.49	2.0
163.95	3.0
164.41	4.0
164.87	1.0
165.33	2.0
165.79	3.0
166.25	4.0
166.7	1.0
167.16	2.0
167.62	3.0
168.08	4.0
168.53	1.0
168.99	2.0
169.45	3.0
169.91	4.0
170.35	1.0
170.82	2.0
171.28	3.0
171.74	4.0
172.2	1.0
172.66	2.0
173.11	3.0
173.57	4.0
174.03	1.0
174.48	2.0
174.94	3.0
175.41	4.0
175.86	1.0
176.31	2.0
176.78	3.0
177.23	4.0
177.69	1.0
178.15	2.0
178.61	3.0
179.07	4.0
179.53	1.0
179.98	2.0
180.44	3.0
180.9	4.0
181.36	1.0
181.81	2.0
182.27	3.0
182.74	4.0
183.19	1.0
183.63	2.0
184.11	3.0
184.56	4.0
185.01	1.0
185.48	2.0
185.94	3.0
186.41	4.0
186.85	1.0
187.31	2.0
187.77	3.0
188.23	4.0
188.68	1.0
189.13	2.0
189.6	3.0
190.06	4.0
190.52	1.0
190.97	2.0
191.43	3.0
191.89	4.0
192.34	1.0
192.8	2.0
193.26	3.0
193.73	4.0
194.18	1.0
194.64	2.0
195.1	3.0
195.56	4.0
196.01	1.0
196.47	2.0
196.94	3.0
197.4	4.0
197.85	1.0
198.3	2.0
198.76	3.0
199.23	4.0
199.68	1.0
200.13	2.0
200.6	3.0
201.06	4.0
201.5	1.0
201.97	2.0
202.43	3.0
202.9	4.0
203.35	1.0
203.8	2.0
204.27	3.0
204.72	4.0
205.18	1.0
205.63	2.0
206.09	3.0
206.55	4.0
207.02	1.0
207.46	2.0
207.93	3.0
208.39	4.0
208.84	1.0
209.29	2.0
209.76	3.0
210.21	4.0
210.67	1.0
211.13	2.0
211.59	3.0
212.05	4.0
212.51	1.0
212.96	2.0
213.41	3.0
213.87	4.0
214.33	1.0
214.78	2.0
215.25	3.0
215.71	4.0
216.16	1.0
216.62	2.0
217.08	3.0
217.54	4.0
217.99	1.0
218.45	2.0
218.91	3.0
219.36	4.0
219.83	1.0
220.29	2.0
220.74	3.0
221.2	4.0
221.66	1.0
222.11	2.0
222.57	3.0
223.04	4.0
223.5	1.0
223.95	2.0
224.41	3.0
224.88	4.0
225.33	1.0
225.78	2.0
226.24	3.0
226.71	4.0
227.16	1.0
227.62	2.0
228.08	3.0
228.53	4.0
228.99	1.0
229.45	2.0
229.91	3.0
230.37	4.0
230.82	1.0
231.29	2.0
231.74	3.0
232.2	4.0
232.65	1.0
233.11	2.0
233.57	3.0
234.03	4.0
234.49	1.0
234.95	2.0
235.4	3.0
235.86	4.0
236.32	1.0
236.77	2.0
237.23	3.0
237.69	4.0
238.15	1.0
238.6	2.0
239.07	3.0
239.53	4.0
239.99	1.0
240.44	2.0
240.9	3.0
241.36	4.0
241.82	1.0
242.28	2.0
242.73	3.0
243.19	4.0
243.65	1.0
244.11	2.0
244.56	3.0
245.02	4.0
245.48	1.0
245.94	2.0
246.4	3.0
246.86	4.0
247.31	1.0
247.78	2.0
248.25	3.0
248.71	4.0
249.16	1.0
249.61	2.0
250.09	3.0
250.53	4.0
251.0	1.0
251.47	2.0
251.93	3.0
252.36	4.0
252.81	1.0
253.27	2.0
253.73	3.0
254.18	4.0
254.64	1.0
255.09	2.0
255.57	3.0
256.01	4.0
256.48	1.0
256.95	2.0
257.39	3.0
257.86	4.0
258.29	1.0
258.75	2.0
259.21	3.0
259.66	4.0
260.09	1.0
260.56	2.0
261.0	3.0
