0.16740000000000002 1.0 0.0
0.7674 0.0 0.0
1.3674000000000002 1.0 1.0
1.9674 0.0 0.0
2.5674 1.0 0.0
3.1674 0.0 0.0
3.7674000000000003 1.0 1.0
4.3674 0.0 0.0
4.9674000000000005 1.0 0.0
5.5674 0.0 0.0
6.1674 1.0 1.0
6.7674 0.0 0.0
7.3674 1.0 0.0
7.9674000000000005 0.0 0.0
8.5674 1.0 1.0
9.1674 0.0 0.0
9.7674 1.0 0.0
10.3674 0.0 0.0
10.9674 1.0 1.0
11.5674 0.0 0.0
12.1674 1.0 0.0
12.7674 0.0 0.0
13.3674 1.0 1.0
13.9674 0.0 0.0
14.5674 1.0 0.0
15.1674 0.0 0.0
15.7674 1.0 1.0
16.3674 0.0 0.0
16.9674 1.0 0.0
17.5674 0.0 0.0
18.1674 1.0 1.0
18.7674 0.0 0.0
19.367400000000004 1.0 0.0
19.9674 0.0 0.0
20.567400000000003 1.0 1.0
21.1674 0.0 0.0
21.767400000000002 1.0 0.0
22.367400000000004 0.0 0.0
22.9674 1.0 1.0
23.567400000000003 0.0 0.0
24.1674 1.0 0.0
24.767400000000002 0.0 0.0
25.367400000000004 1.0 1.0
25.9674 0.0 0.0
26.567400000000003 1.0 0.0
27.1674 0.0 0.0
27.767400000000002 1.0 1.0
28.367400000000004 0.0 0.0
28.9674 1.0 0.0
29.567400000000003 0.0 0.0
30.1674 1.0 1.0
30.767400000000002 0.0 0.0
31.367400000000004 1.0 0.0
31.9674 0.0 0.0
32.5674 1.0 1.0
33.1674 0.0 0.0
33.7674 1.0 0.0
34.3674 0.0 0.0
34.967400000000005 1.0 1.0
35.5674 0.0 0.0
36.1674 1.0 0.0
36.7674 0.0 0.0
37.3674 1.0 1.0
37.967400000000005 0.0 0.0
38.5674 1.0 0.0
39.1674 0.0 0.0
39.767399999999995 1.0 1.0
40.367399999999996 0.0 0.0
40.9674 1.0 0.0
41.5674 0.0 0.0
42.1674 1.0 1.0
42.767399999999995 0.0 0.0
43.367399999999996 1.0 0.0
43.9674 0.0 0.0
44.5674 1.0 1.0
45.1674 0.0 0.0
45.767399999999995 1.0 0.0
46.367399999999996 0.0 0.0
46.9674 1.0 1.0
47.5674 0.0 0.0
48.1674 1.0 0.0
48.767399999999995 0.0 0.0
49.367399999999996 1.0 1.0
49.9674 0.0 0.0
50.5674 1.0 0.0
51.1674 0.0 0.0
51.767399999999995 1.0 1.0
52.367399999999996 0.0 0.0
52.9674 1.0 0.0
53.5674 0.0 0.0
54.1674 1.0 1.0
54.767399999999995 0.0 0.0
55.367399999999996 1.0 0.0
55.9674 0.0 0.0
56.5674 1.0 1.0
57.1674 0.0 0.0
57.767399999999995 1.0 0.0
58.367399999999996 0.0 0.0
58.9674 1.0 1.0
59.5674 0.0 0.0
60.1674 1.0 0.0
60.767399999999995 0.0 0.0
61.367399999999996 1.0 1.0
61.9674 0.0 0.0
62.5674 1.0 0.0
63.1674 0.0 0.0
63.767399999999995 1.0 1.0
64.3674 0.0 0.0
64.9674 1.0 0.0
65.56739999999999 0.0 0.0
66.1674 1.0 1.0
66.7674 0.0 0.0
67.3674 1.0 0.0
67.9674 0.0 0.0
68.56739999999999 1.0 1.0
69.1674 0.0 0.0
69.7674 1.0 0.0
70.3674 0.0 0.0
70.9674 1.0 1.0
71.56739999999999 0.0 0.0
72.1674 1.0 0.0
72.7674 0.0 0.0
73.3674 1.0 1.0
73.9674 0.0 0.0
74.56739999999999 1.0 0.0
75.1674 0.0 0.0
75.7674 1.0 1.0
76.3674 0.0 0.0
76.9674 1.0 0.0
77.56739999999999 0.0 0.0
78.1674 1.0 1.0
78.7674 0.0 0.0
79.3674 1.0 0.0
79.9674 0.0 0.0
80.56739999999999 1.0 1.0
81.1674 0.0 0.0
81.7674 1.0 0.0
82.3674 0.0 0.0
82.9674 1.0 1.0
83.56739999999999 0.0 0.0
84.1674 1.0 0.0
84.7674 0.0 0.0
85.3674 1.0 1.0
85.9674 0.0 0.0
86.56739999999999 1.0 0.0
87.1674 0.0 0.0
87.7674 1.0 1.0
88.3674 0.0 0.0
88.9674 1.0 0.0
89.56739999999999 0.0 0.0
90.1674 1.0 1.0
90.7674 0.0 0.0
91.3674 1.0 0.0
91.9674 0.0 0.0
92.56739999999999 1.0 1.0
93.1674 0.0 0.0
93.7674 1.0 0.0
94.3674 0.0 0.0
94.9674 1.0 1.0
95.56739999999999 0.0 0.0
96.1674 1.0 0.0
96.7674 0.0 0.0
97.3674 1.0 1.0
97.9674 0.0 0.0
98.56739999999999 1.0 0.0
99.1674 0.0 0.0
99.7674 1.0 1.0
100.3674 0.0 0.0
100.9674 1.0 0.0
101.56739999999999 0.0 0.0
102.1674 1.0 1.0
102.7674 0.0 0.0
103.3674 1.0 0.0
103.9674 0.0 0.0
104.56739999999999 1.0 1.0
105.1674 0.0 0.0
105.7674 1.0 0.0
106.3674 0.0 0.0
106.9674 1.0 1.0
107.56739999999999 0.0 0.0
108.1674 1.0 0.0
108.7674 0.0 0.0
109.3674 1.0 1.0
109.9674 0.0 0.0
110.56739999999999 1.0 0.0
111.1674 0.0 0.0
111.7674 1.0 1.0
112.3674 0.0 0.0
112.9674 1.0 0.0
113.56739999999999 0.0 0.0
114.1674 1.0 1.0
114.7674 0.0 0.0
115.3674 1.0 0.0
115.9674 0.0 0.0
116.56739999999999 1.0 1.0
117.1674 0.0 0.0
117.7674 1.0 0.0
118.3674 0.0 0.0
118.9674 1.0 1.0
119.56739999999999 0.0 0.0
120.1674 1.0 0.0
120.7674 0.0 0.0
121.3674 1.0 1.0
121.9674 0.0 0.0
122.56739999999999 1.0 0.0
123.1674 0.0 0.0
123.7674 1.0 1.0
124.3674 0.0 0.0
124.9674 1.0 0.0
125.56739999999999 0.0 0.0
126.1674 1.0 1.0
126.7674 0.0 0.0
127.3674 1.0 0.0
127.9674 0.0 0.0
128.5674 1.0 1.0
129.1674 0.0 0.0
129.7674 1.0 0.0
130.3674 0.0 0.0
130.9674 1.0 1.0
131.5674 0.0 0.0
132.1674 1.0 0.0
132.7674 0.0 0.0
133.3674 1.0 1.0
133.9674 0.0 0.0
134.5674 1.0 0.0
135.1674 0.0 0.0
135.7674 1.0 1.0
136.3674 0.0 0.0
136.9674 1.0 0.0
137.5674 0.0 0.0
138.1674 1.0 1.0
138.7674 0.0 0.0
139.3674 1.0 0.0
139.9674 0.0 0.0
140.5674 1.0 1.0
141.1674 0.0 0.0
141.7674 1.0 0.0
142.3674 0.0 0.0
142.9674 1.0 1.0
143.5674 0.0 0.0
144.1674 1.0 0.0
144.7674 0.0 0.0
145.3674 1.0 1.0
145.9674 0.0 0.0
146.5674 1.0 0.0
147.1674 0.0 0.0
147.7674 1.0 1.0
148.3674 0.0 0.0
148.9674 1.0 0.0
149.5674 0.0 0.0
150.1674 1.0 1.0
150.7674 0.0 0.0
151.3674 1.0 0.0
151.9674 0.0 0.0
152.5674 1.0 1.0
153.1674 0.0 0.0
153.7674 1.0 0.0
154.3674 0.0 0.0
154.9674 1.0 1.0
155.5674 0.0 0.0
156.1674 1.0 0.0
156.7674 0.0 0.0
157.3674 1.0 1.0
157.9674 0.0 0.0
158.5674 1.0 0.0
159.1674 0.0 0.0
159.7674 1.0 1.0
160.3674 0.0 0.0
160.9674 1.0 0.0
161.5674 0.0 0.0
162.1674 1.0 1.0
162.7674 0.0 0.0
163.3674 1.0 0.0
163.96739999999997 0.0 0.0
164.5674 1.0 1.0
165.1674 0.0 0.0
165.76739999999998 1.0 0.0
166.36739999999998 0.0 0.0
166.96739999999997 1.0 1.0
167.5674 0.0 0.0
168.1674 1.0 0.0
168.76739999999998 0.0 0.0
169.36739999999998 1.0 1.0
169.96739999999997 0.0 0.0
170.5674 1.0 0.0
171.1674 0.0 0.0
171.76739999999998 1.0 1.0
172.36739999999998 0.0 0.0
172.96739999999997 1.0 0.0
173.5674 0.0 0.0
174.1674 1.0 1.0
174.76739999999998 0.0 0.0
175.36739999999998 1.0 0.0
175.96739999999997 0.0 0.0
176.5674 1.0 1.0
177.1674 0.0 0.0
177.76739999999998 1.0 0.0
178.36739999999998 0.0 0.0
178.96739999999997 1.0 1.0
179.5674 0.0 0.0
180.1674 1.0 0.0
180.76739999999998 0.0 0.0
181.36739999999998 1.0 1.0
181.96739999999997 0.0 0.0
182.5674 1.0 0.0
183.1674 0.0 0.0
183.76739999999998 1.0 1.0
184.36739999999998 0.0 0.0
184.96739999999997 1.0 0.0
185.5674 0.0 0.0
186.1674 1.0 1.0
186.76739999999998 0.0 0.0
187.36739999999998 1.0 0.0
187.96739999999997 0.0 0.0
188.5674 1.0 1.0
189.1674 0.0 0.0
189.76739999999998 1.0 0.0
190.36739999999998 0.0 0.0
190.96739999999997 1.0 1.0
191.5674 0.0 0.0
192.1674 1.0 0.0
192.76739999999998 0.0 0.0
193.36739999999998 1.0 1.0
193.96739999999997 0.0 0.0
194.5674 1.0 0.0
195.1674 0.0 0.0
195.76739999999998 1.0 1.0
196.36739999999998 0.0 0.0
196.96739999999997 1.0 0.0
197.5674 0.0 0.0
198.1674 1.0 1.0
198.76739999999998 0.0 0.0
199.36739999999998 1.0 0.0
199.96739999999997 0.0 0.0
200.5674 1.0 1.0
201.1674 0.0 0.0
201.76739999999998 1.0 0.0
202.36739999999998 0.0 0.0
202.96739999999997 1.0 1.0
203.5674 0.0 0.0
204.1674 1.0 0.0
204.76739999999998 0.0 0.0
205.36739999999998 1.0 1.0
205.96739999999997 0.0 0.0
206.5674 1.0 0.0
207.1674 0.0 0.0
207.76739999999998 1.0 1.0
208.36739999999998 0.0 0.0
208.96739999999997 1.0 0.0
209.5674 0.0 0.0
210.1674 1.0 1.0
210.76739999999998 0.0 0.0
211.36739999999998 1.0 0.0
211.96739999999997 0.0 0.0
212.5674 1.0 1.0
213.1674 0.0 0.0
213.76739999999998 1.0 0.0
214.36739999999998 0.0 0.0