0.7489649680000001 0.0 0.0
1.7834469680000002 1.0 0.0
2.8179289680000004 0.0 0.0
3.8524109680000005 1.0 1.0
4.886892968000001 0.0 0.0
5.921374968000001 1.0 0.0
6.955856968000001 0.0 0.0
7.990338968000001 1.0 1.0
9.024820968000002 0.0 0.0
10.059302968000003 1.0 0.0
11.093784968000003 0.0 0.0
12.128266968000004 1.0 1.0
13.162748968000002 0.0 0.0
14.197230968000003 1.0 0.0
15.231712968000004 0.0 0.0
16.266194968000004 1.0 1.0
17.300676968000005 0.0 0.0
18.335158968000005 1.0 0.0
19.369640968000006 0.0 0.0
20.404122968000003 1.0 1.0
21.438604968000003 0.0 0.0
22.473086968000004 1.0 0.0
23.507568968000005 0.0 0.0
24.542050968000005 1.0 1.0
25.576532968000006 0.0 0.0
26.611014968000006 1.0 0.0
27.645496968000007 0.0 0.0
28.679978968000007 1.0 1.0
29.714460968000008 0.0 0.0
30.748942968000005 1.0 0.0
31.783424968000006 0.0 0.0
32.81790696800001 1.0 1.0
33.852388968 0.0 0.0
34.886870968000004 1.0 0.0
35.921352968 0.0 0.0
36.955834968 1.0 1.0
37.990316968 0.0 0.0
39.024798968 1.0 0.0
40.059280968 0.0 0.0
41.093762968 1.0 1.0
42.128244968000004 0.0 0.0
43.162726968 1.0 0.0
44.197208968 0.0 0.0
45.231690968 1.0 1.0
46.266172968 0.0 0.0
47.300654968 1.0 0.0
48.335136968 0.0 0.0
49.369618968000005 1.0 1.0
50.404100968 0.0 0.0
51.438582968000006 1.0 0.0
52.473064968 0.0 0.0
53.507546968 1.0 1.0
54.542028968000004 0.0 0.0
55.576510968 1.0 0.0
56.610992968000005 0.0 0.0
57.645474968 1.0 1.0
58.679956968000006 0.0 0.0
59.714438968 1.0 0.0
60.74892096800001 0.0 0.0
61.783402968000004 1.0 1.0
62.817884968 0.0 0.0
63.852366968000005 1.0 0.0
64.88684896800001 0.0 0.0
65.921330968 1.0 1.0
66.95581296800002 0.0 0.0
67.99029496800001 1.0 0.0
69.02477696800001 0.0 0.0
70.05925896800001 1.0 1.0
71.09374096800002 0.0 0.0
72.12822296800002 1.0 0.0
73.16270496800003 0.0 0.0
74.19718696800003 1.0 1.0
75.23166896800002 0.0 0.0
76.26615096800002 1.0 0.0
77.30063296800002 0.0 0.0
78.33511496800003 1.0 1.0
79.36959696800002 0.0 0.0
80.40407896800002 1.0 0.0
81.43856096800002 0.0 0.0
82.47304296800003 1.0 1.0
83.50752496800003 0.0 0.0
84.54200696800002 1.0 0.0
85.57648896800002 0.0 0.0
86.61097096800002 1.0 1.0
87.64545296800003 0.0 0.0
88.67993496800003 1.0 0.0
89.71441696800002 0.0 0.0
90.74889896800002 1.0 1.0
91.78338096800003 0.0 0.0
92.81786296800003 1.0 0.0
93.85234496800003 0.0 0.0
94.88682696800002 1.0 1.0
95.92130896800002 0.0 0.0
96.95579096800003 1.0 0.0
97.99027296800003 0.0 0.0
99.02475496800002 1.0 1.0
100.05923696800002 0.0 0.0
101.09371896800003 1.0 0.0
102.12820096800003 0.0 0.0
103.16268296800003 1.0 0.0
104.19716496800002 0.0 0.0
105.23164696800002 1.0 1.0
106.26612896800003 0.0 0.0
107.30061096800003 1.0 0.0
108.33509296800003 0.0 0.0
109.36957496800002 1.0 1.0
110.40405696800003 0.0 0.0
111.43853896800003 1.0 0.0
112.47302096800003 0.0 0.0
113.50750296800003 1.0 1.0
114.54198496800002 0.0 0.0
115.57646696800003 1.0 0.0
116.61094896800003 0.0 0.0
117.64543096800003 1.0 1.0
118.67991296800002 0.0 0.0
119.71439496800004 1.0 0.0
120.74887696800003 0.0 0.0
121.78335896800003 1.0 1.0
122.81784096800003 0.0 0.0
123.85232296800002 1.0 0.0
124.88680496800004 0.0 0.0
125.92128696800003 1.0 1.0
126.95576896800003 0.0 0.0
127.99025096800003 1.0 0.0
129.02473296800002 0.0 0.0
130.05921496800002 1.0 1.0
131.09369696800005 0.0 0.0
132.12817896800004 1.0 0.0
133.162660968 0.0 0.0
134.197142968 1.0 1.0
135.231624968 0.0 0.0
136.26610696800003 1.0 0.0
137.30058896800003 0.0 0.0
138.33507096800003 1.0 1.0
139.36955296800002 0.0 0.0
140.40403496800002 1.0 0.0
141.43851696800002 0.0 0.0
142.472998968 1.0 1.0
143.507480968 0.0 0.0
144.541962968 1.0 0.0
145.576444968 0.0 0.0
146.610926968 1.0 1.0
147.645408968 0.0 0.0
148.679890968 1.0 0.0
149.714372968 0.0 0.0
150.74885496800002 1.0 1.0
151.78333696800001 0.0 0.0
152.817818968 1.0 0.0
153.852300968 0.0 0.0
154.886782968 1.0 1.0
155.921264968 0.0 0.0
156.955746968 1.0 0.0
157.990228968 0.0 0.0
159.024710968 1.0 1.0
160.05919296800002 0.0 0.0
161.09367496800002 1.0 0.0
162.128156968 0.0 0.0
163.162638968 1.0 1.0
164.197120968 0.0 0.0
165.231602968 1.0 0.0
166.266084968 0.0 0.0
167.300566968 1.0 1.0
168.335048968 0.0 0.0
169.36953096800002 1.0 0.0
170.40401296800002 0.0 0.0
171.43849496800001 1.0 1.0
172.472976968 0.0 0.0
173.507458968 1.0 0.0
174.541940968 0.0 0.0
175.576422968 1.0 1.0
176.610904968 0.0 0.0
177.645386968 1.0 0.0
178.67986896800002 0.0 0.0
179.71435096800002 1.0 1.0
180.74883296800002 0.0 0.0
181.783314968 1.0 0.0
182.817796968 0.0 0.0
183.852278968 1.0 1.0
184.886760968 0.0 0.0
185.921242968 1.0 0.0
186.955724968 0.0 0.0
187.99020696800002 1.0 1.0
189.02468896800002 0.0 0.0
190.05917096800002 1.0 0.0
191.09365296800001 0.0 0.0
192.128134968 1.0 1.0
193.162616968 0.0 0.0
194.197098968 1.0 0.0
195.231580968 0.0 0.0
196.266062968 1.0 1.0
197.30054496800003 0.0 0.0
198.33502696800002 1.0 0.0
199.36950896800002 0.0 0.0
200.40399096800002 1.0 1.0
201.438472968 0.0 0.0
202.472954968 1.0 0.0
203.507436968 0.0 0.0
204.541918968 1.0 1.0
205.576400968 0.0 0.0
206.61088296800003 1.0 0.0
207.64536496800002 0.0 0.0
208.67984696800002 1.0 1.0
209.71432896800002 0.0 0.0
210.74881096800002 1.0 0.0
211.783292968 0.0 0.0
212.817774968 1.0 1.0
213.852256968 0.0 0.0
214.886738968 1.0 0.0
215.92122096800003 0.0 0.0
216.95570296800003 1.0 1.0
217.99018496800002 0.0 0.0
219.02466696800002 1.0 0.0
220.05914896800002 0.0 0.0
221.093630968 1.0 1.0
222.128112968 0.0 0.0
223.162594968 1.0 0.0
224.197076968 0.0 0.0
225.23155896800003 1.0 1.0
226.26604096800003 0.0 0.0
227.30052296800002 1.0 0.0
228.33500496800002 0.0 0.0
229.36948696800002 1.0 1.0
230.40396896800002 0.0 0.0
231.438450968 1.0 0.0
232.472932968 0.0 0.0
233.507414968 1.0 1.0
234.54189696800003 0.0 0.0
235.57637896800003 1.0 0.0
236.61086096800003 0.0 0.0
237.64534296800002 1.0 1.0
238.67982496800002 0.0 0.0
239.71430696800002 1.0 0.0
240.748788968 0.0 0.0
241.783270968 1.0 1.0
242.817752968 0.0 0.0
243.85223496800003 1.0 0.0
244.88671696800003 0.0 0.0
245.92119896800003 1.0 1.0
246.95568096800002 0.0 0.0
247.99016296800002 1.0 0.0
249.02464496800002 0.0 0.0
250.05912696800002 1.0 1.0
251.093608968 0.0 0.0
252.128090968 1.0 0.0
253.16257296800003 0.0 0.0
254.19705496800003 1.0 0.0
255.23153696800003 0.0 0.0
256.266018968 1.0 1.0
257.30050096800005 0.0 0.0
258.334982968 1.0 0.0
259.36946496800005 0.0 0.0
260.403946968 1.0 1.0
261.43842896800004 0.0 0.0
262.472910968 1.0 0.0
263.50739296800003 0.0 0.0
264.541874968 1.0 1.0
265.576356968 0.0 0.0
266.61083896800005 1.0 0.0
267.645320968 0.0 0.0
268.67980296800005 1.0 1.0
269.714284968 0.0 0.0
270.74876696800004 1.0 0.0
271.783248968 0.0 0.0
272.81773096800003 0.0 0.0