0.26156250000000003 1.0 1.0
1.1990625 0.0 0.0
2.1365625 1.0 0.0
3.0740625 0.0 0.0
4.0115625 1.0 1.0
4.9490625 0.0 0.0
5.8865625 1.0 0.0
6.8240625 0.0 0.0
7.7615625 1.0 1.0
8.6990625 0.0 0.0
9.6365625 1.0 0.0
10.5740625 0.0 0.0
11.5115625 1.0 1.0
12.4490625 0.0 0.0
13.3865625 1.0 0.0
14.3240625 0.0 0.0
15.2615625 1.0 1.0
16.1990625 0.0 0.0
17.1365625 1.0 0.0
18.0740625 0.0 0.0
19.0115625 1.0 1.0
19.9490625 0.0 0.0
20.8865625 1.0 0.0
21.8240625 0.0 0.0
22.7615625 1.0 1.0
23.6990625 0.0 0.0
24.6365625 1.0 0.0
25.5740625 0.0 0.0
26.5115625 1.0 1.0
27.4490625 0.0 0.0
28.3865625 1.0 0.0
29.3240625 0.0 0.0
30.261562500000004 1.0 1.0
31.199062500000004 0.0 0.0
32.136562500000004 1.0 0.0
33.074062500000004 0.0 0.0
34.011562500000004 1.0 1.0
34.949062500000004 0.0 0.0
35.886562500000004 1.0 0.0
36.824062500000004 0.0 0.0
37.761562500000004 1.0 1.0
38.699062500000004 0.0 0.0
39.636562500000004 1.0 0.0
40.574062500000004 0.0 0.0
41.511562500000004 1.0 1.0
42.449062500000004 0.0 0.0
43.386562500000004 1.0 0.0
44.324062500000004 0.0 0.0
45.261562500000004 1.0 1.0
46.199062500000004 0.0 0.0
47.136562500000004 1.0 0.0
48.074062500000004 0.0 0.0
49.011562500000004 1.0 1.0
49.949062500000004 0.0 0.0
50.886562500000004 1.0 0.0
51.824062500000004 0.0 0.0
52.761562500000004 1.0 1.0
53.699062500000004 0.0 0.0
54.636562500000004 1.0 0.0
55.574062500000004 0.0 0.0
56.511562500000004 1.0 1.0
57.449062500000004 0.0 0.0
58.386562500000004 1.0 0.0
59.324062500000004 0.0 0.0
60.2615625 1.0 1.0
61.1990625 0.0 0.0
62.1365625 1.0 0.0
63.0740625 0.0 0.0
64.0115625 1.0 1.0
64.9490625 0.0 0.0
65.8865625 1.0 0.0
66.8240625 0.0 0.0
67.7615625 1.0 1.0
68.6990625 0.0 0.0
69.6365625 1.0 0.0
70.5740625 0.0 0.0
71.5115625 1.0 1.0
72.4490625 0.0 0.0
73.3865625 1.0 0.0
74.3240625 0.0 0.0
75.2615625 1.0 1.0
76.1990625 0.0 0.0
77.1365625 1.0 0.0
78.0740625 0.0 0.0
79.0115625 1.0 1.0
79.9490625 0.0 0.0
80.8865625 1.0 0.0
81.8240625 0.0 0.0
82.7615625 1.0 1.0
83.6990625 0.0 0.0
84.6365625 1.0 0.0
85.5740625 0.0 0.0
86.5115625 1.0 1.0
87.4490625 0.0 0.0
88.3865625 1.0 0.0
89.3240625 0.0 0.0
90.2615625 1.0 1.0
91.1990625 0.0 0.0
92.1365625 1.0 0.0
93.0740625 0.0 0.0
94.0115625 1.0 1.0
94.9490625 0.0 0.0
95.8865625 1.0 0.0
96.8240625 0.0 0.0
97.7615625 1.0 1.0
98.6990625 0.0 0.0
99.6365625 1.0 0.0
100.5740625 0.0 0.0
101.5115625 1.0 1.0
102.4490625 0.0 0.0
103.3865625 1.0 0.0
104.3240625 0.0 0.0
105.2615625 1.0 1.0
106.1990625 0.0 0.0
107.1365625 1.0 0.0
108.0740625 0.0 0.0
109.0115625 1.0 1.0
109.9490625 0.0 0.0
110.8865625 1.0 0.0
111.8240625 0.0 0.0
112.7615625 1.0 1.0
113.6990625 0.0 0.0
114.6365625 1.0 0.0
115.5740625 0.0 0.0
116.5115625 1.0 1.0
117.4490625 0.0 0.0
118.3865625 1.0 0.0
119.3240625 0.0 0.0
120.2615625 1.0 1.0
121.1990625 0.0 0.0
122.1365625 1.0 0.0
123.0740625 0.0 0.0
124.0115625 1.0 1.0
124.9490625 0.0 0.0
125.8865625 1.0 0.0
126.8240625 0.0 0.0
127.7615625 1.0 1.0
128.6990625 0.0 0.0
129.6365625 1.0 0.0
130.5740625 0.0 0.0
131.5115625 1.0 1.0
132.4490625 0.0 0.0
133.3865625 1.0 0.0
134.3240625 0.0 0.0
135.2615625 1.0 1.0
136.1990625 0.0 0.0
137.1365625 1.0 0.0
138.0740625 0.0 0.0
139.0115625 1.0 1.0
139.9490625 0.0 0.0
140.8865625 1.0 0.0
141.8240625 0.0 0.0
142.7615625 1.0 1.0
143.6990625 0.0 0.0
144.6365625 1.0 0.0
145.5740625 0.0 0.0
146.5115625 1.0 1.0
147.4490625 0.0 0.0
148.3865625 1.0 0.0
149.3240625 0.0 0.0
150.2615625 1.0 1.0
151.1990625 0.0 0.0
152.1365625 1.0 0.0
153.0740625 0.0 0.0
154.0115625 1.0 1.0
154.9490625 0.0 0.0
155.8865625 1.0 0.0
156.8240625 0.0 0.0
157.7615625 1.0 1.0
158.6990625 0.0 0.0
159.6365625 1.0 0.0
160.5740625 0.0 0.0
161.5115625 1.0 1.0
162.4490625 0.0 0.0
163.3865625 1.0 0.0
164.3240625 0.0 0.0
165.2615625 1.0 1.0
166.1990625 0.0 0.0
167.1365625 1.0 0.0
168.0740625 0.0 0.0
169.0115625 1.0 1.0
169.9490625 0.0 0.0
170.8865625 1.0 0.0
171.8240625 0.0 0.0
172.7615625 1.0 1.0
173.6990625 0.0 0.0
174.6365625 1.0 0.0
175.5740625 0.0 0.0
176.5115625 1.0 1.0
177.4490625 0.0 0.0
178.3865625 1.0 0.0
179.3240625 0.0 0.0
180.2615625 1.0 1.0
181.1990625 0.0 0.0
182.1365625 1.0 0.0
183.0740625 0.0 0.0
184.0115625 1.0 1.0
184.9490625 0.0 0.0
185.8865625 1.0 0.0
186.8240625 0.0 0.0
187.7615625 1.0 1.0
188.6990625 0.0 0.0
189.6365625 1.0 0.0
190.5740625 0.0 0.0
191.5115625 1.0 1.0
192.4490625 0.0 0.0
193.3865625 1.0 0.0
194.3240625 0.0 0.0
195.2615625 1.0 1.0
196.1990625 0.0 0.0
197.1365625 1.0 0.0
198.0740625 0.0 0.0
199.0115625 1.0 1.0
199.9490625 0.0 0.0
200.8865625 1.0 0.0
201.8240625 0.0 0.0
202.7615625 1.0 1.0
203.6990625 0.0 0.0
204.6365625 1.0 0.0
205.5740625 0.0 0.0
206.5115625 1.0 1.0
207.4490625 0.0 0.0
208.3865625 1.0 0.0
209.3240625 0.0 0.0
210.2615625 1.0 1.0
211.1990625 0.0 0.0
212.1365625 1.0 0.0
213.0740625 0.0 0.0
214.0115625 1.0 1.0
214.9490625 0.0 0.0
215.8865625 1.0 0.0
216.8240625 0.0 0.0
217.7615625 1.0 1.0
218.6990625 0.0 0.0
219.6365625 1.0 0.0
220.5740625 0.0 0.0
221.5115625 1.0 1.0
222.4490625 0.0 0.0
223.3865625 1.0 0.0
224.3240625 0.0 0.0
225.2615625 1.0 1.0
226.1990625 0.0 0.0
227.1365625 1.0 0.0
228.0740625 0.0 0.0
229.0115625 1.0 1.0
229.9490625 0.0 0.0
230.8865625 1.0 0.0
231.8240625 0.0 0.0
232.7615625 1.0 1.0
233.6990625 0.0 0.0
234.6365625 1.0 0.0
235.5740625 0.0 0.0
236.5115625 1.0 1.0
237.4490625 0.0 0.0
238.3865625 1.0 0.0
239.3240625 0.0 0.0
240.2615625 1.0 1.0
241.1990625 0.0 0.0
242.1365625 1.0 0.0
243.0740625 0.0 0.0
244.0115625 1.0 1.0
244.9490625 0.0 0.0
245.8865625 1.0 0.0
246.8240625 0.0 0.0
247.7615625 1.0 1.0
248.6990625 0.0 0.0
249.6365625 1.0 0.0
250.5740625 0.0 0.0
251.5115625 1.0 1.0
252.4490625 0.0 0.0
253.3865625 1.0 0.0
254.3240625 0.0 0.0
255.2615625 1.0 1.0
256.19906249999997 0.0 0.0
257.13656249999997 1.0 0.0
258.07406249999997 0.0 0.0
259.01156249999997 1.0 1.0
259.94906249999997 0.0 0.0
260.88656249999997 1.0 0.0
261.82406249999997 0.0 0.0
262.76156249999997 1.0 1.0
263.69906249999997 0.0 0.0
264.63656249999997 1.0 0.0
265.57406249999997 0.0 0.0
266.51156249999997 1.0 1.0
267.44906249999997 0.0 0.0
268.38656249999997 1.0 0.0
269.37868291599995 0.0 0.0
270.4342503259166 1.0 1.0
271.40683633124996 0.0 0.0
272.34433633124996 1.0 0.0
273.28183633124996 0.0 0.0
274.21933633124996 1.0 1.0
275.15683633124996 0.0 0.0
276.09433633124996 1.0 0.0
277.03183633124996 0.0 0.0
277.96933633124996 1.0 1.0
278.90683633124996 0.0 0.0
279.84433633124996 1.0 0.0
280.78183633124996 0.0 0.0
281.71933633124996 1.0 1.0
282.65683633124996 0.0 0.0
283.59433633124996 1.0 0.0
284.53183633124996 0.0 0.0
285.46933633124996 1.0 1.0
286.40683633124996 0.0 0.0
287.34433633124996 1.0 0.0
288.28183633124996 0.0 0.0
289.21933633124996 0.0 0.0