0.479166475 1.0 1.0
1.312499475 0.0 0.0
2.145832475 1.0 0.0
2.979165475 0.0 0.0
3.812498475 1.0 1.0
4.645831475 0.0 0.0
5.479164475 1.0 0.0
6.312497475 0.0 0.0
7.145830475 1.0 1.0
7.979163475 0.0 0.0
8.812496475 1.0 0.0
9.645829475 0.0 0.0
10.479162475 1.0 1.0
11.312495475 0.0 0.0
12.145828475 1.0 0.0
12.979161475 0.0 0.0
13.812494475 1.0 1.0
14.645827474999999 0.0 0.0
15.479160475 1.0 0.0
16.312493475 0.0 0.0
17.145826475 1.0 1.0
17.979159475 0.0 0.0
18.812492475 1.0 0.0
19.645825475 0.0 0.0
20.479158475 1.0 1.0
21.312491475 0.0 0.0
22.145824475 1.0 0.0
22.979157475 0.0 0.0
23.812490475 1.0 1.0
24.645823475 0.0 0.0
25.479156475 1.0 0.0
26.312489475 0.0 0.0
27.145822475000003 1.0 1.0
27.979155475000002 0.0 0.0
28.812488475 1.0 0.0
29.645821474999998 0.0 0.0
30.479154475 1.0 1.0
31.312487475 0.0 0.0
32.145820475 1.0 0.0
32.979153475 0.0 0.0
33.812486475 1.0 1.0
34.645819475 0.0 0.0
35.479152475 1.0 0.0
36.312485475 0.0 0.0
37.145818475 1.0 1.0
37.979151475 0.0 0.0
38.812484475 1.0 0.0
39.645817475 0.0 0.0
40.479150475 1.0 1.0
41.312483475 0.0 0.0
42.145816475 1.0 0.0
42.979149475 0.0 0.0
43.812482475 1.0 1.0
44.645815475 0.0 0.0
45.479148475 1.0 0.0
46.312481475 0.0 0.0
47.145814475 1.0 1.0
47.979147475 0.0 0.0
48.812480475 1.0 0.0
49.645813475 0.0 0.0
50.479146475 1.0 1.0
51.312479474999996 0.0 0.0
52.145812475 1.0 0.0
52.979145475 0.0 0.0
53.812478475 1.0 1.0
54.645811475 0.0 0.0
55.479144475 1.0 0.0
56.312477475 0.0 0.0
57.145810475 1.0 1.0
57.979143475 0.0 0.0
58.812476475 1.0 0.0
59.645809475 0.0 0.0
60.479142474999996 1.0 1.0
61.312475475 0.0 0.0
62.145808475 1.0 0.0
62.979141475 0.0 0.0
63.812474475 1.0 1.0
64.645807475 0.0 0.0
65.479140475 1.0 0.0
66.312473475 0.0 0.0
67.145806475 1.0 1.0
67.979139475 0.0 0.0
68.81247247499999 1.0 0.0
69.645805475 0.0 0.0
70.479138475 1.0 1.0
71.312471475 0.0 0.0
72.145804475 1.0 0.0
72.979137475 0.0 0.0
73.812470475 1.0 1.0
74.645803475 0.0 0.0
75.479136475 1.0 0.0
76.312469475 0.0 0.0
77.145802475 1.0 1.0
77.97913547499999 0.0 0.0
78.812468475 1.0 0.0
79.645801475 0.0 0.0
80.479134475 1.0 1.0
81.312467475 0.0 0.0
82.145800475 1.0 0.0
82.979133475 0.0 0.0
83.812466475 1.0 1.0
84.645799475 0.0 0.0
85.479132475 1.0 0.0
86.312465475 0.0 0.0
87.14579847499999 1.0 1.0
87.979131475 0.0 0.0
88.812464475 1.0 0.0
89.645797475 0.0 0.0
90.479130475 1.0 1.0
91.312463475 0.0 0.0
92.145796475 1.0 0.0
92.979129475 0.0 0.0
93.812462475 1.0 1.0
94.645795475 0.0 0.0
95.479128475 1.0 0.0
96.312461475 0.0 0.0
97.145794475 1.0 1.0
97.979127475 0.0 0.0
98.812460475 1.0 0.0
99.645793475 0.0 0.0
100.479126475 1.0 1.0
101.312459475 0.0 0.0
102.145792475 1.0 0.0
102.979125475 0.0 0.0
103.812458475 1.0 1.0
104.645791475 0.0 0.0
105.479124475 1.0 0.0
106.312457475 0.0 0.0
107.14579047499998 1.0 1.0
107.97912347499998 0.0 0.0
108.81245647499999 1.0 0.0
109.64578947499999 0.0 0.0
110.47912247499998 1.0 1.0
111.312455475 0.0 0.0
112.14578847499999 1.0 0.0
112.97912147499999 0.0 0.0
113.812454475 1.0 1.0
114.645787475 0.0 0.0
115.479120475 1.0 0.0
116.312453475 0.0 0.0
117.145786475 1.0 1.0
117.979119475 0.0 0.0
118.812452475 1.0 0.0
119.645785475 0.0 0.0
120.47911847499999 1.0 1.0
121.312451475 0.0 0.0
122.145784475 1.0 0.0
122.979117475 0.0 0.0
123.812450475 1.0 1.0
124.645783475 0.0 0.0
125.479116475 1.0 0.0
126.312449475 0.0 0.0
127.145782475 1.0 1.0
127.979115475 0.0 0.0
128.812448475 1.0 0.0
129.645781475 0.0 0.0
130.479114475 1.0 1.0
131.312447475 0.0 0.0
132.145780475 1.0 0.0
132.979113475 0.0 0.0
133.812446475 1.0 1.0
134.645779475 0.0 0.0
135.479112475 1.0 0.0
136.312445475 0.0 0.0
137.145778475 1.0 1.0
137.979111475 0.0 0.0
138.812444475 1.0 0.0
139.645777475 0.0 0.0
140.479110475 1.0 1.0
141.312443475 0.0 0.0
142.145776475 1.0 0.0
142.979109475 0.0 0.0
143.812442475 1.0 1.0
144.645775475 0.0 0.0
145.479108475 1.0 0.0
146.31244147499999 0.0 0.0
147.145774475 1.0 1.0
147.979107475 0.0 0.0
148.812440475 1.0 0.0
149.645773475 0.0 0.0
150.479106475 1.0 1.0
151.312439475 0.0 0.0
152.145772475 1.0 0.0
152.979105475 0.0 0.0
153.812438475 1.0 1.0
154.645771475 0.0 0.0
155.47910447499999 1.0 0.0
156.312437475 0.0 0.0
157.145770475 1.0 1.0
157.979103475 0.0 0.0
158.812436475 1.0 0.0
159.645769475 0.0 0.0
160.479102475 1.0 1.0
161.312435475 0.0 0.0
162.145768475 1.0 0.0
162.979101475 0.0 0.0
163.812434475 1.0 1.0
164.64576747499999 0.0 0.0
165.479100475 1.0 0.0
166.312433475 0.0 0.0
167.145766475 1.0 1.0
167.979099475 0.0 0.0
168.812432475 1.0 0.0
169.645765475 0.0 0.0
170.479098475 1.0 1.0
171.312431475 0.0 0.0
172.145764475 1.0 0.0
172.979097475 0.0 0.0
173.81243047499999 1.0 1.0
174.645763475 0.0 0.0
175.479096475 1.0 0.0
176.312429475 0.0 0.0
177.145762475 1.0 1.0
177.979095475 0.0 0.0
178.812428475 1.0 0.0
179.645761475 0.0 0.0
180.479094475 1.0 1.0
181.312427475 0.0 0.0
182.145760475 1.0 0.0
182.97909347499998 0.0 0.0
183.812426475 1.0 1.0
184.645759475 0.0 0.0
185.479092475 1.0 0.0
186.312425475 0.0 0.0
187.145758475 1.0 1.0
187.979091475 0.0 0.0
188.812424475 1.0 0.0
189.645757475 0.0 0.0
190.479090475 1.0 1.0
191.312423475 0.0 0.0
192.14575647499998 1.0 0.0
192.979089475 0.0 0.0
193.812422475 1.0 1.0
194.645755475 0.0 0.0
195.479088475 1.0 0.0
196.312421475 0.0 0.0
197.145754475 1.0 1.0
197.979087475 0.0 0.0
198.812420475 1.0 0.0
199.645753475 0.0 0.0
200.479086475 1.0 1.0
201.31241947499998 0.0 0.0
202.145752475 1.0 0.0
202.979085475 0.0 0.0
203.812418475 1.0 1.0
204.645751475 0.0 0.0
205.479084475 1.0 0.0
206.312417475 0.0 0.0
207.145750475 1.0 1.0
207.979083475 0.0 0.0
208.812416475 1.0 0.0
209.645749475 0.0 0.0
210.479082475 1.0 1.0
211.312415475 0.0 0.0
212.145748475 1.0 0.0
212.979081475 0.0 0.0
213.812414475 1.0 1.0
214.645747475 0.0 0.0
215.479080475 1.0 0.0
216.312413475 0.0 0.0
217.145746475 1.0 1.0
217.979079475 0.0 0.0
218.812412475 1.0 0.0
219.645745475 0.0 0.0
220.479078475 1.0 1.0
221.312411475 0.0 0.0
222.145744475 1.0 0.0
222.979077475 0.0 0.0
223.812410475 1.0 0.0
224.645743475 0.0 0.0
225.479076475 1.0 1.0
226.312409475 0.0 0.0
227.145742475 1.0 1.0
227.979075475 0.0 0.0
228.812408475 0.0 0.0