0.45 0.0 0.0
1.05 1.0 0.0
1.65 0.0 0.0
2.25 1.0 1.0
2.85 0.0 0.0
3.45 1.0 0.0
4.05 0.0 0.0
4.65 1.0 1.0
5.25 0.0 0.0
5.85 1.0 0.0
6.45 0.0 0.0
7.05 1.0 1.0
7.65 0.0 0.0
8.25 1.0 0.0
8.85 0.0 0.0
9.45 1.0 1.0
10.05 0.0 0.0
10.65 1.0 0.0
11.25 0.0 0.0
11.85 1.0 1.0
12.45 0.0 0.0
13.05 1.0 0.0
13.65 0.0 0.0
14.25 1.0 1.0
14.85 0.0 0.0
15.45 1.0 0.0
16.05 0.0 0.0
16.65 1.0 1.0
17.25 0.0 0.0
17.85 1.0 0.0
18.45 0.0 0.0
19.05 1.0 1.0
19.65 0.0 0.0
20.25 1.0 0.0
20.85 0.0 0.0
21.45 1.0 1.0
22.05 0.0 0.0
22.65 1.0 0.0
23.25 0.0 0.0
23.85 1.0 1.0
24.45 0.0 0.0
25.05 1.0 0.0
25.65 0.0 0.0
26.25 1.0 1.0
26.85 0.0 0.0
27.45 1.0 0.0
28.05 0.0 0.0
28.65 1.0 1.0
29.25 0.0 0.0
29.85 1.0 0.0
30.45 0.0 0.0
31.05 1.0 1.0
31.65 0.0 0.0
32.25 1.0 0.0
32.85 0.0 0.0
33.45 1.0 1.0
34.05 0.0 0.0
34.65 1.0 0.0
35.25 0.0 0.0
35.85 1.0 1.0
36.45 0.0 0.0
37.05 1.0 0.0
37.65 0.0 0.0
38.25 1.0 1.0
38.85 0.0 0.0
39.45 1.0 0.0
40.05 0.0 0.0
40.65 1.0 1.0
41.25 0.0 0.0
41.85 1.0 0.0
42.45 0.0 0.0
43.05 1.0 1.0
43.65 0.0 0.0
44.25 1.0 0.0
44.85 0.0 0.0
45.45 1.0 1.0
46.05 0.0 0.0
46.65 1.0 0.0
47.25 0.0 0.0
47.85 1.0 1.0
48.45 0.0 0.0
49.05 1.0 0.0
49.65 0.0 0.0
50.25 1.0 1.0
50.85 0.0 0.0
51.45 1.0 0.0
52.05 0.0 0.0
52.65 1.0 1.0
53.25 0.0 0.0
53.85 1.0 0.0
54.45 0.0 0.0
55.05 1.0 1.0
55.65 0.0 0.0
56.25 1.0 0.0
56.85 0.0 0.0
57.45 1.0 0.0
58.05 0.0 0.0
58.65 1.0 1.0
59.25 0.0 0.0
59.85 1.0 0.0
60.45 0.0 0.0
61.05 1.0 0.0
61.65 0.0 0.0
62.25 1.0 0.0
62.85 0.0 0.0
63.45 1.0 1.0
64.05 0.0 0.0
64.65 1.0 0.0
65.25 0.0 0.0
65.85 1.0 1.0
66.45 0.0 0.0
67.05 1.0 0.0
67.65 0.0 0.0
68.25 1.0 1.0
68.85 0.0 0.0
69.45 1.0 0.0
70.05 0.0 0.0
70.65 1.0 1.0
71.25 0.0 0.0
71.85 1.0 0.0
72.45 0.0 0.0
73.05 1.0 1.0
73.65 0.0 0.0
74.25 1.0 0.0
74.85 0.0 0.0
75.45 1.0 1.0
76.05 0.0 0.0
76.65 1.0 0.0
77.25 0.0 0.0
77.85 1.0 1.0
78.45 0.0 0.0
79.05 1.0 0.0
79.65 0.0 0.0
80.25 1.0 1.0
80.85 0.0 0.0
81.45 1.0 0.0
82.05 0.0 0.0
82.65 1.0 1.0
83.25 0.0 0.0
83.85 1.0 0.0
84.45 0.0 0.0
85.05 1.0 1.0
85.65 0.0 0.0
86.25 1.0 0.0
86.85 0.0 0.0
87.45 1.0 1.0
88.05 0.0 0.0
88.65 1.0 0.0
89.25 0.0 0.0
89.85 1.0 1.0
90.45 0.0 0.0
91.05 1.0 0.0
91.65 0.0 0.0
92.25 1.0 1.0
92.85 0.0 0.0
93.45 1.0 0.0
94.05 0.0 0.0
94.65 1.0 1.0
95.25 0.0 0.0
95.85 1.0 0.0
96.45 0.0 0.0
97.05 1.0 1.0
97.65 0.0 0.0
98.25 1.0 0.0
98.85 0.0 0.0
99.45 1.0 1.0
100.05 0.0 0.0
100.65 1.0 0.0
101.25 0.0 0.0
101.85 1.0 1.0
102.45 0.0 0.0
103.05 1.0 0.0
103.65 0.0 0.0
104.25 1.0 1.0
104.85 0.0 0.0
105.45 1.0 0.0
106.05 0.0 0.0
106.65 1.0 1.0
107.25 0.0 0.0
107.85 1.0 0.0
108.45 0.0 0.0
109.05 1.0 1.0
109.65 0.0 0.0
110.25 1.0 0.0
110.85 0.0 0.0
111.45 1.0 1.0
112.05 0.0 0.0
112.65 1.0 0.0
113.25 0.0 0.0
113.85 1.0 1.0
114.45 0.0 0.0
115.05 1.0 0.0
115.65 0.0 0.0
116.25 1.0 1.0
116.85 0.0 0.0
117.45 1.0 0.0
118.05 0.0 0.0
118.65 1.0 1.0
119.25 0.0 0.0
119.85 1.0 0.0
120.45 0.0 0.0
121.05 1.0 0.0
121.65 0.0 0.0
122.25 1.0 1.0
122.85 0.0 0.0
123.45 1.0 0.0
124.05 0.0 0.0
124.65 1.0 0.0
125.25 0.0 0.0
125.85 1.0 1.0
126.45 0.0 0.0
127.05 1.0 0.0
127.65 0.0 0.0
128.25 1.0 1.0
128.85 0.0 0.0
129.45 1.0 0.0
130.05 0.0 0.0
130.65 1.0 1.0
131.25 0.0 0.0
131.85 1.0 0.0
132.45 0.0 0.0
133.05 1.0 1.0
133.65 0.0 0.0
134.25 1.0 0.0
134.85 0.0 0.0
135.45 1.0 1.0
136.05 0.0 0.0
136.65 1.0 0.0
137.25 0.0 0.0
137.85 1.0 1.0
138.45 0.0 0.0
139.05 1.0 0.0
139.65 0.0 0.0
140.25 1.0 1.0
140.85 0.0 0.0
141.45 1.0 0.0
142.05 0.0 0.0
142.65 1.0 1.0
143.25 0.0 0.0
143.85 1.0 0.0
144.45 0.0 0.0
145.05 1.0 1.0
145.65 0.0 0.0
146.25 1.0 0.0
146.85 0.0 0.0
147.45 1.0 1.0
148.05 0.0 0.0
148.65 1.0 0.0
149.25 0.0 0.0
149.85 1.0 1.0
150.45 0.0 0.0
151.05 1.0 1.0
151.65 0.0 0.0
152.25 1.0 0.0
152.85 0.0 0.0
153.45 1.0 1.0
154.05 0.0 0.0
154.65 1.0 0.0
155.25 0.0 0.0
155.85 1.0 1.0
156.45 0.0 0.0
157.05 1.0 0.0
157.65 0.0 0.0
158.25 1.0 1.0
158.85 0.0 0.0
159.45 1.0 0.0
160.05 0.0 0.0
160.65 1.0 1.0
161.25 0.0 0.0
161.85 1.0 0.0
162.45 0.0 0.0
163.05 1.0 1.0
163.65 0.0 0.0
164.25 1.0 0.0
164.85 0.0 0.0
165.45 1.0 1.0
166.05 0.0 0.0
166.65 1.0 0.0
167.25 0.0 0.0
167.85 1.0 1.0
168.45 0.0 0.0
169.05 1.0 0.0
169.65 0.0 0.0
170.25 1.0 1.0
170.85 0.0 0.0
171.45 1.0 0.0
172.05 0.0 0.0
172.65 1.0 1.0
173.25 0.0 0.0
173.85 1.0 0.0
174.45 0.0 0.0
175.05 1.0 1.0
175.65 0.0 0.0
176.25 1.0 0.0
176.85 0.0 0.0
177.45 1.0 1.0
178.05 0.0 0.0
178.65 1.0 0.0
179.25 0.0 0.0
179.85 1.0 1.0
180.45 0.0 0.0
181.05 1.0 1.0
181.65 0.0 0.0
182.25 1.0 0.0
182.85 0.0 0.0
183.45 1.0 1.0
184.05 0.0 0.0
184.65 1.0 0.0
185.25 0.0 0.0
185.85 1.0 1.0
186.45 0.0 0.0
187.05 1.0 0.0
187.65 0.0 0.0
188.25 1.0 1.0
188.85 0.0 0.0
189.45 1.0 0.0
190.05 0.0 0.0
190.65 1.0 1.0
191.25 0.0 0.0
191.85 1.0 0.0
192.45 0.0 0.0
193.05 1.0 1.0
193.65 0.0 0.0
194.25 1.0 0.0
194.85 0.0 0.0
195.45 1.0 1.0
196.05 0.0 0.0
196.65 1.0 0.0
197.25 0.0 0.0
197.85 1.0 1.0
198.45 0.0 0.0
199.05 1.0 0.0
199.65 0.0 0.0
200.25 1.0 1.0
200.85 0.0 0.0
201.45 1.0 0.0
202.05 0.0 0.0
202.65 1.0 1.0
203.25 0.0 0.0
203.85 1.0 0.0
204.45 0.0 0.0
205.05 1.0 1.0
205.65 0.0 0.0
206.25 1.0 0.0
206.85 0.0 0.0
207.45 1.0 1.0
208.05 0.0 0.0
208.65 1.0 0.0
209.25 0.0 0.0
209.85 1.0 1.0
210.45 0.0 0.0
211.05 1.0 0.0
211.65 0.0 0.0
212.25 1.0 1.0
212.85 0.0 0.0
213.45 1.0 0.0
214.05 0.0 0.0
214.65 1.0 1.0
215.25 0.0 0.0
215.85 1.0 0.0
216.45 0.0 0.0
217.05 1.0 1.0
217.65 0.0 0.0
218.25 1.0 0.0
218.85 0.0 0.0
219.45 1.0 1.0
220.05 0.0 0.0
220.65 1.0 0.0
221.25 0.0 0.0
221.85 1.0 1.0
222.45 0.0 0.0
223.05 1.0 0.0
223.65 0.0 0.0
224.25 1.0 1.0
224.85 0.0 0.0
225.45 1.0 0.0
226.05 0.0 0.0
226.65 1.0 1.0
227.25 0.0 0.0
227.85 1.0 0.0
228.45 0.0 0.0
229.05 1.0 1.0
229.65 0.0 0.0
230.25 1.0 0.0
230.85 0.0 0.0
231.45 1.0 1.0
232.05 0.0 0.0
232.65 1.0 0.0
233.25 0.0 0.0
233.85 1.0 1.0
234.45 0.0 0.0
235.05 1.0 0.0
235.65 0.0 0.0
236.25 1.0 1.0
236.85 0.0 0.0
237.45 1.0 0.0
238.05 0.0 0.0
238.65 1.0 1.0
239.25 0.0 0.0
239.85 1.0 0.0
240.45 0.0 0.0
241.05 1.0 1.0
241.65 0.0 0.0
242.25 1.0 0.0
242.85 0.0 0.0
243.45 1.0 1.0
244.05 0.0 0.0
244.65 1.0 0.0
245.25 0.0 0.0
245.85 1.0 1.0
246.45 0.0 0.0
247.05 1.0 0.0
247.65 0.0 0.0
248.25 1.0 1.0
248.85 0.0 0.0
249.45 1.0 0.0
250.05 0.0 0.0
250.65 1.0 1.0
251.25 0.0 0.0
251.85 1.0 0.0
252.45 0.0 0.0
253.05 1.0 1.0
253.65 0.0 0.0
254.25 1.0 0.0
254.85 0.0 0.0
255.45 1.0 1.0
256.05 0.0 0.0
256.65 1.0 0.0
257.25 0.0 0.0
257.85 1.0 1.0
258.45 0.0 0.0
259.05 1.0 0.0
259.65 0.0 0.0
260.25 1.0 1.0
260.85 0.0 0.0
261.45 1.0 0.0
262.05 0.0 0.0
262.65 1.0 1.0
263.25 0.0 0.0
263.85 1.0 0.0
264.45 0.0 0.0
265.05 1.0 1.0
265.65 0.0 0.0
266.25 1.0 0.0
266.85 0.0 0.0
267.45 1.0 1.0
268.05 0.0 0.0
268.65 1.0 0.0
269.25 0.0 0.0
269.85 1.0 1.0
270.45 0.0 0.0
271.05 1.0 0.0
271.65 0.0 0.0
272.25 1.0 1.0
272.85 0.0 0.0
273.45 1.0 0.0
274.05 0.0 0.0
274.65 1.0 1.0
275.25 0.0 0.0
275.85 1.0 0.0
276.45 0.0 0.0
277.05 1.0 1.0
277.65 0.0 0.0
278.25 1.0 0.0
278.85 0.0 0.0
279.45 1.0 1.0
280.05 0.0 0.0
280.65 1.0 0.0
281.25 0.0 0.0
281.85 1.0 1.0
282.45 0.0 0.0
283.05 1.0 0.0
283.65 0.0 0.0
284.25 1.0 1.0
284.85 0.0 0.0
285.45 1.0 0.0
286.05 0.0 0.0
286.65 1.0 1.0
287.25 0.0 0.0
287.85 1.0 0.0
288.45 0.0 0.0
289.05 1.0 1.0
289.65 0.0 0.0
290.25 1.0 0.0
290.85 0.0 0.0
291.45 1.0 1.0
292.05 0.0 0.0
292.65 1.0 0.0
293.25 0.0 0.0
293.85 1.0 1.0
294.45 0.0 0.0
295.05 1.0 0.0
295.65 0.0 0.0
296.25 1.0 1.0
296.85 0.0 0.0
297.45 1.0 0.0
298.05 0.0 0.0
298.65 1.0 1.0
299.25 0.0 0.0
299.85 1.0 0.0
300.45 0.0 0.0
301.05 1.0 1.0
301.65 0.0 0.0
302.25 1.0 0.0
302.85 0.0 0.0
303.45 1.0 1.0
304.05 0.0 0.0
304.65 1.0 0.0
305.25 0.0 0.0
305.85 1.0 1.0
306.45 0.0 0.0
307.05 1.0 0.0
307.65 0.0 0.0
308.25 1.0 1.0
308.85 0.0 0.0
309.45 1.0 0.0
310.05 0.0 0.0
310.65 1.0 1.0
311.25 0.0 0.0
311.85 1.0 0.0
312.45 0.0 0.0
313.05 1.0 1.0
313.65 0.0 0.0
314.25 1.0 0.0
314.85 0.0 0.0
315.45 1.0 1.0
316.05 0.0 0.0
316.65 1.0 0.0
317.25 0.0 0.0
317.85 1.0 1.0
318.45 0.0 0.0
319.05 1.0 0.0
319.65 0.0 0.0
320.25 1.0 1.0
320.85 0.0 0.0
321.45 1.0 0.0
322.05 0.0 0.0
322.65 1.0 1.0
323.25 0.0 0.0
323.85 1.0 0.0
324.45 0.0 0.0
325.05 1.0 1.0
325.65 0.0 0.0
326.25 1.0 0.0
326.85 0.0 0.0
327.45 1.0 1.0
328.05 0.0 0.0
328.65 1.0 0.0
329.25 0.0 0.0
329.85 1.0 1.0
330.45 0.0 0.0
331.05 1.0 0.0
331.65 0.0 0.0
332.25 1.0 1.0
332.85 0.0 0.0
333.45 1.0 0.0
334.05 0.0 0.0
334.65 1.0 1.0
335.25 0.0 0.0
335.85 1.0 0.0
336.45 0.0 0.0
337.05 1.0 1.0
337.65 0.0 0.0
338.25 1.0 0.0
338.85 0.0 0.0
339.45 1.0 1.0
340.05 0.0 0.0
340.65 1.0 0.0
341.25 0.0 0.0
341.85 1.0 1.0
342.45 0.0 0.0
343.05 1.0 0.0
343.65 0.0 0.0
344.25 1.0 1.0
344.85 0.0 0.0
345.45 1.0 0.0
346.05 0.0 0.0
346.65 1.0 1.0
347.25 0.0 0.0
347.85 1.0 0.0
348.45 0.0 0.0
349.05 1.0 1.0
349.65 0.0 0.0
350.25 1.0 0.0
350.85 0.0 0.0
351.45 1.0 1.0
352.05 0.0 0.0
352.65 1.0 0.0
353.25 0.0 0.0
353.85 1.0 1.0
354.45 0.0 0.0
355.05 1.0 0.0
355.65 0.0 0.0
356.25 1.0 1.0
356.85 0.0 0.0
357.45 1.0 0.0
358.05 0.0 0.0
358.65 1.0 1.0
359.25 0.0 0.0
359.85 1.0 0.0
360.45 0.0 0.0
361.05 1.0 1.0
361.65 0.0 0.0
362.25 1.0 0.0
362.85 0.0 0.0
363.45 1.0 1.0
364.05 0.0 0.0
364.65 1.0 0.0
365.25 0.0 0.0
365.85 1.0 1.0
366.45 0.0 0.0
367.05 1.0 0.0
367.65 0.0 0.0
368.25 1.0 1.0
368.85 0.0 0.0
369.45 1.0 0.0
370.05 0.0 0.0
370.65 1.0 1.0
371.25 0.0 0.0
371.85 1.0 0.0
372.45 0.0 0.0
373.05 1.0 1.0
373.65 0.0 0.0
374.25 1.0 0.0
374.85 0.0 0.0
375.45 1.0 1.0
376.05 0.0 0.0
376.65 1.0 0.0
377.25 0.0 0.0
377.85 1.0 1.0
378.45 0.0 0.0
379.05 1.0 0.0
379.65 0.0 0.0
380.25 1.0 1.0
380.85 0.0 0.0
381.45 1.0 0.0
382.05 0.0 0.0
382.65 1.0 1.0
383.25 0.0 0.0
383.85 1.0 0.0
384.45 0.0 0.0
385.05 1.0 1.0
385.65 0.0 0.0
386.25 1.0 0.0
386.85 0.0 0.0
387.45 1.0 1.0
388.05 0.0 0.0
388.65 1.0 0.0
389.25 0.0 0.0
389.85 1.0 1.0
390.45 0.0 0.0
391.05 1.0 0.0
391.65 0.0 0.0
392.25 1.0 1.0
392.85 0.0 0.0
393.45 1.0 0.0
394.05 0.0 0.0
394.65 1.0 1.0
395.25 0.0 0.0
395.85 1.0 0.0
396.45 0.0 0.0
397.05 1.0 1.0
397.65 0.0 0.0
398.25 1.0 0.0
398.85 0.0 0.0
399.45 1.0 1.0
400.05 0.0 0.0
400.65 1.0 0.0
401.25 0.0 0.0
401.85 1.0 1.0
402.45 0.0 0.0
403.05 1.0 0.0
403.65 0.0 0.0
404.25 1.0 1.0
404.85 0.0 0.0
405.45 1.0 0.0
406.05 0.0 0.0
406.65 1.0 1.0
407.25 0.0 0.0
407.85 1.0 0.0
408.45 0.0 0.0
409.05 1.0 1.0
409.65 0.0 0.0
410.25 1.0 0.0
410.85 0.0 0.0
411.45 1.0 1.0
412.05 0.0 0.0
412.65 1.0 0.0
413.25 0.0 0.0
413.85 1.0 1.0
414.45 0.0 0.0
415.05 1.0 0.0
415.65 0.0 0.0
416.25 1.0 1.0
416.85 0.0 0.0
417.45 1.0 0.0
418.05 0.0 0.0
418.65 1.0 1.0
419.25 0.0 0.0
419.85 1.0 0.0
420.45 0.0 0.0
421.05 1.0 1.0
421.65 0.0 0.0
422.25 1.0 0.0
422.85 0.0 0.0
423.45 1.0 1.0
424.05 0.0 0.0
424.65 1.0 0.0
425.25 0.0 0.0
425.85 1.0 1.0
426.45 0.0 0.0
427.05 1.0 0.0
427.65 0.0 0.0
428.25 1.0 1.0
428.85 0.0 0.0
429.45 1.0 0.0
430.05 0.0 0.0
430.65 1.0 1.0
431.25 0.0 0.0
431.85 1.0 0.0
432.45 0.0 0.0
433.05 1.0 1.0
433.65 0.0 0.0
434.25 1.0 0.0
434.85 0.0 0.0
435.45 1.0 1.0
436.05 0.0 0.0
436.65 1.0 0.0
437.25 0.0 0.0
437.85 1.0 1.0
438.45 0.0 0.0
439.05 1.0 0.0
439.65 0.0 0.0
440.25 1.0 1.0
440.85 0.0 0.0
441.45 1.0 0.0
442.05 0.0 0.0
442.65 1.0 1.0
443.25 0.0 0.0
443.85 1.0 0.0
444.45 0.0 0.0
445.05 1.0 1.0
445.65 0.0 0.0
446.25 1.0 0.0
446.85 0.0 0.0
447.45 1.0 1.0
448.05 0.0 0.0
448.65 1.0 0.0
449.25 0.0 0.0
449.85 1.0 1.0
450.45 0.0 0.0
451.05 1.0 0.0
451.65 0.0 0.0
452.25 1.0 1.0
452.85 0.0 0.0
453.45 1.0 0.0
454.05 0.0 0.0
454.65 1.0 1.0
455.25 0.0 0.0
455.85 1.0 0.0
456.45 0.0 0.0
457.05 1.0 1.0
457.65 0.0 0.0
458.25 1.0 0.0
458.85 0.0 0.0
459.45 1.0 1.0
460.05 0.0 0.0
460.65 1.0 0.0
461.25 0.0 0.0
461.85 1.0 1.0
462.45 0.0 0.0
463.05 1.0 0.0
463.65 0.0 0.0
464.25 1.0 1.0
464.85 0.0 0.0
465.45 1.0 0.0
466.05 0.0 0.0
466.65 1.0 1.0
467.25 0.0 0.0
467.85 1.0 0.0
468.45 0.0 0.0
469.05 1.0 1.0
469.65 0.0 0.0
470.25 1.0 0.0
470.85 0.0 0.0
471.45 0.0 0.0