0.754781552 0.0 0.0
1.624345552 1.0 1.0
2.493909552 0.0 0.0
3.363473552 1.0 1.0
4.233037552000001 0.0 0.0
5.102601552000001 0.0 0.0
5.972165552000001 1.0 0.0
6.841729552000001 0.0 0.0
7.711293552000001 1.0 1.0
8.580857552000001 0.0 0.0
9.450421552000002 1.0 0.0
10.319985552 0.0 0.0
11.189549552 1.0 1.0
12.059113552000001 0.0 0.0
12.928677552000002 1.0 0.0
13.798241552000002 0.0 0.0
14.667805551999999 1.0 1.0
15.537369552 0.0 0.0
16.406933551999998 1.0 0.0
17.276497552 0.0 0.0
18.146061552 1.0 1.0
19.015625552 0.0 0.0
19.885189552 1.0 0.0
20.754753552 0.0 0.0
21.624317552 1.0 1.0
22.493881552 0.0 0.0
23.363445552 1.0 0.0
24.233009552 0.0 0.0
25.102573552 1.0 1.0
25.972137552 0.0 0.0
26.841701552 1.0 0.0
27.711265552 0.0 0.0
28.580829552000004 1.0 1.0
29.450393552000005 0.0 0.0
30.319957552 1.0 0.0
31.189521552000002 0.0 0.0
32.059085552 1.0 1.0
32.928649552 0.0 0.0
33.798213552 1.0 0.0
34.667777552000004 0.0 0.0
35.537341552 1.0 1.0
36.406905552 0.0 0.0
37.276469552 1.0 0.0
38.146033552 0.0 0.0
39.015597552 1.0 1.0
39.885161552 0.0 0.0
40.754725552000004 1.0 0.0
41.624289552 0.0 0.0
42.493853552000004 1.0 1.0
43.363417552 0.0 0.0
44.232981552 1.0 0.0
45.102545552 0.0 0.0
45.972109552 1.0 1.0
46.841673552 0.0 0.0
47.711237552 1.0 0.0
48.580801552000004 0.0 0.0
49.450365552 1.0 0.0
50.319929552000005 0.0 0.0
51.189493552 1.0 1.0
52.059057552 0.0 0.0
52.928621552 1.0 0.0
53.798185552 0.0 0.0
54.667749552000004 1.0 1.0
55.537313552 0.0 0.0
56.406877552000005 1.0 0.0
57.276441552 0.0 0.0
58.146005552000005 1.0 1.0
59.015569552 0.0 0.0
59.885133552 1.0 0.0
60.754697552 0.0 0.0
61.624261552 1.0 1.0
62.493825552000004 0.0 0.0
63.363389552 1.0 0.0
64.232953552 0.0 0.0
65.10251755200001 1.0 1.0
65.972081552 0.0 0.0
66.841645552 1.0 0.0
67.711209552 0.0 0.0
68.580773552 1.0 1.0
69.45033755200001 0.0 0.0
70.319901552 1.0 0.0
71.189465552 0.0 0.0
72.059029552 1.0 1.0
72.92859355200001 0.0 0.0
73.798157552 1.0 0.0
74.667721552 0.0 0.0
75.537285552 1.0 1.0
76.406849552 0.0 0.0
77.27641355200001 1.0 0.0
78.145977552 0.0 0.0
79.015541552 1.0 1.0
79.885105552 0.0 0.0
80.75466955200001 1.0 0.0
81.624233552 0.0 0.0
82.493797552 1.0 1.0
83.363361552 0.0 0.0
84.232925552 1.0 0.0
85.10248955200001 0.0 0.0
85.972053552 1.0 1.0
86.841617552 0.0 0.0
87.711181552 1.0 0.0
88.58074555200001 0.0 0.0
89.45030955200001 1.0 1.0
90.319873552 0.0 0.0
91.189437552 1.0 0.0
92.059001552 0.0 0.0
92.92856555200001 1.0 1.0
93.798129552 0.0 0.0
94.667693552 1.0 0.0
95.537257552 0.0 0.0
96.406821552 1.0 1.0
97.27638555200001 0.0 0.0
98.145949552 1.0 0.0
99.015513552 0.0 0.0
99.885077552 1.0 1.0
100.75464155200001 0.0 0.0
101.624205552 1.0 0.0
102.493769552 0.0 0.0
103.363333552 1.0 1.0
104.232897552 0.0 0.0
105.10246155200001 1.0 0.0
105.972025552 0.0 0.0
106.841589552 1.0 1.0
107.711153552 0.0 0.0
108.58071755200001 1.0 0.0
109.450281552 0.0 0.0
110.319845552 1.0 1.0
111.189409552 0.0 0.0
112.058973552 1.0 0.0
112.92853755200001 0.0 0.0
113.798101552 1.0 1.0
114.667665552 0.0 0.0
115.537229552 1.0 0.0
116.40679355200001 0.0 0.0
117.27635755200001 1.0 1.0
118.145921552 0.0 0.0
119.015485552 1.0 0.0
119.885049552 0.0 0.0
120.75461355200001 1.0 1.0
121.624177552 0.0 0.0
122.493741552 1.0 0.0
123.363305552 0.0 0.0
124.23286955200001 1.0 1.0
125.10243355200001 0.0 0.0
125.971997552 1.0 0.0
126.841561552 0.0 0.0
127.711125552 1.0 1.0
128.580689552 0.0 0.0
129.450253552 1.0 0.0
130.31981755200002 0.0 0.0
131.18938155200001 1.0 1.0
132.058945552 0.0 0.0
132.928509552 1.0 0.0
133.798073552 0.0 0.0
134.667637552 1.0 1.0
135.537201552 0.0 0.0
136.406765552 1.0 1.0
137.276329552 0.0 0.0
138.14589355200002 1.0 0.0
139.01545755200002 0.0 0.0
139.885021552 1.0 1.0
140.754585552 0.0 0.0
141.624149552 1.0 0.0
142.493713552 0.0 0.0
143.363277552 1.0 1.0
144.232841552 0.0 0.0
145.102405552 1.0 0.0
145.97196955200002 0.0 0.0
146.84153355200002 1.0 1.0
147.711097552 0.0 0.0
148.580661552 1.0 0.0
149.450225552 0.0 0.0
150.319789552 1.0 1.0
151.189353552 0.0 0.0
152.058917552 1.0 0.0
152.928481552 0.0 0.0
153.79804555200002 1.0 1.0
154.66760955200002 0.0 0.0
155.537173552 1.0 0.0
156.406737552 0.0 0.0
157.276301552 1.0 1.0
158.145865552 0.0 0.0
159.015429552 1.0 0.0
159.884993552 0.0 0.0
160.754557552 1.0 1.0
161.62412155200002 0.0 0.0
162.49368555200002 1.0 0.0
163.363249552 0.0 0.0
164.232813552 1.0 1.0
165.102377552 0.0 0.0
165.971941552 1.0 0.0
166.841505552 0.0 0.0
167.711069552 1.0 1.0
168.580633552 0.0 0.0
169.45019755200002 1.0 0.0
170.31976155200002 0.0 0.0
171.189325552 1.0 1.0
172.058889552 0.0 0.0
172.928453552 1.0 0.0
173.798017552 0.0 0.0
174.667581552 1.0 1.0
175.537145552 0.0 0.0
176.406709552 1.0 0.0
177.27627355200002 0.0 0.0
178.14583755200002 1.0 1.0
179.01540155200001 0.0 0.0
179.884965552 1.0 0.0
180.754529552 0.0 0.0
181.624093552 1.0 1.0
182.493657552 0.0 0.0
183.363221552 1.0 0.0
184.232785552 0.0 0.0
185.10234955200002 1.0 1.0
185.97191355200002 0.0 0.0
186.84147755200001 1.0 0.0
187.711041552 0.0 0.0
188.580605552 1.0 1.0
189.450169552 0.0 0.0
190.319733552 1.0 0.0
191.189297552 0.0 0.0
192.058861552 1.0 1.0
192.92842555200002 0.0 0.0
193.79798955200002 1.0 0.0
194.66755355200002 0.0 0.0
195.537117552 1.0 1.0
196.406681552 0.0 0.0
197.276245552 1.0 0.0
198.145809552 0.0 0.0
199.015373552 1.0 1.0
199.884937552 0.0 0.0
200.75450155200002 1.0 0.0
201.62406555200002 0.0 0.0
202.49362955200002 1.0 1.0
203.363193552 0.0 0.0
204.232757552 1.0 0.0
205.102321552 0.0 0.0
205.971885552 1.0 1.0
206.841449552 0.0 0.0
207.711013552 1.0 0.0
208.58057755200002 0.0 0.0
209.45014155200002 1.0 1.0
210.31970555200002 0.0 0.0
211.189269552 1.0 0.0
212.058833552 0.0 0.0
212.928397552 1.0 1.0
213.797961552 0.0 0.0
214.667525552 1.0 0.0
215.537089552 0.0 0.0
216.40665355200002 1.0 1.0
217.27621755200002 0.0 0.0
218.14578155200002 1.0 0.0
219.015345552 0.0 0.0
219.884909552 1.0 1.0
220.754473552 0.0 0.0
221.624037552 1.0 0.0
222.493601552 0.0 0.0
223.363165552 1.0 1.0
224.23272955200002 0.0 0.0
225.10229355200002 1.0 0.0
225.97185755200002 0.0 0.0
226.841421552 1.0 1.0
227.710985552 0.0 0.0
228.580549552 1.0 0.0
229.450113552 0.0 0.0
230.319677552 1.0 1.0
231.189241552 0.0 0.0
232.05880555200002 1.0 0.0
232.92836955200002 0.0 0.0
233.79793355200002 1.0 1.0
234.66749755200001 0.0 0.0
235.537061552 1.0 0.0
236.406625552 0.0 0.0
237.276189552 1.0 1.0
238.14575355199997 0.0 0.0
239.01531755199997 1.0 0.0
239.884881552 0.0 0.0
240.754445552 1.0 0.0