1.49	4.0
2.27	1.0
3.0	2.0
3.81	3.0
4.61	4.0
5.44	1.0
6.21	2.0
7.03	3.0
7.87	4.0
8.66	1.0
9.45	2.0
10.24	3.0
11.26	4.0
12.26	1.0
13.14	2.0
14.06	3.0
15.0	4.0
15.98	1.0
17.04	2.0
18.01	3.0
19.0	4.0
19.99	1.0
21.02	2.0
22.03	3.0
23.0	4.0
24.02	1.0
25.01	2.0
26.02	3.0
27.05	4.0
28.02	1.0
29.02	2.0
30.02	3.0
31.05	4.0
32.01	1.0
33.14	2.0
34.19	3.0
35.3	4.0
36.38	1.0
37.45	2.0
38.53	3.0
39.68	4.0
40.71	1.0
41.86	2.0
42.89	3.0
43.99	4.0
45.07	1.0
46.2	2.0
47.31	3.0
48.4	4.0
49.43	1.0
50.57	2.0
51.66	3.0
52.76	4.0
53.85	1.0
54.94	2.0
56.01	3.0
57.12	4.0
58.18	1.0
59.3	2.0
60.36	3.0
61.46	4.0
62.57	1.0
63.63	2.0
64.75	3.0
65.84	4.0
66.93	1.0
67.96	2.0
68.93	3.0
69.94	4.0
70.92	1.0
71.93	2.0
72.94	3.0
73.93	4.0
74.92	1.0
75.91	2.0
76.9	3.0
77.92	4.0
78.92	1.0
79.95	2.0
80.94	3.0
81.91	4.0
82.93	1.0
83.96	2.0
84.93	3.0
85.92	4.0
86.92	1.0
87.9	2.0
88.92	3.0
89.96	4.0
90.9	1.0
91.88	2.0
92.91	3.0
93.95	4.0
94.98	1.0
96.0	2.0
97.06	3.0
98.15	4.0
99.07	1.0
100.04	2.0
100.98	3.0
101.99	4.0
102.93	1.0
103.93	2.0
104.93	3.0
105.93	4.0
106.94	1.0
107.93	2.0
108.93	3.0
109.93	4.0
110.94	1.0
111.93	2.0
112.93	3.0
113.93	4.0
114.93	1.0
115.93	2.0
116.94	3.0
117.93	4.0
118.94	1.0
119.93	2.0
120.94	3.0
121.93	4.0
122.94	1.0
123.93	2.0
124.94	3.0
125.94	4.0
126.94	1.0
127.93	2.0
128.94	3.0
129.92	4.0
130.93	1.0
131.94	2.0
132.93	3.0
133.93	4.0
134.93	1.0
135.92	2.0
136.92	3.0
137.93	4.0
138.94	1.0
139.98	2.0
140.98	3.0
141.93	4.0
142.93	1.0
143.93	2.0
144.93	3.0
145.93	4.0
146.94	1.0
147.93	2.0
148.93	3.0
149.93	4.0
150.94	1.0
151.93	2.0
152.94	3.0
153.93	4.0
154.94	1.0
155.94	2.0
156.93	3.0
157.93	4.0
158.93	1.0
159.93	2.0
160.93	3.0
161.93	4.0
162.93	1.0
163.93	2.0
164.93	3.0
165.93	4.0
166.94	1.0
167.93	2.0
168.93	3.0
169.93	4.0
170.68	1.0
171.45	2.0
171.94	3.0
172.44	4.0
172.94	1.0
173.44	2.0
173.93	3.0
174.44	4.0
174.93	1.0
175.44	2.0
175.93	3.0
176.42	4.0
176.93	1.0
177.43	2.0
177.93	3.0
178.44	4.0
178.94	1.0
179.43	2.0
179.93	3.0
180.43	4.0
180.93	1.0
181.43	2.0
181.93	3.0
182.44	4.0
182.94	1.0
183.43	2.0
183.93	3.0
184.44	4.0
184.94	1.0
185.44	2.0
185.94	3.0
186.44	4.0
186.94	1.0
187.43	2.0
187.93	3.0
188.44	4.0
188.93	1.0
189.43	2.0
189.93	3.0
190.44	4.0
190.94	1.0
191.43	2.0
191.93	3.0
192.43	4.0
192.93	1.0
193.43	2.0
193.93	3.0
194.44	4.0
194.93	1.0
195.43	2.0
195.93	3.0
196.44	4.0
196.94	1.0
197.43	2.0
197.93	3.0
198.42	4.0
198.94	1.0
199.44	2.0
199.93	3.0
200.44	4.0
200.94	1.0
201.43	2.0
201.93	3.0
202.44	4.0
202.94	1.0
203.44	2.0
203.93	3.0
204.44	4.0
204.94	1.0
205.44	2.0
205.94	3.0
206.43	4.0
206.93	1.0
207.43	2.0
207.93	3.0
208.44	4.0
208.94	1.0
209.44	2.0
209.93	3.0
210.45	4.0
210.94	1.0
211.44	2.0
211.94	3.0
212.44	4.0
212.94	1.0
213.44	2.0
213.94	3.0
214.42	4.0
214.93	1.0
215.44	2.0
215.94	3.0
216.44	4.0
216.94	1.0
217.43	2.0
217.94	3.0
218.43	4.0
218.92	1.0
219.43	2.0
219.93	3.0
220.44	4.0
220.94	1.0
221.44	2.0
221.94	3.0
222.44	4.0
222.94	1.0
223.45	2.0
223.95	3.0
224.44	4.0
224.92	1.0
225.44	2.0
225.94	3.0
226.45	4.0
226.93	1.0
227.44	2.0
227.94	3.0
228.44	4.0
228.92	1.0
229.45	2.0
229.93	3.0
230.42	4.0
230.92	1.0
231.44	2.0
231.94	3.0
232.44	4.0
232.93	1.0
233.43	2.0
233.94	3.0
234.43	4.0
234.93	1.0
235.44	2.0
235.94	3.0
236.45	4.0
236.94	1.0
237.44	2.0
237.94	3.0
238.43	4.0
238.93	1.0
239.43	2.0
239.92	3.0
240.44	4.0
240.93	1.0
241.43	2.0
241.93	3.0
242.43	4.0
242.93	1.0
243.44	2.0
243.93	3.0
244.43	4.0
244.93	1.0
245.43	2.0
245.93	3.0
246.43	4.0
246.93	1.0
247.44	2.0
247.93	3.0
248.43	4.0
248.93	1.0
249.44	2.0
249.91	3.0
250.41	4.0
250.94	1.0
251.5	2.0
252.04	3.0
252.63	4.0
253.19	1.0
253.74	2.0
254.31	3.0
254.83	4.0
255.41	1.0
255.9	2.0
256.41	3.0
256.9	4.0
257.39	1.0
257.9	2.0
258.41	3.0
258.91	4.0
259.39	1.0
259.9	2.0
260.36	3.0
260.84	4.0
261.33	1.0
261.84	2.0
262.43	3.0
262.99	4.0
263.54	1.0
264.08	2.0
264.64	3.0
265.23	4.0
265.78	1.0
266.41	2.0
266.98	3.0
267.58	4.0
268.2	1.0
