0.40229485400000004 1.0 0.0
0.8940978540000001 0.0 0.0
1.3859008540000004 1.0 0.0
1.8777038540000004 0.0 0.0
2.3695068540000004 1.0 1.0
2.8613098540000004 0.0 0.0
3.3531128540000004 1.0 0.0
3.8449158540000004 0.0 0.0
4.336718854 1.0 1.0
4.828521854 0.0 0.0
5.320324854 1.0 0.0
5.812127854 0.0 0.0
6.303930854 1.0 1.0
6.795733854000001 0.0 0.0
7.287536854000001 1.0 0.0
7.779339854000001 0.0 0.0
8.271142854 1.0 1.0
8.762945854000003 0.0 0.0
9.254748854000002 1.0 0.0
9.746551854000003 0.0 0.0
10.238354854000002 1.0 1.0
10.730157854000003 0.0 0.0
11.221960854000002 1.0 0.0
11.713763854000003 0.0 0.0
12.205566854000002 1.0 1.0
12.697369854000003 0.0 0.0
13.189172854000002 1.0 0.0
13.680975854000003 0.0 0.0
14.172778854000004 1.0 1.0
14.664581854000003 0.0 0.0
15.156384854000004 1.0 0.0
15.648187854000003 0.0 0.0
16.139990854 1.0 1.0
16.631793854 0.0 0.0
17.123596854000002 1.0 0.0
17.615399854000003 0.0 0.0
18.107202854 1.0 1.0
18.599005854 0.0 0.0
19.090808854000002 1.0 0.0
19.582611854000003 0.0 0.0
20.074414854000004 1.0 1.0
20.566217854 0.0 0.0
21.058020854000002 1.0 0.0
21.549823854000003 0.0 0.0
22.041626854000004 1.0 1.0
22.533429854 0.0 0.0
23.025232854000002 1.0 0.0
23.517035854000003 0.0 0.0
24.008838854000004 1.0 1.0
24.500641854 0.0 0.0
24.992444854000002 1.0 0.0
25.484247854000003 0.0 0.0
25.976050854000004 1.0 1.0
26.467853854000005 0.0 0.0
26.959656854000002 1.0 0.0
27.451459854000003 0.0 0.0
27.943262854000004 1.0 1.0
28.435065854000005 0.0 0.0
28.926868854000002 1.0 0.0
29.418671854000003 0.0 0.0
29.910474854000004 1.0 1.0
30.402277854000005 0.0 0.0
30.894080854000002 1.0 0.0
31.385883854000003 0.0 0.0
31.877686854000004 1.0 1.0
32.369489854 0.0 0.0
32.861292854000006 1.0 0.0
33.353095854 0.0 0.0
33.84489885400001 1.0 1.0
34.336701854000005 0.0 0.0
34.828504854 1.0 0.0
35.320307854000006 0.0 0.0
35.812110854000004 1.0 1.0
36.303913854 0.0 0.0
36.795716854000005 1.0 0.0
37.287519854 0.0 0.0
37.77932285400001 1.0 1.0
38.271125854000005 0.0 0.0
38.762928854 1.0 0.0
39.254731854000006 0.0 0.0
39.746534854000004 1.0 1.0
40.23833785400001 0.0 0.0
40.730140854000005 1.0 0.0
41.221943854 0.0 0.0
41.71374685400001 1.0 1.0
42.205549854000004 0.0 0.0
42.69735285400001 1.0 0.0
43.189155854000006 0.0 0.0
43.680958854000004 1.0 1.0
44.17276185400001 0.0 0.0
44.664564854000005 1.0 0.0
45.156367854 0.0 0.0
45.64817085400001 1.0 1.0
46.139973854000004 0.0 0.0
46.63177685400001 1.0 0.0
47.123579854000006 0.0 0.0
47.615382854 1.0 0.0
48.10718585400001 0.0 0.0
48.598988854000005 1.0 1.0
49.09079185400001 0.0 0.0
49.58259485400001 1.0 0.0
50.074397854000004 0.0 0.0
50.56620085400001 1.0 1.0
51.058003854000006 0.0 0.0
51.549806854 1.0 0.0
52.04160985400001 0.0 0.0
52.533412854000005 1.0 1.0
53.02521585400001 0.0 0.0
53.51701885400001 1.0 0.0
54.008821854000004 0.0 0.0
54.50062485400001 1.0 0.0
54.992427854000006 0.0 0.0
55.48423085400001 1.0 1.0
55.97603385400001 0.0 0.0
56.467836854000005 1.0 0.0
56.95963985400001 0.0 0.0
57.45144285400001 1.0 1.0
57.943245854000004 0.0 0.0
58.43504885400001 1.0 0.0
58.926851854000006 0.0 0.0
59.41865485400001 1.0 1.0
59.91045785400001 0.0 0.0
60.402260854000005 1.0 0.0
60.89406385400001 0.0 0.0
61.38586685400001 1.0 1.0
61.87766985400001 0.0 0.0
62.36947285400001 1.0 0.0
62.861275854000006 0.0 0.0
63.35307885400002 1.0 1.0
63.844881854000015 0.0 0.0
64.33668485400001 1.0 0.0
64.82848785400002 0.0 0.0
65.32029085400002 1.0 1.0
65.81209385400001 0.0 0.0
66.30389685400002 1.0 0.0
66.79569985400002 0.0 0.0
67.28750285400001 1.0 1.0
67.77930585400001 0.0 0.0
68.271108854 1.0 0.0
68.76291185400001 0.0 0.0
69.25471485400001 1.0 1.0
69.746517854 0.0 0.0
70.23832085400001 1.0 0.0
70.73012385400001 0.0 0.0
71.221926854 1.0 1.0
71.71372985400001 0.0 0.0
72.20553285400001 1.0 0.0
72.69733585400002 0.0 0.0
73.189138854 1.0 1.0
73.68094185400001 0.0 0.0
74.17274485400002 1.0 1.0
74.664547854 0.0 0.0
75.15635085400001 1.0 0.0
75.64815385400001 0.0 0.0
76.139956854 1.0 1.0
76.63175985400001 0.0 0.0
77.12356285400001 1.0 0.0
77.615365854 0.0 0.0
78.10716885400001 1.0 1.0
78.59897185400001 0.0 0.0
79.09077485400002 1.0 0.0
79.58257785400001 0.0 0.0
80.07438085400001 1.0 1.0
80.56618385400002 0.0 0.0
81.057986854 1.0 0.0
81.54978985400001 0.0 0.0
82.04159285400002 1.0 1.0
82.533395854 0.0 0.0
83.02519885400001 1.0 0.0
83.51700185400001 0.0 0.0
84.008804854 1.0 1.0
84.50060785400001 0.0 0.0
84.99241085400001 1.0 0.0
85.48421385400002 0.0 0.0
85.97601685400001 1.0 1.0
86.46781985400001 0.0 0.0
86.95962285400002 1.0 0.0
87.45142585400001 0.0 0.0
87.94322885400001 1.0 1.0
88.43503185400002 0.0 0.0
88.926834854 1.0 0.0
89.41863785400001 0.0 0.0
89.91044085400002 1.0 1.0
90.402243854 0.0 0.0
90.89404685400001 1.0 0.0
91.38584985400001 0.0 0.0
91.87765285400002 1.0 0.0
92.36945585400001 0.0 0.0
92.86125885400001 1.0 1.0
93.35306185400002 0.0 0.0
93.84486485400001 1.0 0.0
94.33666785400001 0.0 0.0
94.82847085400002 1.0 1.0
95.320273854 0.0 0.0
95.81207685400001 1.0 0.0
96.30387985400002 0.0 0.0
96.795682854 1.0 1.0
97.28748585400001 0.0 0.0
97.77928885400001 1.0 0.0
98.27109185400002 0.0 0.0
98.76289485400001 1.0 0.0
99.25469785400001 0.0 0.0
99.74650085400002 1.0 0.0
100.23830385400001 0.0 0.0
100.73010685400001 1.0 1.0
101.22190985400002 0.0 0.0
101.71371285400001 1.0 0.0
102.20551585400001 0.0 0.0
102.69731885400002 1.0 1.0
103.18912185400002 0.0 0.0
103.68092485400001 1.0 0.0
104.17272785400002 0.0 0.0
104.66453085400002 1.0 1.0
105.15633385400001 0.0 0.0
105.64813685400001 1.0 0.0
106.13993985400002 0.0 0.0
106.63174285400001 1.0 1.0
107.12354585400001 0.0 0.0
107.61534885400002 1.0 0.0
108.10715185400001 0.0 0.0
108.59895485400001 1.0 1.0
109.09075785400002 0.0 0.0
109.58256085400002 1.0 0.0
110.07436385400001 0.0 0.0
110.56616685400002 1.0 1.0
111.05796985400002 0.0 0.0
111.54977285400001 1.0 0.0
112.04157585400002 0.0 0.0
112.53337885400002 1.0 1.0
113.02518185400001 0.0 0.0
113.51698485400001 1.0 0.0
114.00878785400002 0.0 0.0
114.50059085400001 1.0 1.0
114.99239385400001 0.0 0.0
115.48419685400002 1.0 0.0
115.97599985400002 0.0 0.0
116.46780285400001 1.0 1.0
116.95960585400002 0.0 0.0
117.45140885400002 1.0 0.0
117.94321185400001 0.0 0.0
118.43501485400002 1.0 1.0
118.92681785400002 0.0 0.0
119.41862085400001 1.0 0.0
119.91042385400002 0.0 0.0
120.40222685400002 1.0 1.0
120.89402985400001 0.0 0.0
121.38583285400001 1.0 0.0
121.87763585400002 0.0 0.0
122.36943885400002 1.0 1.0
122.86124185400001 0.0 0.0
123.35304485400002 1.0 0.0
123.84484785400002 0.0 0.0
124.33665085400001 1.0 1.0
124.82845385400002 0.0 0.0
125.32025685400002 1.0 0.0
125.81205985400001 0.0 0.0
126.303862854 1.0 1.0
126.795665854 0.0 0.0
127.287468854 1.0 0.0
127.779271854 0.0 0.0
128.271074854 1.0 1.0
128.762877854 0.0 0.0
129.25468085400001 1.0 0.0
129.746483854 0.0 0.0
130.238286854 1.0 1.0
130.730089854 0.0 0.0
131.221892854 1.0 0.0
131.713695854 0.0 0.0
132.205498854 1.0 1.0
132.69730185400002 0.0 0.0
133.189104854 1.0 0.0
133.680907854 0.0 0.0
134.172710854 1.0 1.0
134.664513854 0.0 0.0
135.156316854 1.0 0.0
135.64811985400002 0.0 0.0
136.139922854 1.0 1.0
136.631725854 0.0 0.0
137.123528854 1.0 0.0
137.615331854 0.0 0.0
138.107134854 1.0 1.0
138.598937854 0.0 0.0
139.09074085400002 1.0 0.0
139.582543854 0.0 0.0
140.074346854 1.0 1.0
140.566149854 0.0 0.0
141.057952854 1.0 0.0
141.549755854 0.0 0.0
142.04155885400002 1.0 1.0
142.533361854 0.0 0.0
143.025164854 1.0 0.0
143.516967854 0.0 0.0
144.008770854 1.0 1.0
144.500573854 0.0 0.0
144.992376854 1.0 0.0
145.48417985400002 0.0 0.0
145.975982854 1.0 1.0
146.467785854 0.0 0.0
146.959588854 1.0 0.0
147.451391854 0.0 0.0
147.94122592800002 1.0 1.0
148.43062192800002 0.0 0.0
148.92001792800002 1.0 0.0
149.40941392800002 0.0 0.0
149.89880992800002 1.0 1.0
150.38820592800002 0.0 0.0
150.87760192800002 1.0 0.0
151.36699792800002 0.0 0.0
151.85639392800002 1.0 1.0
152.34578992800002 0.0 0.0
152.83518592800002 1.0 0.0
153.32458192800001 0.0 0.0
153.813977928 1.0 1.0
154.303373928 0.0 0.0
154.792769928 1.0 0.0
155.282165928 0.0 0.0
155.771561928 1.0 1.0
156.260957928 0.0 0.0
156.750353928 1.0 0.0
157.239749928 0.0 0.0
157.729145928 1.0 1.0
158.218541928 0.0 0.0
158.707937928 1.0 0.0
159.197333928 0.0 0.0
159.686729928 1.0 1.0
160.176125928 0.0 0.0
160.665521928 1.0 0.0
161.154917928 0.0 0.0
161.644313928 1.0 0.0
162.133709928 0.0 0.0
162.623105928 1.0 1.0
163.11250192800003 0.0 0.0
163.60189792800003 1.0 0.0
164.09129392800003 0.0 0.0
164.58068992800003 1.0 1.0
165.07008592800003 0.0 0.0
165.55948192800003 1.0 1.0
166.04887792800002 0.0 0.0
166.53827392800002 0.0 0.0
167.02766992800002 1.0 0.0
167.51706592800002 0.0 0.0
168.00646192800002 1.0 1.0
168.49585792800002 0.0 0.0
168.98525392800002 1.0 0.0
169.47464992800002 0.0 0.0