0.5207687099999999 1.0 0.0
1.2899987099999997 0.0 0.0
2.0592287099999997 1.0 1.0
2.828458709999999 0.0 0.0
3.597688709999999 1.0 0.0
4.366918709999999 0.0 0.0
5.136148709999999 1.0 1.0
5.905378709999998 0.0 0.0
6.6746087099999984 1.0 0.0
7.443838709999998 0.0 0.0
8.213068709999998 1.0 1.0
8.982298709999998 0.0 0.0
9.751528709999997 1.0 0.0
10.520758709999997 0.0 0.0
11.289988709999998 1.0 0.0
12.059218709999998 0.0 0.0
12.828448709999996 1.0 1.0
13.597678709999995 0.0 0.0
14.366908709999995 1.0 0.0
15.136138709999996 0.0 0.0
15.905368709999994 1.0 1.0
16.674598709999994 0.0 0.0
17.443828709999995 1.0 0.0
18.213058709999995 0.0 0.0
18.982288709999995 1.0 1.0
19.751518709999992 0.0 0.0
20.520748709999992 1.0 0.0
21.289978709999993 0.0 0.0
22.059208709999993 1.0 1.0
22.828438709999993 0.0 0.0
23.597668709999994 1.0 0.0
24.366898709999994 0.0 0.0
25.13612870999999 1.0 1.0
25.90535870999999 0.0 0.0
26.67458870999999 1.0 0.0
27.44381870999999 0.0 0.0
28.213048709999992 1.0 1.0
28.982278709999992 0.0 0.0
29.751508709999992 1.0 0.0
30.520738709999993 0.0 0.0
31.28996870999999 1.0 1.0
32.05919870999999 0.0 0.0
32.82842870999999 1.0 0.0
33.59765870999999 0.0 0.0
34.36688870999999 1.0 1.0
35.13611870999999 0.0 0.0
35.90534870999999 1.0 0.0
36.67457870999999 0.0 0.0
37.44380870999999 1.0 1.0
38.21303870999999 0.0 0.0
38.982268709999985 1.0 0.0
39.751498709999986 0.0 0.0
40.520728709999986 1.0 1.0
41.289958709999986 0.0 0.0
42.05918870999999 1.0 0.0
42.82841870999999 0.0 0.0
43.59764870999999 1.0 1.0
44.36687870999999 0.0 0.0
45.13610870999999 1.0 0.0
45.90533870999999 0.0 0.0
46.67456870999999 1.0 1.0
47.44379870999999 0.0 0.0
48.21302870999999 1.0 0.0
48.98225870999999 0.0 0.0
49.75148870999999 1.0 1.0
50.52071870999999 0.0 0.0
51.28994870999999 1.0 0.0
52.05917870999999 0.0 0.0
52.82840871 1.0 1.0
53.59763871 0.0 0.0
54.36686871 1.0 0.0
55.13609871 0.0 0.0
55.90532871 1.0 1.0
56.67455871 0.0 0.0
57.44378870999999 1.0 0.0
58.21301870999999 0.0 0.0
58.98224870999999 1.0 1.0
59.751478709999994 0.0 0.0
60.520708709999994 1.0 0.0
61.289938709999994 0.0 0.0
62.059168709999994 1.0 1.0
62.828398709999995 0.0 0.0
63.597628709999995 1.0 0.0
64.36685870999999 0.0 0.0
65.13608871 1.0 1.0
65.90531870999999 0.0 0.0
66.67454871 1.0 0.0
67.44377870999999 0.0 0.0
68.21300871 1.0 1.0
68.98223870999999 0.0 0.0
69.75146871 1.0 0.0
70.52069870999999 0.0 0.0
71.28992871 1.0 1.0
72.05915870999999 0.0 0.0
72.82838871 1.0 0.0
73.59761870999999 0.0 0.0
74.36684870999999 1.0 1.0
75.13607870999999 0.0 0.0
75.90530870999999 1.0 0.0
76.67453871 0.0 0.0
77.44376870999999 1.0 1.0
78.21299871 0.0 0.0
78.98222870999999 1.0 0.0
79.75145871 0.0 0.0
80.52068870999999 1.0 1.0
81.28991871 0.0 0.0
82.05914870999999 1.0 0.0
82.82837871 0.0 0.0
83.59760870999999 1.0 1.0
84.36683871 0.0 0.0
85.13606870999999 1.0 0.0
85.90529870999998 0.0 0.0
86.67452870999999 1.0 1.0
87.44375870999998 0.0 0.0
88.21298870999999 1.0 0.0
88.98221870999998 0.0 0.0
89.75144870999999 1.0 1.0
90.52067870999998 0.0 0.0
91.28990870999999 1.0 0.0
92.05913870999998 0.0 0.0
92.82836870999999 1.0 1.0
93.59759870999999 0.0 0.0
94.36682871 1.0 0.0
95.13605870999999 0.0 0.0
95.90528870999998 1.0 1.0
96.67451870999999 0.0 0.0
97.44374870999998 1.0 0.0
98.21297870999999 0.0 0.0
98.98220870999998 1.0 1.0
99.75143870999997 0.0 0.0
100.52066870999997 1.0 0.0
101.28989870999997 0.0 0.0
102.05912870999997 1.0 1.0
102.82835870999997 0.0 0.0
103.59758870999997 1.0 0.0
104.36681870999998 0.0 0.0
105.13604870999995 1.0 1.0
105.90527870999996 0.0 0.0
106.67450870999996 1.0 0.0
107.44373870999996 0.0 0.0
108.21296870999996 1.0 1.0
108.98219870999996 0.0 0.0
109.75142870999996 1.0 0.0
110.52065870999996 0.0 0.0
111.28988870999996 1.0 1.0
112.05911870999996 0.0 0.0
112.82834870999996 1.0 0.0
113.59757870999996 0.0 0.0
114.36680870999996 1.0 1.0
115.13603870999995 0.0 0.0
115.90526870999996 1.0 0.0
116.67449870999995 0.0 0.0
117.44372870999996 1.0 1.0
118.21295870999995 0.0 0.0
118.98218870999996 1.0 0.0
119.75141870999995 0.0 0.0
120.52064870999996 1.0 1.0
121.28987870999995 0.0 0.0
122.05910870999996 1.0 0.0
122.82833870999995 0.0 0.0
123.59756870999996 1.0 1.0
124.36679870999996 0.0 0.0
125.13602870999996 1.0 0.0
125.90525870999996 0.0 0.0
126.67448870999995 1.0 1.0
127.44371870999996 0.0 0.0
128.21294870999995 1.0 0.0
128.98217870999994 0.0 0.0
129.75140870999996 1.0 1.0
130.52063870999996 0.0 0.0
131.28986870999995 1.0 0.0
132.05909870999994 0.0 0.0
132.82832870999997 1.0 1.0
133.59755870999996 0.0 0.0
134.36678870999995 1.0 0.0
135.13601870999995 0.0 0.0
135.90524870999997 1.0 1.0
136.67447870999996 0.0 0.0
137.44370870999995 1.0 0.0
138.21293870999995 0.0 0.0
138.98216870999994 1.0 1.0
139.75139870999996 0.0 0.0
140.52062870999995 1.0 0.0
141.28985870999995 0.0 0.0
142.05908870999994 1.0 1.0
142.82831870999996 0.0 0.0
143.59754870999996 1.0 0.0
144.36677870999995 0.0 0.0
145.13600870999994 1.0 1.0
145.90523870999996 0.0 0.0
146.67446870999996 1.0 0.0
147.44369870999995 0.0 0.0
148.21292870999994 1.0 1.0
148.98215870999994 0.0 0.0
149.75138870999996 1.0 0.0
150.52061870999995 0.0 0.0
151.28984870999994 1.0 1.0
152.05907870999994 0.0 0.0
152.82830870999996 1.0 0.0
153.59753870999995 0.0 0.0
154.36676870999995 1.0 1.0
155.13599870999994 0.0 0.0
155.90522870999996 1.0 0.0
156.67445870999995 0.0 0.0
157.44368870999995 1.0 1.0
158.21291870999994 0.0 0.0
158.98214870999993 1.0 0.0
159.75137870999995 0.0 0.0
160.52060870999995 1.0 1.0
161.28983870999994 0.0 0.0
162.05906870999993 1.0 0.0
162.82829870999996 0.0 0.0
163.59752870999995 1.0 1.0
164.36675870999994 0.0 0.0
165.13598870999994 1.0 0.0
165.90521870999996 0.0 0.0
166.67444870999995 1.0 1.0
167.44367870999994 0.0 0.0
168.21290870999994 1.0 0.0
168.98213870999996 0.0 0.0
169.75136870999995 1.0 1.0
170.52059870999994 0.0 0.0
171.28982870999994 1.0 0.0
172.05905870999993 0.0 0.0
172.82828870999995 1.0 1.0
173.59751870999995 0.0 0.0
174.36674870999994 1.0 0.0
175.13597870999993 0.0 0.0
175.90520870999995 1.0 1.0
176.67443870999995 0.0 0.0
177.44366870999994 1.0 0.0
178.21289870999993 0.0 0.0
178.98212870999996 1.0 1.0
179.75135870999995 0.0 0.0
180.52058870999994 1.0 0.0
181.28981870999993 0.0 0.0
182.05904870999993 1.0 1.0
182.82827870999995 0.0 0.0
183.59750870999994 1.0 0.0
184.36673870999994 0.0 0.0
185.13596870999993 1.0 1.0
185.90519870999995 0.0 0.0
186.67442870999994 1.0 0.0
187.44365870999994 0.0 0.0
188.21288870999993 1.0 1.0
188.98211870999995 0.0 0.0
189.75134870999995 1.0 0.0
190.52057870999994 0.0 0.0
191.28980870999993 1.0 1.0
192.05903870999992 0.0 0.0
192.82826870999995 1.0 0.0
193.59749870999994 0.0 0.0
194.36672870999993 1.0 1.0
195.13595870999993 0.0 0.0
195.90518870999995 1.0 0.0
196.67441870999994 0.0 0.0
197.44364870999996 1.0 1.0
198.21287870999996 0.0 0.0
198.98210870999995 1.0 0.0
199.75133870999997 0.0 0.0
200.52056870999996 1.0 1.0
201.28979870999996 0.0 0.0
202.05902870999995 1.0 0.0
202.82825870999997 0.0 0.0
203.59748870999996 1.0 1.0
204.36671870999996 0.0 0.0
205.13594870999995 1.0 0.0
205.90517870999997 0.0 0.0
206.67440870999997 1.0 1.0
207.44363870999996 0.0 0.0
208.21286870999995 1.0 0.0
208.98209870999995 0.0 0.0
209.75132870999997 1.0 1.0
210.52055871 0.0 0.0
211.28978870999998 1.0 0.0
212.05901870999998 0.0 0.0
212.82824870999997 1.0 1.0
213.59747871 0.0 0.0
214.36670870999998 1.0 0.0
215.13593870999998 0.0 0.0
215.90516870999997 1.0 1.0
216.67439871 0.0 0.0
217.44362870999998 1.0 0.0
218.21285870999998 0.0 0.0
218.98208870999997 1.0 1.0
219.75131871 0.0 0.0
220.52054870999999 1.0 0.0
221.28977870999998 0.0 0.0
222.05900870999997 1.0 1.0
222.82823870999997 0.0 0.0
223.59746871 1.0 0.0
224.36669870999998 0.0 0.0
225.13592870999997 1.0 1.0
225.90515870999997 0.0 0.0
226.67438871 1.0 0.0
227.44361870999998 0.0 0.0
228.21284870999997 1.0 1.0
228.98207870999997 0.0 0.0
229.75130871 1.0 0.0
230.52053870999998 0.0 0.0
231.28976870999998 1.0 1.0
232.05899870999997 0.0 0.0
232.82822870999996 1.0 1.0
233.59745870999998 0.0 0.0
234.36668870999998 0.0 0.0
235.13591870999997 1.0 1.0
235.90514870999996 0.0 0.0
236.67437870999998 1.0 0.0
237.44360870999998 0.0 0.0
238.21283870999997 1.0 1.0
238.98206870999996 0.0 0.0
239.75129871 1.0 0.0
240.52052870999998 0.0 0.0
241.28975870999997 1.0 1.0