0.07699094000000001 1.0 0.0
0.60796294 0.0 0.0
1.13893494 1.0 1.0
1.6699069399999997 0.0 0.0
2.20087894 1.0 0.0
2.7318509399999997 0.0 0.0
3.26282294 1.0 1.0
3.7953618637499993 0.0 0.0
4.3359028637499994 1.0 0.0
4.87644386375 0.0 0.0
5.418443444583333 1.0 1.0
5.968902444583333 0.0 0.0
6.519361444583333 1.0 0.0
7.068382334583332 0.0 0.0
7.608223419583333 1.0 1.0
8.143937419583333 0.0 0.0
8.679651419583333 1.0 0.0
9.215365419583334 0.0 0.0
9.751079419583334 1.0 1.0
10.287493334583333 0.0 0.0
10.828034334583332 1.0 0.0
11.368575334583333 0.0 0.0
11.909116334583333 1.0 1.0
12.449657334583332 0.0 0.0
12.990198334583333 1.0 0.0
13.530739334583332 0.0 0.0
14.071280334583331 1.0 1.0
14.611821334583333 0.0 0.0
15.152362334583332 1.0 0.0
15.692903334583331 0.0 0.0
16.233444334583332 1.0 1.0
16.77398533458333 0.0 0.0
17.314526334583334 1.0 0.0
17.85506733458333 0.0 0.0
18.395608334583333 1.0 1.0
18.935449419583332 0.0 0.0
19.471163419583334 1.0 0.0
20.006877419583333 0.0 0.0
20.542591419583335 1.0 1.0
21.079005334583332 0.0 0.0
21.619546334583333 1.0 0.0
22.16008733458333 0.0 0.0
22.70062833458333 1.0 1.0
23.241169334583333 0.0 0.0
23.78171033458333 1.0 0.0
24.32225133458333 0.0 0.0
24.862792334583332 1.0 1.0
25.40333333458333 0.0 0.0
25.94387433458333 1.0 0.0
26.484415334583332 0.0 0.0
27.02495633458333 1.0 1.0
27.56549733458333 0.0 0.0
28.10603833458333 1.0 0.0
28.64657933458333 0.0 0.0
29.18712033458333 1.0 1.0
29.72766133458333 0.0 0.0
30.268202334583332 1.0 0.0
30.808743334583333 0.0 0.0
31.34928433458333 1.0 1.0
31.889825334583332 0.0 0.0
32.43036633458333 1.0 0.0
32.97090733458333 0.0 0.0
33.511448334583335 1.0 1.0
34.05198933458333 0.0 0.0
34.59253033458333 1.0 0.0
35.13307133458333 0.0 0.0
35.673612334583325 1.0 1.0
36.21415333458333 0.0 0.0
36.75469433458333 1.0 0.0
37.295235334583325 0.0 0.0
37.83577633458333 1.0 1.0
38.37631733458333 0.0 0.0
38.916858334583324 1.0 0.0
39.45739933458333 0.0 0.0
39.997940334583326 1.0 1.0
40.538481334583324 0.0 0.0
41.07902233458333 1.0 0.0
41.619563334583326 0.0 0.0
42.16010433458332 1.0 1.0
42.70064533458333 0.0 0.0
43.241186334583325 1.0 0.0
43.78172733458332 0.0 0.0
44.32226833458333 1.0 1.0
44.862809334583325 0.0 0.0
45.40335033458332 1.0 0.0
45.94389133458333 0.0 0.0
46.484432334583325 1.0 1.0
47.02497333458332 0.0 0.0
47.56551433458333 1.0 0.0
48.106055334583324 0.0 0.0
48.64659633458332 1.0 1.0
49.187137334583326 0.0 0.0
49.72767833458333 1.0 0.0
50.26821933458332 0.0 0.0
50.808760334583326 1.0 1.0
51.34930133458333 0.0 0.0
51.88984233458332 1.0 0.0
52.430383334583325 0.0 0.0
52.97092433458333 1.0 1.0
53.51146533458333 0.0 0.0
54.052006334583325 1.0 0.0
54.59184741958333 0.0 0.0
55.12756141958333 1.0 1.0
55.66327541958333 0.0 0.0
56.19898941958333 1.0 0.0
56.734703419583326 0.0 0.0
57.27041741958333 1.0 1.0
57.80683133458333 0.0 0.0
58.347372334583326 1.0 0.0
58.88791333458333 0.0 0.0
59.42845433458333 1.0 1.0
59.968995334583326 0.0 0.0
60.50953633458333 1.0 0.0
61.05007733458333 0.0 0.0
61.591330719583326 1.0 1.0
62.136784719583325 0.0 0.0
62.682238719583324 1.0 0.0
63.226980334583324 0.0 0.0
63.76752133458332 1.0 1.0
64.30806233458333 0.0 0.0
64.84860333458332 1.0 0.0
65.38914433458332 0.0 0.0
65.92968533458333 1.0 1.0
66.47022633458332 0.0 0.0
67.01076733458332 1.0 0.0
67.55130833458333 0.0 0.0
68.09184933458333 1.0 1.0
68.63239033458332 0.0 0.0
69.17293133458332 1.0 0.0
69.71277241958333 0.0 0.0
70.24848641958333 1.0 1.0
70.78420041958334 0.0 0.0
71.31991441958334 1.0 0.0
71.85562841958334 0.0 0.0
72.39134241958334 1.0 1.0
72.92705641958334 0.0 0.0
73.46347033458333 1.0 0.0
74.00401133458334 0.0 0.0
74.54455233458334 1.0 1.0
75.08509333458335 0.0 0.0
75.62563433458334 1.0 0.0
76.16617533458334 0.0 0.0
76.70671633458335 1.0 1.0
77.24725733458334 0.0 0.0
77.78779833458334 1.0 0.0
78.32833933458335 0.0 0.0
78.86888033458334 1.0 1.0
79.40942133458334 0.0 0.0
79.94996233458335 1.0 0.0
80.49050333458334 0.0 0.0
81.03104433458334 1.0 1.0
81.57158533458335 0.0 0.0
82.11212633458334 1.0 0.0
82.65196741958333 0.0 0.0
83.18768141958333 1.0 1.0
83.72339541958334 0.0 0.0
84.25910941958334 1.0 0.0
84.79482341958334 0.0 0.0
85.33053741958334 1.0 1.0
85.86695133458333 0.0 0.0
86.40749233458334 1.0 0.0
86.94803333458334 0.0 0.0
87.48857433458335 1.0 1.0
88.02911533458334 0.0 0.0
88.56965633458334 1.0 0.0
89.11019733458335 0.0 0.0
89.65073833458334 1.0 1.0
90.19127933458334 0.0 0.0
90.73182033458335 1.0 0.0
91.27236133458334 0.0 0.0
91.81290233458334 1.0 1.0
92.35344333458335 0.0 0.0
92.89398433458334 1.0 0.0
93.43452533458334 0.0 0.0
93.97506633458335 1.0 1.0
94.51560733458334 0.0 0.0
95.05614833458334 1.0 0.0
95.59668933458335 0.0 0.0
96.13723033458334 1.0 1.0
96.67777133458334 0.0 0.0
97.21831233458335 1.0 0.0
97.75885333458334 0.0 0.0
98.29939433458334 1.0 1.0
98.83993533458334 0.0 0.0
99.38047633458334 1.0 0.0
99.92101733458334 0.0 0.0
100.46155833458334 1.0 1.0
101.00209933458333 0.0 0.0
101.54264033458334 1.0 0.0
102.08318133458334 0.0 0.0
102.62372233458333 1.0 1.0
103.16426333458334 0.0 0.0
103.70480433458334 1.0 0.0
104.24534533458333 0.0 0.0
104.78588633458334 1.0 1.0
105.32642733458334 0.0 0.0
105.86696833458333 1.0 0.0
106.40750933458334 0.0 0.0
106.94805033458334 1.0 1.0
107.48859133458333 0.0 0.0
108.02913233458334 1.0 0.0
108.56967333458334 0.0 0.0
109.11021433458333 1.0 1.0
109.65075533458334 0.0 0.0
110.19129633458334 1.0 0.0
110.73183733458333 0.0 0.0
111.27237833458334 1.0 1.0
111.81291933458334 0.0 0.0
112.35346033458333 1.0 0.0
112.89400133458334 0.0 0.0
113.43454233458334 1.0 1.0
113.97508333458333 0.0 0.0
114.51562433458334 1.0 0.0
115.05616533458334 0.0 0.0
115.59670633458333 1.0 1.0
116.13724733458334 0.0 0.0
116.67778833458334 1.0 0.0
117.21832933458333 0.0 0.0
117.75887033458334 1.0 1.0
118.29941133458334 0.0 0.0
118.83995233458333 1.0 0.0
119.38049333458335 0.0 0.0
119.92103433458334 1.0 1.0
120.46157533458333 0.0 0.0
121.00211633458335 1.0 0.0
121.54265733458334 0.0 0.0
122.08319833458333 1.0 1.0
122.62373933458335 0.0 0.0
123.16428033458334 1.0 0.0
123.70482133458333 0.0 0.0
124.24536233458335 1.0 1.0
124.78590333458334 0.0 0.0
125.32644433458333 1.0 0.0
125.86698533458335 0.0 0.0
126.40752633458334 1.0 1.0
126.94806733458333 0.0 0.0
127.48860833458335 1.0 0.0
128.02914933458334 0.0 0.0
128.56969033458333 1.0 1.0
129.11023133458335 0.0 0.0
129.65077233458334 1.0 0.0
130.19131333458333 0.0 0.0
130.73185433458335 1.0 1.0
131.27239533458334 0.0 0.0
131.81293633458333 1.0 0.0
132.35347733458335 0.0 0.0
132.89401833458334 1.0 1.0
133.43455933458333 0.0 0.0
133.97510033458335 1.0 0.0
134.51564133458334 0.0 0.0
135.05618233458335 1.0 1.0
135.59672333458334 0.0 0.0
136.13726433458334 1.0 0.0
136.67780533458335 0.0 0.0
137.21834633458334 1.0 1.0
137.75888733458333 0.0 0.0
138.29942833458333 1.0 0.0
138.83996933458332 0.0 0.0
139.38051033458333 1.0 1.0
139.92105133458332 0.0 0.0
140.46159233458332 1.0 0.0
141.00143341958332 0.0 0.0
141.53714741958333 1.0 1.0
142.07286141958332 0.0 0.0
142.60857541958333 1.0 0.0
143.14428941958332 0.0 0.0
143.68000341958333 1.0 1.0
144.21641733458333 0.0 0.0
144.75695833458332 1.0 0.0
145.2974993345833 0.0 0.0
145.83804033458333 1.0 1.0
146.37858133458332 0.0 0.0
146.9191223345833 1.0 0.0
147.45966333458333 0.0 0.0
148.0009167195833 1.0 1.0
148.5463707195833 0.0 0.0
149.09182471958331 1.0 0.0
149.6365663345833 0.0 0.0
150.1771073345833 1.0 1.0
150.7176483345833 0.0 0.0
151.2581893345833 1.0 0.0
151.7987303345833 0.0 0.0
152.3392713345833 1.0 1.0
152.8798123345833 0.0 0.0
153.4203533345833 1.0 0.0
153.9608943345833 0.0 0.0
154.5014353345833 1.0 1.0
155.0419763345833 0.0 0.0
155.5825173345833 1.0 0.0
156.1223584195833 0.0 0.0
156.6580724195833 1.0 1.0
157.1937864195833 0.0 0.0
157.7295004195833 1.0 0.0
158.2652144195833 0.0 0.0
158.8009284195833 1.0 1.0
159.33664241958328 0.0 0.0
159.8730563345833 1.0 0.0
160.4135973345833 0.0 0.0
160.9541383345833 1.0 1.0
161.4946793345833 0.0 0.0
162.0352203345833 1.0 0.0
162.5757613345833 0.0 0.0
163.1163023345833 1.0 1.0
163.6568433345833 0.0 0.0
164.1973843345833 1.0 0.0
164.7379253345833 0.0 0.0
165.2784663345833 1.0 1.0
165.8190073345833 0.0 0.0
166.3595483345833 1.0 0.0
166.9000893345833 0.0 0.0
167.4406303345833 1.0 1.0
167.9811713345833 0.0 0.0
168.5217123345833 1.0 0.0
169.0615534195833 0.0 0.0
169.59726741958332 1.0 1.0
170.1329814195833 0.0 0.0
170.66869541958332 1.0 0.0
171.2044094195833 0.0 0.0
171.7401234195833 1.0 1.0
172.2765373345833 0.0 0.0
172.8170783345833 1.0 0.0
173.3576193345833 0.0 0.0
173.8981603345833 1.0 1.0
174.4387013345833 0.0 0.0
174.9792423345833 1.0 0.0
175.5197833345833 0.0 0.0
176.0603243345833 1.0 1.0
176.6008653345833 0.0 0.0
177.1407064195833 1.0 0.0
177.6764204195833 0.0 0.0
178.2121344195833 1.0 1.0
178.74854833458332 0.0 0.0
179.2890893345833 1.0 0.0
179.8296303345833 0.0 0.0
180.37017133458332 1.0 1.0
180.9107123345833 0.0 0.0
181.4512533345833 1.0 0.0
181.99179433458332 0.0 0.0
182.5330477195833 1.0 1.0
183.0785017195833 0.0 0.0
183.6239557195833 1.0 0.0
184.1686973345833 0.0 0.0
184.7092383345833 1.0 1.0
185.24977933458328 0.0 0.0
185.7903203345833 1.0 0.0
186.3308613345833 0.0 0.0
186.87140233458328 1.0 1.0
187.4119433345833 0.0 0.0
187.9524843345833 1.0 0.0
188.49302533458328 0.0 0.0
189.0335663345833 1.0 1.0
189.5741073345833 0.0 0.0
190.11464833458328 1.0 0.0
190.65448941958329 0.0 0.0
191.1902034195833 1.0 1.0
191.72591741958328 0.0 0.0
192.2616314195833 1.0 0.0
192.79734541958328 0.0 0.0
193.3330594195833 1.0 1.0
193.86877341958328 0.0 0.0
194.4051873345833 1.0 0.0
194.9457283345833 0.0 0.0
195.48626933458328 1.0 1.0
196.0268103345833 0.0 0.0
196.5673513345833 1.0 0.0
197.10789233458328 0.0 0.0
197.6484333345833 1.0 1.0
198.1889743345833 0.0 0.0
198.72951533458328 1.0 0.0
199.2700563345833 0.0 0.0
199.8105973345833 1.0 1.0
200.35113833458328 0.0 0.0
200.8916793345833 1.0 0.0
201.4322203345833 0.0 0.0
201.97276133458328 1.0 1.0
202.5133023345833 0.0 0.0
203.0538433345833 1.0 0.0
203.5936844195833 0.0 0.0
204.1293984195833 1.0 1.0
204.6651124195833 0.0 0.0
205.2008264195833 1.0 0.0
205.7365404195833 0.0 0.0
206.2722544195833 1.0 1.0
206.8086683345833 0.0 0.0
207.3492093345833 1.0 0.0
207.88975033458328 0.0 0.0
208.4302913345833 1.0 1.0
208.9708323345833 0.0 0.0
209.51137333458328 1.0 0.0
210.0519143345833 0.0 0.0
210.5924553345833 1.0 1.0
211.13299633458328 0.0 0.0
211.6735373345833 1.0 0.0
212.2140783345833 0.0 0.0
212.75461933458328 1.0 1.0
213.2951603345833 0.0 0.0
213.8357013345833 1.0 0.0
214.37624233458328 0.0 0.0
214.9167833345833 1.0 1.0
215.4573243345833 0.0 0.0
215.99786533458328 1.0 0.0
216.5384063345833 0.0 0.0
217.0789473345833 1.0 1.0
217.6317348895833 0.0 0.0
218.2567348895833 1.0 0.0
218.89110986458329 0.0 0.0
219.5807648645833 1.0 1.0
220.2704198645833 0.0 0.0
220.9600748645833 1.0 0.0
221.6497298645833 0.0 0.0
222.3393848645833 1.0 1.0
223.0290398645833 0.0 0.0
223.7186948645833 1.0 0.0
224.4083498645833 0.0 0.0
225.0980048645833 1.0 0.0
225.7876598645833 0.0 0.0