0.013846122000000013 1.0 1.0
0.783075122 0.0 0.0
1.5523041219999998 1.0 0.0
2.321533122 0.0 0.0
3.0907621219999997 1.0 1.0
3.859991122 0.0 0.0
4.6292201219999995 1.0 0.0
5.398449122 0.0 0.0
6.167678122000001 1.0 1.0
6.936907122000001 0.0 0.0
7.706136122000001 1.0 0.0
8.475365122000001 0.0 0.0
9.244594122 1.0 1.0
10.013823122000002 0.0 0.0
10.783052122 1.0 0.0
11.552281122 0.0 0.0
12.321510122000001 1.0 1.0
13.090739122 0.0 0.0
13.859968122 1.0 0.0
14.629197121999999 0.0 0.0
15.398426122 1.0 1.0
16.167655122 0.0 0.0
16.936884122 1.0 0.0
17.706113121999998 0.0 0.0
18.475342122 1.0 1.0
19.244571122 0.0 0.0
20.013800122 1.0 0.0
20.783029122 0.0 0.0
21.552258121999998 1.0 1.0
22.321487122 0.0 0.0
23.090716122 1.0 0.0
23.859945122 0.0 0.0
24.629174122 1.0 1.0
25.398403121999998 0.0 0.0
26.167632122 1.0 0.0
26.936861122 0.0 0.0
27.706090122 1.0 1.0
28.475319122 0.0 0.0
29.244548122 1.0 0.0
30.013777122 0.0 0.0
30.783006122 1.0 1.0
31.552235122 0.0 0.0
32.321464122 1.0 0.0
33.090693122 0.0 0.0
33.859922122 1.0 1.0
34.629151121999996 0.0 0.0
35.398380122 1.0 0.0
36.167609122 0.0 0.0
36.936838122 1.0 1.0
37.706067122 0.0 0.0
38.475296122 1.0 0.0
39.244525122 0.0 0.0
40.013754122 1.0 1.0
40.782983122 0.0 0.0
41.552212122 1.0 0.0
42.321441122 0.0 0.0
43.090670122 1.0 1.0
43.859899122 0.0 0.0
44.629128122 1.0 0.0
45.398357122 0.0 0.0
46.167586122 1.0 1.0
46.936815122 0.0 0.0
47.706044122 1.0 0.0
48.475273122 0.0 0.0
49.244502122 1.0 1.0
50.013731122 0.0 0.0
50.782960122 1.0 0.0
51.552189122 0.0 0.0
52.321418122 1.0 1.0
53.090647122 0.0 0.0
53.859876122 1.0 0.0
54.629105122 0.0 0.0
55.398334122 1.0 1.0
56.167563122 0.0 0.0
56.936792122 1.0 0.0
57.706021122 0.0 0.0
58.475250122 1.0 1.0
59.244479122 0.0 0.0
60.013708122 1.0 0.0
60.782937122 0.0 0.0
61.552166122 1.0 1.0
62.321395122 0.0 0.0
63.090624122 1.0 0.0
63.859853122 0.0 0.0
64.629082122 1.0 1.0
65.398311122 0.0 0.0
66.167540122 1.0 0.0
66.936769122 0.0 0.0
67.705998122 1.0 1.0
68.475227122 0.0 0.0
69.244456122 1.0 0.0
70.013685122 0.0 0.0
70.782914122 1.0 1.0
71.552143122 0.0 0.0
72.321372122 1.0 0.0
73.090601122 0.0 0.0
73.859830122 1.0 1.0
74.629059122 0.0 0.0
75.398288122 1.0 0.0
76.167517122 0.0 0.0
76.936746122 1.0 1.0
77.705975122 0.0 0.0
78.475204122 1.0 0.0
79.244433122 0.0 0.0
80.013662122 1.0 1.0
80.782891122 0.0 0.0
81.552120122 1.0 0.0
82.321349122 0.0 0.0
83.090578122 1.0 1.0
83.859807122 0.0 0.0
84.629036122 1.0 0.0
85.398265122 0.0 0.0
86.167494122 1.0 1.0
86.936723122 0.0 0.0
87.705952122 1.0 0.0
88.475181122 0.0 0.0
89.244410122 1.0 1.0
90.013639122 0.0 0.0
90.782868122 1.0 0.0
91.552097122 0.0 0.0
92.321326122 1.0 1.0
93.090555122 0.0 0.0
93.859784122 1.0 0.0
94.629013122 0.0 0.0
95.398242122 1.0 1.0
96.167471122 0.0 0.0
96.936700122 1.0 0.0
97.705929122 0.0 0.0
98.475158122 1.0 1.0
99.244387122 0.0 0.0
100.013616122 1.0 0.0
100.782845122 0.0 0.0
101.55207412200001 1.0 1.0
102.321303122 0.0 0.0
103.090532122 1.0 0.0
103.859761122 0.0 0.0
104.628990122 1.0 1.0
105.398219122 0.0 0.0
106.167448122 1.0 0.0
106.936677122 0.0 0.0
107.705906122 1.0 1.0
108.475135122 0.0 0.0
109.24436412200001 1.0 0.0
110.013593122 0.0 0.0
110.782822122 1.0 1.0
111.552051122 0.0 0.0
112.321280122 1.0 0.0
113.090509122 0.0 0.0
113.859738122 1.0 1.0
114.628967122 0.0 0.0
115.398196122 1.0 0.0
116.167425122 0.0 0.0
116.93665412200001 1.0 1.0
117.705883122 0.0 0.0
118.475112122 1.0 0.0
119.244341122 0.0 0.0
120.013570122 1.0 1.0
120.782799122 0.0 0.0
121.552028122 1.0 0.0
122.321257122 0.0 0.0
123.090486122 1.0 1.0
123.859715122 0.0 0.0
124.62894412200001 1.0 0.0
125.398173122 0.0 0.0
126.167402122 1.0 1.0
126.936631122 0.0 0.0
127.705860122 1.0 0.0
128.475089122 0.0 0.0
129.244318122 1.0 1.0
130.01383290808334 0.0 0.0
130.78802490808334 1.0 0.0
131.56221690808334 0.0 0.0
132.33640890808334 1.0 1.0
133.1101290095 0.0 0.0
133.8793580095 1.0 0.0
134.6485870095 0.0 0.0
135.4178160095 1.0 1.0
136.1870450095 0.0 0.0
136.95627400950002 1.0 0.0
137.72550300950002 0.0 0.0
138.4947320095 1.0 1.0
139.2639610095 0.0 0.0
140.0331900095 1.0 0.0
140.8024190095 0.0 0.0
141.5716480095 1.0 1.0
142.34087700950002 0.0 0.0
143.11010600950002 1.0 0.0
143.8793350095 0.0 0.0
144.6485640095 1.0 1.0
145.4177930095 0.0 0.0
146.1870220095 1.0 0.0
146.95625100950002 0.0 0.0
147.72548000950002 1.0 1.0
148.4947090095 0.0 0.0
149.2639380095 1.0 0.0
150.0331670095 0.0 0.0
150.8023960095 1.0 1.0
151.5716250095 0.0 0.0
152.34085400950002 1.0 0.0
153.11008300950002 0.0 0.0
153.8793120095 1.0 1.0
154.6485410095 0.0 0.0
155.4177700095 1.0 0.0
156.1869990095 0.0 0.0
156.95622800950002 1.0 1.0
157.72545700950002 0.0 0.0
158.49468600950001 1.0 0.0
159.2639150095 0.0 0.0
160.0331440095 1.0 1.0
160.8023730095 0.0 0.0
161.5716020095 1.0 0.0
162.3408310095 0.0 0.0
163.11006000950002 1.0 1.0
163.8792890095 0.0 0.0
164.6485180095 1.0 0.0
165.4177470095 0.0 0.0
166.1869760095 1.0 1.0
166.95620500950002 0.0 0.0
167.72543400950002 1.0 0.0
168.49466300950002 0.0 0.0
169.2638920095 1.0 1.0
170.0331210095 0.0 0.0
170.8023500095 1.0 0.0
171.5715790095 0.0 0.0
172.3408080095 1.0 1.0
173.1100370095 0.0 0.0
173.87926600950001 1.0 0.0
174.6484950095 0.0 0.0
175.4177240095 1.0 1.0
176.1869530095 0.0 0.0
176.9561820095 1.0 0.0
177.72541100950002 0.0 0.0
178.49464000950002 1.0 1.0
179.2638690095 0.0 0.0
180.0330980095 1.0 0.0
180.8023270095 0.0 0.0
181.5715560095 1.0 1.0
182.3407850095 0.0 0.0
183.1100140095 1.0 0.0
183.87924300950002 0.0 0.0
184.6484720095 1.0 1.0
185.4177010095 0.0 0.0
186.1869300095 1.0 0.0
186.9561590095 0.0 0.0
187.72538800950002 1.0 1.0
188.49461700950002 0.0 0.0
189.2638460095 1.0 0.0
190.0330750095 0.0 0.0
190.8023040095 1.0 1.0
191.5715330095 0.0 0.0
192.3407620095 1.0 0.0
193.1099910095 0.0 0.0
193.87922000950002 1.0 1.0
194.6484490095 0.0 0.0
195.4176780095 1.0 0.0
196.1869070095 0.0 0.0
196.95613600949997 1.0 1.0
197.72536500949997 0.0 0.0
198.4945940095 1.0 0.0
199.2638230095 0.0 0.0
200.03305200949998 1.0 1.0
200.80228100949998 0.0 0.0
201.5715100095 1.0 0.0
202.3407390095 0.0 0.0
203.1099680095 1.0 1.0
203.8791970095 0.0 0.0
204.64842600949999 1.0 0.0
205.41765500949998 0.0 0.0
206.18688400949998 1.0 1.0
206.95611300949997 0.0 0.0
207.72534200949997 1.0 0.0
208.49457100949996 0.0 0.0
209.2638000095 1.0 1.0
210.03302900949998 0.0 0.0
210.80225800949998 1.0 0.0
211.5714870095 0.0 0.0
212.3407160095 1.0 1.0
213.1099450095 0.0 0.0
213.8791740095 1.0 0.0
214.6484030095 0.0 0.0
215.41763200949998 1.0 1.0
216.18686100949998 0.0 0.0
216.95609000949997 1.0 0.0
217.72531900949997 0.0 0.0
218.49454800949997 1.0 1.0
219.2637770095 0.0 0.0
220.03300600949999 1.0 0.0
220.80223500949998 0.0 0.0
221.5714640095 1.0 1.0
222.3406930095 0.0 0.0
223.1099220095 1.0 0.0
223.8791510095 0.0 0.0
224.6483800095 1.0 1.0
225.41760900949998 0.0 0.0
226.18683800949998 1.0 0.0
226.95606700949998 0.0 0.0
227.72529600949997 1.0 1.0
228.49452500949997 0.0 0.0
229.2637540095 1.0 0.0
230.0329830095 0.0 0.0
230.80221200949998 1.0 1.0
231.5714410095 0.0 0.0
232.3406700095 1.0 0.0
233.1098990095 0.0 0.0
233.8791280095 1.0 1.0
234.6483570095 0.0 0.0
235.41758600949998 1.0 0.0
236.18681500949998 0.0 0.0
236.95604400949998 1.0 1.0
237.72527300949997 0.0 0.0
238.4945020095 1.0 0.0
239.2637310095 0.0 0.0
240.03296000950002 1.0 1.0
240.8021890095 0.0 0.0
241.5714180095 1.0 0.0
242.3406470095 0.0 0.0
243.1098760095 1.0 1.0
243.8791050095 0.0 0.0
244.6483340095 1.0 0.0
245.4175630095 0.0 0.0
246.18679200949998 1.0 1.0
246.95602100949998 0.0 0.0
247.7252500095 1.0 0.0
248.4944790095 0.0 0.0
249.2637080095 1.0 1.0
250.03293700950002 0.0 0.0
250.8021660095 1.0 0.0
251.5713950095 0.0 0.0
252.3406240095 1.0 1.0
253.1098530095 0.0 0.0
253.8790820095 1.0 0.0
254.6483110095 0.0 0.0
255.4175400095 1.0 1.0
256.1867690095 0.0 0.0
256.9559980095 1.0 0.0
257.72522700950003 0.0 0.0
258.4944560095 1.0 1.0
259.2636850095 0.0 0.0
260.0329140095 1.0 0.0
260.8021430095 0.0 0.0
261.5713720095 1.0 1.0
262.3406010095 0.0 0.0
263.1098300095 1.0 0.0
263.8790590095 0.0 0.0
264.6482880095 1.0 1.0
265.4175170095 0.0 0.0
266.1867460095 1.0 0.0
266.9559750095 0.0 0.0
267.7252040095 1.0 1.0
268.49443300949997 0.0 0.0
269.26366200949997 1.0 0.0
270.03289100949996 0.0 0.0
270.80212000949996 1.0 1.0
271.5713490095 0.0 0.0
272.3405780095 1.0 0.0
273.1098070095 0.0 0.0
273.8790360095 1.0 1.0
274.6482650095 0.0 0.0
275.4174940095 1.0 0.0
276.1867230095 0.0 0.0
276.95595200950004 1.0 1.0
277.72518100950003 0.0 0.0
278.49441000950003 1.0 0.0
279.2636390095 0.0 0.0
280.0328680095 1.0 1.0
280.8020970095 0.0 0.0
281.5713260095 1.0 0.0
282.3405550095 0.0 0.0
283.1097840095 1.0 1.0
283.8790130095 0.0 0.0
284.6482420095 1.0 0.0
285.4174710095 0.0 0.0
286.1867000095 1.0 1.0
286.9559290095 0.0 0.0
287.7251580095 1.0 0.0
288.4943870095 0.0 0.0
289.26361600949997 1.0 1.0
290.03284500949997 0.0 0.0
290.80207400949996 1.0 0.0
291.57130300949996 0.0 0.0
292.3405320095 1.0 1.0
293.1097610095 0.0 0.0
293.8789900095 1.0 0.0
294.6482190095 0.0 0.0
295.4174480095 1.0 1.0
296.1866770095 0.0 0.0
296.95590600950004 1.0 0.0
297.72513500950004 0.0 0.0
298.49436400950003 1.0 1.0
299.2635930095 0.0 0.0
300.0328220095 1.0 0.0
300.8020510095 0.0 0.0
301.5712800095 1.0 1.0
302.3405090095 0.0 0.0
303.1097380095 1.0 0.0
303.8789670095 0.0 0.0
304.6481960095 1.0 1.0
305.4174250095 0.0 0.0
306.1866540095 1.0 0.0
306.9558830095 0.0 0.0
307.7251120095 1.0 1.0
308.4943410095 0.0 0.0
309.2635700095 1.0 0.0
310.03279900949997 0.0 0.0
310.80202800949996 1.0 1.0
311.57125700949996 0.0 0.0
312.3404860095 1.0 0.0
313.1097150095 0.0 0.0
313.8789440095 1.0 1.0
314.6481730095 0.0 0.0
315.4174020095 1.0 0.0
316.1866310095 0.0 0.0
316.9558600095 1.0 1.0
317.72508900950004 0.0 0.0
318.49431800950003 1.0 0.0
319.26354700950003 0.0 0.0
320.0327760095 1.0 1.0
320.8020050095 0.0 0.0
321.5712340095 1.0 0.0
322.3404630095 0.0 0.0
323.1096920095 1.0 1.0
323.8789210095 0.0 0.0
324.6481500095 1.0 0.0
325.4173790095 0.0 0.0
326.1866080095 1.0 1.0
326.9558370095 0.0 0.0
327.7250660095 1.0 0.0
328.4942950095 0.0 0.0
329.2635240095 1.0 1.0
330.03275300949997 0.0 0.0
330.80198200949997 1.0 0.0
331.57121100949996 0.0 0.0
332.34044000949996 1.0 1.0
333.10966900949995 0.0 0.0
333.87889800949995 1.0 0.0
334.64812700949994 0.0 0.0
335.41735600949994 1.0 1.0
336.18658500949994 0.0 0.0
336.9558140095 1.0 0.0
337.7250430095 0.0 0.0
338.4942720095 0.0 0.0