0.0 0.0 0.0
1.0526309999999999 1.0 1.0
2.1052619999999997 0.0 0.0
3.1578929999999996 0.0 0.0
4.2105239999999995 1.0 0.0
5.263154999999999 0.0 0.0
6.315785999999999 1.0 1.0
7.368416999999999 0.0 0.0
8.421047999999999 1.0 0.0
9.473678999999999 0.0 0.0
10.526309999999999 1.0 1.0
11.578940999999999 0.0 0.0
12.631571999999998 1.0 0.0
13.684202999999998 0.0 0.0
14.736833999999998 1.0 1.0
15.789464999999998 0.0 0.0
16.842095999999998 1.0 0.0
17.894726999999996 0.0 0.0
18.947357999999998 1.0 1.0
19.999988999999996 0.0 0.0
21.052619999999997 1.0 0.0
22.105250999999996 0.0 0.0
23.157881999999997 1.0 1.0
24.210512999999995 0.0 0.0
25.263143999999997 1.0 0.0
26.315774999999995 0.0 0.0
27.368405999999997 1.0 1.0
28.421036999999995 0.0 0.0
29.473667999999996 1.0 0.0
30.526298999999995 0.0 0.0
31.578929999999996 1.0 1.0
32.631561 0.0 0.0
33.684191999999996 1.0 0.0
34.736822999999994 0.0 0.0
35.78945399999999 1.0 1.0
36.84208499999999 0.0 0.0
37.894715999999995 1.0 0.0
38.94734699999999 0.0 0.0
39.99997799999999 1.0 1.0
41.05260899999999 0.0 0.0
42.105239999999995 1.0 0.0
43.15787099999999 0.0 0.0
44.21050199999999 1.0 1.0
45.26313299999999 0.0 0.0
46.315763999999994 1.0 0.0
47.36839499999999 0.0 0.0
48.42102599999999 1.0 1.0
49.47365699999999 0.0 0.0
50.526287999999994 1.0 0.0
51.57891899999999 0.0 0.0
52.63154999999999 1.0 1.0
53.68418099999999 0.0 0.0
54.73681199999999 1.0 0.0
55.78944299999999 0.0 0.0
56.84207399999999 1.0 1.0
57.89470499999999 0.0 0.0
58.94733599999999 1.0 0.0
59.99996699999999 0.0 0.0
61.05259799999999 1.0 1.0
62.10522899999999 0.0 0.0
63.15785999999999 1.0 0.0
64.21049099999999 0.0 0.0
65.263122 1.0 1.0
66.31575299999999 0.0 0.0
67.36838399999999 1.0 0.0
68.42101499999998 0.0 0.0
69.47364599999999 1.0 1.0
70.526277 0.0 0.0
71.57890799999998 1.0 0.0
72.63153899999999 0.0 0.0
73.68416999999998 1.0 1.0
74.73680099999999 0.0 0.0
75.78943199999999 1.0 0.0
76.84206299999998 0.0 0.0
77.89469399999999 1.0 1.0
78.94732499999999 0.0 0.0
79.99995599999998 1.0 0.0
81.05258699999999 0.0 0.0
82.10521799999998 1.0 1.0
83.15784899999998 0.0 0.0
84.21047999999999 1.0 0.0
85.26311099999998 0.0 0.0
86.31574199999999 1.0 1.0
87.36837299999999 0.0 0.0
88.42100399999998 1.0 0.0
89.47363499999999 0.0 0.0
90.52626599999998 1.0 1.0
91.57889699999998 0.0 0.0
92.63152799999999 1.0 0.0
93.68415899999998 0.0 0.0
94.73678999999998 1.0 1.0
95.78942099999999 0.0 0.0
96.84205199999998 1.0 0.0
97.89468299999999 0.0 0.0
98.94731399999998 1.0 1.0
99.99994499999998 0.0 0.0
101.05257599999999 1.0 0.0
102.10520699999998 0.0 0.0
103.15783799999998 1.0 1.0
104.21046899999997 0.0 0.0
105.26309999999998 1.0 0.0
106.31573099999999 0.0 0.0
107.36836199999998 1.0 1.0
108.42099299999998 0.0 0.0
109.47362399999999 1.0 0.0
110.52625499999998 0.0 0.0
111.57888599999998 1.0 1.0
112.63151699999997 0.0 0.0
113.68414799999998 1.0 0.0
114.73677899999998 0.0 0.0
115.78940999999998 1.0 1.0
116.84204099999998 0.0 0.0
117.89467199999999 1.0 0.0
118.94730299999998 0.0 0.0
119.99993399999998 1.0 1.0
121.05256499999997 0.0 0.0
122.10519599999998 1.0 0.0
123.15782699999998 0.0 0.0
124.21045799999997 1.0 1.0
125.26308899999998 0.0 0.0
126.31571999999998 1.0 0.0
127.36835099999998 0.0 0.0
128.42098199999998 1.0 1.0
129.47361299999997 0.0 0.0
130.526244 1.0 0.0
131.57887499999998 0.0 0.0
132.63150599999997 1.0 1.0
133.68413699999996 0.0 0.0
134.73676799999998 1.0 0.0
135.78939899999997 0.0 0.0
136.84202999999997 1.0 1.0
137.89466099999999 0.0 0.0
138.94729199999998 1.0 0.0
139.99992299999997 0.0 0.0
141.052554 1.0 1.0
142.10518499999998 0.0 0.0
143.15781599999997 1.0 0.0
144.210447 0.0 0.0
145.26307799999998 1.0 1.0
146.31570899999997 0.0 0.0
147.36833999999996 1.0 0.0
148.42097099999998 0.0 0.0
149.47360199999997 1.0 1.0
150.52623299999996 0.0 0.0
151.57886399999998 1.0 0.0
152.63149499999997 0.0 0.0
153.68412599999996 1.0 1.0
154.73675699999998 0.0 0.0
155.78938799999997 1.0 0.0
156.84201899999996 0.0 0.0
157.89464999999998 1.0 1.0
158.94728099999998 0.0 0.0
159.99991199999997 1.0 0.0
161.052543 0.0 0.0
162.10517399999998 1.0 1.0
163.15780499999997 0.0 0.0
164.21043599999996 1.0 0.0
165.26306699999998 0.0 0.0
166.31569799999997 1.0 1.0
167.36832899999996 0.0 0.0
168.42095999999998 1.0 0.0
169.47359099999997 0.0 0.0
170.52622199999996 1.0 1.0
171.57885299999998 0.0 0.0
172.63148399999997 1.0 0.0
173.68411499999996 0.0 0.0
174.73674599999998 1.0 1.0
175.78937699999997 0.0 0.0
176.84200799999996 1.0 0.0
177.89463899999996 0.0 0.0
178.94726999999997 1.0 1.0
179.99990099999997 0.0 0.0
181.05253199999996 1.0 0.0
182.10516299999998 0.0 0.0
183.15779399999997 1.0 1.0
184.21042499999996 0.0 0.0
185.26305599999998 1.0 0.0
186.31568699999997 0.0 0.0
187.36831799999996 1.0 1.0
188.42094899999998 0.0 0.0
189.47357999999997 1.0 0.0
190.52621099999996 0.0 0.0
191.57884199999998 1.0 1.0
192.63147299999997 0.0 0.0
193.68410399999996 1.0 0.0
194.73673499999995 0.0 0.0
195.78936599999997 1.0 1.0
196.84199699999996 0.0 0.0
197.89462799999995 1.0 0.0
198.94725899999997 0.0 0.0
199.99988999999997 1.0 1.0
201.05252099999996 0.0 0.0
202.10515199999998 1.0 0.0
203.15778299999997 0.0 0.0
204.21041399999996 1.0 1.0
205.26304499999998 0.0 0.0
206.31567599999997 1.0 0.0
207.36830699999996 0.0 0.0
208.42093799999995 1.0 1.0
209.47356899999997 0.0 0.0
210.52619999999996 1.0 0.0
211.57883099999995 0.0 0.0
212.63146199999997 1.0 1.0
213.68409299999996 0.0 0.0
214.73672399999995 1.0 0.0
215.78935499999997 0.0 0.0
216.84198599999996 1.0 1.0
217.89461699999995 0.0 0.0
218.94724799999997 1.0 0.0
219.99987899999996 0.0 0.0
221.05250999999996 1.0 1.0
222.10514099999997 0.0 0.0
223.15777199999997 1.0 0.0
224.21040299999996 0.0 0.0
225.26303399999995 1.0 1.0
226.31566499999997 0.0 0.0
227.36829599999996 1.0 0.0
228.42092699999995 0.0 0.0
229.47355799999997 1.0 1.0
230.52618899999996 0.0 0.0
231.57881999999995 1.0 0.0
232.63145099999997 0.0 0.0
233.68408199999996 1.0 1.0
234.73671299999995 0.0 0.0
235.78934399999997 1.0 0.0
236.84197499999996 0.0 0.0
237.89460599999995 1.0 1.0
238.94723699999994 0.0 0.0
239.99986799999996 1.0 0.0
241.05249899999995 0.0 0.0
242.10512999999995 1.0 1.0
243.15776099999997 0.0 0.0
244.21039199999996 1.0 0.0
245.26302299999995 0.0 0.0
246.31565399999997 1.0 1.0
247.36828499999996 0.0 0.0
248.42091599999995 1.0 0.0
249.47354699999997 0.0 0.0
250.52617799999996 1.0 1.0
251.57880899999995 0.0 0.0
252.63143999999997 1.0 0.0
253.68407099999996 0.0 0.0
254.73670199999995 1.0 1.0
255.78933299999994 0.0 0.0
256.84196399999996 1.0 0.0
257.894595 0.0 0.0
258.94722599999994 1.0 1.0
259.99985699999996 0.0 0.0
261.052488 1.0 0.0
262.10511899999995 0.0 0.0
263.15774999999996 1.0 1.0
264.2103809999999 0.0 0.0
265.26301199999995 1.0 0.0
266.31564299999997 0.0 0.0
267.36827399999993 1.0 1.0
268.42090499999995 0.0 0.0
269.47353599999997 1.0 0.0
270.52616699999993 0.0 0.0
271.57879799999995 1.0 1.0
272.63142899999997 0.0 0.0
273.68405999999993 1.0 0.0
274.73669099999995 0.0 0.0
275.78932199999997 1.0 1.0
276.84195299999993 0.0 0.0
277.89458399999995 1.0 0.0
278.94721499999997 0.0 0.0
279.99984599999993 1.0 1.0
281.05247699999995 0.0 0.0
282.105108 1.0 0.0
283.15773899999994 0.0 0.0
284.21036999999995 1.0 1.0
285.263001 0.0 0.0
286.31563199999994 1.0 0.0
287.36826299999996 0.0 0.0
288.420894 1.0 0.0
289.47352499999994 0.0 0.0