0.332194524 0.0 0.0
1.063900524 1.0 1.0
1.7956065239999999 0.0 0.0
2.527312524 1.0 0.0
3.259018524 0.0 0.0
3.9907245240000004 1.0 1.0
4.722430524 0.0 0.0
5.454136524 1.0 0.0
6.185842524000001 0.0 0.0
6.917548524000001 1.0 1.0
7.649254524000001 0.0 0.0
8.380960524 1.0 0.0
9.112666524 0.0 0.0
9.844372524 1.0 1.0
10.576078524 0.0 0.0
11.307784524 1.0 0.0
12.039490524000001 0.0 0.0
12.771196524 1.0 1.0
13.502902524000001 0.0 0.0
14.234608524 1.0 0.0
14.966314524000001 0.0 0.0
15.698020524 1.0 1.0
16.429726524 0.0 0.0
17.161432524000002 1.0 0.0
17.893138524 0.0 0.0
18.624844524 1.0 1.0
19.356550524 0.0 0.0
20.088256524000002 1.0 0.0
20.819962524 0.0 0.0
21.551668524 1.0 1.0
22.283374524000003 0.0 0.0
23.015080524000002 1.0 0.0
23.746786524 0.0 0.0
24.478492524 1.0 1.0
25.210198524000003 0.0 0.0
25.941904524000005 1.0 0.0
26.673610524000004 0.0 0.0
27.405316524000003 1.0 1.0
28.137022524000002 0.0 0.0
28.868728524000005 1.0 0.0
29.600434524000004 0.0 0.0
30.332140524000003 1.0 1.0
31.063846524000002 0.0 0.0
31.795552524000005 1.0 0.0
32.527258524000004 0.0 0.0
33.25896452400001 1.0 1.0
33.990670524 0.0 0.0
34.722376524000005 1.0 0.0
35.45408252400001 0.0 0.0
36.185788524 1.0 1.0
36.917494524000006 0.0 0.0
37.649200524 1.0 0.0
38.380906524000004 0.0 0.0
39.112612524000006 1.0 1.0
39.844318524 0.0 0.0
40.576024524000005 1.0 0.0
41.30773052400001 0.0 0.0
42.039436524 1.0 1.0
42.771142524000005 0.0 0.0
43.50284852400001 1.0 0.0
44.234554524 0.0 0.0
44.966260524000006 1.0 1.0
45.697966524 0.0 0.0
46.429672524000004 1.0 0.0
47.161378524 0.0 0.0
47.893084524 1.0 1.0
48.624790524 0.0 0.0
49.356496524 1.0 0.0
50.088202523999996 0.0 0.0
50.819908524 1.0 1.0
51.551614524 0.0 0.0
52.283320524 1.0 0.0
53.015026524 0.0 0.0
53.746732524 1.0 1.0
54.478438524 0.0 0.0
55.210144524 1.0 0.0
55.941850524 0.0 0.0
56.673556524 1.0 1.0
57.405262524 0.0 0.0
58.136968524 1.0 0.0
58.868674524 0.0 0.0
59.600380524 1.0 1.0
60.332086524 0.0 0.0
61.063792524 1.0 0.0
61.795498524 0.0 0.0
62.527204524 1.0 1.0
63.258910524 0.0 0.0
63.990616523999996 1.0 0.0
64.722322524 0.0 0.0
65.454028524 1.0 1.0
66.185734524 0.0 0.0
66.917440524 1.0 0.0
67.649146524 0.0 0.0
68.380852524 1.0 1.0
69.112558524 0.0 0.0
69.844264524 1.0 0.0
70.575970524 0.0 0.0
71.307676524 1.0 1.0
72.039382524 0.0 0.0
72.771088524 1.0 0.0
73.502794524 0.0 0.0
74.234500524 1.0 1.0
74.966206524 0.0 0.0
75.697912524 1.0 0.0
76.429618524 0.0 0.0
77.161324524 1.0 1.0
77.893030524 0.0 0.0
78.624736524 1.0 0.0
79.356442524 0.0 0.0
80.088148524 1.0 1.0
80.81985452400001 0.0 0.0
81.551560524 1.0 0.0
82.283266524 0.0 0.0
83.014972524 1.0 1.0
83.746678524 0.0 0.0
84.478384524 1.0 0.0
85.210090524 0.0 0.0
85.941796524 1.0 1.0
86.673502524 0.0 0.0
87.405208524 1.0 0.0
88.136914524 0.0 0.0
88.86862052400001 1.0 1.0
89.600326524 0.0 0.0
90.332032524 1.0 0.0
91.063738524 0.0 0.0
91.795444524 1.0 1.0
92.527150524 0.0 0.0
93.258856524 1.0 0.0
93.99056252400001 0.0 0.0
94.72226852400001 1.0 1.0
95.45397452400002 0.0 0.0
96.185680524 1.0 0.0
96.91738652400001 0.0 0.0
97.64909252400001 1.0 1.0
98.38079852400001 0.0 0.0
99.11250452400002 1.0 0.0
99.84421052400002 0.0 0.0
100.57591652400001 1.0 1.0
101.307622524 0.0 0.0
102.039328524 1.0 0.0
102.771034524 0.0 0.0
103.502740524 1.0 1.0
104.234446524 0.0 0.0
104.966152524 1.0 0.0
105.697858524 0.0 0.0
106.429564524 1.0 1.0
107.161270524 0.0 0.0
107.892976524 1.0 0.0
108.62468252400001 0.0 0.0
109.356388524 1.0 1.0
110.088094524 0.0 0.0
110.819800524 1.0 0.0
111.551506524 0.0 0.0
112.283212524 1.0 1.0
113.014918524 0.0 0.0
113.746624524 1.0 0.0
114.478330524 0.0 0.0
115.210036524 1.0 1.0
115.941742524 0.0 0.0
116.67344852400001 1.0 0.0
117.405154524 0.0 0.0
118.136860524 1.0 1.0
118.868566524 0.0 0.0
119.600272524 1.0 0.0
120.33197852400001 0.0 0.0
121.063684524 1.0 1.0
121.795390524 0.0 0.0
122.527096524 1.0 0.0
123.258802524 0.0 0.0
123.990508524 1.0 1.0
124.72221452400001 0.0 0.0
125.453920524 1.0 0.0
126.185626524 0.0 0.0
126.917332524 1.0 1.0
127.649038524 0.0 0.0
128.380744524 1.0 0.0
129.112450524 0.0 0.0
129.844156524 1.0 1.0
130.575862524 0.0 0.0
131.307568524 1.0 0.0
132.039274524 0.0 0.0
132.770980524 1.0 1.0
133.502686524 0.0 0.0
134.23439252400001 1.0 0.0
134.966098524 0.0 0.0
135.697804524 1.0 1.0
136.429510524 0.0 0.0
137.161216524 1.0 0.0
137.892922524 0.0 0.0
138.624628524 1.0 1.0
139.356334524 0.0 0.0
140.088040524 1.0 0.0
140.819746524 0.0 0.0
141.551452524 1.0 1.0
142.28315852400002 0.0 0.0
143.014864524 1.0 0.0
143.746570524 0.0 0.0
144.478276524 1.0 1.0
145.209982524 0.0 0.0
145.941688524 1.0 0.0
146.673394524 0.0 0.0
147.405100524 1.0 1.0
148.136806524 0.0 0.0
148.868512524 1.0 0.0
149.600218524 0.0 0.0
150.33192452400002 1.0 1.0
151.063630524 0.0 0.0
151.795336524 1.0 0.0
152.527042524 0.0 0.0
153.258748524 1.0 1.0
153.990454524 0.0 0.0
154.722160524 1.0 0.0
155.453866524 0.0 0.0
156.185572524 1.0 1.0
156.917278524 0.0 0.0
157.648984524 1.0 0.0
158.38069052400002 0.0 0.0
159.112396524 1.0 1.0
159.844102524 0.0 0.0
160.575808524 1.0 0.0
161.307514524 0.0 0.0
162.039220524 1.0 1.0
162.770926524 0.0 0.0
163.502632524 1.0 0.0
164.234338524 0.0 0.0
164.966044524 1.0 1.0
165.697750524 0.0 0.0
166.42945652400002 1.0 0.0
167.161162524 0.0 0.0
167.892868524 1.0 1.0
168.624574524 0.0 0.0
169.356280524 1.0 0.0
170.087986524 0.0 0.0
170.819692524 1.0 1.0
171.551398524 0.0 0.0
172.283104524 1.0 0.0
173.014810524 0.0 0.0
173.74651652400001 1.0 1.0
174.47822252400002 0.0 0.0
175.209928524 1.0 0.0
175.941634524 0.0 0.0
176.673340524 1.0 1.0
177.405046524 0.0 0.0
178.136752524 1.0 0.0
178.868458524 0.0 0.0
179.600164524 1.0 1.0
180.331870524 0.0 0.0
181.063576524 1.0 0.0
181.79528252400002 0.0 0.0
182.52698852400002 1.0 1.0
183.258694524 0.0 0.0
183.990400524 1.0 0.0
184.722106524 0.0 0.0
185.453812524 1.0 1.0
186.185518524 0.0 0.0
186.917224524 1.0 0.0
187.648930524 0.0 0.0
188.380636524 1.0 1.0
189.112342524 0.0 0.0
189.84404852400002 1.0 0.0
190.57575452400002 0.0 0.0
191.307460524 1.0 1.0
192.039166524 0.0 0.0
192.770872524 1.0 0.0
193.502578524 0.0 0.0
194.234284524 1.0 1.0
194.965990524 0.0 0.0
195.697696524 1.0 0.0
196.429402524 0.0 0.0
197.161108524 1.0 1.0
197.89281452400002 0.0 0.0
198.62452052400002 1.0 0.0
199.356226524 0.0 0.0
200.08793252400002 1.0 1.0
200.81963852400003 0.0 0.0
201.55134452400003 1.0 0.0
202.28305052400003 0.0 0.0
203.01475652400003 1.0 1.0
203.74646252400004 0.0 0.0
204.47816852400004 1.0 0.0
205.209874524 0.0 0.0
205.94158052400002 1.0 1.0
206.67328652400002 0.0 0.0
207.40499252400002 1.0 0.0
208.13669852400002 0.0 0.0
208.86840452400003 1.0 1.0
209.60011052400003 0.0 0.0
210.33181652400003 1.0 0.0
211.06352252400004 0.0 0.0
211.79522852400004 1.0 1.0
212.52693452400004 0.0 0.0
213.25864052400001 1.0 1.0
213.99034652400002 0.0 0.0
214.72205252400002 0.0 0.0
215.45375852400002 1.0 0.0
216.18546452400003 0.0 0.0
216.91717052400003 1.0 1.0
217.64887652400003 0.0 0.0
218.38058252400003 1.0 0.0
219.11228852400004 0.0 0.0