0.18480000000000005 1.0 0.0
0.7848 0.0 0.0
1.3847999999999998 1.0 1.0
1.9848 0.0 0.0
2.5848 1.0 0.0
3.1848 0.0 0.0
3.7848 1.0 1.0
4.3848 0.0 0.0
4.9848 1.0 0.0
5.5848 0.0 0.0
6.1848 1.0 1.0
6.784800000000001 0.0 0.0
7.3848 1.0 0.0
7.9848 0.0 0.0
8.5848 1.0 1.0
9.184800000000001 0.0 0.0
9.7848 1.0 0.0
10.3848 0.0 0.0
10.9848 1.0 1.0
11.5848 0.0 0.0
12.184800000000001 1.0 0.0
12.7848 0.0 0.0
13.3848 1.0 1.0
13.9848 0.0 0.0
14.5848 1.0 0.0
15.184800000000001 0.0 0.0
15.7848 1.0 1.0
16.3848 0.0 0.0
16.9848 1.0 0.0
17.5848 0.0 0.0
18.1848 1.0 1.0
18.7848 0.0 0.0
19.3848 1.0 0.0
19.9848 0.0 0.0
20.5848 1.0 1.0
21.1848 0.0 0.0
21.7848 1.0 0.0
22.3848 0.0 0.0
22.9848 1.0 1.0
23.5848 0.0 0.0
24.1848 1.0 0.0
24.7848 0.0 0.0
25.3848 1.0 1.0
25.9848 0.0 0.0
26.5848 1.0 0.0
27.1848 0.0 0.0
27.7848 1.0 1.0
28.3848 0.0 0.0
28.9848 1.0 0.0
29.5848 0.0 0.0
30.1848 1.0 1.0
30.7848 0.0 0.0
31.3848 1.0 0.0
31.9848 0.0 0.0
32.5848 1.0 1.0
33.1848 0.0 0.0
33.7848 1.0 0.0
34.3848 0.0 0.0
34.9848 1.0 1.0
35.5848 0.0 0.0
36.1848 1.0 0.0
36.7848 0.0 0.0
37.3848 1.0 1.0
37.9848 0.0 0.0
38.5848 1.0 0.0
39.1848 0.0 0.0
39.784800000000004 1.0 1.0
40.384800000000006 0.0 0.0
40.98480000000001 1.0 0.0
41.5848 0.0 0.0
42.1848 1.0 1.0
42.784800000000004 0.0 0.0
43.384800000000006 1.0 0.0
43.98480000000001 0.0 0.0
44.5848 1.0 1.0
45.1848 0.0 0.0
45.784800000000004 1.0 0.0
46.384800000000006 0.0 0.0
46.98480000000001 1.0 1.0
47.5848 0.0 0.0
48.1848 1.0 0.0
48.784800000000004 0.0 0.0
49.384800000000006 1.0 1.0
49.98480000000001 0.0 0.0
50.5848 1.0 0.0
51.1848 0.0 0.0
51.784800000000004 1.0 1.0
52.384800000000006 0.0 0.0
52.98480000000001 1.0 0.0
53.5848 0.0 0.0
54.1848 1.0 1.0
54.784800000000004 0.0 0.0
55.384800000000006 1.0 0.0
55.98480000000001 0.0 0.0
56.5848 1.0 1.0
57.1848 0.0 0.0
57.784800000000004 1.0 0.0
58.384800000000006 0.0 0.0
58.98480000000001 1.0 1.0
59.5848 0.0 0.0
60.1848 1.0 0.0
60.784800000000004 0.0 0.0
61.384800000000006 1.0 1.0
61.98480000000001 0.0 0.0
62.5848 1.0 0.0
63.1848 0.0 0.0
63.784800000000004 1.0 1.0
64.3848 0.0 0.0
64.9848 1.0 0.0
65.5848 0.0 0.0
66.18480000000001 1.0 1.0
66.7848 0.0 0.0
67.3848 1.0 0.0
67.9848 0.0 0.0
68.5848 1.0 1.0
69.18480000000001 0.0 0.0
69.7848 1.0 0.0
70.3848 0.0 0.0
70.9848 1.0 1.0
71.5848 0.0 0.0
72.18480000000001 1.0 0.0
72.7848 0.0 0.0
73.3848 1.0 1.0
73.9848 0.0 0.0
74.5848 1.0 0.0
75.18480000000001 0.0 0.0
75.7848 1.0 1.0
76.3848 0.0 0.0
76.98479999999999 1.0 0.0
77.5848 0.0 0.0
78.1848 1.0 1.0
78.78479999999999 0.0 0.0
79.3848 1.0 0.0
79.98479999999999 0.0 0.0
80.5848 1.0 1.0
81.1848 0.0 0.0
81.78479999999999 1.0 0.0
82.3848 0.0 0.0
82.98479999999999 1.0 1.0
83.5848 0.0 0.0
84.1848 1.0 0.0
84.78479999999999 0.0 0.0
85.3848 1.0 1.0
85.98479999999999 0.0 0.0
86.5848 1.0 0.0
87.1848 0.0 0.0
87.78479999999999 1.0 1.0
88.3848 0.0 0.0
88.98479999999999 1.0 0.0
89.5848 0.0 0.0
90.1848 1.0 1.0
90.78479999999999 0.0 0.0
91.3848 1.0 0.0
91.98479999999999 0.0 0.0
92.5848 1.0 1.0
93.1848 0.0 0.0
93.78479999999999 1.0 0.0
94.3848 0.0 0.0
94.98479999999999 1.0 1.0
95.5848 0.0 0.0
96.1848 1.0 0.0
96.78479999999999 0.0 0.0
97.3848 1.0 1.0
97.98479999999999 0.0 0.0
98.5848 1.0 0.0
99.1848 0.0 0.0
99.78479999999999 1.0 1.0
100.3848 0.0 0.0
100.98479999999999 1.0 0.0
101.5848 0.0 0.0
102.1848 1.0 1.0
102.78479999999999 0.0 0.0
103.3848 1.0 0.0
103.98479999999999 0.0 0.0
104.5848 1.0 1.0
105.1848 0.0 0.0
105.78479999999999 1.0 0.0
106.3848 0.0 0.0
106.98479999999999 1.0 1.0
107.5848 0.0 0.0
108.1848 1.0 0.0
108.78479999999999 0.0 0.0
109.3848 1.0 1.0
109.98479999999999 0.0 0.0
110.5848 1.0 0.0
111.1848 0.0 0.0
111.78479999999999 1.0 1.0
112.3848 0.0 0.0
112.98479999999999 1.0 0.0
113.5848 0.0 0.0
114.1848 1.0 1.0
114.78479999999999 0.0 0.0
115.3848 1.0 0.0
115.98479999999999 0.0 0.0
116.5848 1.0 1.0
117.1848 0.0 0.0
117.78479999999999 1.0 0.0
118.3848 0.0 0.0
118.98479999999999 1.0 1.0
119.5848 0.0 0.0
120.1848 1.0 1.0
120.78479999999999 0.0 0.0
121.3848 1.0 0.0
121.98479999999999 0.0 0.0
122.5848 1.0 1.0
123.1848 0.0 0.0
123.78479999999999 1.0 0.0
124.3848 0.0 0.0
124.98479999999999 1.0 1.0
125.5848 0.0 0.0
126.1848 1.0 0.0
126.78479999999999 0.0 0.0
127.3848 1.0 1.0
127.98479999999999 0.0 0.0
128.5848 1.0 0.0
129.1848 0.0 0.0
129.7848 1.0 1.0
130.38479999999998 0.0 0.0
130.9848 1.0 0.0
131.5848 0.0 0.0
132.1848 1.0 1.0
132.7848 0.0 0.0
133.38479999999998 1.0 0.0
133.9848 0.0 0.0
134.5848 1.0 1.0
135.1848 0.0 0.0
135.7848 1.0 0.0
136.38479999999998 0.0 0.0
136.9848 1.0 1.0
137.5848 0.0 0.0
138.1848 1.0 0.0
138.7848 0.0 0.0
139.38479999999998 1.0 1.0
139.9848 0.0 0.0
140.5848 1.0 0.0
141.1848 0.0 0.0
141.7848 1.0 1.0
142.38479999999998 0.0 0.0
142.9848 1.0 0.0
143.5848 0.0 0.0
144.1848 1.0 1.0
144.7848 0.0 0.0
145.38479999999998 1.0 0.0
145.9848 0.0 0.0
146.5848 1.0 1.0
147.1848 0.0 0.0
147.7848 1.0 0.0
148.38479999999998 0.0 0.0
148.9848 1.0 1.0
149.5848 0.0 0.0
150.1848 1.0 1.0
150.7848 0.0 0.0
151.38479999999998 1.0 0.0
151.9848 0.0 0.0
152.5848 1.0 1.0
153.1848 0.0 0.0
153.7848 1.0 0.0
154.38479999999998 0.0 0.0
154.9848 1.0 1.0
155.5848 0.0 0.0
156.1848 1.0 0.0
156.7848 0.0 0.0
157.38479999999998 1.0 1.0
157.9848 0.0 0.0
158.5848 1.0 0.0
159.1848 0.0 0.0
159.7848 1.0 1.0
160.38479999999998 0.0 0.0
160.9848 1.0 0.0
161.5848 0.0 0.0
162.1848 1.0 1.0
162.7848 0.0 0.0
163.38479999999998 1.0 0.0
163.9848 0.0 0.0
164.5848 1.0 1.0
165.1848 0.0 0.0
165.7848 1.0 0.0
166.38479999999998 0.0 0.0
166.9848 1.0 1.0
167.5848 0.0 0.0
168.1848 1.0 0.0
168.7848 0.0 0.0
169.38479999999998 1.0 1.0
169.9848 0.0 0.0
170.5848 1.0 0.0
171.1848 0.0 0.0
171.7848 1.0 1.0
172.38479999999998 0.0 0.0
172.9848 1.0 0.0
173.5848 0.0 0.0
174.1848 1.0 1.0
174.7848 0.0 0.0
175.38479999999998 1.0 0.0
175.9848 0.0 0.0
176.5848 1.0 1.0
177.1848 0.0 0.0
177.7848 1.0 0.0
178.38479999999998 0.0 0.0
178.9848 1.0 1.0
179.5848 0.0 0.0
180.1848 1.0 0.0
180.7848 0.0 0.0
181.38479999999998 1.0 1.0
181.9848 0.0 0.0
182.5848 1.0 0.0
183.1848 0.0 0.0
183.7848 1.0 1.0
184.38479999999998 0.0 0.0
184.9848 1.0 0.0
185.5848 0.0 0.0
186.1848 1.0 1.0
186.7848 0.0 0.0
187.38479999999998 1.0 0.0
187.9848 0.0 0.0
188.5848 1.0 1.0
189.1848 0.0 0.0
189.7848 1.0 0.0
190.38479999999998 0.0 0.0
190.9848 1.0 1.0
191.5848 0.0 0.0
192.1848 1.0 0.0
192.7848 0.0 0.0
193.38479999999998 1.0 1.0
193.9848 0.0 0.0
194.5848 1.0 0.0
195.1848 0.0 0.0
195.7848 1.0 1.0
196.38479999999998 0.0 0.0
196.9848 1.0 0.0
197.5848 0.0 0.0
198.1848 1.0 1.0
198.7848 0.0 0.0
199.38479999999998 1.0 0.0
199.9848 0.0 0.0
200.5848 1.0 1.0
201.1848 0.0 0.0
201.7848 1.0 0.0
202.38479999999998 0.0 0.0
202.9848 1.0 1.0
203.5848 0.0 0.0
204.1848 1.0 0.0
204.7848 0.0 0.0
205.38479999999998 1.0 1.0
205.9848 0.0 0.0
206.5848 1.0 0.0
207.1848 0.0 0.0
207.7848 1.0 1.0
208.38479999999998 0.0 0.0
208.9848 1.0 0.0
209.5848 0.0 0.0
210.1848 1.0 1.0
210.7848 0.0 0.0
211.38479999999998 1.0 0.0
211.9848 0.0 0.0
212.5848 1.0 1.0
213.1848 0.0 0.0
213.7848 1.0 0.0
214.38479999999998 0.0 0.0
214.9848 1.0 1.0
215.5848 0.0 0.0
216.1848 1.0 0.0
216.7848 0.0 0.0
217.38479999999998 1.0 1.0
217.9848 0.0 0.0
218.5848 1.0 0.0
219.1848 0.0 0.0
219.7848 1.0 1.0
220.38479999999998 0.0 0.0
220.9848 1.0 0.0
221.5848 0.0 0.0
222.1848 1.0 1.0
222.7848 0.0 0.0
223.38479999999998 1.0 0.0
223.9848 0.0 0.0
224.5848 1.0 1.0
225.1848 0.0 0.0
225.7848 1.0 0.0
226.38479999999998 0.0 0.0
226.9848 1.0 1.0
227.5848 0.0 0.0
228.1848 1.0 0.0
228.7848 0.0 0.0
229.38479999999998 1.0 1.0
229.9848 0.0 0.0
230.5848 1.0 0.0
231.1848 0.0 0.0
231.7848 1.0 1.0
232.38479999999998 0.0 0.0
232.9848 1.0 0.0
233.5848 0.0 0.0
234.1848 1.0 1.0
234.7848 0.0 0.0
235.38479999999998 1.0 0.0
235.9848 0.0 0.0
236.5848 1.0 1.0
237.1848 0.0 0.0
237.7848 1.0 0.0
238.38479999999998 0.0 0.0
238.9848 1.0 1.0
239.5848 0.0 0.0
240.1848 1.0 0.0
240.7848 0.0 0.0
241.38479999999998 0.0 0.0