0.16176124899999997 0.0 0.0
0.868142249 1.0 1.0
1.574523249 0.0 0.0
2.280904249 1.0 0.0
2.987285249 0.0 0.0
3.693666249 1.0 1.0
4.400047249 0.0 0.0
5.1064282489999995 1.0 0.0
5.812809248999999 0.0 0.0
6.519190249 1.0 1.0
7.225571249 0.0 0.0
7.931952249 1.0 0.0
8.638333249 0.0 0.0
9.344714248999999 1.0 1.0
10.051095249 0.0 0.0
10.757476249 1.0 0.0
11.463857249 0.0 0.0
12.170238249 1.0 1.0
12.876619248999999 0.0 0.0
13.583000249 1.0 0.0
14.289381249 0.0 0.0
14.995762249 1.0 1.0
15.702143248999999 0.0 0.0
16.408524249 1.0 0.0
17.114905249 0.0 0.0
17.821286249 1.0 1.0
18.527667249 0.0 0.0
19.234048249 1.0 0.0
19.940429249 0.0 0.0
20.646810248999998 1.0 1.0
21.353191248999998 0.0 0.0
22.059572249 1.0 0.0
22.765953249 0.0 0.0
23.472334249 1.0 1.0
24.178715248999996 0.0 0.0
24.885096248999997 1.0 0.0
25.591477248999997 0.0 0.0
26.297858248999997 1.0 1.0
27.004239248999998 0.0 0.0
27.710620248999998 1.0 0.0
28.417001248999995 0.0 0.0
29.123382248999995 1.0 1.0
29.829763248999996 0.0 0.0
30.536144248999996 1.0 0.0
31.242525248999996 0.0 0.0
31.948906248999997 1.0 1.0
32.655287249 0.0 0.0
33.361668249 1.0 0.0
34.068049249 0.0 0.0
34.774430249 1.0 1.0
35.480811249 0.0 0.0
36.187192249 1.0 0.0
36.893573249 0.0 0.0
37.59995424899999 1.0 1.0
38.30633524899999 0.0 0.0
39.01271624899999 1.0 0.0
39.719097248999994 0.0 0.0
40.425478248999994 1.0 1.0
41.131859248999994 0.0 0.0
41.838240248999995 1.0 0.0
42.544621248999995 0.0 0.0
43.251002248999995 1.0 1.0
43.957383248999996 0.0 0.0
44.663764248999996 1.0 0.0
45.370145249 0.0 0.0
46.076526249 1.0 1.0
46.782907249 0.0 0.0
47.489288249 1.0 0.0
48.195669249 0.0 0.0
48.902050249 1.0 1.0
49.608431249 0.0 0.0
50.31481224899999 1.0 0.0
51.02119324899999 0.0 0.0
51.72757424899999 1.0 1.0
52.43395524899999 0.0 0.0
53.14033624899999 1.0 0.0
53.846717248999994 0.0 0.0
54.553098248999994 1.0 1.0
55.259479248999995 0.0 0.0
55.965860248999995 1.0 0.0
56.672241248999995 0.0 0.0
57.378622248999996 1.0 1.0
58.085003248999996 0.0 0.0
58.791384249 1.0 0.0
59.497765249 0.0 0.0
60.204146249 1.0 1.0
60.910527249 0.0 0.0
61.616908249 1.0 0.0
62.323289249 0.0 0.0
63.02967024899999 1.0 1.0
63.73605124899999 0.0 0.0
64.44243224899999 1.0 0.0
65.148813249 0.0 0.0
65.855194249 1.0 1.0
66.561575249 0.0 0.0
67.267956249 1.0 0.0
67.974337249 0.0 0.0
68.680718249 1.0 1.0
69.38709924899999 0.0 0.0
70.093480249 1.0 0.0
70.79986124899999 0.0 0.0
71.506242249 1.0 1.0
72.21262324899999 0.0 0.0
72.919004249 1.0 0.0
73.62538524899999 0.0 0.0
74.331766249 1.0 1.0
75.03814724899999 0.0 0.0
75.744528249 1.0 0.0
76.45090924899999 0.0 0.0
77.157290249 1.0 1.0
77.86367124899999 0.0 0.0
78.570052249 1.0 0.0
79.276433249 0.0 0.0
79.982814249 1.0 1.0
80.689195249 0.0 0.0
81.395576249 1.0 0.0
82.101957249 0.0 0.0
82.80833824899999 1.0 1.0
83.514719249 0.0 0.0
84.22110024899999 1.0 0.0
84.927481249 0.0 0.0
85.63386224899999 1.0 1.0
86.340243249 0.0 0.0
87.04662424899999 1.0 0.0
87.753005249 0.0 0.0
88.45938624899999 1.0 1.0
89.165767249 0.0 0.0
89.87214824899999 1.0 0.0
90.578529249 0.0 0.0
91.284910249 1.0 1.0
91.991291249 0.0 0.0
92.69767224900001 1.0 0.0
93.404053249 0.0 0.0
94.11043424900001 1.0 1.0
94.816815249 0.0 0.0
95.52319624900001 1.0 0.0
96.229577249 0.0 0.0
96.93595824900001 1.0 1.0
97.64233924900002 0.0 0.0
98.34872024900001 1.0 0.0
99.05510124900002 0.0 0.0
99.76148224900001 1.0 1.0
100.46786324900002 0.0 0.0
101.17424424900001 1.0 0.0
101.88062524900002 0.0 0.0
102.58700624900001 1.0 1.0
103.29338724900002 0.0 0.0
103.99976824900001 1.0 0.0
104.70614924900002 0.0 0.0
105.41253024900001 1.0 1.0
106.11891124900002 0.0 0.0
106.82529224900001 1.0 0.0
107.53167324900001 0.0 0.0
108.23805424900002 1.0 1.0
108.94443524900001 0.0 0.0
109.65081624900002 1.0 0.0
110.35719724900001 0.0 0.0
111.06357824900002 1.0 1.0
111.76995924900001 0.0 0.0
112.47634024900002 1.0 0.0
113.18272124900001 0.0 0.0
113.88910224900002 1.0 1.0
114.59548324900001 0.0 0.0
115.30186424900002 1.0 0.0
116.00824524900001 0.0 0.0
116.71462624900002 1.0 1.0
117.42100724900001 0.0 0.0
118.12738824900002 1.0 0.0
118.83376924900001 0.0 0.0
119.54015024900002 1.0 1.0
120.24653124900001 0.0 0.0
120.95291224900001 1.0 0.0
121.65929324900002 0.0 0.0
122.36567424900001 1.0 1.0
123.07205524900002 0.0 0.0
123.77843624900001 1.0 0.0
124.48481724900002 0.0 0.0
125.19119824900001 1.0 1.0
125.89757924900002 0.0 0.0
126.60396024900001 1.0 0.0
127.31034124900002 0.0 0.0
128.01672224900003 1.0 1.0
128.72310324900002 0.0 0.0
129.429484249 1.0 0.0
130.135865249 0.0 0.0
130.84224624900003 1.0 1.0
131.54862724900002 0.0 0.0
132.255008249 1.0 0.0
132.961389249 0.0 0.0
133.667770249 1.0 1.0
134.37415124900002 0.0 0.0
135.08053224900002 1.0 0.0
135.786913249 0.0 0.0
136.493294249 1.0 1.0
137.19967524900002 0.0 0.0
137.90605624900002 1.0 0.0
138.612437249 0.0 0.0
139.318818249 1.0 1.0
140.02519924900002 0.0 0.0
140.73158024900002 1.0 0.0
141.437961249 0.0 0.0
142.144342249 1.0 1.0
142.85072324900003 0.0 0.0
143.55710424900002 1.0 0.0
144.263485249 0.0 0.0
144.969866249 1.0 1.0
145.676247249 0.0 0.0
146.38262824900002 1.0 0.0
147.08900924900001 0.0 0.0
147.795390249 1.0 1.0
148.501771249 0.0 0.0
149.20815224900002 1.0 0.0
149.91453324900002 0.0 0.0
150.620914249 1.0 1.0
151.327295249 0.0 0.0
152.03367624900002 1.0 0.0
152.74005724900002 0.0 0.0
153.446438249 1.0 1.0
154.152819249 0.0 0.0
154.85920024900003 1.0 0.0
155.56558124900002 0.0 0.0
156.271962249 1.0 1.0
156.978343249 0.0 0.0
157.68472424900003 1.0 0.0
158.39110524900002 0.0 0.0
159.097486249 1.0 1.0
159.803867249 0.0 0.0
160.510248249 1.0 0.0
161.21662924900002 0.0 0.0
161.92301024900001 1.0 1.0
162.629391249 0.0 0.0
163.335772249 1.0 0.0
164.04215324900002 0.0 0.0
164.74853424900002 1.0 1.0
165.454915249 0.0 0.0
166.161296249 1.0 0.0
166.86767724900002 0.0 0.0
167.57405824900002 1.0 1.0
168.280439249 0.0 0.0
168.986820249 1.0 0.0
169.69320124900003 0.0 0.0
170.39958224900002 1.0 1.0
171.105963249 0.0 0.0
171.812344249 1.0 0.0
172.518725249 0.0 0.0
173.22510624900002 1.0 1.0
173.931487249 0.0 0.0
174.637868249 1.0 0.0
175.344249249 0.0 0.0