0.404 1.0 1.0
1.404 0.0 0.0
2.4040000000000004 1.0 0.0
3.4040000000000004 0.0 0.0
4.404 1.0 1.0
5.404 0.0 0.0
6.404 1.0 0.0
7.404 0.0 0.0
8.404 1.0 1.0
9.404 0.0 0.0
10.404 1.0 0.0
11.404 0.0 0.0
12.404 1.0 1.0
13.404 0.0 0.0
14.404 1.0 0.0
15.404 0.0 0.0
16.404 1.0 1.0
17.404 0.0 0.0
18.404 1.0 0.0
19.404 0.0 0.0
20.404 1.0 1.0
21.404 0.0 0.0
22.404 1.0 0.0
23.404 0.0 0.0
24.404 1.0 1.0
25.404 0.0 0.0
26.404 1.0 0.0
27.404 0.0 0.0
28.404 1.0 1.0
29.404 0.0 0.0
30.404 1.0 0.0
31.404 0.0 0.0
32.404 1.0 1.0
33.404 0.0 0.0
34.404 1.0 0.0
35.404 0.0 0.0
36.404 1.0 1.0
37.404 0.0 0.0
38.404 1.0 0.0
39.404 0.0 0.0
40.404 1.0 1.0
41.404 0.0 0.0
42.404 1.0 0.0
43.404 0.0 0.0
44.404 1.0 1.0
45.404 0.0 0.0
46.404 1.0 0.0
47.404 0.0 0.0
48.404 1.0 1.0
49.404 0.0 0.0
50.404 1.0 1.0
51.404 0.0 0.0
52.404 1.0 0.0
53.404 0.0 0.0
54.404 1.0 1.0
55.404 0.0 0.0
56.404 1.0 0.0
57.404 0.0 0.0
58.404 1.0 1.0
59.404 0.0 0.0
60.404 1.0 0.0
61.404 0.0 0.0
62.404 1.0 1.0
63.404 0.0 0.0
64.404 1.0 0.0
65.404 0.0 0.0
66.404 1.0 1.0
67.404 0.0 0.0
68.404 1.0 0.0
69.404 0.0 0.0
70.404 1.0 1.0
71.404 0.0 0.0
72.404 1.0 0.0
73.404 0.0 0.0
74.404 1.0 1.0
75.404 0.0 0.0
76.404 1.0 0.0
77.404 0.0 0.0
78.404 1.0 1.0
79.404 0.0 0.0
80.404 1.0 0.0
81.404 0.0 0.0
82.404 1.0 1.0
83.404 0.0 0.0
84.404 1.0 0.0
85.404 0.0 0.0
86.404 1.0 1.0
87.404 0.0 0.0
88.404 1.0 0.0
89.404 0.0 0.0
90.404 1.0 1.0
91.404 0.0 0.0
92.404 1.0 0.0
93.404 0.0 0.0
94.404 1.0 1.0
95.404 0.0 0.0
96.404 1.0 0.0
97.404 0.0 0.0
98.404 1.0 1.0
99.404 0.0 0.0
100.404 1.0 1.0
101.404 0.0 0.0
102.404 1.0 0.0
103.404 0.0 0.0
104.404 1.0 1.0
105.404 0.0 0.0
106.404 1.0 0.0
107.404 0.0 0.0
108.404 1.0 1.0
109.404 0.0 0.0
110.404 1.0 0.0
111.404 0.0 0.0
112.404 1.0 1.0
113.404 0.0 0.0
114.404 1.0 0.0
115.404 0.0 0.0
116.404 1.0 1.0
117.404 0.0 0.0
118.404 1.0 0.0
119.404 0.0 0.0
120.404 1.0 1.0
121.404 0.0 0.0
122.404 1.0 0.0
123.404 0.0 0.0
124.404 1.0 1.0
125.404 0.0 0.0
126.404 1.0 0.0
127.404 0.0 0.0
128.404 1.0 1.0
129.404 0.0 0.0
130.404 1.0 0.0
131.404 0.0 0.0
132.404 1.0 1.0
133.404 0.0 0.0
134.404 1.0 0.0
135.404 0.0 0.0
136.404 1.0 1.0
137.404 0.0 0.0
138.404 1.0 0.0
139.404 0.0 0.0
140.404 1.0 1.0
141.404 0.0 0.0
142.404 1.0 0.0
143.404 0.0 0.0
144.404 1.0 1.0
145.404 0.0 0.0
146.404 1.0 0.0
147.404 0.0 0.0
148.404 1.0 1.0
149.404 0.0 0.0
150.404 1.0 1.0
151.404 0.0 0.0
152.404 1.0 0.0
153.404 0.0 0.0
154.404 1.0 1.0
155.404 0.0 0.0
156.404 1.0 0.0
157.404 0.0 0.0
158.404 1.0 1.0
159.404 0.0 0.0
160.404 1.0 0.0
161.404 0.0 0.0
162.404 1.0 1.0
163.404 0.0 0.0
164.404 1.0 0.0
165.404 0.0 0.0
166.404 1.0 1.0
167.404 0.0 0.0
168.404 1.0 0.0
169.404 0.0 0.0
170.404 1.0 1.0
171.404 0.0 0.0
172.404 1.0 0.0
173.404 0.0 0.0
174.404 1.0 1.0
175.404 0.0 0.0
176.404 1.0 0.0
177.404 0.0 0.0
178.404 1.0 1.0
179.404 0.0 0.0
180.404 1.0 0.0
181.404 0.0 0.0
182.404 1.0 1.0
183.404 0.0 0.0
184.404 1.0 0.0
185.404 0.0 0.0
186.404 1.0 1.0
187.404 0.0 0.0
188.404 1.0 0.0
189.404 0.0 0.0
190.404 1.0 1.0
191.404 0.0 0.0
192.404 1.0 0.0
193.404 0.0 0.0
194.404 1.0 1.0
195.404 0.0 0.0
196.404 1.0 0.0
197.404 0.0 0.0
198.404 1.0 1.0
199.404 0.0 0.0
200.404 1.0 1.0
201.404 0.0 0.0
202.404 1.0 0.0
203.404 0.0 0.0
204.404 1.0 1.0
205.404 0.0 0.0
206.404 1.0 0.0
207.404 0.0 0.0
208.404 1.0 1.0
209.404 0.0 0.0
210.404 1.0 0.0
211.404 0.0 0.0
212.404 1.0 1.0
213.404 0.0 0.0
214.404 1.0 0.0
215.404 0.0 0.0
216.404 1.0 1.0
217.404 0.0 0.0
218.404 1.0 0.0
219.404 0.0 0.0
220.404 1.0 1.0
221.404 0.0 0.0
222.404 1.0 0.0
223.404 0.0 0.0
224.404 1.0 1.0
225.404 0.0 0.0
226.404 1.0 0.0
227.404 0.0 0.0
228.404 1.0 1.0
229.404 0.0 0.0
230.404 1.0 0.0
231.404 0.0 0.0
232.404 1.0 1.0
233.404 0.0 0.0
234.404 1.0 0.0
235.404 0.0 0.0
236.404 1.0 1.0
237.404 0.0 0.0
238.404 1.0 0.0
239.404 0.0 0.0
240.404 1.0 1.0
241.404 0.0 0.0
242.404 1.0 0.0
243.404 0.0 0.0
244.404 1.0 1.0
245.404 0.0 0.0
246.404 1.0 0.0
247.404 0.0 0.0
248.404 1.0 1.0
249.404 0.0 0.0
250.404 1.0 0.0
251.404 0.0 0.0
252.404 1.0 1.0
253.404 0.0 0.0
254.404 1.0 0.0
255.404 0.0 0.0
256.404 1.0 1.0
257.404 0.0 0.0
258.404 0.0 0.0
259.404 1.0 1.0
260.404 0.0 0.0
261.404 1.0 1.0