2.48	1.0
2.98	2.0
3.45	3.0
3.93	4.0
4.4	1.0
4.89	2.0
5.39	3.0
5.88	4.0
6.4	1.0
6.89	2.0
7.39	3.0
7.88	4.0
8.41	1.0
8.89	2.0
9.41	3.0
9.91	4.0
10.41	1.0
10.91	2.0
11.42	3.0
11.94	4.0
12.43	1.0
12.9	2.0
13.39	3.0
13.92	4.0
14.42	1.0
14.92	2.0
15.39	3.0
15.91	4.0
16.42	1.0
16.9	2.0
17.39	3.0
17.92	4.0
18.42	1.0
18.91	2.0
19.39	3.0
19.92	4.0
20.41	1.0
20.92	2.0
21.39	3.0
21.92	4.0
22.42	1.0
22.91	2.0
23.39	3.0
23.89	4.0
24.42	1.0
24.92	2.0
25.39	3.0
25.88	4.0
26.38	1.0
26.88	2.0
27.39	3.0
27.88	4.0
28.41	1.0
28.9	2.0
29.41	3.0
29.9	4.0
30.41	1.0
30.92	2.0
31.42	3.0
31.9	4.0
32.42	1.0
32.94	2.0
33.43	3.0
33.94	4.0
34.41	1.0
34.9	2.0
35.4	3.0
35.91	4.0
36.4	1.0
36.9	2.0
37.39	3.0
37.89	4.0
38.39	1.0
38.9	2.0
39.41	3.0
39.91	4.0
40.4	1.0
40.89	2.0
41.39	3.0
41.92	4.0
42.42	1.0
42.91	2.0
43.4	3.0
43.91	4.0
44.4	1.0
44.92	2.0
45.4	3.0
45.89	4.0
46.4	1.0
46.91	2.0
47.41	3.0
47.92	4.0
48.41	1.0
48.91	2.0
49.41	3.0
49.91	4.0
50.39	1.0
50.89	2.0
51.4	3.0
51.91	4.0
52.42	1.0
52.91	2.0
53.39	3.0
53.92	4.0
54.41	1.0
54.9	2.0
55.38	3.0
55.9	4.0
56.42	1.0
56.9	2.0
57.38	3.0
57.9	4.0
58.41	1.0
58.89	2.0
59.38	3.0
59.91	4.0
60.42	1.0
60.9	2.0
61.38	3.0
61.91	4.0
62.42	1.0
62.92	2.0
63.4	3.0
63.91	4.0
64.42	1.0
64.91	2.0
65.38	3.0
65.92	4.0
66.41	1.0
66.91	2.0
67.38	3.0
67.92	4.0
68.42	1.0
68.91	2.0
69.38	3.0
69.91	4.0
70.42	1.0
70.9	2.0
71.38	3.0
71.91	4.0
72.4	1.0
72.9	2.0
73.38	3.0
73.92	4.0
74.42	1.0
74.91	2.0
75.42	3.0
75.92	4.0
76.41	1.0
76.88	2.0
77.39	3.0
77.89	4.0
78.4	1.0
78.89	2.0
79.39	3.0
79.9	4.0
80.4	1.0
80.89	2.0
81.39	3.0
81.89	4.0
82.4	1.0
82.89	2.0
83.39	3.0
83.91	4.0
84.4	1.0
84.89	2.0
85.39	3.0
85.89	4.0
86.41	1.0
86.89	2.0
87.39	3.0
87.88	4.0
88.4	1.0
88.89	2.0
89.39	3.0
89.89	4.0
90.41	1.0
90.9	2.0
91.39	3.0
91.91	4.0
92.41	1.0
92.9	2.0
93.39	3.0
93.89	4.0
94.41	1.0
94.89	2.0
95.39	3.0
95.9	4.0
96.41	1.0
96.9	2.0
97.39	3.0
97.89	4.0
98.41	1.0
98.9	2.0
99.39	3.0
99.91	4.0
100.41	1.0
100.89	2.0
101.39	3.0
101.89	4.0
102.41	1.0
102.89	2.0
103.39	3.0
103.89	4.0
104.4	1.0
104.89	2.0
105.39	3.0
105.89	4.0
106.4	1.0
106.88	2.0
107.39	3.0
107.89	4.0
108.41	1.0
108.92	2.0
109.41	3.0
109.9	4.0
110.41	1.0
110.91	2.0
111.41	3.0
111.9	4.0
112.42	1.0
112.92	2.0
113.42	3.0
113.9	4.0
114.42	1.0
114.91	2.0
115.42	3.0
115.9	4.0
116.41	1.0
116.91	2.0
117.39	3.0
117.92	4.0
118.42	1.0
118.91	2.0
119.39	3.0
119.9	4.0
120.42	1.0
120.9	2.0
121.39	3.0
121.92	4.0
122.42	1.0
122.92	2.0
123.39	3.0
123.9	4.0
124.42	1.0
124.89	2.0
125.39	3.0
125.91	4.0
126.41	1.0
126.91	2.0
127.39	3.0
127.89	4.0
128.42	1.0
128.9	2.0
129.39	3.0
129.9	4.0
130.42	1.0
130.91	2.0
131.39	3.0
131.92	4.0
132.42	1.0
132.92	2.0
133.41	3.0
133.92	4.0
134.41	1.0
134.91	2.0
135.41	3.0
135.91	4.0
136.41	1.0
136.91	2.0
137.4	3.0
137.91	4.0
138.42	1.0
138.91	2.0
139.42	3.0
139.91	4.0
140.42	1.0
140.93	2.0
141.43	3.0
141.9	4.0
142.41	1.0
142.9	2.0
143.39	3.0
143.91	4.0
144.4	1.0
144.9	2.0
145.41	3.0
145.9	4.0
146.41	1.0
146.9	2.0
147.38	3.0
147.9	4.0
148.42	1.0
148.92	2.0
149.39	3.0
149.92	4.0
150.42	1.0
150.9	2.0
151.39	3.0
151.91	4.0
152.41	1.0
152.91	2.0
153.39	3.0
153.92	4.0
154.42	1.0
154.91	2.0
155.39	3.0
155.92	4.0
156.43	1.0
156.93	2.0
157.39	3.0
157.9	4.0
158.41	1.0
158.88	2.0
159.38	3.0
159.92	4.0
160.41	1.0
160.91	2.0
161.39	3.0
161.91	4.0
162.41	1.0
162.9	2.0
163.38	3.0
163.91	4.0
164.41	1.0
164.89	2.0
165.39	3.0
165.91	4.0
166.41	1.0
166.91	2.0
167.39	3.0
167.91	4.0
168.41	1.0
168.9	2.0
169.39	3.0
169.91	4.0
170.41	1.0
170.91	2.0
171.39	3.0
171.91	4.0
172.42	1.0
172.9	2.0
173.39	3.0
173.92	4.0
174.42	1.0
174.9	2.0
175.39	3.0
175.91	4.0
176.41	1.0
176.91	2.0
177.39	3.0
177.91	4.0
178.41	1.0
178.91	2.0
179.39	3.0
179.92	4.0
180.42	1.0
180.9	2.0
181.39	3.0
181.92	4.0
182.41	1.0
182.91	2.0
183.39	3.0
183.89	4.0
184.39	1.0
184.89	2.0
185.39	3.0
185.9	4.0
186.41	1.0
186.89	2.0
187.39	3.0
187.89	4.0
188.41	1.0
188.89	2.0
189.4	3.0
189.91	4.0
190.41	1.0
190.89	2.0
191.39	3.0
191.9	4.0
192.4	1.0
192.89	2.0
193.39	3.0
193.89	4.0
194.4	1.0
194.89	2.0
195.39	3.0
195.9	4.0
196.41	1.0
196.9	2.0
197.4	3.0
197.89	4.0
198.41	1.0
198.91	2.0
199.39	3.0
199.9	4.0
200.41	1.0
200.89	2.0
201.39	3.0
201.89	4.0
202.41	1.0
202.9	2.0
203.39	3.0
203.89	4.0
204.41	1.0
204.89	2.0
205.39	3.0
205.9	4.0
206.41	1.0
206.89	2.0
207.39	3.0
207.9	4.0
208.41	1.0
208.89	2.0
209.39	3.0
209.89	4.0
210.4	1.0
210.9	2.0
211.39	3.0
211.9	4.0
212.4	1.0
212.91	2.0
213.4	3.0
213.91	4.0
214.4	1.0
214.9	2.0
215.39	3.0
215.9	4.0
216.41	1.0
216.9	2.0
217.39	3.0
217.9	4.0
218.41	1.0
218.89	2.0
219.39	3.0
219.9	4.0
220.41	1.0
220.89	2.0
221.39	3.0
221.91	4.0
222.41	1.0
222.89	2.0
223.39	3.0
223.9	4.0
224.41	1.0
224.9	2.0
225.39	3.0
225.9	4.0
226.41	1.0
226.9	2.0
227.39	3.0
227.9	4.0
228.41	1.0
228.9	2.0
229.39	3.0
229.9	4.0
230.41	1.0
230.9	2.0
231.39	3.0
231.9	4.0
232.41	1.0
232.9	2.0
233.39	3.0
233.9	4.0
234.41	1.0
234.9	2.0
235.39	3.0
235.89	4.0
236.41	1.0
236.89	2.0
237.39	3.0
237.91	4.0
238.41	1.0
238.9	2.0
239.39	3.0
239.89	4.0
240.41	1.0
240.9	2.0
241.39	3.0
241.89	4.0
242.41	1.0
242.9	2.0
243.39	3.0
243.9	4.0
244.41	1.0
244.88	2.0
245.38	3.0
245.89	4.0
246.41	1.0
246.91	2.0
247.39	3.0
247.91	4.0
248.39	1.0
248.91	2.0
249.41	3.0
249.89	4.0
250.41	1.0
250.88	2.0
251.41	3.0
251.91	4.0
252.41	1.0
252.9	2.0
253.4	3.0
253.88	4.0
254.41	1.0
254.92	2.0
255.44	3.0
255.95	4.0
256.43	1.0
256.97	2.0
257.46	3.0
257.99	4.0
258.45	1.0
258.95	2.0
259.41	3.0
259.9	4.0
260.38	1.0
