0.515999742 1.0 1.0
1.2218817419999999 0.0 0.0
1.9277637419999998 1.0 0.0
2.6336457419999997 0.0 0.0
3.339527742 1.0 1.0
4.045409742 0.0 0.0
4.751291742 1.0 0.0
5.457173742 0.0 0.0
6.163055742 1.0 1.0
6.868937742 0.0 0.0
7.574819742 1.0 0.0
8.280701742 0.0 0.0
8.986583742 1.0 1.0
9.692465742 0.0 0.0
10.398347742 1.0 0.0
11.104229742 0.0 0.0
11.810111742000002 1.0 1.0
12.515993742000001 0.0 0.0
13.221875742000002 1.0 0.0
13.927757742 0.0 0.0
14.633639742000002 1.0 1.0
15.339521742 0.0 0.0
16.045403742 1.0 0.0
16.751285742 0.0 0.0
17.457167742000003 1.0 1.0
18.163049742000002 0.0 0.0
18.868931742 1.0 0.0
19.574813742 0.0 0.0
20.280695742000002 1.0 1.0
20.986577742 0.0 0.0
21.692459742 1.0 0.0
22.398341742 0.0 0.0
23.104223742000002 1.0 1.0
23.810105742 0.0 0.0
24.515987742 1.0 0.0
25.221869742000003 0.0 0.0
25.927751742 1.0 1.0
26.633633742 0.0 0.0
27.339515742 1.0 0.0
28.045397742000002 0.0 0.0
28.751279742 1.0 1.0
29.457161742 0.0 0.0
30.163043742 1.0 0.0
30.868925742000002 0.0 0.0
31.574807742 1.0 1.0
32.280689742 0.0 0.0
32.986571742 1.0 0.0
33.692453742 0.0 0.0
34.398335742 1.0 1.0
35.104217742 0.0 0.0
35.810099742 1.0 0.0
36.515981742 0.0 0.0
37.221863742000004 1.0 1.0
37.927745742 0.0 0.0
38.633627742 1.0 0.0
39.339509742000004 0.0 0.0
40.045391742 1.0 1.0
40.751273742 0.0 0.0
41.457155742 1.0 0.0
42.163037742 0.0 0.0
42.868919742 1.0 1.0
43.574801742 0.0 0.0
44.280683742 1.0 0.0
44.986565742 0.0 0.0
45.692447742 1.0 1.0
46.398329741999994 0.0 0.0
47.104211742 1.0 0.0
47.81009374199999 0.0 0.0
48.515975741999995 1.0 1.0
49.221857742 0.0 0.0
49.92773974199999 1.0 0.0
50.633621741999995 0.0 0.0
51.339503742 1.0 1.0
52.04538574199999 0.0 0.0
52.751267741999996 1.0 0.0
53.457149742 0.0 0.0
54.163031741999994 1.0 1.0
54.868913742 0.0 0.0
55.57479574199999 1.0 0.0
56.280677741999995 0.0 0.0
56.986559742 1.0 1.0
57.69244174199999 0.0 0.0
58.398323741999995 1.0 0.0
59.104205742 0.0 0.0
59.81008774199999 1.0 1.0
60.515969741999996 0.0 0.0
61.221851742 1.0 0.0
61.927733741999994 0.0 0.0
62.633615741999996 1.0 1.0
63.33949774199999 0.0 0.0
64.045379742 1.0 0.0
64.751261742 0.0 0.0
65.457143742 1.0 1.0
66.16302574199999 0.0 0.0
66.86890774199999 1.0 0.0
67.574789742 0.0 0.0
68.280671742 1.0 1.0
68.986553742 0.0 0.0
69.692435742 1.0 0.0
70.39831774199999 0.0 0.0
71.10419974199999 1.0 1.0
71.810081742 0.0 0.0
72.515963742 1.0 0.0
73.221845742 0.0 0.0
73.927727742 1.0 1.0
74.63360974199999 0.0 0.0
75.33949174199999 1.0 0.0
76.045373742 0.0 0.0
76.751255742 1.0 1.0
77.457137742 0.0 0.0
78.16301974199999 1.0 0.0
78.86890174199999 0.0 0.0
79.574783742 1.0 1.0
80.280665742 0.0 0.0
80.986547742 1.0 0.0
81.692429742 0.0 0.0
82.39831174199999 1.0 1.0
83.10419374199999 0.0 0.0
83.810075742 1.0 0.0
84.515957742 0.0 0.0
85.221839742 1.0 1.0
85.92772174199999 0.0 0.0
86.63360374199999 1.0 0.0
87.339485742 0.0 0.0
88.045367742 1.0 1.0
88.751249742 0.0 0.0
89.457131742 1.0 0.0
90.16301374199999 0.0 0.0
90.86889574199999 1.0 1.0
91.574777742 0.0 0.0
92.280659742 1.0 0.0
92.986541742 0.0 0.0
93.69242374199999 1.0 1.0
94.39830574199999 0.0 0.0
95.104187742 1.0 0.0
95.810069742 0.0 0.0
96.515951742 1.0 1.0
97.221833742 0.0 0.0
97.927715742 1.0 0.0
98.633597742 0.0 0.0
99.33947974200001 1.0 1.0
100.04536174200001 0.0 0.0
100.751243742 1.0 0.0
101.457125742 0.0 0.0
102.163007742 1.0 1.0
102.86888974200001 0.0 0.0
103.57477174200001 1.0 0.0
104.280653742 0.0 0.0
104.986535742 1.0 1.0
105.692417742 0.0 0.0
106.398299742 1.0 0.0
107.10418174200001 0.0 0.0
107.81006374200001 1.0 1.0
108.515945742 0.0 0.0
109.221827742 1.0 0.0
109.927709742 0.0 0.0
110.63359174200001 1.0 1.0
111.33947374200001 0.0 0.0
112.045355742 1.0 0.0
112.751237742 0.0 0.0
113.457119742 1.0 1.0
114.163001742 0.0 0.0
114.86888374200001 1.0 0.0
115.57476574200001 0.0 0.0
116.280647742 1.0 1.0
116.986529742 0.0 0.0
117.692411742 1.0 0.0
118.398293742 0.0 0.0
119.10417574200001 1.0 1.0
119.810057742 0.0 0.0
120.515939742 1.0 0.0
121.221821742 0.0 0.0
121.927703742 1.0 1.0
122.63358574200001 0.0 0.0
123.33946774200001 1.0 0.0
124.045349742 0.0 0.0
124.751231742 1.0 1.0
125.457113742 0.0 0.0
126.162995742 1.0 0.0
126.86887774200001 0.0 0.0
127.574759742 1.0 1.0
128.280641742 0.0 0.0
128.986523742 1.0 0.0
129.692405742 0.0 0.0
130.398287742 1.0 1.0
131.104169742 0.0 0.0
131.810051742 1.0 0.0
132.51593374200002 0.0 0.0
133.22181574200002 1.0 1.0
133.927697742 0.0 0.0
134.633579742 1.0 0.0
135.339461742 0.0 0.0
136.045343742 1.0 1.0
136.751225742 0.0 0.0
137.457107742 1.0 0.0
138.162989742 0.0 0.0
138.868871742 1.0 1.0
139.574753742 0.0 0.0
140.28063574200002 1.0 0.0
140.98651774200002 0.0 0.0
141.692399742 1.0 1.0
142.398281742 0.0 0.0
143.104163742 1.0 0.0
143.810045742 0.0 0.0
144.515927742 1.0 1.0
145.221809742 0.0 0.0
145.927691742 1.0 0.0
146.633573742 0.0 0.0
147.339455742 1.0 1.0
148.04533774200002 0.0 0.0
148.75121974200002 1.0 0.0
149.457101742 0.0 0.0
150.162983742 1.0 1.0
150.868865742 0.0 0.0
151.574747742 1.0 0.0
152.280629742 0.0 0.0
152.986511742 1.0 1.0
153.692393742 0.0 0.0
154.398275742 1.0 0.0
155.104157742 0.0 0.0
155.81003974200001 1.0 1.0
156.51592174200002 0.0 0.0
157.221803742 1.0 0.0
157.927685742 0.0 0.0
158.633567742 1.0 1.0
159.339449742 0.0 0.0
160.045331742 1.0 0.0
160.751213742 0.0 0.0
161.457095742 1.0 1.0
162.162977742 0.0 0.0
162.868859742 1.0 0.0
163.57474174200001 0.0 0.0
164.28062374200002 1.0 1.0
164.986505742 0.0 0.0
165.692387742 1.0 0.0
166.398269742 0.0 0.0
167.104151742 1.0 1.0
167.810033742 0.0 0.0
168.515915742 1.0 0.0
169.221797742 0.0 0.0
169.927679742 1.0 1.0
170.633561742 0.0 0.0
171.33944374200001 1.0 0.0
172.04532574200002 0.0 0.0
172.751207742 1.0 1.0
173.457089742 0.0 0.0
174.162971742 1.0 0.0
174.868853742 0.0 0.0
175.574735742 1.0 1.0
176.280617742 0.0 0.0
176.986499742 1.0 0.0
177.692381742 0.0 0.0
178.398263742 1.0 1.0
179.10414574200001 0.0 0.0
179.81002774200002 1.0 0.0
180.515909742 0.0 0.0
181.221791742 1.0 1.0
181.927673742 0.0 0.0
182.633555742 1.0 0.0
183.339437742 0.0 0.0
184.045319742 1.0 1.0
184.751201742 0.0 0.0
185.457083742 1.0 0.0
186.162965742 0.0 0.0
186.868847742 1.0 1.0
187.57472974200002 0.0 0.0
188.280611742 1.0 0.0
188.986493742 0.0 0.0
189.692375742 1.0 1.0
190.398257742 0.0 0.0
191.104139742 1.0 0.0
191.810021742 0.0 0.0
192.515903742 1.0 1.0
193.221785742 0.0 0.0
193.927667742 1.0 0.0
194.633549742 0.0 0.0
195.33943174200002 1.0 1.0
196.045313742 0.0 0.0
196.751195742 1.0 0.0
197.457077742 0.0 0.0
198.162959742 1.0 1.0
198.868841742 0.0 0.0
199.574723742 1.0 0.0
200.280605742 0.0 0.0
200.986487742 1.0 1.0
201.692369742 0.0 0.0
202.398251742 1.0 0.0
203.10413374200002 0.0 0.0
203.810015742 1.0 1.0
204.515897742 0.0 0.0
205.221779742 1.0 0.0
205.927661742 0.0 0.0
206.633543742 1.0 1.0
207.339425742 0.0 0.0
208.045307742 1.0 0.0
208.751189742 0.0 0.0
209.457071742 1.0 1.0
210.162953742 0.0 0.0
210.86883574200002 1.0 0.0
211.574717742 0.0 0.0
212.280599742 1.0 1.0
212.986481742 0.0 0.0
213.692363742 1.0 0.0
214.398245742 0.0 0.0
215.104127742 1.0 1.0
215.810009742 0.0 0.0
216.515891742 1.0 0.0
217.221773742 0.0 0.0
217.927655742 1.0 1.0
218.63353774200002 0.0 0.0
219.339419742 1.0 0.0
220.045301742 0.0 0.0
220.751183742 1.0 1.0
221.457065742 0.0 0.0
222.162947742 1.0 0.0
222.868829742 0.0 0.0
223.574711742 1.0 1.0
224.280593742 0.0 0.0
224.986475742 1.0 0.0
225.692357742 0.0 0.0
226.39823974200002 1.0 1.0
227.104121742 0.0 0.0
227.810003742 1.0 0.0
228.515885742 0.0 0.0
229.221767742 1.0 1.0
229.927649742 0.0 0.0
230.633531742 1.0 0.0
231.339413742 0.0 0.0
232.045295742 1.0 1.0
232.751177742 0.0 0.0
233.457059742 1.0 0.0
234.16294174200002 0.0 0.0
234.868823742 1.0 1.0
235.574705742 0.0 0.0
236.280587742 1.0 0.0
236.986469742 0.0 0.0
237.692351742 1.0 1.0
238.398233742 0.0 0.0
239.104115742 1.0 0.0
239.809997742 0.0 0.0
240.515879742 1.0 1.0
241.221761742 0.0 0.0
241.92764374200001 1.0 0.0
242.633525742 0.0 0.0
243.339407742 1.0 1.0
244.045289742 0.0 0.0
244.751171742 1.0 0.0
245.457053742 0.0 0.0
246.162935742 1.0 1.0
246.868817742 0.0 0.0
247.574699742 1.0 0.0
248.280581742 0.0 0.0
248.986463742 1.0 1.0
249.69234574200001 0.0 0.0
250.398227742 1.0 0.0
251.104109742 0.0 0.0
251.809991742 1.0 1.0
252.515873742 0.0 0.0
253.221755742 1.0 0.0
253.927637742 0.0 0.0
254.633519742 1.0 1.0
255.339401742 0.0 0.0
256.045283742 1.0 1.0
256.751165742 0.0 0.0
257.457047742 0.0 0.0
258.162929742 1.0 1.0
258.868811742 0.0 0.0
259.574693742 1.0 0.0
260.280575742 0.0 0.0
260.986457742 1.0 1.0
261.692339742 0.0 0.0
262.398221742 1.0 0.0
263.104103742 0.0 0.0
263.809985742 1.0 1.0
264.515867742 0.0 0.0
265.221749742 1.0 0.0
265.927631742 0.0 0.0
266.633513742 1.0 1.0
267.339395742 0.0 0.0
268.045277742 1.0 0.0
268.751159742 0.0 0.0
269.457041742 1.0 1.0
270.162923742 0.0 0.0
270.868805742 1.0 0.0
271.574687742 0.0 0.0
272.280569742 1.0 0.0
272.986451742 0.0 0.0