0.29302307999999994 1.0 0.0
0.9906970799999999 0.0 0.0
1.68837108 1.0 1.0
2.38604508 0.0 0.0
3.08371908 1.0 0.0
3.78139308 0.0 0.0
4.47906708 1.0 1.0
5.17674108 0.0 0.0
5.87441508 1.0 0.0
6.5720890800000005 0.0 0.0
7.269763080000001 1.0 1.0
7.967437080000001 0.0 0.0
8.66511108 1.0 0.0
9.36278508 0.0 0.0
10.060459080000001 1.0 1.0
10.75813308 0.0 0.0
11.455807080000001 1.0 0.0
12.15348108 0.0 0.0
12.851155080000002 1.0 1.0
13.54882908 0.0 0.0
14.24650308 1.0 0.0
14.944177080000001 0.0 0.0
15.64185108 1.0 1.0
16.33952508 0.0 0.0
17.03719908 1.0 0.0
17.73487308 0.0 0.0
18.431277959166668 1.0 1.0
19.12572195916667 0.0 0.0
19.82016595916667 1.0 0.0
20.514609959166666 0.0 0.0
21.209053959166667 1.0 1.0
21.903497959166668 0.0 0.0
22.59794195916667 1.0 0.0
23.292385959166666 0.0 0.0
23.98682995916667 1.0 1.0
24.681273959166667 0.0 0.0
25.375717959166668 1.0 0.0
26.07016195916667 0.0 0.0
26.764605959166666 1.0 1.0
27.459049959166666 0.0 0.0
28.153493959166667 1.0 0.0
28.847937959166668 0.0 0.0
29.54238195916667 1.0 1.0
30.236825959166666 0.0 0.0
30.931269959166666 1.0 0.0
31.625713959166667 0.0 0.0
32.320157959166664 1.0 1.0
33.01460195916667 0.0 0.0
33.709045959166666 1.0 0.0
34.40348995916666 0.0 0.0
35.09793395916667 1.0 1.0
35.79237795916667 0.0 0.0
36.48682195916666 1.0 0.0
37.181265959166666 0.0 0.0
37.87570995916667 1.0 1.0
38.57015395916667 0.0 0.0
39.264597959166665 1.0 0.0
39.95904195916667 0.0 0.0
40.653485959166666 1.0 1.0
41.34792995916666 0.0 0.0
42.04237395916667 1.0 0.0
42.736817959166665 0.0 0.0
43.43126195916666 1.0 1.0
44.125705959166666 0.0 0.0
44.82014995916666 1.0 0.0
45.51459395916666 0.0 0.0
46.209037959166665 1.0 1.0
46.90348195916667 0.0 0.0
47.59792595916666 1.0 0.0
48.29122553041667 0.0 0.0
48.98326653041667 1.0 1.0
49.675307530416674 0.0 0.0
50.36734853041667 1.0 0.0
51.059389530416674 0.0 0.0
51.75143053041667 1.0 1.0
52.44451082791667 0.0 0.0
53.13895482791667 1.0 0.0
53.833398827916675 0.0 0.0
54.52784282791667 1.0 1.0
55.22228682791667 0.0 0.0
55.91673082791667 1.0 0.0
56.61117482791667 0.0 0.0
57.305618827916675 1.0 1.0
58.00006282791667 0.0 0.0
58.69450682791667 1.0 0.0
59.38895082791667 0.0 0.0
60.08339482791667 1.0 1.0
60.77783882791667 0.0 0.0
61.47228282791667 1.0 0.0
62.16672682791667 0.0 0.0
62.86117082791667 1.0 1.0
63.55561482791667 0.0 0.0
64.25005882791667 1.0 0.0
64.94450282791666 0.0 0.0
65.63894682791667 1.0 1.0
66.33339082791667 0.0 0.0
67.02783482791668 1.0 0.0
67.72227882791667 0.0 0.0
68.41672282791667 1.0 1.0
69.11116682791668 0.0 0.0
69.80561082791667 1.0 0.0
70.50005482791667 0.0 0.0
71.19449882791668 1.0 1.0
71.88894282791668 0.0 0.0
72.58338682791667 1.0 0.0
73.27783082791667 0.0 0.0
73.97227482791666 1.0 1.0
74.66671882791667 0.0 0.0
75.36116282791667 1.0 0.0
76.05560682791668 0.0 0.0
76.75005082791667 1.0 1.0
77.44449482791667 0.0 0.0
78.13951140416667 1.0 0.0
78.83556640416667 0.0 0.0
79.53162140416667 1.0 1.0
80.22767640416667 0.0 0.0
80.92373140416667 1.0 0.0
81.61978640416667 0.0 0.0
82.31584140416668 1.0 1.0
83.01189640416666 0.0 0.0
83.70795140416666 1.0 0.0
84.40400640416667 0.0 0.0
85.10006140416667 1.0 1.0
85.79611640416667 0.0 0.0
86.49217140416667 1.0 0.0
87.18822640416667 0.0 0.0
87.88428140416667 1.0 1.0
88.58033640416667 0.0 0.0
89.27639140416666 1.0 0.0
89.97244640416666 0.0 0.0
90.66850140416666 1.0 1.0
91.36455640416666 0.0 0.0
92.06061140416666 1.0 0.0
92.75666640416667 0.0 0.0
93.45272140416667 1.0 1.0
94.14877640416665 0.0 0.0
94.84483140416665 1.0 0.0
95.54088640416666 0.0 0.0
96.23694140416666 1.0 1.0
96.93299640416666 0.0 0.0
97.62905140416666 1.0 0.0
98.32510640416666 0.0 0.0
99.02116140416666 1.0 1.0
99.71721640416666 0.0 0.0
100.41327140416666 1.0 0.0
101.10932640416667 0.0 0.0
101.80538140416667 1.0 1.0
102.50143640416667 0.0 0.0
103.19749140416667 1.0 0.0
103.89354640416667 0.0 0.0
104.58960140416667 1.0 1.0
105.28565640416667 0.0 0.0
105.98171140416666 1.0 0.0
106.67776640416666 0.0 0.0
107.37382140416666 1.0 1.0
108.06987640416666 0.0 0.0
108.76593140416666 1.0 0.0
109.46198640416667 0.0 0.0
110.15804140416667 1.0 1.0
110.85409640416667 0.0 0.0
111.55015140416666 1.0 0.0
112.24620640416666 0.0 0.0
112.94226140416666 1.0 1.0
113.63831640416666 0.0 0.0
114.33437140416666 1.0 0.0
115.03042640416666 0.0 0.0
115.72648140416666 1.0 1.0
116.42253640416666 0.0 0.0
117.11859140416666 1.0 0.0
117.81464640416667 0.0 0.0
118.51070140416667 1.0 1.0
119.20675640416667 0.0 0.0
119.90281140416667 1.0 0.0
120.59886640416667 0.0 0.0
121.29357689041666 1.0 1.0
121.98802089041666 0.0 0.0
122.68246489041665 1.0 0.0
123.37690889041666 0.0 0.0
124.07135289041666 1.0 1.0
124.76579689041665 0.0 0.0
125.46024089041666 1.0 0.0
126.15468489041666 0.0 0.0
126.84912889041667 1.0 1.0
127.54357289041666 0.0 0.0
128.23801689041665 1.0 0.0
128.93246089041665 0.0 0.0
129.62690489041665 1.0 1.0
130.32134889041666 0.0 0.0
131.01579289041666 1.0 0.0
131.71023689041667 0.0 0.0
132.40468089041667 1.0 1.0
133.09912489041665 0.0 0.0
133.79356889041665 1.0 0.0
134.48801289041666 0.0 0.0
135.18245689041666 1.0 1.0
135.87690089041666 0.0 0.0
136.57134489041667 1.0 0.0
137.26578889041667 0.0 0.0
137.96023289041665 1.0 1.0
138.65467689041665 0.0 0.0
139.34912089041666 1.0 0.0
140.04356489041666 0.0 0.0
140.73800889041667 1.0 1.0
141.43245289041667 0.0 0.0
142.12689689041667 1.0 0.0
142.82134089041665 0.0 0.0
143.51578489041665 1.0 1.0
144.21022889041666 0.0 0.0
144.90467289041666 1.0 0.0
145.59911689041667 0.0 0.0
146.29356089041667 1.0 1.0
146.98800489041665 0.0 0.0
147.68244889041665 1.0 0.0
148.37689289041666 0.0 0.0
149.07133689041666 1.0 1.0
149.76578089041666 0.0 0.0
150.46022489041667 1.0 0.0
151.15466889041664 0.0 0.0
151.84911289041665 1.0 1.0
152.54355689041665 0.0 0.0
153.23800089041666 1.0 0.0
153.93244489041666 0.0 0.0
154.62688889041667 1.0 1.0
155.32133289041667 0.0 0.0
156.01577689041665 1.0 0.0
156.71022089041665 0.0 0.0
157.40466489041665 1.0 1.0
158.09910889041666 0.0 0.0
158.79355289041666 1.0 0.0
159.48799689041667 0.0 0.0
160.18244089041667 1.0 1.0
160.87688489041665 0.0 0.0
161.57132889041665 1.0 0.0
162.26577289041666 0.0 0.0
162.96021689041666 1.0 1.0
163.65466089041666 0.0 0.0
164.34910489041667 1.0 0.0
165.04354889041667 0.0 0.0
165.73864937291665 1.0 1.0
166.43470437291666 0.0 0.0
167.13075937291666 1.0 0.0
167.82681437291666 0.0 0.0
168.52286937291666 1.0 1.0
169.21892437291666 0.0 0.0
169.91497937291666 1.0 0.0
170.61103437291666 0.0 0.0
171.30708937291666 1.0 1.0
172.00314437291667 0.0 0.0
172.69919937291667 1.0 0.0
173.39525437291667 0.0 0.0
174.09130937291667 1.0 1.0
174.78736437291664 0.0 0.0
175.48341937291664 1.0 0.0
176.17947437291664 0.0 0.0
176.87552937291665 1.0 1.0
177.57158437291665 0.0 0.0
178.26763937291668 1.0 0.0
178.96369437291668 0.0 0.0
179.65974937291668 1.0 1.0
180.35580437291668 0.0 0.0
181.05185937291668 1.0 0.0
181.74791437291668 0.0 0.0
182.44396937291668 1.0 1.0
183.14002437291668 0.0 0.0
183.83607937291669 1.0 0.0
184.5321343729167 0.0 0.0
185.2281893729167 1.0 1.0
185.9242443729167 0.0 0.0
186.6202993729167 1.0 0.0
187.3163543729167 0.0 0.0
188.01240937291666 1.0 1.0
188.70846437291667 0.0 0.0
189.40451937291667 1.0 0.0
190.10057437291667 0.0 0.0
190.79662937291667 1.0 1.0
191.49268437291667 0.0 0.0
192.18873937291667 1.0 0.0
192.88479437291667 0.0 0.0
193.58084937291667 1.0 1.0
194.27690437291668 0.0 0.0
194.97295937291668 1.0 0.0
195.66901437291668 0.0 0.0
196.36506937291668 1.0 1.0
197.06112437291668 0.0 0.0
197.75717937291668 1.0 0.0
198.45323437291668 0.0 0.0
199.14928937291668 1.0 1.0
199.84534437291668 0.0 0.0
200.5413993729167 1.0 0.0
201.2374543729167 0.0 0.0
201.9335093729167 1.0 1.0
202.6295643729167 0.0 0.0
203.32561937291666 1.0 0.0
204.02167437291666 0.0 0.0
204.71772937291666 1.0 1.0
205.41378437291667 0.0 0.0
206.10983937291667 1.0 0.0
206.80589437291667 0.0 0.0
207.50194937291667 1.0 1.0
208.19800437291667 0.0 0.0
208.89405937291667 1.0 0.0
209.59011437291667 0.0 0.0
210.28616937291667 1.0 1.0
210.98222437291668 0.0 0.0
211.67827937291668 1.0 0.0
212.37433437291668 0.0 0.0
213.07038937291668 1.0 1.0
213.76644437291668 0.0 0.0
214.46249937291668 1.0 0.0
215.15855437291668 0.0 0.0
215.85460937291668 1.0 1.0
216.55066437291669 0.0 0.0
217.2467193729167 1.0 0.0
217.9427743729167 0.0 0.0
218.6388293729167 1.0 1.0
219.3348843729167 0.0 0.0
220.0309393729167 1.0 0.0
220.7269943729167 0.0 0.0
221.4230493729167 1.0 1.0
222.1191043729167 0.0 0.0
222.8151593729167 1.0 0.0
223.5112143729167 0.0 0.0
224.2072693729167 1.0 1.0
224.9033243729167 0.0 0.0
225.5993793729167 1.0 0.0
226.29543437291667 0.0 0.0
226.99148937291667 1.0 1.0
227.68754437291668 0.0 0.0
228.38359937291668 1.0 1.0
229.07965437291668 0.0 0.0
229.77570937291668 0.0 0.0
230.47176437291668 1.0 1.0
231.16781937291668 0.0 0.0
231.86387437291668 1.0 0.0
232.55992937291668 0.0 0.0
233.25598437291669 1.0 1.0
233.9520393729167 0.0 0.0
234.6480943729167 1.0 0.0
235.3441493729167 0.0 0.0
236.0402043729167 1.0 1.0
236.7362593729167 0.0 0.0
237.43231437291666 1.0 0.0
238.12836937291667 0.0 0.0
238.82442437291667 1.0 0.0
239.52047937291667 0.0 0.0
240.21653437291667 1.0 1.0
240.91258937291667 0.0 0.0
241.60864437291667 1.0 0.0
242.30469937291667 0.0 0.0
243.00075437291667 1.0 1.0
243.69680937291668 0.0 0.0
244.39286437291668 1.0 0.0
245.08891937291668 0.0 0.0
245.78497437291668 1.0 1.0
246.48102937291668 0.0 0.0
247.17708437291668 1.0 0.0
247.87313937291668 0.0 0.0