0.450840588 0.0 0.0
1.011587588 1.0 1.0
1.572334588 0.0 0.0
2.133081588 1.0 0.0
2.693828588 0.0 0.0
3.254575588 1.0 1.0
3.815322588 0.0 0.0
4.376069588 1.0 0.0
4.936816588 0.0 0.0
5.497563588 1.0 1.0
6.058310587999999 0.0 0.0
6.6190575879999995 1.0 0.0
7.179804588 0.0 0.0
7.740551588 1.0 1.0
8.301298588 0.0 0.0
8.862045587999999 1.0 0.0
9.422792587999998 0.0 0.0
9.983539588 1.0 1.0
10.544286588 0.0 0.0
11.105033588 1.0 0.0
11.665780587999999 0.0 0.0
12.226527588 1.0 1.0
12.787274587999999 0.0 0.0
13.348021588 1.0 0.0
13.908768588 0.0 0.0
14.469515588 1.0 1.0
15.030262588 0.0 0.0
15.591009587999999 1.0 0.0
16.151756587999998 0.0 0.0
16.712503588 1.0 1.0
17.273250588 0.0 0.0
17.833997588 1.0 0.0
18.394744588000002 0.0 0.0
18.955491588 1.0 1.0
19.516238588 0.0 0.0
20.076985588000003 1.0 0.0
20.637732588000002 0.0 0.0
21.198479588 1.0 1.0
21.759226588 0.0 0.0
22.319973588 1.0 0.0
22.880720588000003 0.0 0.0
23.441467588000002 1.0 1.0
24.002214588 0.0 0.0
24.562961588 1.0 0.0
25.123708588 0.0 0.0
25.684455588000002 1.0 1.0
26.245202588 0.0 0.0
26.805949588 1.0 0.0
27.366696588 0.0 0.0
27.927443588 1.0 1.0
28.488190588000002 0.0 0.0
29.048937588 1.0 1.0
29.609684588 0.0 0.0
30.170431588 1.0 0.0
30.731178588000002 0.0 0.0
31.291925588 1.0 1.0
31.852672588 0.0 0.0
32.413419588000004 1.0 0.0
32.974166588 0.0 0.0
33.534913588 1.0 1.0
34.095660588 0.0 0.0
34.656407588 1.0 0.0
35.217154588 0.0 0.0
35.777901588 1.0 1.0
36.338648588 0.0 0.0
36.899395588 1.0 0.0
37.460142588000004 0.0 0.0
38.020889588 1.0 1.0
38.581636587999995 0.0 0.0
39.142383587999994 1.0 0.0
39.70313058799999 0.0 0.0
40.26387758799999 1.0 1.0
40.824624588 0.0 0.0
41.385371588 1.0 0.0
41.946118588 0.0 0.0
42.506865588 1.0 1.0
43.067612587999996 0.0 0.0
43.628359587999995 1.0 0.0
44.189106587999994 0.0 0.0
44.74985358799999 1.0 1.0
45.31060058799999 0.0 0.0
45.871347588 1.0 0.0
46.432094588 0.0 0.0
46.992841588 1.0 1.0
47.553588588 0.0 0.0
48.114335587999996 1.0 0.0
48.675082587999995 0.0 0.0
49.235829587999994 1.0 1.0
49.79657658799999 0.0 0.0
50.35732358799999 1.0 0.0
50.91807058799999 0.0 0.0
51.478817588 1.0 1.0
52.039564588 0.0 0.0
52.600311588 1.0 0.0
53.161058587999996 0.0 0.0
53.721805587999995 1.0 1.0
54.282552587999994 0.0 0.0
54.843299587999994 1.0 0.0
55.40404658799999 0.0 0.0
55.96479358799999 1.0 1.0
56.525540588 0.0 0.0
57.086287588 1.0 0.0
57.647034588 0.0 0.0
58.207781587999996 1.0 1.0
58.768528587999995 0.0 0.0
59.329275587999994 1.0 0.0
59.890022587999994 0.0 0.0
60.45076958799999 1.0 1.0
61.01151658799999 0.0 0.0
61.572263588 1.0 0.0
62.133010588 0.0 0.0
62.693757588 1.0 1.0
63.254504587999996 0.0 0.0
63.815251587999995 1.0 0.0
64.375998588 0.0 0.0
64.936745588 1.0 0.0
65.497492588 0.0 0.0
66.05823958799999 1.0 1.0
66.618986588 0.0 0.0
67.17973358799999 1.0 0.0
67.740480588 0.0 0.0
68.30122758799999 1.0 1.0
68.861974588 0.0 0.0
69.422721588 1.0 0.0
69.983468588 0.0 0.0
70.544215588 1.0 1.0
71.10496258799999 0.0 0.0
71.665709588 1.0 0.0
72.22645658799999 0.0 0.0
72.787203588 1.0 1.0
73.34795058799999 0.0 0.0
73.908697588 1.0 0.0
74.46944458799999 0.0 0.0
75.030191588 1.0 1.0
75.590938588 0.0 0.0
76.15168558799999 1.0 0.0
76.712432588 0.0 0.0
77.27317958799999 1.0 1.0
77.833926588 0.0 0.0
78.39467358799999 1.0 0.0
78.955420588 0.0 0.0
79.51616758799999 1.0 1.0
80.076914588 0.0 0.0
80.637661588 1.0 0.0
81.19840858799999 0.0 0.0
81.759155588 1.0 1.0
82.31990258799999 0.0 0.0
82.880649588 1.0 0.0
83.44139658799999 0.0 0.0
84.002143588 1.0 1.0
84.56289058799999 0.0 0.0
85.123637588 1.0 0.0
85.684384588 0.0 0.0
86.24513158799999 1.0 1.0
86.805878588 0.0 0.0
87.36662558799999 1.0 0.0
87.927372588 0.0 0.0
88.48811958799999 1.0 1.0
89.048866588 0.0 0.0
89.60961358799999 1.0 0.0
90.170360588 0.0 0.0
90.731107588 1.0 1.0
91.29185458799999 0.0 0.0
91.852601588 1.0 0.0
92.41334858799999 0.0 0.0
92.974095588 1.0 1.0
93.53484258799999 0.0 0.0
94.095589588 1.0 0.0
94.65633658799999 0.0 0.0
95.217083588 1.0 1.0
95.77783058799999 0.0 0.0
96.33857758799999 1.0 0.0
96.899324588 0.0 0.0
97.46007158799999 1.0 1.0
98.020818588 0.0 0.0
98.58156558799999 1.0 0.0
99.142312588 0.0 0.0
99.70305958799999 1.0 1.0
100.263806588 0.0 0.0
100.82455358799999 1.0 0.0
101.38530058799999 0.0 0.0
101.946047588 1.0 0.0
102.50679458799999 0.0 0.0
103.067541588 1.0 1.0
103.62828858799999 0.0 0.0
104.189035588 1.0 0.0
104.74978258799999 0.0 0.0
105.310529588 1.0 1.0
105.87127658799999 0.0 0.0
106.43202358799999 1.0 0.0
106.992770588 0.0 0.0
107.55351758799999 1.0 1.0
108.114264588 0.0 0.0
108.67501158799999 1.0 0.0
109.235758588 0.0 0.0
109.79650558799999 1.0 1.0
110.357252588 0.0 0.0
110.91799958799999 1.0 0.0
111.47874658799999 0.0 0.0
112.039493588 1.0 1.0
112.60024058799999 0.0 0.0
113.160987588 1.0 0.0
113.72173458799999 0.0 0.0
114.282481588 1.0 1.0
114.84322858799999 0.0 0.0
115.403975588 1.0 0.0
115.96472258799999 0.0 0.0
116.52546958799999 1.0 1.0
117.086216588 0.0 0.0
117.64696358799999 1.0 0.0
118.207710588 0.0 0.0
118.76845758799999 1.0 1.0
119.329204588 0.0 0.0
119.88995158799999 1.0 0.0
120.450698588 0.0 0.0
121.01144558799999 1.0 1.0
121.572192588 0.0 0.0
122.13293958799999 1.0 0.0
122.69368658799999 0.0 0.0
123.254433588 1.0 1.0
123.81518058799999 0.0 0.0
124.375927588 1.0 0.0
124.93667458799999 0.0 0.0
125.497421588 1.0 1.0
126.05816858799999 0.0 0.0
126.618915588 1.0 0.0
127.17966258799999 0.0 0.0
127.74040958799999 1.0 1.0
128.301156588 0.0 0.0
128.861903588 1.0 0.0
129.42265058799998 0.0 0.0
129.983397588 1.0 1.0
130.544144588 0.0 0.0
131.104891588 1.0 0.0
131.66563858799998 0.0 0.0
132.226385588 1.0 1.0
132.787132588 0.0 0.0
133.34787958799998 1.0 0.0
133.908626588 0.0 0.0
134.469373588 1.0 1.0
135.030120588 0.0 0.0
135.59086758799998 1.0 0.0
136.151614588 0.0 0.0
136.712361588 1.0 1.0
137.27310858799999 0.0 0.0
137.83385558799998 1.0 0.0
138.394602588 0.0 0.0
138.955349588 1.0 1.0
139.51609658799998 0.0 0.0
140.076843588 0.0 0.0
140.637590588 1.0 1.0
141.198337588 0.0 0.0
141.75908458799998 1.0 0.0
142.319831588 0.0 0.0
142.880578588 1.0 1.0
143.44132558799998 0.0 0.0
144.00207258799998 1.0 0.0
144.56281958799997 0.0 0.0
145.12356658799996 1.0 1.0
145.68431358799998 0.0 0.0
146.24506058799997 1.0 0.0
146.80580758799996 0.0 0.0
147.36655458799999 1.0 1.0
147.92730158799998 0.0 0.0
148.48804858799997 1.0 0.0
149.04879558799996 0.0 0.0
149.60954258799998 1.0 1.0
150.17028958799997 0.0 0.0
150.73103658799997 1.0 0.0
151.291783588 0.0 0.0
151.85253058799998 1.0 1.0
152.41327758799997 0.0 0.0
152.97402458799996 1.0 0.0
153.53477158799998 0.0 0.0
154.09551858799998 1.0 1.0
154.65626558799997 0.0 0.0
155.21701258799996 1.0 0.0
155.77775958799998 0.0 0.0
156.33850658799997 1.0 1.0
156.89925358799997 0.0 0.0
157.46000058799999 1.0 0.0
158.02074758799998 0.0 0.0
158.58149458799997 1.0 1.0
159.14224158799996 0.0 0.0
159.70298858799998 1.0 0.0
160.26373558799997 0.0 0.0
160.82448258799997 1.0 1.0
161.385229588 0.0 0.0
161.94597658799998 1.0 0.0
162.50672358799997 0.0 0.0
163.06747058799996 1.0 1.0
163.62821758799998 0.0 0.0
164.18896458799998 1.0 0.0
164.74971158799997 0.0 0.0
165.31045858799996 1.0 1.0
165.87120558799998 0.0 0.0
166.43195258799997 1.0 0.0
166.99269958799997 0.0 0.0
167.55344658799999 1.0 1.0
168.11419358799998 0.0 0.0
168.67494058799997 1.0 0.0
169.23568758799996 0.0 0.0
169.79643458799998 1.0 1.0
170.35718158799997 0.0 0.0
170.91792858799997 1.0 0.0
171.47867558799996 0.0 0.0
172.03942258799998 1.0 1.0
172.60016958799997 0.0 0.0
173.16091658799996 1.0 0.0
173.72166358799998 0.0 0.0
174.28241058799998 1.0 1.0
174.84315758799997 0.0 0.0
175.40390458799996 1.0 0.0
175.96465158799998 0.0 0.0
176.52539858799997 1.0 1.0
177.08614558799997 0.0 0.0
177.646892588 1.0 1.0
178.20763958799998 0.0 0.0
178.76838658799997 0.0 0.0
179.32913358799996 1.0 1.0
179.88988058799998 0.0 0.0
180.45062758799997 1.0 0.0
181.01137458799997 0.0 0.0
181.57212158799996 1.0 1.0
182.13286858799998 0.0 0.0
182.69361558799997 1.0 0.0
183.25436258799996 0.0 0.0
183.81510958799998 1.0 1.0
184.37585658799998 0.0 0.0
184.93660358799997 1.0 0.0
185.49735058799996 0.0 0.0
186.05809758799998 1.0 1.0
186.61884458799997 0.0 0.0
187.17959158799997 1.0 0.0
187.740338588 0.0 0.0
188.30108558799998 1.0 1.0
188.86183258799997 0.0 0.0
189.42257958799996 1.0 0.0
189.98332658799998 0.0 0.0
190.54407358799997 1.0 1.0
191.10482058799997 0.0 0.0
191.66556758799996 1.0 0.0
192.22631458799998 0.0 0.0
192.78706158799997 1.0 0.0
193.34780858799996 0.0 0.0
193.90855558799998 1.0 1.0
194.46930258799998 0.0 0.0
195.03004958799997 1.0 0.0
195.59079658799996 0.0 0.0
196.15154358799998 1.0 1.0
196.71229058799997 0.0 0.0
197.27303758799997 1.0 0.0
197.83378458799996 0.0 0.0
198.39453158799998 1.0 1.0
198.95527858799997 0.0 0.0
199.51602558799996 1.0 0.0
200.07677258799998 0.0 0.0
200.63751958799998 1.0 1.0
201.19826658799997 0.0 0.0
201.75901358799996 1.0 0.0
202.31976058799998 0.0 0.0
202.88050758799997 1.0 1.0
203.44125458799996 0.0 0.0
204.00200158799998 1.0 0.0
204.56274858799998 0.0 0.0
205.12349558799997 1.0 1.0
205.68424258799996 0.0 0.0
206.24498958799998 1.0 0.0
206.80573658799997 0.0 0.0
207.36648358799997 1.0 1.0
207.92723058799996 0.0 0.0
208.48797758799998 1.0 0.0
209.04872458799997 0.0 0.0
209.60947158799996 1.0 1.0
210.17021858799998 0.0 0.0
210.73096558799998 1.0 0.0
211.29171258799997 0.0 0.0
211.85245958799996 1.0 1.0
212.41320658799998 0.0 0.0
212.97395358799997 1.0 0.0
213.53470058799996 0.0 0.0
214.09544758799998 1.0 1.0
214.65734608666665 0.0 0.0
215.22072608666664 1.0 0.0
215.78410608666664 0.0 0.0
216.34748608666663 1.0 1.0
216.91275322091664 0.0 0.0
217.47879022091664 1.0 0.0
218.04482722091666 0.0 0.0
218.61086422091665 1.0 1.0
219.17690122091665 0.0 0.0
219.74293822091664 1.0 0.0
220.30897522091664 0.0 0.0
220.87367958175 1.0 1.0
221.43442658175 0.0 0.0
221.99517358175 1.0 0.0
222.55592058175 0.0 0.0
223.11666758175 1.0 1.0
223.67741458174999 0.0 0.0
224.23816158175 1.0 0.0
224.79890858175 0.0 0.0
225.35965558175 1.0 1.0
225.92040258175 0.0 0.0
226.48114958175 1.0 0.0
227.04189658175 0.0 0.0
227.60264358175 1.0 1.0
228.16339058175 0.0 0.0
228.72413758175 1.0 0.0
229.28488458175 0.0 0.0
229.84563158174998 1.0 1.0
230.40637858175 0.0 0.0
230.96712558175 1.0 0.0
231.52787258175 0.0 0.0
232.08861958175 1.0 1.0
232.64936658175 0.0 0.0
233.21011358175 1.0 0.0
233.77086058175 0.0 0.0
234.33160758175 1.0 1.0
234.89235458175 0.0 0.0
235.45310158175 1.0 0.0
236.01384858174998 0.0 0.0
236.57459558175 1.0 1.0
237.13534258175 0.0 0.0
237.69608958175 1.0 0.0
238.25683658175 0.0 0.0
238.81758358175 1.0 1.0
239.37833058175 0.0 0.0
239.93907758174998 1.0 0.0
240.49982458175 0.0 0.0
241.06057158175 1.0 1.0
241.62131858175 0.0 0.0
242.18206558175 1.0 0.0
242.74281258175 0.0 0.0
243.30355958175 1.0 1.0
243.86430658175 0.0 0.0
244.42505358175 1.0 0.0
244.98580058175 0.0 0.0
245.54654758175 1.0 1.0
246.10729458175 0.0 0.0
246.66804158175 1.0 0.0
247.22878858175 0.0 0.0
247.78953558175 1.0 1.0
248.35028258175 0.0 0.0
248.91102958175 1.0 0.0
249.47177658175 0.0 0.0
250.03252358175 1.0 1.0
250.59327058175 0.0 0.0
251.15401758175 1.0 0.0
251.71476458175 0.0 0.0
252.27551158175 1.0 1.0
252.83625858175 0.0 0.0
253.39700558175 1.0 0.0
253.95775258175001 0.0 0.0
254.51849958175 1.0 1.0
255.07924658175 0.0 0.0
255.63999358175 1.0 0.0
256.20074058175 0.0 0.0
256.76148758175 1.0 1.0
257.32223458174997 0.0 0.0
257.88298158175 1.0 0.0
258.44372858175 0.0 0.0
259.00447558175 1.0 1.0
259.56522258175 0.0 0.0
260.12596958175 1.0 0.0
260.68671658175 0.0 0.0
261.24746358175 1.0 1.0
261.80821058175 0.0 0.0
262.36895758175 1.0 0.0
262.92970458175 0.0 0.0
263.49045158175 1.0 0.0
264.05119858175 0.0 0.0
264.61194558175 1.0 1.0
265.17269258174997 0.0 0.0
265.73343958175 1.0 0.0
266.29418658175 0.0 0.0
266.85493358175 1.0 1.0
267.41568058175 0.0 0.0
267.97642758175 1.0 0.0
268.53717458175 0.0 0.0
269.09792158175 1.0 1.0
269.65866858175 0.0 0.0
270.21941558175 1.0 0.0
270.78016258175 0.0 0.0
271.34090958175 1.0 1.0
271.90165658175 0.0 0.0
272.46240358175 1.0 0.0
273.02315058175 0.0 0.0
273.58389758174997 1.0 1.0
274.14464458175 0.0 0.0
274.70539158175 1.0 0.0
275.26613858175 0.0 0.0
275.82688558175 1.0 1.0
276.38763258175 0.0 0.0
276.94837958175 1.0 0.0
277.50912658175 0.0 0.0
278.06987358175 1.0 0.0
278.63062058175 0.0 0.0
279.19136758175 1.0 1.0
279.75211458175 0.0 0.0
280.31286158175 1.0 0.0
280.87360858175 0.0 0.0
281.43435558174997 1.0 1.0
281.99510258175 0.0 0.0
282.55584958175 1.0 0.0
283.11659658175 0.0 0.0
283.67734358175 1.0 1.0
284.23809058175 0.0 0.0
284.79883758175 1.0 0.0
285.35958458175 0.0 0.0
285.92033158175 1.0 1.0
286.48107858175 0.0 0.0
287.04182558175 1.0 0.0
287.60257258175 0.0 0.0
288.16331958175 1.0 1.0
288.72406658175 0.0 0.0
289.28481358175 1.0 0.0
289.84556058174996 0.0 0.0
290.40630758175 1.0 1.0
290.96705458175 0.0 0.0
291.52780158175 1.0 0.0
292.08854858175 0.0 0.0
292.64929558175 1.0 1.0
293.21004258175003 0.0 0.0
293.77078958175 1.0 0.0
294.33153658175 0.0 0.0
294.89228358175 1.0 1.0
295.45303058175 0.0 0.0
296.01377758175 1.0 0.0
296.57452458175 0.0 0.0
297.13527158175 1.0 1.0
297.69601858174997 0.0 0.0
298.25676558174996 1.0 0.0
298.81751258175 0.0 0.0
299.37825958175 1.0 1.0
299.93900658175 0.0 0.0
300.49975358175 1.0 0.0
301.06050058175 0.0 0.0
301.62124758175 1.0 1.0
302.18199458175 0.0 0.0
302.74274158175 1.0 0.0
303.30348858175 0.0 0.0