0.09673471000000002 0.0 0.0
0.7089797099999998 1.0 0.0
1.3212247099999999 0.0 0.0
1.9334697099999998 1.0 1.0
2.54571471 0.0 0.0
3.15795971 1.0 0.0
3.77020471 0.0 0.0
4.38244971 1.0 1.0
4.994694709999999 0.0 0.0
5.60693971 1.0 0.0
6.2191847099999995 0.0 0.0
6.83142971 1.0 1.0
7.44367471 0.0 0.0
8.05591971 1.0 0.0
8.66816471 0.0 0.0
9.280409709999999 1.0 1.0
9.89265471 0.0 0.0
10.50489971 1.0 0.0
11.11714471 0.0 0.0
11.72938971 1.0 1.0
12.34163471 0.0 0.0
12.953879709999999 1.0 0.0
13.566124709999999 0.0 0.0
14.17836971 1.0 1.0
14.79061471 0.0 0.0
15.40285971 1.0 0.0
16.01510471 0.0 0.0
16.62734971 1.0 1.0
17.23959471 0.0 0.0
17.85183971 1.0 0.0
18.464084709999998 0.0 0.0
19.07632971 1.0 1.0
19.688574709999997 0.0 0.0
20.30081971 1.0 0.0
20.91306471 0.0 0.0
21.52530971 1.0 1.0
22.13755471 0.0 0.0
22.749799709999998 1.0 0.0
23.36204471 0.0 0.0
23.97428971 1.0 1.0
24.58653471 0.0 0.0
25.19877971 1.0 0.0
25.811024709999998 0.0 0.0
26.42326971 1.0 1.0
27.035514709999998 0.0 0.0
27.64775971 1.0 0.0
28.26000471 0.0 0.0
28.87224971 1.0 1.0
29.48449471 0.0 0.0
30.096739709999998 1.0 0.0
30.70898471 0.0 0.0
31.321229709999997 1.0 1.0
31.93347471 0.0 0.0
32.54571971 1.0 0.0
33.15796471 0.0 0.0
33.770209709999996 1.0 1.0
34.38245471 0.0 0.0
34.99469971 1.0 0.0
35.60694471 0.0 0.0
36.219189709999995 1.0 1.0
36.831434709999996 0.0 0.0
37.44367971 1.0 0.0
38.05592471 0.0 0.0
38.66816971 1.0 1.0
39.280414709999995 0.0 0.0
39.89265971 1.0 0.0
40.50490471 0.0 0.0
41.11714971 1.0 1.0
41.72939471 0.0 0.0
42.34163971 1.0 0.0
42.953884710000004 0.0 0.0
43.566129710000006 1.0 1.0
44.17837471 0.0 0.0
44.79061971 1.0 0.0
45.40286471 0.0 0.0
46.015109710000004 1.0 1.0
46.627354710000006 0.0 0.0
47.23959971 1.0 0.0
47.85184471 0.0 0.0
48.46408971 1.0 1.0
49.076334710000005 0.0 0.0
49.68857971 1.0 0.0
50.30082471 0.0 0.0
50.91306971 1.0 1.0
51.52531471 0.0 0.0
52.137559710000005 1.0 0.0
52.74980471 0.0 0.0
53.36204971 1.0 1.0
53.97429471 0.0 0.0
54.586539710000004 1.0 0.0
55.198784710000005 0.0 0.0
55.81102971 1.0 1.0
56.42327471 0.0 0.0
57.03551971 1.0 0.0
57.647764710000004 0.0 0.0
58.26000971 1.0 1.0
58.87225471 0.0 0.0
59.48449971 1.0 0.0
60.09674471 0.0 0.0
60.708989710000004 1.0 1.0
61.32123471 0.0 0.0
61.93347971 1.0 0.0
62.54572471 0.0 0.0
63.15796971 1.0 1.0
63.770214710000005 0.0 0.0
64.38245971 1.0 0.0
64.99470471000001 0.0 0.0
65.60694971 1.0 1.0
66.21919471 0.0 0.0
66.83143971 1.0 0.0
67.44368471 0.0 0.0
68.05592971 1.0 1.0
68.66817471 0.0 0.0
69.28041971 1.0 0.0
69.89266471 0.0 0.0
70.50490971 1.0 1.0
71.11715471000001 0.0 0.0
71.72939971 1.0 0.0
72.34164471 0.0 0.0
72.95388971 1.0 1.0
73.56613471 0.0 0.0
74.17837971 1.0 0.0
74.79062471 0.0 0.0
75.40286971 1.0 1.0
76.01511471 0.0 0.0
76.62735971000001 1.0 0.0
77.23960471 0.0 0.0
77.85184971 1.0 1.0
78.46409471 0.0 0.0
79.07633970999998 1.0 0.0
79.68858470999999 0.0 0.0
80.30082970999999 1.0 1.0
80.91307470999999 0.0 0.0
81.52531970999999 1.0 0.0
82.13756470999999 0.0 0.0
82.74980971 1.0 1.0
83.36205471 0.0 0.0
83.97429971 1.0 0.0
84.58654471 0.0 0.0
85.19878970999999 1.0 1.0
85.81103470999999 0.0 0.0
86.42327970999999 1.0 0.0
87.03552470999999 0.0 0.0
87.64776970999999 1.0 1.0
88.26001471 0.0 0.0
88.87225971 1.0 0.0
89.48450471 0.0 0.0
90.09674971 1.0 1.0
90.70899470999998 0.0 0.0
91.32123970999999 1.0 0.0
91.93348470999999 0.0 0.0
92.54572970999999 1.0 1.0
93.15797470999999 0.0 0.0
93.77021970999999 1.0 0.0
94.38246471 0.0 0.0
94.99470971 1.0 1.0
95.60695471 0.0 0.0
96.21919970999998 1.0 0.0
96.83144470999999 0.0 0.0
97.44368970999999 1.0 1.0
98.05593470999999 0.0 0.0
98.66817970999999 1.0 0.0
99.28042470999999 0.0 0.0
99.89266970999999 1.0 1.0
100.50491471 0.0 0.0
101.11715971 1.0 0.0
101.72940471 0.0 0.0
102.34164970999998 1.0 1.0
102.95389470999999 0.0 0.0
103.56613970999999 1.0 0.0
104.17838470999999 0.0 0.0
104.79062970999999 1.0 1.0
105.40287470999999 0.0 0.0
106.01511971 1.0 0.0
106.62736471 0.0 0.0
107.23960971 1.0 1.0
107.85185470999998 0.0 0.0
108.46409970999999 1.0 0.0
109.07634470999999 0.0 0.0
109.68858970999999 1.0 1.0
110.30083470999999 0.0 0.0
110.91307970999999 1.0 0.0
111.52532470999999 0.0 0.0
112.13756971 1.0 1.0
112.74981471 0.0 0.0
113.36205971 1.0 0.0
113.97430470999998 0.0 0.0
114.58654970999999 1.0 1.0
115.19879470999999 0.0 0.0
115.81103970999999 1.0 0.0
116.42328470999999 0.0 0.0
117.03552970999999 1.0 1.0
117.64777471 0.0 0.0
118.26001971 1.0 0.0
118.87226471 0.0 0.0
119.48450970999998 1.0 1.0
120.09675470999998 0.0 0.0
120.70899970999999 1.0 0.0
121.32124470999999 0.0 0.0
121.93348970999999 1.0 1.0
122.54573470999999 0.0 0.0
123.15797970999999 1.0 0.0
123.77022471 0.0 0.0
124.38246971 1.0 1.0
124.99471470999998 0.0 0.0
125.60695970999998 1.0 0.0
126.21920470999999 0.0 0.0
126.83144970999999 1.0 1.0
127.44369470999999 0.0 0.0
128.05593971 1.0 0.0
128.66818471 0.0 0.0
129.28042971 1.0 1.0
129.89267471 0.0 0.0
130.50491971 1.0 0.0
131.11716471 0.0 0.0
131.72940971 1.0 1.0
132.34165471 0.0 0.0
132.95389971 1.0 0.0
133.56614470999997 0.0 0.0
134.17838970999998 1.0 1.0
134.79063470999998 0.0 0.0
135.40287970999998 1.0 0.0
136.01512470999998 0.0 0.0
136.62736970999998 1.0 1.0
137.23961470999998 0.0 0.0
137.85185970999999 1.0 0.0
138.46410471 0.0 0.0
139.07634971 1.0 1.0
139.68859471 0.0 0.0
140.30083971 1.0 0.0
140.91308471 0.0 0.0
141.52532971 1.0 1.0
142.13757471 0.0 0.0
142.74981971 1.0 0.0
143.36206471 0.0 0.0
143.97430971 1.0 1.0
144.58655471 0.0 0.0
145.19879970999997 1.0 0.0
145.81104470999998 0.0 0.0
146.42328970999998 1.0 1.0
147.03553470999998 0.0 0.0
147.64777970999998 1.0 0.0
148.26002470999998 0.0 0.0
148.87226970999998 1.0 1.0
149.48451470999998 0.0 0.0
150.09675971 1.0 0.0
150.70900471 0.0 0.0
151.32124971 1.0 1.0
151.93349471 0.0 0.0
152.54573971 1.0 0.0
153.15798471 0.0 0.0
153.77022971 1.0 1.0
154.38247471 0.0 0.0
154.99471971 1.0 0.0
155.60696471 0.0 0.0
156.21920971 1.0 1.0
156.83145471 0.0 0.0
157.44369971 1.0 0.0
158.05594471 0.0 0.0
158.66818971 1.0 1.0
159.28043471 0.0 0.0
159.89267971 1.0 0.0
160.50492471 0.0 0.0
161.11716971 1.0 1.0
161.72941471000001 0.0 0.0
162.34165971000002 1.0 0.0
162.95390471000002 0.0 0.0
163.56614971000002 1.0 1.0
164.17839471 0.0 0.0
164.79063971 1.0 0.0
165.40288471 0.0 0.0
166.01512971 1.0 1.0
166.62737471 0.0 0.0
167.23961971 1.0 0.0
167.85186471 0.0 0.0
168.46410970999997 1.0 1.0
169.07635470999998 0.0 0.0
169.68859970999998 1.0 0.0
170.30084470999998 0.0 0.0
170.91308970999998 1.0 1.0
171.52533470999998 0.0 0.0
172.13757970999998 1.0 0.0
172.74982470999998 0.0 0.0
173.36206971 1.0 1.0
173.97431471 0.0 0.0
174.58655971 1.0 0.0
175.19880471 0.0 0.0
175.81104971 1.0 1.0
176.42329471 0.0 0.0
177.03553971 1.0 0.0
177.64778471 0.0 0.0
178.26002971 1.0 1.0
178.87227471 0.0 0.0
179.48451971 1.0 0.0
180.09676470999997 0.0 0.0
180.70900970999998 1.0 1.0
181.32125470999998 0.0 0.0
181.93349970999998 1.0 0.0
182.54574470999998 0.0 0.0
183.15798970999998 1.0 1.0
183.77023470999998 0.0 0.0
184.38247970999998 1.0 0.0
184.99472470999999 0.0 0.0
185.60696971 1.0 1.0
186.21921471 0.0 0.0
186.83145971 1.0 0.0
187.44370471 0.0 0.0
188.05594971 1.0 1.0
188.66819471 0.0 0.0
189.28043971 1.0 0.0
189.89268471 0.0 0.0
190.50492971 1.0 1.0
191.11717470999997 0.0 0.0
191.72941970999997 1.0 0.0
192.34166470999998 0.0 0.0
192.95390970999998 1.0 1.0
193.56615470999998 0.0 0.0
194.17839970999998 1.0 0.0
194.79064470999998 0.0 0.0
195.40288970999998 1.0 1.0
196.01513470999998 0.0 0.0
196.62737970999999 1.0 0.0
197.23962471 0.0 0.0
197.85186971 1.0 1.0
198.46411471 0.0 0.0
199.07635971 1.0 0.0
199.68860471 0.0 0.0
200.30084971 1.0 1.0
200.91309471 0.0 0.0
201.52533971 1.0 0.0
202.13758471 0.0 0.0
202.74982970999997 1.0 1.0
203.36207470999997 0.0 0.0
203.97431970999997 1.0 0.0
204.58656470999998 0.0 0.0
205.19880970999998 1.0 1.0
205.81105470999998 0.0 0.0
206.42329970999998 1.0 0.0
207.03554470999998 0.0 0.0
207.64778970999998 1.0 1.0
208.26003470999999 0.0 0.0
208.87227971 1.0 0.0
209.48452471 0.0 0.0
210.09676971 1.0 1.0
210.70901471 0.0 0.0
211.32125971 1.0 0.0
211.93350471 0.0 0.0
212.54574971 1.0 1.0
213.15799471 0.0 0.0
213.77023971 1.0 0.0
214.38248470999997 0.0 0.0
214.99472970999997 1.0 1.0
215.60697470999997 0.0 0.0
216.21921970999998 1.0 0.0
216.83146470999998 0.0 0.0
217.44370970999998 1.0 1.0
218.05595470999998 0.0 0.0
218.66819970999998 1.0 0.0
219.28044470999998 0.0 0.0
219.89268970999998 1.0 1.0
220.50493471 0.0 0.0
221.11717971 1.0 0.0
221.72942471 0.0 0.0
222.34166971 1.0 1.0
222.95391471 0.0 0.0
223.56615971 1.0 0.0
224.17840471 0.0 0.0
224.79064971 1.0 1.0
225.40289471 0.0 0.0
226.01513970999997 1.0 0.0
226.62738470999997 0.0 0.0
227.23962970999997 1.0 1.0
227.85187470999998 0.0 0.0
228.46411970999998 1.0 0.0
229.07636470999998 0.0 0.0
229.68860970999998 1.0 1.0
230.30085470999998 0.0 0.0
230.91309970999998 1.0 0.0
231.52534470999998 0.0 0.0
232.13758971 1.0 1.0
232.74983471 0.0 0.0
233.36207971 1.0 0.0
233.97432471 0.0 0.0
234.58656971 1.0 1.0
235.19881471 0.0 0.0
235.81105971 1.0 0.0
236.42330471 0.0 0.0
237.03554971 1.0 1.0
237.64779470999997 0.0 0.0
238.26003970999997 1.0 0.0
238.87228470999997 0.0 0.0
239.48452970999998 1.0 1.0
240.09677470999998 0.0 0.0
240.70901970999998 1.0 0.0
241.32126470999998 0.0 0.0
241.93350970999998 1.0 1.0
242.54575470999998 0.0 0.0
243.15799970999998 0.0 0.0
243.77024471 1.0 1.0
244.38248971 0.0 0.0
244.99473471 1.0 0.0
245.60697971 0.0 0.0
246.21922471 1.0 1.0
246.83146971 0.0 0.0
247.44371471 1.0 0.0
248.05595971 0.0 0.0
248.66820470999997 1.0 1.0
249.28044970999997 0.0 0.0
249.89269470999997 1.0 0.0
250.50493970999997 0.0 0.0
251.11718470999998 1.0 1.0
251.72942970999998 0.0 0.0
252.34167470999998 1.0 0.0
252.95391970999998 0.0 0.0
253.56616470999998 1.0 1.0
254.17840970999998 0.0 0.0
254.79065470999998 1.0 0.0
255.40289970999999 0.0 0.0
256.01514470999996 1.0 1.0
256.62738971 0.0 0.0
257.23963470999996 1.0 0.0
257.85187971 0.0 0.0
258.46412470999996 1.0 1.0
259.07636971 0.0 0.0
259.68861470999997 1.0 0.0
260.30085971 0.0 0.0
260.91310470999997 1.0 1.0
261.52534971 0.0 0.0
262.13759471 1.0 0.0
262.74983971 0.0 0.0
263.36208471 1.0 1.0
263.97432971 0.0 0.0
264.58657471 1.0 0.0
265.19881971 0.0 0.0
265.81106471 1.0 1.0
266.42330970999996 0.0 0.0
267.03555471 1.0 0.0
267.64779970999996 0.0 0.0
268.26004471 1.0 1.0
268.87228970999996 0.0 0.0
269.48453471 1.0 0.0
270.09677970999996 0.0 0.0
270.70902471 1.0 1.0
271.32126970999997 0.0 0.0
271.93351471 1.0 0.0
272.54575970999997 0.0 0.0
273.15800471 1.0 1.0
273.77024971 0.0 0.0
274.38249471 1.0 0.0
274.99473971 0.0 0.0
275.60698471 1.0 1.0
276.21922971 0.0 0.0
276.83147471 1.0 0.0
277.44371971 0.0 0.0
278.05596470999996 1.0 1.0
278.66820971 0.0 0.0
279.28045470999996 1.0 0.0
279.89269971 0.0 0.0
280.50494470999996 1.0 1.0
281.11718971 0.0 0.0
281.72943470999996 1.0 0.0
282.34167971 0.0 0.0
282.95392470999997 1.0 1.0
283.56616971 0.0 0.0
284.17841470999997 1.0 0.0
284.79065971 0.0 0.0
285.40290471 1.0 1.0
286.01514971 0.0 0.0
286.62739471 1.0 0.0
287.23963971 0.0 0.0
287.85188471 1.0 1.0
288.46412971 0.0 0.0
289.07637471 1.0 0.0
289.68861970999995 0.0 0.0
290.30086471 1.0 1.0
290.91310970999996 0.0 0.0
291.52535471 1.0 0.0
292.13759970999996 0.0 0.0
292.74984471 1.0 1.0
293.36208970999996 0.0 0.0
293.97433471 1.0 0.0
294.58657970999997 0.0 0.0
295.19882471 1.0 1.0
295.81106970999997 0.0 0.0
296.42331471 1.0 0.0
297.03555971 0.0 0.0
297.64780471 1.0 1.0
298.26004971 0.0 0.0
298.87229471 1.0 0.0
299.48453971 0.0 0.0
300.09678471 1.0 1.0
300.70902971 0.0 0.0
301.32127470999995 1.0 0.0