0.14121925800000004 1.0 1.0
0.872925258 0.0 0.0
1.6046312580000002 1.0 0.0
2.3363372580000004 0.0 0.0
3.068043258 1.0 1.0
3.799749258 0.0 0.0
4.531455258 1.0 0.0
5.263161258 0.0 0.0
5.994867258 1.0 1.0
6.726573257999999 0.0 0.0
7.458279257999999 1.0 0.0
8.189985258 0.0 0.0
8.921691258 1.0 1.0
9.653397258 0.0 0.0
10.385103258 1.0 0.0
11.116809258 0.0 0.0
11.848515258 1.0 1.0
12.580221258000002 0.0 0.0
13.311927258000003 1.0 0.0
14.043633258000002 0.0 0.0
14.775339258000002 1.0 1.0
15.507045258000003 0.0 0.0
16.238751258000004 1.0 0.0
16.970457258000003 0.0 0.0
17.702163258000002 1.0 1.0
18.433869258 0.0 0.0
19.165575258000004 1.0 0.0
19.897281258000003 0.0 0.0
20.628987258000002 1.0 1.0
21.360693258 0.0 0.0
22.092399258000004 1.0 0.0
22.824105258000003 0.0 0.0
23.555811258 1.0 1.0
24.287517258 0.0 0.0
25.019223258 1.0 0.0
25.750929258 0.0 0.0
26.482635258 1.0 1.0
27.214341258 0.0 0.0
27.946047258 1.0 0.0
28.677753258 0.0 0.0
29.409459258000002 1.0 1.0
30.141165258 0.0 0.0
30.872871258 1.0 0.0
31.604577258 0.0 0.0
32.336283258 1.0 1.0
33.067989258 0.0 0.0
33.799695258 1.0 0.0
34.531401258 0.0 0.0
35.263107258 1.0 1.0
35.994813258 0.0 0.0
36.726519258 1.0 1.0
37.458225258 0.0 0.0
38.189931258 1.0 0.0
38.921637258000004 0.0 0.0
39.653343258 1.0 1.0
40.385049258 0.0 0.0
41.116755258 1.0 0.0
41.848461258 0.0 0.0
42.580167258 1.0 1.0
43.311873258 0.0 0.0
44.043579258 1.0 0.0
44.775285258000004 0.0 0.0
45.506991258 1.0 1.0
46.238697258 0.0 0.0
46.970403258 1.0 0.0
47.702109258 0.0 0.0
48.433815258 1.0 1.0
49.165521258 0.0 0.0
49.897227258 1.0 0.0
50.628933258 0.0 0.0
51.360639258 1.0 1.0
52.092345258 0.0 0.0
52.824051258000004 1.0 0.0
53.555757258 0.0 0.0
54.287463258 1.0 1.0
55.019169258 0.0 0.0
55.750875258 1.0 0.0
56.482581258 0.0 0.0
57.214287258 1.0 1.0
57.945993258 0.0 0.0
58.677699258000004 1.0 0.0
59.409405258 0.0 0.0
60.141111258 1.0 1.0
60.872817258000005 0.0 0.0
61.604523258 1.0 0.0
62.336229258 0.0 0.0
63.067935258 1.0 1.0
63.799641258 0.0 0.0
64.531347258 1.0 0.0
65.263053258 0.0 0.0
65.994759258 1.0 1.0
66.726465258 0.0 0.0
67.45817125800001 1.0 0.0
68.189877258 0.0 0.0
68.921583258 1.0 1.0
69.653289258 0.0 0.0
70.384995258 1.0 0.0
71.116701258 0.0 0.0
71.84840725800001 1.0 1.0
72.580113258 0.0 0.0
73.311819258 1.0 1.0
74.043525258 0.0 0.0
74.775231258 1.0 0.0
75.50693725800001 0.0 0.0
76.238643258 1.0 1.0
76.970349258 0.0 0.0
77.702055258 1.0 0.0
78.433761258 0.0 0.0
79.165467258 1.0 1.0
79.897173258 0.0 0.0
80.628879258 1.0 0.0
81.360585258 0.0 0.0
82.092291258 1.0 1.0
82.823997258 0.0 0.0
83.55570325800001 1.0 0.0
84.287409258 0.0 0.0
85.019115258 1.0 1.0
85.750821258 0.0 0.0
86.482527258 1.0 0.0
87.21423325800001 0.0 0.0
87.945939258 1.0 1.0
88.677645258 0.0 0.0
89.409351258 1.0 0.0
90.141057258 0.0 0.0
90.872763258 1.0 1.0
91.60446925800001 0.0 0.0
92.336175258 1.0 0.0
93.067881258 0.0 0.0
93.79958725800002 1.0 1.0
94.53129325800002 0.0 0.0
95.26299925800001 1.0 0.0
95.99470525800001 0.0 0.0
96.72641125800001 1.0 1.0
97.45811725800002 0.0 0.0
98.18982325800002 1.0 0.0
98.92152925800002 0.0 0.0
99.65323525800001 1.0 1.0
100.384941258 0.0 0.0
101.116647258 1.0 0.0
101.848353258 0.0 0.0
102.580059258 1.0 1.0
103.31176525800001 0.0 0.0
104.043471258 1.0 0.0
104.775177258 0.0 0.0
105.506883258 1.0 1.0
106.238589258 0.0 0.0
106.97029525800001 1.0 0.0
107.70200125800001 0.0 0.0
108.433707258 1.0 1.0
109.165413258 0.0 0.0
109.897119258 1.0 0.0
110.628825258 0.0 0.0
111.36053125800001 1.0 1.0
112.092237258 0.0 0.0
112.823943258 1.0 0.0
113.555649258 0.0 0.0
114.287355258 1.0 1.0
115.01906125800001 0.0 0.0
115.75076725800001 1.0 0.0
116.482473258 0.0 0.0
117.214179258 1.0 1.0
117.945885258 0.0 0.0
118.677591258 1.0 0.0
119.40929725800001 0.0 0.0
120.141003258 1.0 1.0
120.872709258 0.0 0.0
121.604415258 1.0 0.0
122.336121258 0.0 0.0
123.06782725800001 1.0 1.0
123.79953325800001 0.0 0.0
124.531239258 1.0 0.0
125.262945258 0.0 0.0
125.994651258 1.0 1.0
126.72635725800001 0.0 0.0
127.45806325800001 1.0 0.0
128.189769258 0.0 0.0
128.92147525800002 1.0 1.0
129.65318125800002 0.0 0.0
130.384887258 1.0 0.0
131.116593258 0.0 0.0
131.848299258 1.0 1.0
132.580005258 0.0 0.0
133.311711258 1.0 0.0
134.043417258 0.0 0.0
134.775123258 1.0 1.0
135.506829258 0.0 0.0
136.238535258 1.0 0.0
136.97024125800002 0.0 0.0
137.70194725800002 1.0 1.0
138.433653258 0.0 0.0
139.165359258 1.0 0.0
139.897065258 0.0 0.0
140.628771258 1.0 1.0
141.360477258 0.0 0.0
142.092183258 1.0 0.0
142.823889258 0.0 0.0
143.555595258 1.0 1.0
144.287301258 0.0 0.0
145.01900725800002 1.0 0.0
145.75071325800002 0.0 0.0
146.482419258 1.0 1.0
147.214125258 0.0 0.0
147.945831258 1.0 0.0
148.677537258 0.0 0.0
149.409243258 1.0 1.0
150.140949258 0.0 0.0
150.872655258 1.0 0.0
151.604361258 0.0 0.0
152.336067258 1.0 1.0
153.06777325800002 0.0 0.0
153.799479258 1.0 0.0
154.531185258 0.0 0.0
155.262891258 1.0 1.0
155.994597258 0.0 0.0
156.726303258 1.0 0.0
157.458009258 0.0 0.0
158.189715258 1.0 1.0
158.921421258 0.0 0.0
159.653127258 1.0 0.0
160.38483325800001 0.0 0.0
161.11653925800002 1.0 1.0
161.848245258 0.0 0.0
162.579951258 1.0 0.0
163.311657258 0.0 0.0
164.043363258 1.0 1.0
164.775069258 0.0 0.0
165.506775258 1.0 0.0
166.238481258 0.0 0.0
166.970187258 1.0 1.0
167.701893258 0.0 0.0
168.43359925800002 1.0 0.0
169.16530525800002 0.0 0.0
169.897011258 1.0 1.0
170.628717258 0.0 0.0
171.360423258 1.0 0.0
172.092129258 0.0 0.0
172.823835258 1.0 1.0
173.555541258 0.0 0.0
174.287247258 1.0 0.0
175.018953258 0.0 0.0
175.750659258 1.0 1.0
176.48236525800002 0.0 0.0
177.21407125800002 1.0 0.0
177.945777258 0.0 0.0
178.677483258 1.0 1.0
179.409189258 0.0 0.0
180.140895258 1.0 0.0
180.872601258 0.0 0.0
181.604307258 1.0 1.0
182.336013258 0.0 0.0
183.067719258 1.0 0.0
183.799425258 0.0 0.0
184.53113125800002 1.0 1.0
185.26283725800002 0.0 0.0
185.994543258 1.0 0.0
186.726249258 0.0 0.0
187.457955258 1.0 1.0
188.18966125799997 0.0 0.0
188.92136725799998 1.0 0.0
189.65307325799998 0.0 0.0
190.38477925799998 1.0 1.0
191.11648525799998 0.0 0.0
191.84819125799999 1.0 0.0
192.579897258 0.0 0.0
193.311603258 1.0 1.0
194.043309258 0.0 0.0
194.775015258 1.0 0.0
195.50672125799997 0.0 0.0
196.23842725799997 1.0 1.0
196.97013325799998 0.0 0.0
197.70183925799998 1.0 0.0
198.43354525799998 0.0 0.0
199.16525125799998 1.0 1.0
199.896957258 0.0 0.0
200.628663258 1.0 0.0
201.360369258 0.0 0.0
202.092075258 1.0 1.0
202.823781258 0.0 0.0
203.55548725799997 1.0 0.0
204.28719325799997 0.0 0.0
205.01889925799998 1.0 1.0
205.75060525799998 0.0 0.0
206.48231125799998 1.0 0.0
207.21401725799998 0.0 0.0
207.945723258 1.0 1.0
208.677429258 0.0 0.0
209.409135258 1.0 0.0
210.140841258 0.0 0.0
210.872547258 1.0 1.0
211.60425325799997 0.0 0.0
212.33595925799997 1.0 0.0
213.06766525799998 0.0 0.0
213.79937125799998 1.0 1.0
214.53107725799998 0.0 0.0
215.26278325799998 1.0 0.0
215.994489258 0.0 0.0
216.726195258 1.0 1.0
217.457901258 0.0 0.0
218.189607258 1.0 0.0
218.921313258 0.0 0.0
219.65301925799997 1.0 1.0
220.38472525799997 0.0 0.0
221.11643125799998 1.0 0.0
221.84813725799998 0.0 0.0
222.57984325799998 1.0 1.0
223.31154925799999 0.0 0.0
224.043255258 1.0 0.0
224.774961258 0.0 0.0
225.506667258 1.0 1.0
226.238373258 0.0 0.0
226.970079258 1.0 0.0
227.70178525799997 0.0 0.0
228.43349125799998 1.0 1.0
229.16519725799998 0.0 0.0
229.89690325799998 1.0 0.0
230.62860925799998 0.0 0.0
231.36031525799999 1.0 1.0
232.092021258 0.0 0.0
232.823727258 1.0 0.0
233.555433258 0.0 0.0
234.287139258 1.0 1.0
235.018845258 0.0 0.0
235.75055125799997 1.0 0.0
236.48225725799998 0.0 0.0
237.21396325799998 1.0 1.0
237.94566925799998 0.0 0.0
238.67737525799998 1.0 0.0
239.409081258 0.0 0.0
240.140787258 1.0 1.0
240.872493258 0.0 0.0
241.604199258 1.0 0.0
242.335905258 0.0 0.0
243.067611258 1.0 1.0
243.79931725799997 0.0 0.0
244.53102325799998 1.0 0.0
245.26272925799998 0.0 0.0
245.99443525799998 1.0 1.0
246.72614125799998 0.0 0.0
247.457847258 1.0 0.0
248.189553258 0.0 0.0
248.921259258 1.0 1.0
249.652965258 0.0 0.0
250.384671258 1.0 0.0
251.116377258 0.0 0.0
251.84808325799997 1.0 1.0
252.57978925799998 0.0 0.0
253.31149525799998 1.0 0.0
254.04320125799998 0.0 0.0
254.77490725799998 1.0 1.0
255.506613258 0.0 0.0
256.238319258 1.0 0.0
256.97002525799996 0.0 0.0
257.701731258 1.0 1.0
258.43343725799997 0.0 0.0
259.165143258 1.0 0.0
259.896849258 0.0 0.0
260.628555258 1.0 1.0
261.360261258 0.0 0.0
262.091967258 1.0 0.0
262.823673258 0.0 0.0
263.55537925799996 1.0 1.0
264.287085258 0.0 0.0
265.01879125799996 1.0 0.0
265.750497258 0.0 0.0
266.48220325799997 1.0 1.0
267.213909258 0.0 0.0
267.945615258 1.0 0.0
268.677321258 0.0 0.0
269.409027258 1.0 1.0
270.140733258 0.0 0.0
270.872439258 1.0 0.0
271.60414525799996 0.0 0.0
272.335851258 1.0 1.0
273.06755725799997 0.0 0.0
273.799263258 1.0 0.0
274.53096925799997 0.0 0.0
275.262675258 1.0 1.0
275.994381258 0.0 0.0
276.726087258 1.0 0.0
277.457793258 0.0 0.0
278.189499258 1.0 1.0
278.921205258 0.0 0.0
279.65291125799996 1.0 0.0
280.384617258 0.0 0.0
281.11632325799997 1.0 1.0
281.848029258 0.0 0.0
282.57973525799997 1.0 0.0
283.311441258 0.0 0.0
284.043147258 1.0 1.0
284.774853258 0.0 0.0
285.506559258 1.0 0.0
286.238265258 0.0 0.0
286.969971258 1.0 1.0
287.70167725799996 0.0 0.0
288.433383258 1.0 0.0
289.16508925799997 0.0 0.0
289.896795258 1.0 1.0
290.628501258 0.0 0.0
291.360207258 1.0 0.0
292.091913258 0.0 0.0
292.823619258 1.0 1.0
293.555325258 0.0 0.0
294.287031258 1.0 0.0
295.018737258 0.0 0.0
295.75044325799996 1.0 1.0
296.482149258 0.0 0.0
297.21385525799997 1.0 0.0
297.945561258 0.0 0.0
298.677267258 1.0 1.0
299.408973258 0.0 0.0
300.140679258 1.0 0.0
300.872385258 0.0 0.0
301.604091258 1.0 1.0
302.335797258 0.0 0.0
303.067503258 1.0 0.0
303.79920925799996 0.0 0.0
304.530915258 1.0 1.0
305.26262125799997 0.0 0.0
305.994327258 1.0 0.0
306.726033258 0.0 0.0
307.457739258 1.0 1.0
308.189445258 0.0 0.0
308.921151258 1.0 0.0
309.652857258 0.0 0.0
310.384563258 1.0 1.0
311.116269258 0.0 0.0
311.84797525799996 1.0 0.0
312.579681258 0.0 0.0
313.31138725799997 1.0 1.0
314.043093258 0.0 0.0
314.774799258 1.0 0.0
315.506505258 0.0 0.0
316.238211258 1.0 0.0
316.969917258 0.0 0.0
317.701623258 1.0 1.0
318.433329258 0.0 0.0
319.165035258 1.0 0.0
319.89674125799996 0.0 0.0