0.890625 0.0 0.0
1.828125 1.0 1.0
2.765625 0.0 0.0
3.703125 1.0 0.0
4.640625 0.0 0.0
5.578125 1.0 1.0
6.515625 0.0 0.0
7.453125 1.0 0.0
8.390625 0.0 0.0
9.328125 1.0 1.0
10.265625 0.0 0.0
11.203125 1.0 0.0
12.140625 0.0 0.0
13.078125 1.0 1.0
14.015625 0.0 0.0
14.953125 1.0 0.0
15.890625 0.0 0.0
16.828125 1.0 1.0
17.765625 0.0 0.0
18.703125 1.0 0.0
19.640625 0.0 0.0
20.578125 1.0 1.0
21.515625 0.0 0.0
22.453125 1.0 0.0
23.390625 0.0 0.0
24.328125 1.0 1.0
25.265625 0.0 0.0
26.203125 1.0 0.0
27.140625 0.0 0.0
28.078125 1.0 1.0
29.005918177083334 0.0 0.0
29.92899317708333 1.0 0.0
30.852068177083336 0.0 0.0
31.775143177083336 1.0 1.0
32.698218177083334 0.0 0.0
33.62129317708334 1.0 0.0
34.544368177083335 0.0 0.0
35.46744317708334 1.0 1.0
36.404041614583335 0.0 0.0
37.341541614583335 1.0 0.0
38.279041614583335 0.0 0.0
39.216541614583335 1.0 1.0
40.154041614583335 0.0 0.0
41.091541614583335 1.0 0.0
42.029041614583335 0.0 0.0
42.966541614583335 1.0 1.0
43.904041614583335 0.0 0.0
44.841541614583335 1.0 0.0
45.779041614583335 0.0 0.0
46.716541614583335 1.0 1.0
47.654041614583335 0.0 0.0
48.591541614583335 1.0 0.0
49.529041614583335 0.0 0.0
50.466541614583335 1.0 1.0
51.404041614583335 0.0 0.0
52.341541614583335 1.0 0.0
53.279041614583335 0.0 0.0
54.216541614583335 1.0 1.0
55.154041614583335 0.0 0.0
56.091541614583335 1.0 0.0
57.029041614583335 0.0 0.0
57.966541614583335 1.0 1.0
58.904041614583335 0.0 0.0
59.841541614583335 1.0 0.0
60.779041614583335 0.0 0.0
61.716541614583335 1.0 1.0
62.654041614583335 0.0 0.0
63.591541614583335 1.0 0.0
64.52904161458333 0.0 0.0
65.46654161458333 1.0 1.0
66.40404161458333 0.0 0.0
67.34154161458333 1.0 0.0
68.27904161458333 0.0 0.0
69.21654161458333 1.0 1.0
70.15404161458333 0.0 0.0
71.09154161458333 1.0 0.0
72.02904161458333 0.0 0.0
72.96654161458333 1.0 1.0
73.90404161458333 0.0 0.0
74.84154161458333 1.0 0.0
75.77904161458333 0.0 0.0
76.71654161458333 1.0 1.0
77.65404161458333 0.0 0.0
78.59154161458333 1.0 0.0
79.52904161458333 0.0 0.0
80.46654161458333 1.0 1.0
81.40404161458333 0.0 0.0
82.34154161458333 1.0 0.0
83.27904161458333 0.0 0.0
84.21654161458333 1.0 1.0
85.15404161458333 0.0 0.0
86.09154161458333 1.0 0.0
87.02904161458333 0.0 0.0
87.96654161458333 1.0 1.0
88.90404161458333 0.0 0.0
89.84154161458333 1.0 0.0
90.77904161458333 0.0 0.0
91.71654161458333 1.0 1.0
92.65404161458333 0.0 0.0
93.59154161458333 1.0 0.0
94.52904161458333 0.0 0.0
95.46654161458333 1.0 1.0
96.40404161458333 0.0 0.0
97.34154161458333 1.0 0.0
98.27904161458333 0.0 0.0
99.21654161458333 1.0 1.0
100.15404161458333 0.0 0.0
101.09154161458333 1.0 0.0
102.02904161458333 0.0 0.0
102.96654161458333 1.0 1.0
103.90404161458333 0.0 0.0
104.84154161458333 1.0 0.0
105.77904161458333 0.0 0.0
106.71654161458333 1.0 1.0
107.65404161458333 0.0 0.0
108.59154161458333 1.0 0.0
109.52904161458333 0.0 0.0
110.46654161458333 1.0 1.0
111.40404161458333 0.0 0.0
112.34154161458333 1.0 0.0
113.27904161458333 0.0 0.0
114.21654161458333 1.0 1.0
115.15404161458333 0.0 0.0
116.09154161458333 1.0 0.0
117.02904161458333 0.0 0.0
117.96654161458333 1.0 1.0
118.90404161458333 0.0 0.0
119.84154161458333 1.0 0.0
120.77904161458332 0.0 0.0
121.71654161458332 1.0 1.0
122.65404161458332 0.0 0.0
123.59154161458332 1.0 0.0
124.52904161458332 0.0 0.0
125.46654161458332 1.0 1.0
126.40404161458332 0.0 0.0
127.34154161458332 0.0 0.0
128.27904161458332 1.0 1.0
129.21654161458332 0.0 0.0
130.15404161458332 1.0 0.0
131.09154161458332 0.0 0.0
132.02904161458332 1.0 1.0
132.96654161458332 0.0 0.0
133.90404161458332 1.0 0.0
134.84154161458332 0.0 0.0
135.77904161458332 1.0 1.0
136.71654161458332 0.0 0.0
137.65404161458332 1.0 0.0
138.59154161458332 0.0 0.0
139.52904161458332 1.0 1.0
140.46654161458332 0.0 0.0
141.40404161458332 1.0 0.0
142.34154161458332 0.0 0.0
143.27904161458332 1.0 1.0
144.21654161458332 0.0 0.0
145.15404161458332 1.0 0.0
146.09154161458332 0.0 0.0
147.02904161458332 1.0 1.0
147.96654161458332 0.0 0.0
148.90404161458332 1.0 0.0
149.84154161458332 0.0 0.0
150.77904161458332 1.0 1.0
151.71654161458332 0.0 0.0
152.65404161458332 1.0 0.0
153.59154161458332 0.0 0.0
154.52904161458332 1.0 1.0
155.46654161458332 0.0 0.0
156.40404161458332 1.0 0.0
157.34154161458332 0.0 0.0
158.27904161458332 1.0 1.0
159.21654161458332 0.0 0.0
160.15404161458332 1.0 0.0
161.09154161458332 0.0 0.0
162.02904161458332 1.0 1.0
162.96654161458332 0.0 0.0
163.90404161458332 1.0 0.0
164.84154161458332 0.0 0.0
165.77904161458332 1.0 1.0
166.71654161458332 0.0 0.0
167.65404161458332 1.0 0.0
168.59154161458332 0.0 0.0
169.52904161458332 1.0 1.0
170.46654161458332 0.0 0.0
171.40404161458332 1.0 0.0
172.34154161458332 0.0 0.0
173.27904161458332 1.0 1.0
174.21654161458332 0.0 0.0
175.15404161458332 1.0 0.0
176.09154161458332 0.0 0.0
177.02904161458332 1.0 1.0
177.96654161458332 0.0 0.0
178.90404161458332 1.0 0.0
179.84154161458332 0.0 0.0
180.77904161458332 1.0 1.0
181.71654161458332 0.0 0.0
182.65404161458332 1.0 0.0
183.59154161458332 0.0 0.0
184.52904161458332 1.0 1.0
185.46654161458332 0.0 0.0
186.40404161458332 1.0 0.0
187.34154161458332 0.0 0.0
188.27904161458332 1.0 1.0
189.21654161458332 0.0 0.0
190.15404161458332 1.0 0.0
191.09154161458332 0.0 0.0
192.02904161458332 1.0 1.0
192.96654161458332 0.0 0.0
193.90404161458332 1.0 0.0
194.84154161458332 0.0 0.0
195.77904161458332 1.0 1.0
196.71654161458332 0.0 0.0
197.65404161458332 1.0 0.0
198.59154161458332 0.0 0.0
199.52904161458332 1.0 1.0
200.46654161458332 0.0 0.0
201.40404161458332 1.0 0.0
202.34154161458332 0.0 0.0
203.27904161458332 1.0 1.0
204.21654161458332 0.0 0.0
205.15404161458332 1.0 0.0
206.09154161458332 0.0 0.0
207.02904161458332 1.0 1.0
207.96654161458332 0.0 0.0
208.90404161458332 1.0 0.0
209.84154161458332 0.0 0.0
210.77904161458332 1.0 1.0
211.71654161458332 0.0 0.0
212.65404161458332 1.0 0.0
213.59154161458332 0.0 0.0
214.52904161458332 1.0 1.0
215.46654161458332 0.0 0.0
216.40404161458332 1.0 0.0
217.34154161458332 0.0 0.0
218.27904161458332 1.0 1.0
219.21654161458332 0.0 0.0
220.15404161458332 1.0 0.0
221.09154161458332 0.0 0.0
222.02904161458332 1.0 1.0
222.96654161458332 0.0 0.0
223.90404161458332 1.0 0.0
224.84154161458332 0.0 0.0
225.77904161458332 1.0 1.0
226.71654161458332 0.0 0.0
227.65404161458332 1.0 0.0
228.59154161458332 0.0 0.0
229.52904161458332 1.0 1.0
230.46654161458332 0.0 0.0
231.40404161458332 1.0 0.0
232.34154161458332 0.0 0.0
233.27904161458332 1.0 1.0
234.21654161458332 0.0 0.0
235.15404161458332 1.0 0.0
236.09154161458332 0.0 0.0
237.02904161458332 1.0 1.0
237.96654161458332 0.0 0.0
238.90404161458332 1.0 0.0
239.84154161458332 0.0 0.0
240.77904161458332 1.0 1.0
241.71654161458332 0.0 0.0
242.65404161458332 1.0 0.0
243.59154161458332 0.0 0.0
244.52904161458332 1.0 1.0
245.46654161458332 0.0 0.0
246.40404161458332 1.0 0.0
247.34154161458332 0.0 0.0
248.27904161458332 1.0 1.0
249.21654161458332 0.0 0.0
250.15404161458332 1.0 0.0
251.09154161458332 0.0 0.0
252.02904161458332 1.0 1.0
252.96654161458332 0.0 0.0
253.90404161458332 1.0 0.0
254.84154161458332 0.0 0.0
255.77904161458332 1.0 1.0
256.7165416145833 0.0 0.0
257.6540416145833 1.0 0.0
258.5915416145833 0.0 0.0
259.5290416145833 1.0 1.0
260.4665416145833 0.0 0.0
261.4040416145833 1.0 0.0
262.3415416145833 0.0 0.0
263.2790416145833 1.0 1.0
264.2165416145833 0.0 0.0
265.1540416145833 1.0 0.0
266.0915416145833 0.0 0.0
267.0290416145833 1.0 1.0
267.9665416145833 0.0 0.0
268.9040416145833 1.0 0.0
269.8415416145833 0.0 0.0
270.7790416145833 1.0 1.0
271.7165416145833 0.0 0.0
272.6540416145833 1.0 0.0
273.5915416145833 0.0 0.0
274.5290416145833 1.0 1.0
275.4665416145833 0.0 0.0
276.4040416145833 1.0 0.0
277.3415416145833 0.0 0.0
278.2790416145833 1.0 1.0
279.2165416145833 0.0 0.0
280.1540416145833 1.0 0.0
281.0915416145833 0.0 0.0
282.0290416145833 1.0 1.0
282.9665416145833 0.0 0.0
283.9040416145833 1.0 0.0
284.8415416145833 0.0 0.0
285.7790416145833 1.0 1.0
286.7165416145833 0.0 0.0
287.6540416145833 1.0 0.0