0.25 1.0 1.0
1.25 0.0 0.0
2.25 1.0 0.0
3.25 0.0 0.0
4.25 1.0 1.0
5.25 0.0 0.0
6.25 1.0 0.0
7.25 0.0 0.0
8.25 1.0 1.0
9.25 0.0 0.0
10.25 1.0 0.0
11.25 0.0 0.0
12.25 1.0 1.0
13.25 0.0 0.0
14.25 1.0 0.0
15.25 0.0 0.0
16.25 1.0 1.0
17.25 0.0 0.0
18.25 1.0 0.0
19.25 0.0 0.0
20.25 1.0 1.0
21.25 0.0 0.0
22.25 1.0 0.0
23.25 0.0 0.0
24.25 1.0 1.0
25.25 0.0 0.0
26.25 1.0 0.0
27.25 0.0 0.0
28.25 1.0 1.0
29.25 0.0 0.0
30.25 1.0 0.0
31.25 0.0 0.0
32.25 1.0 1.0
33.25 0.0 0.0
34.25 1.0 0.0
35.25 0.0 0.0
36.25 1.0 1.0
37.25 0.0 0.0
38.25 1.0 0.0
39.25 0.0 0.0
40.25 1.0 1.0
41.25 0.0 0.0
42.25 1.0 0.0
43.25 0.0 0.0
44.25 1.0 1.0
45.25 0.0 0.0
46.25 1.0 0.0
47.25 0.0 0.0
48.25 1.0 1.0
49.25 0.0 0.0
50.25 1.0 1.0
51.25 0.0 0.0
52.25 1.0 0.0
53.25 0.0 0.0
54.25 1.0 1.0
55.25 0.0 0.0
56.25 1.0 0.0
57.25 0.0 0.0
58.25 1.0 1.0
59.25 0.0 0.0
60.25 1.0 0.0
61.25 0.0 0.0
62.25 1.0 1.0
63.25 0.0 0.0
64.25 1.0 0.0
65.25 0.0 0.0
66.25 1.0 1.0
67.25 0.0 0.0
68.25 1.0 0.0
69.25 0.0 0.0
70.25 1.0 1.0
71.25 0.0 0.0
72.25 1.0 0.0
73.25 0.0 0.0
74.25 1.0 1.0
75.25 0.0 0.0
76.25 1.0 0.0
77.25 0.0 0.0
78.25 1.0 1.0
79.25 0.0 0.0
80.25 1.0 0.0
81.25 0.0 0.0
82.247934 1.0 1.0
83.23967 0.0 0.0
84.231406 1.0 0.0
85.223142 0.0 0.0
86.214878 1.0 1.0
87.206614 0.0 0.0
88.19835 1.0 0.0
89.19008600000001 0.0 0.0
90.183888 1.0 1.0
91.183888 0.0 0.0
92.183888 1.0 0.0
93.183888 0.0 0.0
94.183888 1.0 1.0
95.183888 0.0 0.0
96.183888 1.0 0.0
97.183888 0.0 0.0
98.183888 1.0 1.0
99.183888 0.0 0.0
100.183888 1.0 0.0
101.183888 0.0 0.0
102.183888 1.0 1.0
103.183888 0.0 0.0
104.183888 1.0 0.0
105.183888 0.0 0.0
106.183888 1.0 1.0
107.183888 0.0 0.0
108.183888 1.0 0.0
109.183888 0.0 0.0
110.183888 1.0 1.0
111.183888 0.0 0.0
112.183888 1.0 0.0
113.183888 0.0 0.0
114.183888 1.0 1.0
115.183888 0.0 0.0
116.183888 1.0 0.0
117.183888 0.0 0.0
118.183888 1.0 1.0
119.183888 0.0 0.0
120.183888 1.0 0.0
121.183888 0.0 0.0
122.183888 1.0 1.0
123.183888 0.0 0.0
124.183888 1.0 0.0
125.183888 0.0 0.0
126.184724 1.0 1.0
127.188068 0.0 0.0
128.19141199999999 1.0 0.0
129.19475599999998 0.0 0.0
130.19809999999998 1.0 1.0
131.201444 0.0 0.0
132.204788 1.0 0.0
133.208132 0.0 0.0
134.211476 1.0 1.0
135.21482 0.0 0.0
136.218164 1.0 0.0
137.220672 0.0 0.0
138.220672 1.0 1.0
139.220672 0.0 0.0
140.220672 1.0 0.0
141.220672 0.0 0.0
142.220672 1.0 1.0
143.220672 0.0 0.0
144.220672 1.0 0.0
145.220672 0.0 0.0
146.220672 1.0 1.0
147.220672 0.0 0.0
148.220672 1.0 0.0
149.220672 0.0 0.0
150.220672 1.0 1.0
151.220672 0.0 0.0
152.220672 1.0 0.0
153.220672 0.0 0.0
154.220672 1.0 1.0
155.220672 0.0 0.0
156.220672 1.0 0.0
157.220672 0.0 0.0
158.220672 1.0 1.0
159.220672 0.0 0.0
160.220672 1.0 0.0
161.220672 0.0 0.0
162.220672 1.0 1.0
163.220672 0.0 0.0
164.220672 1.0 0.0
165.220672 0.0 0.0
166.220672 1.0 1.0
167.220672 0.0 0.0
168.220672 1.0 0.0
169.220672 0.0 0.0
170.220672 1.0 1.0
171.220672 0.0 0.0
172.220672 1.0 0.0
173.220672 0.0 0.0
174.220672 1.0 1.0
175.220672 0.0 0.0
176.220672 1.0 0.0
177.220672 0.0 0.0
178.220672 1.0 1.0
179.220672 0.0 0.0
180.220672 1.0 0.0
181.220672 0.0 0.0
182.220672 1.0 1.0
183.220672 0.0 0.0
184.220672 1.0 0.0
185.220672 0.0 0.0
186.220672 1.0 1.0
187.220672 0.0 0.0
188.220672 1.0 0.0
189.220672 0.0 0.0
190.220672 1.0 1.0
191.220672 0.0 0.0
192.220672 1.0 0.0
193.220672 0.0 0.0
194.220672 1.0 1.0
195.220672 0.0 0.0
196.220672 1.0 0.0
197.220672 0.0 0.0
198.220672 1.0 1.0
199.220672 0.0 0.0
200.220672 1.0 1.0
201.220672 0.0 0.0
202.220672 1.0 0.0
203.220672 0.0 0.0
204.220672 1.0 1.0
205.220672 0.0 0.0
206.220672 1.0 0.0
207.220672 0.0 0.0
208.220672 1.0 1.0
209.220672 0.0 0.0
210.220672 1.0 0.0
211.220672 0.0 0.0
212.220672 1.0 1.0
213.220672 0.0 0.0
214.220672 1.0 0.0
215.220672 0.0 0.0
216.220672 1.0 1.0
217.220672 0.0 0.0
218.220672 1.0 0.0
219.220672 0.0 0.0
220.220672 1.0 1.0
221.220672 0.0 0.0
222.220672 1.0 0.0
223.220672 0.0 0.0
224.220672 1.0 1.0
225.220672 0.0 0.0
226.220672 1.0 0.0
227.220672 0.0 0.0
228.220672 1.0 1.0
229.220672 0.0 0.0
230.220672 1.0 0.0
231.220672 0.0 0.0
232.220672 1.0 1.0
233.220672 0.0 0.0
234.220672 1.0 0.0
235.220672 0.0 0.0
236.220672 1.0 1.0
237.220672 0.0 0.0
238.220672 1.0 0.0
239.220672 0.0 0.0
240.220672 1.0 1.0
241.220672 0.0 0.0
242.220672 1.0 0.0
243.220672 0.0 0.0
244.220672 1.0 1.0
245.220672 0.0 0.0
246.220672 1.0 0.0
247.220672 0.0 0.0
248.220672 1.0 1.0
249.220672 0.0 0.0
250.220672 1.0 1.0
251.220672 0.0 0.0
252.220672 1.0 0.0
253.220672 0.0 0.0
254.220672 1.0 1.0
255.220672 0.0 0.0
256.22067200000004 1.0 0.0
257.22067200000004 0.0 0.0
258.22067200000004 1.0 1.0
259.22067200000004 0.0 0.0
260.22067200000004 1.0 0.0
261.22067200000004 0.0 0.0
262.22067200000004 1.0 1.0
263.22067200000004 0.0 0.0
264.22067200000004 1.0 0.0
265.22067200000004 0.0 0.0
266.22067200000004 1.0 1.0
267.22067200000004 0.0 0.0
268.22067200000004 1.0 0.0
269.22067200000004 0.0 0.0
270.22067200000004 1.0 1.0
271.22067200000004 0.0 0.0
272.22067200000004 1.0 0.0
273.22067200000004 0.0 0.0
274.22067200000004 1.0 1.0
275.22067200000004 0.0 0.0
276.22067200000004 1.0 0.0
277.22067200000004 0.0 0.0
278.22067200000004 1.0 1.0
279.22067200000004 0.0 0.0
280.22067200000004 1.0 0.0
281.22067200000004 0.0 0.0
282.22067200000004 1.0 1.0
283.22067200000004 0.0 0.0
284.22067200000004 1.0 0.0
285.22067200000004 0.0 0.0
286.22067200000004 1.0 1.0
287.22067200000004 0.0 0.0
288.22067200000004 1.0 0.0
289.22067200000004 0.0 0.0
290.22067200000004 1.0 1.0
291.22067200000004 0.0 0.0
292.22067200000004 1.0 0.0
293.22067200000004 0.0 0.0
294.22067200000004 1.0 1.0
295.22067200000004 0.0 0.0
296.22067200000004 1.0 0.0
297.22067200000004 0.0 0.0
298.22067200000004 1.0 1.0
299.22067200000004 0.0 0.0
300.22067200000004 1.0 0.0
301.22067200000004 0.0 0.0
302.22067200000004 1.0 0.0
303.22067200000004 0.0 0.0