0.04533322000000004 0.0 0.0
0.71199822 1.0 0.0
1.3786632200000002 0.0 0.0
2.0453282200000005 1.0 1.0
2.71199322 0.0 0.0
3.37865822 1.0 0.0
4.04532322 0.0 0.0
4.71198822 1.0 1.0
5.37865322 0.0 0.0
6.0453182199999995 1.0 0.0
6.71198322 0.0 0.0
7.37864822 1.0 1.0
8.04531322 0.0 0.0
8.71197822 1.0 0.0
9.37864322 0.0 0.0
10.04530822 1.0 1.0
10.71197322 0.0 0.0
11.378638220000003 1.0 0.0
12.045303220000003 0.0 0.0
12.711968220000003 1.0 0.0
13.378633220000003 0.0 0.0
14.045298220000003 1.0 1.0
14.711963220000003 0.0 0.0
15.378628220000003 1.0 0.0
16.04529322 0.0 0.0
16.711958220000003 1.0 1.0
17.37862322 0.0 0.0
18.045288220000003 0.0 0.0
18.71195322 1.0 0.0
19.378618220000003 0.0 0.0
20.04528322 1.0 1.0
20.711948220000004 0.0 0.0
21.378613220000002 1.0 0.0
22.04527822 0.0 0.0
22.711943220000002 1.0 1.0
23.37860822 0.0 0.0
24.045273220000002 1.0 0.0
24.71193822 0.0 0.0
25.378603220000002 1.0 1.0
26.04526822 0.0 0.0
26.711933220000002 1.0 0.0
27.37859822 0.0 0.0
28.045263220000002 1.0 1.0
28.71192822 0.0 0.0
29.378593220000003 1.0 0.0
30.04525822 0.0 0.0
30.711923220000003 1.0 1.0
31.37858822 0.0 0.0
32.04525322 1.0 0.0
32.71191822 0.0 0.0
33.37858322 1.0 1.0
34.045248220000005 0.0 0.0
34.71191322 1.0 0.0
35.37857822 0.0 0.0
36.04524322 1.0 1.0
36.711908220000005 0.0 0.0
37.37857322 1.0 0.0
38.04523822 0.0 0.0
38.71190322 1.0 1.0
39.378568220000005 0.0 0.0
40.04523322 1.0 0.0
40.71189822 0.0 0.0
41.378563220000004 1.0 1.0
42.045228220000006 0.0 0.0
42.71189322 1.0 0.0
43.37855822 0.0 0.0
44.045223220000004 1.0 1.0
44.711888220000006 0.0 0.0
45.37855322 1.0 0.0
46.04521822 0.0 0.0
46.711883220000004 1.0 1.0
47.378548220000006 0.0 0.0
48.04521322 1.0 0.0
48.71187822 0.0 0.0
49.378543220000005 1.0 1.0
50.045208220000006 0.0 0.0
50.71187322 1.0 0.0
51.37853822 0.0 0.0
52.045203220000005 1.0 1.0
52.71186822000001 0.0 0.0
53.37853322 1.0 0.0
54.04519822 0.0 0.0
54.711863220000005 1.0 1.0
55.37852822000001 0.0 0.0
56.04519322 1.0 0.0
56.71185822 0.0 0.0
57.378523220000005 1.0 1.0
58.04518822000001 0.0 0.0
58.71185322 1.0 0.0
59.378518220000004 0.0 0.0
60.045183220000006 1.0 1.0
60.71184822000001 0.0 0.0
61.37851322 1.0 0.0
62.045178220000004 0.0 0.0
62.711843220000006 1.0 1.0
63.37850822000001 0.0 0.0
64.04517322000001 1.0 0.0
64.71183822 0.0 0.0
65.37850322 1.0 1.0
66.04516822000001 0.0 0.0
66.71183322 1.0 0.0
67.37849822 0.0 0.0
68.04516322 1.0 1.0
68.71182822 0.0 0.0
69.37849322000001 1.0 0.0
70.04515822 0.0 0.0
70.71182322 1.0 1.0
71.37848822000001 0.0 0.0
72.04515322 1.0 0.0
72.71181822 0.0 0.0
73.37848322 1.0 1.0
74.04514822 0.0 0.0
74.71181322000001 1.0 0.0
75.37847822 0.0 0.0
76.04514322 1.0 1.0
76.71180822000001 0.0 0.0
77.37847322 1.0 0.0
78.04513822 0.0 0.0
78.71180322000001 1.0 1.0
79.37846822 0.0 0.0
80.04513322000001 1.0 0.0
80.71179822 0.0 0.0
81.37846322 1.0 1.0
82.04512822000001 0.0 0.0
82.71179322 1.0 0.0
83.37845822 0.0 0.0
84.04512322000001 1.0 1.0
84.71178822 0.0 0.0
85.37845322000001 1.0 0.0
86.04511822000002 0.0 0.0
86.71178322000002 1.0 1.0
87.37844822000001 0.0 0.0
88.04511322000002 1.0 0.0
88.71177822000001 0.0 0.0
89.37844322000002 1.0 1.0
90.04510822000002 0.0 0.0
90.71177322000001 1.0 0.0
91.37843822 0.0 0.0
92.04510322 1.0 1.0
92.71176822000001 0.0 0.0
93.37843322 1.0 0.0
94.04509822 0.0 0.0
94.71176322000001 1.0 1.0
95.37842822 0.0 0.0
96.04509322000001 1.0 0.0
96.71175822000001 0.0 0.0
97.37842322 1.0 1.0
98.04508822000001 0.0 0.0
98.71175322 1.0 0.0
99.37841822 0.0 0.0
100.04508322000001 1.0 1.0
100.71174822 0.0 0.0
101.37841322000001 1.0 0.0
102.04507822000001 0.0 0.0
102.71174322 1.0 1.0
103.37840822000001 0.0 0.0
104.04507322 1.0 0.0
104.71173822 0.0 0.0
105.37840322000001 1.0 1.0
106.04506822 0.0 0.0
106.71173322000001 1.0 0.0
107.37839822000001 0.0 0.0
108.04506322 1.0 1.0
108.71172822000001 0.0 0.0
109.37839322 1.0 0.0
110.04505822 0.0 0.0
110.71172322000001 1.0 1.0
111.37838822 0.0 0.0
112.04505322000001 1.0 0.0
112.71171822000001 0.0 0.0
113.37838322 1.0 1.0
114.04504822000001 0.0 0.0
114.71171322000001 1.0 0.0
115.37837822 0.0 0.0
116.04504322000001 1.0 1.0
116.71170822 0.0 0.0
117.37837322000001 1.0 0.0
118.04503822000001 0.0 0.0
118.71170322 1.0 1.0
119.37836822000001 0.0 0.0
120.04503322000001 1.0 0.0
120.71169822 0.0 0.0
121.37836322000001 1.0 1.0
122.04502822 0.0 0.0
122.71169322000002 1.0 0.0
123.37835822000001 0.0 0.0
124.04502322 1.0 1.0
124.71168822000001 0.0 0.0
125.37835322000001 1.0 0.0
126.04501822 0.0 0.0
126.71168322000001 1.0 1.0
127.37834822 0.0 0.0
128.04501322000002 1.0 0.0
128.71167822 0.0 0.0
129.37834322 1.0 1.0
130.04500822 0.0 0.0
130.71167322000002 1.0 0.0
131.37833822000002 0.0 0.0
132.04500322 1.0 1.0
132.71166822 0.0 0.0
133.37833322 1.0 0.0
134.04499822 0.0 0.0
134.71166322000002 1.0 1.0
135.37832822000001 0.0 0.0
136.04499322 1.0 0.0
136.71165822 0.0 0.0
137.37832322 1.0 1.0
138.04498822000002 0.0 0.0
138.71165322000002 1.0 0.0
139.37831822 0.0 0.0
140.04498322 1.0 1.0
140.71164822 0.0 0.0
141.37831322000002 1.0 0.0
142.04497822000002 0.0 0.0
142.71164322 1.0 1.0
143.37830822 0.0 0.0
144.04497322 1.0 0.0
144.71163822 0.0 0.0
145.37830322000002 1.0 1.0
146.04496822000002 0.0 0.0
146.71163322 1.0 0.0
147.37829822 0.0 0.0
148.04496322 1.0 1.0
148.71162822000002 0.0 0.0
149.37829322000002 1.0 0.0
150.04495822 0.0 0.0
150.71162322 1.0 1.0
151.37828822 0.0 0.0
152.04495322000002 1.0 0.0
152.71161822000002 0.0 0.0
153.37828322000001 1.0 1.0
154.04494822 0.0 0.0
154.71161322 1.0 0.0
155.37827822 0.0 0.0
156.04494322000002 1.0 1.0
156.71160822000002 0.0 0.0
157.37827322 1.0 0.0
158.04493822 0.0 0.0
158.71160322 1.0 1.0
159.37826822000002 0.0 0.0
160.04493322000002 1.0 0.0
160.71159822 0.0 0.0
161.37826322 1.0 1.0
162.04492822 0.0 0.0
162.71159322000003 1.0 0.0
163.37825822000002 0.0 0.0
164.04492322000002 1.0 1.0
164.71158822 0.0 0.0
165.37825322 1.0 0.0
166.04491822 0.0 0.0
166.71158322000002 1.0 1.0
167.37824822000002 0.0 0.0
168.04491322 1.0 0.0
168.71157822 0.0 0.0
169.37824322 1.0 1.0
170.04490822000002 0.0 0.0
170.71157322 1.0 0.0
171.37823822 0.0 0.0
172.04490321999998 1.0 1.0
172.71156822 0.0 0.0
173.37823322 1.0 0.0
174.04489822 0.0 0.0
174.71156322 1.0 1.0
175.37822821999998 0.0 0.0
176.04489322 1.0 0.0
176.71155822 0.0 0.0
177.37822322 1.0 1.0
178.04488822 0.0 0.0
178.71155321999998 1.0 0.0
179.37821821999998 0.0 0.0
180.04488322 1.0 1.0
180.71154822 0.0 0.0
181.37821322 1.0 0.0
182.04487822 0.0 0.0
182.71154321999998 1.0 1.0
183.37820822 0.0 0.0
184.04487322 1.0 0.0
184.71153822 0.0 0.0
185.37820322 1.0 1.0
186.04486821999998 0.0 0.0
186.71153322 1.0 0.0
187.37819822 0.0 0.0
188.04486322 1.0 1.0
188.71152822 0.0 0.0
189.37819321999999 1.0 0.0
190.04485821999998 0.0 0.0
190.71152322 1.0 1.0
191.37818822 0.0 0.0
192.04485322 1.0 0.0
192.71151822 0.0 0.0
193.37818321999998 1.0 1.0
194.04484822 0.0 0.0
194.71151322 1.0 0.0
195.37817822 0.0 0.0
196.04484322 1.0 1.0
196.71150821999998 0.0 0.0
197.37817322 1.0 0.0
198.04483822 0.0 0.0
198.71150322 1.0 1.0
199.37816822 0.0 0.0
200.04483322 1.0 0.0
200.71149821999998 0.0 0.0
201.37816322 1.0 1.0
202.04482822 0.0 0.0
202.71149322 1.0 0.0
203.37815822 0.0 0.0
204.04482321999998 1.0 1.0
204.71148822 0.0 0.0
205.37815322 1.0 0.0
206.04481822 0.0 0.0
206.71148322 1.0 1.0
207.37814821999999 0.0 0.0
208.04481322 1.0 0.0
208.71147822 0.0 0.0
209.37814322 1.0 1.0
210.04480822 0.0 0.0
210.71147322 1.0 0.0
211.37813821999998 0.0 0.0
212.04480322 1.0 1.0
212.71146822 0.0 0.0
213.37813322 1.0 0.0
214.04479822 0.0 0.0
214.71146321999998 1.0 1.0
215.37812822 0.0 0.0
216.04479322 1.0 0.0
216.71145822 0.0 0.0
217.37812322 1.0 1.0
218.04478822 0.0 0.0
218.71145322 1.0 0.0
219.37811822 0.0 0.0
220.04478322 1.0 1.0
220.71144822 0.0 0.0
221.37811322 1.0 0.0
222.04477821999998 0.0 0.0
222.71144322 1.0 1.0
223.37810822 0.0 0.0
224.04477322 1.0 0.0
224.71143822 0.0 0.0
225.37810321999999 1.0 1.0
226.04476822 0.0 0.0
226.71143322 1.0 0.0
227.37809822 0.0 0.0
228.04476322 1.0 1.0
228.71142822 0.0 0.0
229.37809322 1.0 0.0
230.04475822 0.0 0.0
230.71142322 1.0 1.0
231.37808822 0.0 0.0
232.04475322 1.0 0.0
232.71141821999998 0.0 0.0
233.37808322 1.0 1.0
234.04474822 0.0 0.0
234.71141322 1.0 0.0
235.37807822 0.0 0.0
236.04474322 1.0 1.0
236.71140822 0.0 0.0
237.37807322 1.0 0.0
238.04473822 0.0 0.0
238.71140322 1.0 1.0
239.37806822 0.0 0.0
240.04473321999998 1.0 0.0
240.71139822 0.0 0.0
241.37806322 1.0 1.0
242.04472822 0.0 0.0
242.71139322 1.0 0.0
243.37805821999999 0.0 0.0
244.04472322 1.0 1.0
244.71138822 0.0 0.0
245.37805322 1.0 0.0
246.04471822 0.0 0.0
246.71138322 1.0 1.0
247.37804822 0.0 0.0
248.04471322 1.0 0.0
248.71137822 0.0 0.0
249.37804322 1.0 1.0
250.04470822 0.0 0.0
250.71137321999998 1.0 0.0
251.37803822 0.0 0.0
252.04470322 1.0 1.0
252.71136822 0.0 0.0
253.37803322 1.0 0.0
254.04469822 0.0 0.0
254.71136322 1.0 1.0
255.37802822 0.0 0.0
256.04469322 1.0 0.0
256.71135822 0.0 0.0
257.37802322 1.0 1.0
258.04468822 0.0 0.0
258.71135322 1.0 0.0
259.37801822 0.0 0.0
260.04468322 1.0 1.0
260.71134822 0.0 0.0
261.37801322 1.0 0.0
262.04467822 0.0 0.0
262.71134322 1.0 1.0
263.37800822 0.0 0.0
264.04467322 1.0 0.0
264.71133822 0.0 0.0
265.37800322 1.0 1.0
266.04466822 0.0 0.0
266.71133322 1.0 0.0
267.37799822 0.0 0.0
268.04466322 1.0 1.0
268.71132822 0.0 0.0
269.37799322 1.0 0.0
270.04465822 0.0 0.0
270.71132322 1.0 1.0
271.37798822 0.0 0.0
272.04465322 1.0 0.0
272.71131822 0.0 0.0
273.37798322 1.0 1.0
274.04464822 0.0 0.0
274.71131322 1.0 0.0
275.37797822 0.0 0.0
276.04464322 1.0 1.0
276.71130822 0.0 0.0
277.37797322 1.0 0.0
278.04463822 0.0 0.0
278.71130322 1.0 1.0
279.37796822 0.0 0.0
280.04463322 1.0 0.0
280.71129822 0.0 0.0
281.37796322 1.0 1.0
282.04462822 0.0 0.0
282.71129322 1.0 0.0
283.37795822 0.0 0.0
284.04462322 1.0 1.0
284.71128822000003 0.0 0.0
285.37795322 1.0 0.0
286.04461822 0.0 0.0
286.71128322 1.0 1.0
287.37794822 0.0 0.0
288.04461322 1.0 0.0
288.71127822 0.0 0.0
289.37794322 1.0 1.0
290.04460822 0.0 0.0
290.71127322 1.0 0.0
291.37793822 0.0 0.0
292.04460322 1.0 1.0
292.71126822 0.0 0.0
293.37793322 1.0 0.0
294.04459822 0.0 0.0
294.71126322 1.0 1.0
295.37792822 0.0 0.0
296.04459322 1.0 0.0
296.71125822 0.0 0.0
297.37792322 1.0 1.0
298.04458822 0.0 0.0
298.71125322 1.0 0.0
299.37791822 0.0 0.0
300.04458322 1.0 1.0
300.71124822 0.0 0.0
301.37791322 1.0 0.0
302.04457822 0.0 0.0