0.08400000699999997 0.0 0.0
1.007077007 1.0 1.0
1.930154007 0.0 0.0
2.853231007 0.0 0.0
3.776308007 1.0 1.0
4.699385007 0.0 0.0
5.622462007 1.0 0.0
6.545539007 0.0 0.0
7.468616007 1.0 1.0
8.391693006999999 0.0 0.0
9.314770006999998 1.0 0.0
10.237847007 0.0 0.0
11.160924006999998 1.0 1.0
12.084001006999998 0.0 0.0
13.007078006999999 1.0 0.0
13.930155006999998 0.0 0.0
14.853232007 1.0 1.0
15.776309007 0.0 0.0
16.699386007 1.0 0.0
17.622463007 0.0 0.0
18.545540007 1.0 1.0
19.468617007 0.0 0.0
20.391694006999998 1.0 0.0
21.314771007 0.0 0.0
22.237848007 1.0 1.0
23.160925007 0.0 0.0
24.084002007 1.0 0.0
25.007079006999998 0.0 0.0
25.930156007 1.0 1.0
26.853233007 0.0 0.0
27.776310007 1.0 0.0
28.699387007 0.0 0.0
29.622464006999998 1.0 1.0
30.545541007 0.0 0.0
31.468618007 1.0 0.0
32.391695007 0.0 0.0
33.314772007 1.0 1.0
34.237849007 0.0 0.0
35.160926007 1.0 0.0
36.084003007 0.0 0.0
37.007080007 1.0 1.0
37.930157007 0.0 0.0
38.853234007 1.0 0.0
39.776311007 0.0 0.0
40.699388006999996 1.0 1.0
41.622465006999995 0.0 0.0
42.545542007 1.0 0.0
43.468619007 0.0 0.0
44.391696007 1.0 1.0
45.314773007 0.0 0.0
46.237850007 1.0 0.0
47.160927007 0.0 0.0
48.084004007 1.0 1.0
49.007081007 0.0 0.0
49.930158006999996 1.0 0.0
50.853235006999995 0.0 0.0
51.776312007 1.0 1.0
52.699389007 0.0 0.0
53.622466007 1.0 0.0
54.545543007 0.0 0.0
55.468620007 1.0 1.0
56.391697007 0.0 0.0
57.314774007 1.0 0.0
58.237851006999996 0.0 0.0
59.16092800699999 1.0 1.0
60.08400500699999 0.0 0.0
61.007082006999994 1.0 0.0
61.93015900699999 0.0 0.0
62.85323600699999 1.0 1.0
63.776313007 0.0 0.0
64.69939000699999 1.0 0.0
65.622467007 0.0 0.0
66.545544007 1.0 1.0
67.468621007 0.0 0.0
68.391698007 1.0 0.0
69.314775007 0.0 0.0
70.237852007 1.0 1.0
71.160929007 0.0 0.0
72.084006007 1.0 0.0
73.00708300699999 0.0 0.0
73.930160007 1.0 1.0
74.853237007 0.0 0.0
75.776314007 1.0 0.0
76.699391007 0.0 0.0
77.622468007 1.0 1.0
78.545545007 0.0 0.0
79.468622007 1.0 0.0
80.391699007 0.0 0.0
81.31477600699999 1.0 1.0
82.237853007 0.0 0.0
83.16093000699999 1.0 0.0
84.084007007 0.0 0.0
85.007084007 1.0 1.0
85.930161007 0.0 0.0
86.853238007 1.0 0.0
87.776315007 0.0 0.0
88.699392007 1.0 1.0
89.62246900699999 0.0 0.0
90.545546007 1.0 0.0
91.46862300699999 0.0 0.0
92.391700007 1.0 1.0
93.314777007 0.0 0.0
94.237854007 1.0 0.0
95.160931007 0.0 0.0
96.084008007 1.0 1.0
97.007085007 0.0 0.0
97.93016200699999 1.0 0.0
98.853239007 0.0 0.0
99.77631600699999 1.0 1.0
100.699393007 0.0 0.0
101.62247000699999 1.0 0.0
102.545547007 0.0 0.0
103.468624007 1.0 1.0
104.391701007 0.0 0.0
105.314778007 1.0 0.0
106.237855007 0.0 0.0
107.160932007 1.0 1.0
108.08400900699999 0.0 0.0
109.007086007 1.0 0.0
109.93016300699999 0.0 0.0
110.853240007 1.0 1.0
111.77631700699999 0.0 0.0
112.699394007 1.0 0.0
113.622471007 0.0 0.0
114.545548007 1.0 1.0
115.468625007 0.0 0.0
116.39170200699999 1.0 0.0
117.314779007 0.0 0.0
118.237856007 1.0 1.0
119.16093300700001 0.0 0.0
120.084010007 1.0 0.0
121.00708700700001 0.0 0.0
121.93016400700002 1.0 1.0
122.85324100700001 0.0 0.0
123.77631800700001 1.0 0.0
124.699395007 0.0 0.0
125.62247200700001 1.0 1.0
126.545549007 0.0 0.0
127.46862600700001 1.0 0.0
128.39170300700002 0.0 0.0
129.314780007 1.0 1.0
130.237857007 0.0 0.0
131.160934007 1.0 0.0
132.08401100700002 0.0 0.0
133.00708800700002 1.0 1.0
133.930165007 0.0 0.0
134.853242007 1.0 0.0
135.776319007 0.0 0.0
136.69939600700002 1.0 1.0
137.622473007 0.0 0.0
138.545550007 1.0 0.0
139.468627007 0.0 0.0
140.39170400700002 1.0 1.0
141.31478100700002 0.0 0.0
142.237858007 1.0 0.0
143.160935007 0.0 0.0
144.084012007 1.0 1.0
145.00708900700002 0.0 0.0
145.930166007 1.0 0.0
146.853243007 0.0 0.0
147.776320007 1.0 1.0
148.69939700700002 0.0 0.0
149.622474007 1.0 0.0
150.545551007 0.0 0.0
151.468628007 1.0 1.0
152.391705007 0.0 0.0
153.31478200700002 1.0 0.0
154.237859007 0.0 0.0
155.160936007 1.0 1.0
156.084013007 0.0 0.0
157.00709000700002 1.0 0.0
157.930167007 0.0 0.0
158.853244007 1.0 1.0
159.776321007 0.0 0.0
160.699398007 1.0 0.0
161.62247500700002 0.0 0.0
162.545552007 1.0 1.0
163.468629007 0.0 0.0
164.391706007 1.0 0.0
165.31478300700002 0.0 0.0
166.237860007 1.0 1.0
167.160937007 0.0 0.0
168.084014007 1.0 0.0
169.007091007 0.0 0.0
169.93016800700002 1.0 1.0
170.853245007 0.0 0.0
171.776322007 1.0 0.0
172.699399007 0.0 0.0
173.62247600700002 1.0 1.0
174.545553007 0.0 0.0
175.468630007 1.0 0.0
176.391707007 0.0 0.0
177.31478400700001 1.0 1.0
178.23786100700002 0.0 0.0
179.160938007 1.0 0.0
180.084015007 0.0 0.0
181.007092007 1.0 1.0
181.93016900700002 0.0 0.0
182.853246007 1.0 0.0
183.776323007 0.0 0.0
184.699400007 1.0 1.0
185.62247700700001 0.0 0.0
186.545554007 1.0 0.0
187.468631007 0.0 0.0
188.391708007 1.0 1.0
189.314785007 0.0 0.0
190.23786200700002 1.0 0.0
191.160939007 0.0 0.0
192.084016007 1.0 1.0
193.007093007 0.0 0.0
193.93017000700002 1.0 0.0
194.853247007 0.0 0.0
195.776324007 1.0 1.0
196.699401007 0.0 0.0
197.622478007 1.0 0.0
198.54555500700002 0.0 0.0
199.468632007 1.0 0.0
200.391709007 0.0 0.0