0.06089542800000005 0.0 0.0
0.9564164279999999 1.0 1.0
1.851937428 0.0 0.0
2.7474584280000003 1.0 0.0
3.642979428 0.0 0.0
4.538500428 1.0 1.0
5.434021427999999 0.0 0.0
6.329542428 1.0 0.0
7.2250634279999995 0.0 0.0
8.120584427999999 1.0 1.0
9.016105428 0.0 0.0
9.911626427999998 1.0 0.0
10.807147427999999 0.0 0.0
11.702668427999999 1.0 1.0
12.598189428 0.0 0.0
13.493710427999998 1.0 0.0
14.389231428 0.0 0.0
15.284752428000003 1.0 1.0
16.180273428000003 0.0 0.0
17.075794428000002 1.0 0.0
17.971315428 0.0 0.0
18.866836428000003 1.0 1.0
19.762357428 0.0 0.0
20.657878428000004 1.0 0.0
21.553399428000002 0.0 0.0
22.448920428 1.0 1.0
23.344441428000003 0.0 0.0
24.239962428000002 1.0 0.0
25.135483428 0.0 0.0
26.031004428000003 1.0 1.0
26.926525428 0.0 0.0
27.822046428000004 1.0 0.0
28.717567428 0.0 0.0
29.613088427999998 1.0 1.0
30.508609428 0.0 0.0
31.404130428 1.0 0.0
32.299651428 0.0 0.0
33.195172428 1.0 1.0
34.090693428 0.0 0.0
34.986214428 1.0 0.0
35.881735428 0.0 0.0
36.777256428 1.0 1.0
37.672777427999996 0.0 0.0
38.568298428 1.0 0.0
39.463819428 0.0 0.0
40.359340427999996 1.0 1.0
41.254861428 0.0 0.0
42.150382428 1.0 0.0
43.045903427999995 0.0 0.0
43.941424428 1.0 1.0
44.836945428 0.0 0.0
45.732466427999995 1.0 1.0
46.627987428 0.0 0.0
47.523508428 1.0 0.0
48.419029428 0.0 0.0
49.314550428 1.0 1.0
50.210071428 0.0 0.0
51.105592428 1.0 0.0
52.001113428 0.0 0.0
52.896634428 1.0 1.0
53.792155428 0.0 0.0
54.687676427999996 1.0 0.0
55.583197428 0.0 0.0
56.478718428 1.0 1.0
57.374239427999996 0.0 0.0
58.269760428 1.0 0.0
59.165281428 0.0 0.0
60.060802427999995 1.0 1.0
60.956323428 0.0 0.0
61.851844428 1.0 0.0
62.747365427999995 0.0 0.0
63.642886428 1.0 1.0
64.538407428 0.0 0.0
65.433928428 1.0 0.0
66.329449428 0.0 0.0
67.22497042799999 1.0 1.0
68.120491428 0.0 0.0
69.016012428 1.0 0.0
69.911533428 0.0 0.0
70.807054428 1.0 1.0
71.702575428 0.0 0.0
72.598096428 1.0 0.0
73.493617428 0.0 0.0
74.389138428 1.0 1.0
75.284659428 0.0 0.0
76.180180428 1.0 0.0
77.075701428 0.0 0.0
77.971222428 1.0 1.0
78.86674342799999 0.0 0.0
79.762264428 1.0 0.0
80.657785428 0.0 0.0
81.553306428 1.0 1.0
82.448827428 0.0 0.0
83.344348428 1.0 0.0
84.23986942799999 0.0 0.0
85.135390428 1.0 1.0
86.030911428 0.0 0.0
86.926432428 1.0 0.0
87.821953428 0.0 0.0
88.717474428 1.0 1.0
89.612995428 0.0 0.0
90.508516428 1.0 0.0
91.404037428 0.0 0.0
92.299558428 1.0 1.0
93.195079428 0.0 0.0
94.090600428 1.0 0.0
94.986121428 0.0 0.0
95.88164242799999 1.0 1.0
96.777163428 0.0 0.0
97.672684428 1.0 0.0
98.568205428 0.0 0.0
99.463726428 1.0 1.0
100.359247428 0.0 0.0
101.25476842799999 1.0 0.0
102.150289428 0.0 0.0
103.045810428 1.0 1.0
103.941331428 0.0 0.0
104.836852428 1.0 0.0
105.732373428 0.0 0.0
106.627894428 1.0 1.0
107.52341542799999 0.0 0.0
108.418936428 1.0 0.0
109.314457428 0.0 0.0
110.209978428 1.0 1.0
111.105499428 0.0 0.0
112.001020428 1.0 0.0
112.89654142799999 0.0 0.0
113.792062428 1.0 1.0
114.68758342800001 0.0 0.0
115.58310442800001 1.0 0.0
116.47862542800002 0.0 0.0
117.37414642800002 1.0 1.0
118.269667428 0.0 0.0
119.16518842800001 1.0 0.0
120.06070942800001 0.0 0.0
120.95623042800001 1.0 1.0
121.85175142800001 0.0 0.0
122.747272428 1.0 0.0
123.642793428 0.0 0.0
124.53831442799999 1.0 1.0
125.433835428 0.0 0.0
126.329356428 1.0 0.0
127.224877428 0.0 0.0
128.120398428 1.0 1.0
129.015919428 0.0 0.0
129.911440428 1.0 0.0
130.806961428 0.0 0.0
131.702482428 1.0 1.0
132.598003428 0.0 0.0
133.493524428 1.0 0.0
134.389045428 0.0 0.0
135.284566428 1.0 1.0
136.180087428 0.0 0.0
137.075608428 1.0 0.0
137.97112942799998 0.0 0.0
138.86665042799999 1.0 1.0
139.762171428 0.0 0.0
140.657692428 1.0 0.0
141.553213428 0.0 0.0
142.448734428 1.0 1.0
143.344255428 0.0 0.0
144.239776428 1.0 0.0
145.135297428 0.0 0.0
146.030818428 1.0 1.0
146.926339428 0.0 0.0
147.821860428 1.0 0.0
148.717381428 0.0 0.0
149.61290242799998 1.0 1.0
150.508423428 0.0 0.0
151.403944428 1.0 0.0
152.299465428 0.0 0.0
153.194986428 1.0 1.0
154.090507428 0.0 0.0
154.986028428 1.0 0.0
155.881549428 0.0 0.0
156.777070428 1.0 1.0
157.672591428 0.0 0.0
158.568112428 1.0 0.0
159.463633428 0.0 0.0
160.359154428 1.0 1.0
161.25467542799998 0.0 0.0
162.150196428 1.0 0.0
163.045717428 0.0 0.0
163.941238428 1.0 1.0
164.836759428 0.0 0.0
165.732280428 1.0 0.0
166.627801428 0.0 0.0
167.523322428 1.0 1.0
168.418843428 0.0 0.0
169.314364428 1.0 0.0
170.209885428 0.0 0.0
171.105406428 1.0 1.0
172.00092742799998 0.0 0.0
172.89644842799999 1.0 0.0
173.791969428 0.0 0.0
174.687490428 1.0 1.0
175.583011428 0.0 0.0
176.478532428 1.0 0.0
177.374053428 0.0 0.0
178.269574428 1.0 1.0
179.165095428 0.0 0.0
180.060616428 1.0 0.0
180.956137428 0.0 0.0
181.851658428 1.0 1.0
182.747179428 0.0 0.0
183.64270042799998 1.0 0.0
184.53822142799999 0.0 0.0
185.433742428 1.0 1.0
186.329263428 0.0 0.0
187.224784428 1.0 0.0
188.120305428 0.0 0.0
189.015826428 1.0 1.0
189.911347428 0.0 0.0
190.806868428 1.0 0.0
191.702389428 0.0 0.0
192.597910428 1.0 1.0
193.493431428 0.0 0.0
194.388952428 1.0 0.0
195.28447342799998 0.0 0.0
196.179994428 1.0 1.0
197.075515428 0.0 0.0
197.971036428 1.0 0.0
198.866557428 0.0 0.0
199.762078428 1.0 1.0
200.657599428 0.0 0.0
201.553120428 1.0 0.0
202.448641428 0.0 0.0
203.344162428 1.0 1.0
204.239683428 0.0 0.0
205.135204428 1.0 0.0
206.030725428 0.0 0.0
206.92624642799998 1.0 1.0
207.821767428 0.0 0.0
208.717288428 1.0 0.0
209.612809428 0.0 0.0
210.508330428 1.0 1.0
211.403851428 0.0 0.0
212.299372428 1.0 0.0
213.194893428 0.0 0.0
214.090414428 1.0 1.0
214.985935428 0.0 0.0
215.881456428 1.0 0.0
216.776977428 0.0 0.0
217.67249842799998 1.0 1.0
218.56801942799999 0.0 0.0
219.463540428 1.0 0.0
220.359061428 0.0 0.0
221.254582428 1.0 1.0
222.150103428 0.0 0.0
223.045624428 1.0 0.0
223.941145428 0.0 0.0
224.836666428 0.0 0.0