0.5135773140000001 1.0 0.0
1.064035314 0.0 0.0
1.6144933139999997 1.0 1.0
2.1649513139999996 0.0 0.0
2.715409314 1.0 0.0
3.265867314 0.0 0.0
3.816325314 1.0 1.0
4.366783314 0.0 0.0
4.917241314 1.0 0.0
5.467699314 0.0 0.0
6.018157314 1.0 1.0
6.568615314 0.0 0.0
7.1190733139999995 1.0 0.0
7.669531313999999 0.0 0.0
8.219989314 1.0 1.0
8.770447314 0.0 0.0
9.320905313999999 1.0 0.0
9.871363314 0.0 0.0
10.421821313999999 1.0 1.0
10.972279314 0.0 0.0
11.522737314 1.0 0.0
12.073195314 0.0 0.0
12.623653314 1.0 1.0
13.174111314 0.0 0.0
13.724569314 1.0 0.0
14.275027313999999 0.0 0.0
14.825485314 1.0 1.0
15.375943313999999 0.0 0.0
15.926401314 1.0 0.0
16.476859314 0.0 0.0
17.027317313999998 1.0 1.0
17.577775314 0.0 0.0
18.128233314 1.0 0.0
18.678691313999998 0.0 0.0
19.229149314 1.0 1.0
19.780568376666665 0.0 0.0
20.332038376666667 1.0 0.0
20.883508376666665 0.0 0.0
21.434978376666667 1.0 1.0
21.986448376666665 0.0 0.0
22.537918376666667 1.0 0.0
23.089388376666665 0.0 0.0
23.640858376666664 1.0 1.0
24.191367314 0.0 0.0
24.741825314 1.0 0.0
25.292283314 0.0 0.0
25.842741314 1.0 1.0
26.393199314 0.0 0.0
26.943657314 1.0 0.0
27.494115314 0.0 0.0
28.044573313999997 1.0 1.0
28.595031314 0.0 0.0
29.145489314 1.0 0.0
29.695947313999998 0.0 0.0
30.246405314 1.0 1.0
30.796863314 0.0 0.0
31.347321314 1.0 0.0
31.897779313999997 0.0 0.0
32.448237313999996 1.0 1.0
32.998695314 0.0 0.0
33.549153314 1.0 0.0
34.099611314 0.0 0.0
34.650069314 1.0 1.0
35.200527314 0.0 0.0
35.750985314000005 1.0 0.0
36.301443314000004 0.0 0.0
36.851901314 1.0 1.0
37.402359314 0.0 0.0
37.952817314 1.0 0.0
38.50327531400001 0.0 0.0
39.053733314000006 1.0 1.0
39.604191314000005 0.0 0.0
40.154649314000004 1.0 0.0
40.705107314 0.0 0.0
41.25556531400001 1.0 1.0
41.806023314 0.0 0.0
42.35648131400001 1.0 0.0
42.906939314 0.0 0.0
43.457397314000005 1.0 1.0
44.007855314000004 0.0 0.0
44.558313314 1.0 0.0
45.108771314 0.0 0.0
45.659229314 1.0 1.0
46.20968731400001 0.0 0.0
46.760145314 1.0 0.0
47.310603314000005 0.0 0.0
47.861061314000004 1.0 1.0
48.411519314 0.0 0.0
48.961977314 1.0 0.0
49.512435314 0.0 0.0
50.06289331400001 1.0 1.0
50.613351314 0.0 0.0
51.163809314000005 1.0 0.0
51.714267314000004 0.0 0.0
52.264725314 1.0 1.0
52.815183314 0.0 0.0
53.365641314 1.0 0.0
53.91609931400001 0.0 0.0
54.466557314 1.0 1.0
55.017015314000005 0.0 0.0
55.567473314000004 1.0 0.0
56.117931314 0.0 0.0
56.66838931400001 1.0 1.0
57.21956802666667 0.0 0.0
57.771038026666666 1.0 0.0
58.32250802666667 0.0 0.0
58.87397802666667 1.0 1.0
59.42544802666667 0.0 0.0
59.97691802666667 1.0 0.0
60.52838802666667 0.0 0.0
61.07985802666667 1.0 1.0
61.631328026666665 0.0 0.0
62.18279802666667 1.0 0.0
62.73426802666667 0.0 0.0
63.28573802666667 1.0 1.0
63.837208026666666 0.0 0.0
64.38867802666667 1.0 0.0
64.94014802666666 0.0 0.0
65.49161802666667 1.0 1.0
66.04308802666667 0.0 0.0
66.59455802666668 1.0 0.0
67.14602802666667 0.0 0.0
67.69749802666666 1.0 1.0
68.24896802666667 0.0 0.0
68.80043802666667 1.0 0.0
69.35190802666666 0.0 0.0
69.90337802666667 1.0 1.0
70.45484802666667 0.0 0.0
71.00631802666666 1.0 0.0
71.55778802666666 0.0 0.0
72.10925802666667 1.0 1.0
72.66072802666666 0.0 0.0
73.21219802666666 1.0 0.0
73.76366802666666 0.0 0.0
74.31513802666666 1.0 1.0
74.86660802666665 0.0 0.0
75.41807802666666 1.0 0.0
75.96954802666666 0.0 0.0
76.52101802666667 1.0 1.0
77.07148479733334 0.0 0.0
77.62194279733333 1.0 0.0
78.17240079733334 0.0 0.0
78.72285879733333 1.0 1.0
79.27331679733334 0.0 0.0
79.82377479733334 1.0 0.0
80.37423279733333 0.0 0.0
80.92469079733334 1.0 1.0
81.47514879733333 0.0 0.0
82.02560679733334 1.0 0.0
82.57606479733333 0.0 0.0
83.12652279733334 1.0 1.0
83.67698079733333 0.0 0.0
84.22743879733333 1.0 0.0
84.77789679733334 0.0 0.0
85.32835479733333 1.0 1.0
85.87881279733334 0.0 0.0
86.42927079733333 1.0 0.0
86.97972879733334 0.0 0.0
87.53018679733333 1.0 1.0
88.08064479733333 0.0 0.0
88.63110279733334 1.0 0.0
89.18156079733333 0.0 0.0
89.73201879733334 1.0 1.0
90.28247679733333 0.0 0.0
90.83341005783335 1.0 0.0
91.38437405783334 0.0 0.0
91.93533805783335 1.0 1.0
92.48630205783334 0.0 0.0
93.03726605783334 1.0 0.0
93.58823005783334 0.0 0.0
94.13919405783334 1.0 1.0
94.69015805783334 0.0 0.0
95.24112205783334 1.0 0.0
95.79208605783334 0.0 0.0
96.34305005783334 1.0 1.0
96.89401405783335 0.0 0.0
97.44497805783334 1.0 0.0
97.99594205783335 0.0 0.0
98.54690605783334 1.0 1.0
99.09787005783335 0.0 0.0
99.64883405783334 1.0 0.0
100.19979805783335 0.0 0.0
100.75076205783334 1.0 1.0
101.30172605783335 0.0 0.0
101.85269005783334 1.0 0.0
102.40365405783334 0.0 0.0
102.95461805783334 1.0 1.0
103.50558205783334 0.0 0.0
104.05654605783334 1.0 0.0
104.60751005783334 0.0 0.0
105.15847405783335 1.0 1.0
105.70943805783334 0.0 0.0
106.26040205783335 1.0 0.0
106.81136605783334 0.0 0.0
107.36233005783335 1.0 1.0
107.91329405783334 0.0 0.0
108.46425805783335 1.0 0.0
109.01522205783334 0.0 0.0
109.56618605783333 1.0 1.0
110.11715005783334 0.0 0.0
110.66811405783335 1.0 0.0
111.21907805783334 0.0 0.0
111.77004205783334 1.0 1.0
112.32100605783334 0.0 0.0
112.87197005783335 1.0 0.0
113.42293405783334 0.0 0.0
113.97389805783334 1.0 1.0
114.52486205783335 0.0 0.0
115.075810414 1.0 0.0
115.62626841400001 0.0 0.0
116.176726414 1.0 1.0
116.727184414 0.0 0.0
117.277642414 1.0 0.0
117.828100414 0.0 0.0
118.37855841400001 1.0 1.0
118.929016414 0.0 0.0
119.47947441400001 1.0 0.0
120.029932414 0.0 0.0
120.58039041400001 1.0 1.0
121.130848414 0.0 0.0
121.681306414 1.0 0.0
122.231764414 0.0 0.0
122.782222414 1.0 1.0
123.33268041400001 0.0 0.0
123.883138414 1.0 0.0
124.43359641400001 0.0 0.0
124.984054414 1.0 1.0
125.534512414 0.0 0.0
126.084970414 1.0 0.0
126.635428414 0.0 0.0
127.18588641400001 1.0 1.0
127.736344414 0.0 0.0
128.286802414 1.0 0.0
128.837260414 0.0 0.0
129.387718414 1.0 1.0
129.938176414 0.0 0.0
130.488634414 1.0 0.0
131.039092414 0.0 0.0
131.589550414 1.0 1.0
132.140008414 0.0 0.0
132.690466414 1.0 0.0
133.240924414 0.0 0.0
133.791382414 1.0 1.0
134.341840414 0.0 0.0
134.892298414 1.0 0.0
135.442756414 0.0 0.0
135.993214414 1.0 1.0
136.543672414 0.0 0.0
137.094130414 1.0 0.0
137.644588414 0.0 0.0
138.195046414 1.0 1.0
138.745504414 0.0 0.0
139.295962414 1.0 0.0
139.846420414 0.0 0.0
140.396878414 1.0 1.0
140.947336414 0.0 0.0
141.497794414 1.0 0.0
142.048252414 0.0 0.0
142.598710414 1.0 1.0
143.149168414 0.0 0.0
143.699626414 1.0 0.0
144.250084414 0.0 0.0
144.800542414 1.0 1.0
145.351000414 0.0 0.0
145.901458414 1.0 0.0
146.451916414 0.0 0.0
147.002374414 1.0 1.0
147.552832414 0.0 0.0
148.103290414 1.0 0.0
148.653748414 0.0 0.0
149.204206414 1.0 1.0
149.754664414 0.0 0.0
150.305122414 1.0 0.0
150.855580414 0.0 0.0
151.406038414 1.0 1.0
151.95649641400001 0.0 0.0
152.506954414 1.0 0.0
153.057412414 0.0 0.0
153.607870414 1.0 1.0
154.158328414 0.0 0.0
154.708786414 1.0 0.0
155.25924441400002 0.0 0.0
155.80970241400001 1.0 1.0
156.360160414 0.0 0.0
156.910618414 1.0 0.0
157.461076414 0.0 0.0
158.011534414 1.0 1.0
158.561992414 0.0 0.0
159.11245041400002 1.0 0.0
159.66290841400001 0.0 0.0
160.213366414 1.0 1.0
160.763824414 0.0 0.0
161.314282414 1.0 0.0
161.864740414 0.0 0.0
162.415198414 1.0 1.0
162.96565641400002 0.0 0.0
163.51611441400001 1.0 0.0
164.066572414 0.0 0.0
164.617030414 1.0 1.0
165.167488414 0.0 0.0
165.717946414 1.0 0.0
166.268404414 0.0 0.0
166.81886241400002 1.0 1.0
167.36932041400001 0.0 0.0
167.919778414 1.0 0.0
168.470236414 0.0 0.0
169.020694414 1.0 1.0
169.571152414 0.0 0.0
170.121610414 1.0 0.0
170.672068414 0.0 0.0
171.22252641400001 1.0 1.0
171.772984414 0.0 0.0
172.323442414 1.0 0.0
172.873900414 0.0 0.0
173.424358414 1.0 1.0
173.974816414 0.0 0.0
174.525274414 1.0 0.0
175.07573241400002 0.0 0.0
175.626190414 1.0 1.0
176.176648414 0.0 0.0
176.727106414 1.0 0.0
177.277564414 0.0 0.0
177.828022414 1.0 1.0
178.378480414 0.0 0.0
178.92893841400002 1.0 0.0
179.479396414 0.0 0.0
180.029854414 1.0 1.0
180.580312414 0.0 0.0
181.130770414 1.0 0.0
181.681228414 0.0 0.0
182.23168641400002 1.0 1.0
182.78214441400002 0.0 0.0
183.332602414 1.0 0.0
183.883060414 0.0 0.0