0.6289650560000001 1.0 1.0
1.6634470560000003 0.0 0.0
2.697929056000001 1.0 0.0
3.732411056000001 0.0 0.0
4.766893056 1.0 1.0
5.801375056 0.0 0.0
6.835857056000001 1.0 0.0
7.870339056000001 0.0 0.0
8.904821056000001 1.0 1.0
9.939303056000002 0.0 0.0
10.973785056000002 1.0 0.0
12.008267056000003 0.0 0.0
13.042749056000003 1.0 1.0
14.077231056000002 0.0 0.0
15.111713056000003 1.0 0.0
16.146195056000003 0.0 0.0
17.180677056000004 1.0 1.0
18.215159056000005 0.0 0.0
19.249641056000005 1.0 0.0
20.284123056000006 0.0 0.0
21.318605056000003 1.0 1.0
22.353087056000003 0.0 0.0
23.387569056000004 1.0 0.0
24.422051056000004 0.0 0.0
25.456533056000005 1.0 1.0
26.491015056000006 0.0 0.0
27.525497056000006 1.0 0.0
28.559979056000007 0.0 0.0
29.594461056000007 1.0 1.0
30.628943056000004 0.0 0.0
31.663425056000005 1.0 0.0
32.697907056000005 0.0 0.0
33.732389056 1.0 1.0
34.766871056 0.0 0.0
35.801353056 1.0 0.0
36.83583505600001 0.0 0.0
37.870317056000005 1.0 1.0
38.90479905600001 0.0 0.0
39.939281056000006 1.0 0.0
40.97376305600001 0.0 0.0
42.00824505600001 1.0 1.0
43.04272705600001 0.0 0.0
44.07720905600001 1.0 0.0
45.111691056000005 0.0 0.0
46.14617305600001 1.0 1.0
47.180655056000006 0.0 0.0
48.21513705600001 1.0 0.0
49.24961905600001 0.0 0.0
50.28410105600001 1.0 1.0
51.31858305600001 0.0 0.0
52.35306505600001 1.0 1.0
53.38754705600001 0.0 0.0
54.42202905600001 1.0 0.0
55.45651105600001 0.0 0.0
56.49099305600001 1.0 1.0
57.52547505600001 0.0 0.0
58.55995705600001 1.0 0.0
59.59443905600001 0.0 0.0
60.62892105600001 1.0 1.0
61.663403056000014 0.0 0.0
62.69788505600001 1.0 0.0
63.732367056000015 0.0 0.0
64.76684905600001 1.0 1.0
65.80133105600001 0.0 0.0
66.83581305600002 1.0 0.0
67.87029505600002 0.0 0.0
68.90477705600001 1.0 1.0
69.93925905600003 0.0 0.0
70.97374105600002 1.0 0.0
72.00822305600002 0.0 0.0
73.04270505600002 1.0 1.0
74.07718705600003 0.0 0.0
75.11166905600003 1.0 0.0
76.14615105600002 0.0 0.0
77.18063305600002 1.0 1.0
78.21511505600002 0.0 0.0
79.24959705600003 1.0 0.0
80.28407905600002 0.0 0.0
81.31856105600002 1.0 1.0
82.35304305600002 0.0 0.0
83.38752505600003 1.0 0.0
84.42200705600003 0.0 0.0
85.45648905600002 1.0 1.0
86.49097105600002 0.0 0.0
87.52383091200002 1.0 0.0
88.55564491200002 0.0 0.0
89.58745891200002 1.0 1.0
90.61927291200003 0.0 0.0
91.65108691200003 1.0 0.0
92.68290091200002 0.0 0.0
93.71471491200002 1.0 1.0
94.74652891200003 0.0 0.0
95.77834291200003 1.0 0.0
96.81015691200002 0.0 0.0
97.84197091200002 1.0 1.0
98.87378491200002 0.0 0.0
99.90559891200003 1.0 0.0
100.93741291200003 0.0 0.0
101.96922691200002 1.0 1.0
103.00104091200002 0.0 0.0
104.03285491200003 1.0 0.0
105.06466891200003 0.0 0.0
106.09648291200003 1.0 1.0
107.12991905600002 0.0 0.0
108.16440105600003 1.0 0.0
109.19888305600003 0.0 0.0
110.23336505600003 1.0 1.0
111.26784705600002 0.0 0.0
112.30232905600003 1.0 0.0
113.33681105600003 0.0 0.0
114.37129305600003 1.0 1.0
115.40577505600002 0.0 0.0
116.44025705600004 1.0 0.0
117.47473905600003 0.0 0.0
118.50922105600003 1.0 1.0
119.54370305600003 0.0 0.0
120.57818505600002 1.0 0.0
121.61266705600003 0.0 0.0
122.64714905600003 1.0 1.0
123.68163105600003 0.0 0.0
124.71611305600003 1.0 0.0
125.75059505600004 0.0 0.0
126.78507705600003 1.0 1.0
127.81955905600003 0.0 0.0
128.85404105600003 1.0 0.0
129.88852305600003 0.0 0.0
130.92300505600002 1.0 1.0
131.95748705600005 0.0 0.0
132.99196905600002 1.0 0.0
134.02645105600004 0.0 0.0
135.06093305600004 1.0 1.0
136.09541505600004 0.0 0.0
137.12989705600003 1.0 0.0
138.16437905600003 0.0 0.0
139.19886105600003 1.0 1.0
140.23334305600002 0.0 0.0
141.26782505600005 1.0 0.0
142.30230705600002 0.0 0.0
143.33678905600004 1.0 1.0
144.37127105600004 0.0 0.0
145.40575305600004 1.0 0.0
146.44023505600003 0.0 0.0
147.47471705600003 1.0 1.0
148.50919905600003 0.0 0.0
149.54368105600003 1.0 0.0
150.57816305600002 0.0 0.0
151.61264505600002 1.0 1.0
152.64712705600004 0.0 0.0
153.68160905600004 1.0 0.0
154.71609105600004 0.0 0.0
155.75057305600004 1.0 1.0
156.78505505600003 0.0 0.0
157.81953705600003 1.0 0.0
158.85401905600003 0.0 0.0
159.88850105600002 1.0 1.0
160.92298305600002 0.0 0.0
161.95746505600005 1.0 0.0
162.99194705600004 0.0 0.0
164.02642905600004 1.0 1.0
165.06091105600004 0.0 0.0
166.09539305600003 1.0 0.0
167.12987505600003 0.0 0.0
168.16435705600003 1.0 1.0
169.19883905600003 0.0 0.0
170.23332105600002 1.0 0.0
171.26780305600005 0.0 0.0
172.30228505600002 1.0 1.0
173.33676705600004 0.0 0.0
174.37124905600004 1.0 0.0
175.40573105600004 0.0 0.0
176.44021305600003 1.0 1.0
177.47469505600003 0.0 0.0
178.50917705600006 1.0 0.0
179.54365905600002 0.0 0.0
180.57814105600005 1.0 1.0
181.61262305600005 0.0 0.0
182.64710505600004 1.0 0.0
183.68158705600004 0.0 0.0
184.71606905600004 1.0 1.0
185.75055105600006 0.0 0.0
186.78503305600003 1.0 0.0
187.81951505600006 0.0 0.0
188.85399705600003 1.0 1.0
189.88847905600005 0.0 0.0
190.92296105600005 1.0 0.0
191.95744305600005 0.0 0.0
192.99192505600004 1.0 1.0
194.02640705600004 0.0 0.0
195.06088905600006 1.0 0.0
196.09537105600003 0.0 0.0
197.12985305600006 1.0 1.0
198.16433505600003 0.0 0.0
199.19881705600005 1.0 0.0
200.23329905600005 0.0 0.0
201.26778105600005 1.0 1.0
202.30226305600004 0.0 0.0
203.33674505600004 1.0 0.0
204.37122705600007 0.0 0.0
205.40570905600003 1.0 1.0
206.44019105600006 0.0 0.0
207.47467305600003 1.0 0.0
208.50915505600005 0.0 0.0
209.54363705600005 1.0 1.0
210.57811905600005 0.0 0.0
211.61260105600005 1.0 0.0
212.64708305600004 0.0 0.0
213.68156505600007 1.0 1.0
214.71604705600004 0.0 0.0
215.75052905600006 1.0 0.0
216.78501105600003 0.0 0.0
217.81949305600006 1.0 1.0
218.85397505600005 0.0 0.0
219.88845705600005 1.0 0.0
220.92293905600005 0.0 0.0
221.95742105600004 1.0 1.0
222.99190305600007 0.0 0.0
224.02638505600004 1.0 0.0
225.06086705600006 0.0 0.0
226.09534905600003 1.0 1.0
227.12983105600006 0.0 0.0
228.16431305600005 1.0 0.0
229.19879505600005 0.0 0.0
230.23327705600005 1.0 1.0
231.26775905600005 0.0 0.0
232.30224105600007 1.0 0.0
233.33672305600004 0.0 0.0
234.37120505600006 1.0 1.0
235.40568705600006 0.0 0.0
236.44016905600006 1.0 0.0
237.47465105600006 0.0 0.0
238.50913305600005 1.0 1.0
239.54361505600005 0.0 0.0
240.57809705600005 1.0 0.0
241.61257905600004 0.0 0.0
242.64706105600004 1.0 1.0
243.68154305600004 0.0 0.0
244.71602505600003 1.0 0.0
245.75050705600003 0.0 0.0
246.78498905600003 1.0 1.0
247.81947105600003 0.0 0.0
248.85395305600002 1.0 0.0
249.88843505600002 0.0 0.0
250.92291705600002 1.0 0.0
251.957399056 0.0 0.0
252.99188105600004 1.0 1.0
254.02636305600004 0.0 0.0
255.06084505600003 1.0 0.0
256.09532705600003 0.0 0.0
257.129809056 0.0 0.0