0.5596875 0.0 0.0
1.4971875 1.0 1.0
2.4346875 0.0 0.0
3.3721875 1.0 0.0
4.3096875 0.0 0.0
5.2471875 1.0 1.0
6.1846875 0.0 0.0
7.1221875 1.0 0.0
8.059687499999999 0.0 0.0
8.997187499999999 1.0 1.0
9.934687499999999 0.0 0.0
10.872187499999999 1.0 0.0
11.809687499999999 0.0 0.0
12.747187499999999 1.0 1.0
13.684687499999999 0.0 0.0
14.622187499999999 1.0 0.0
15.5596875 0.0 0.0
16.497187500000003 1.0 1.0
17.434687500000003 0.0 0.0
18.372187500000003 1.0 0.0
19.309687500000003 0.0 0.0
20.247187500000003 1.0 1.0
21.184687500000003 0.0 0.0
22.122187500000003 1.0 0.0
23.059687500000003 0.0 0.0
23.997187500000003 1.0 1.0
24.934687500000003 0.0 0.0
25.872187500000003 1.0 0.0
26.809687500000003 0.0 0.0
27.747187500000003 1.0 1.0
28.684687500000003 0.0 0.0
29.622187500000003 1.0 0.0
30.559687500000003 0.0 0.0
31.497187500000003 1.0 1.0
32.4346875 0.0 0.0
33.3721875 1.0 0.0
34.3096875 0.0 0.0
35.2471875 1.0 1.0
36.1846875 0.0 0.0
37.1221875 1.0 0.0
38.0596875 0.0 0.0
38.9971875 1.0 1.0
39.9346875 0.0 0.0
40.8721875 1.0 0.0
41.8096875 0.0 0.0
42.7471875 1.0 1.0
43.6846875 0.0 0.0
44.6221875 1.0 0.0
45.5596875 0.0 0.0
46.4971875 1.0 1.0
47.4346875 0.0 0.0
48.3721875 1.0 1.0
49.3096875 0.0 0.0
50.2471875 1.0 0.0
51.1846875 0.0 0.0
52.1221875 1.0 1.0
53.0596875 0.0 0.0
53.9971875 1.0 0.0
54.9346875 0.0 0.0
55.8721875 1.0 1.0
56.8096875 0.0 0.0
57.7471875 1.0 0.0
58.6846875 0.0 0.0
59.6221875 1.0 1.0
60.559687499999995 0.0 0.0
61.497187499999995 1.0 0.0
62.434687499999995 0.0 0.0
63.372187499999995 1.0 1.0
64.3096875 0.0 0.0
65.2471875 1.0 0.0
66.1846875 0.0 0.0
67.1221875 1.0 1.0
68.0596875 0.0 0.0
68.9971875 1.0 0.0
69.9346875 0.0 0.0
70.8721875 1.0 1.0
71.8096875 0.0 0.0
72.7471875 1.0 0.0
73.6846875 0.0 0.0
74.6221875 1.0 1.0
75.5596875 0.0 0.0
76.4971875 1.0 0.0
77.4346875 0.0 0.0
78.3721875 1.0 1.0
79.3096875 0.0 0.0
80.2471875 1.0 0.0
81.1846875 0.0 0.0
82.1221875 1.0 1.0
83.0596875 0.0 0.0
83.9971875 1.0 0.0
84.9346875 0.0 0.0
85.8721875 1.0 1.0
86.8096875 0.0 0.0
87.7471875 1.0 0.0
88.6846875 0.0 0.0
89.6221875 1.0 1.0
90.5596875 0.0 0.0
91.4971875 1.0 0.0
92.4346875 0.0 0.0
93.3721875 1.0 1.0
94.3096875 0.0 0.0
95.2471875 1.0 1.0
96.1846875 0.0 0.0
97.1221875 1.0 0.0
98.0596875 0.0 0.0
98.9971875 1.0 1.0
99.9346875 0.0 0.0
100.8721875 1.0 0.0
101.8096875 0.0 0.0
102.7471875 1.0 1.0
103.6846875 0.0 0.0
104.6221875 1.0 0.0
105.5596875 0.0 0.0
106.4971875 1.0 1.0
107.4346875 0.0 0.0
108.3721875 1.0 0.0
109.3096875 0.0 0.0
110.2471875 1.0 1.0
111.1846875 0.0 0.0
112.1221875 1.0 0.0
113.0596875 0.0 0.0
113.9971875 1.0 1.0
114.9346875 0.0 0.0
115.8721875 1.0 0.0
116.8096875 0.0 0.0
117.7471875 1.0 1.0
118.6846875 0.0 0.0
119.6221875 1.0 0.0
120.55968750000001 0.0 0.0
121.49718750000001 1.0 1.0
122.43468750000001 0.0 0.0
123.37218750000001 1.0 0.0
124.30968750000001 0.0 0.0
125.24718750000001 1.0 1.0
126.18468750000001 0.0 0.0
127.12218750000001 1.0 0.0
128.0596875 0.0 0.0
128.9971875 1.0 1.0
129.9346875 0.0 0.0
130.8721875 1.0 0.0
131.8096875 0.0 0.0
132.7471875 1.0 1.0
133.6846875 0.0 0.0
134.6221875 1.0 0.0
135.5596875 0.0 0.0
136.4971875 1.0 1.0
137.4346875 0.0 0.0
138.3721875 1.0 0.0
139.3096875 0.0 0.0
140.2471875 1.0 1.0
141.1846875 0.0 0.0
142.1221875 1.0 0.0
143.0596875 0.0 0.0
143.9971875 1.0 1.0
144.9346875 0.0 0.0
145.8721875 1.0 0.0
146.8096875 0.0 0.0
147.7471875 1.0 1.0
148.6846875 0.0 0.0
149.6221875 1.0 0.0
150.5596875 0.0 0.0
151.4971875 1.0 1.0
152.4346875 0.0 0.0
153.3721875 1.0 0.0
154.3096875 0.0 0.0
155.2471875 1.0 1.0
156.1846875 0.0 0.0
157.1221875 1.0 0.0
158.0596875 0.0 0.0
158.9971875 1.0 1.0
159.9346875 0.0 0.0
160.8721875 1.0 0.0
161.8096875 0.0 0.0
162.7471875 1.0 1.0
163.6846875 0.0 0.0
164.6221875 1.0 0.0
165.5596875 0.0 0.0
166.4971875 1.0 1.0
167.4346875 0.0 0.0
168.3721875 1.0 0.0
169.3096875 0.0 0.0
170.2471875 1.0 1.0
171.1846875 0.0 0.0
172.1221875 1.0 0.0
173.0596875 0.0 0.0
173.9971875 1.0 1.0
174.9346875 0.0 0.0
175.8721875 1.0 0.0
176.8096875 0.0 0.0
177.7471875 1.0 1.0
178.6846875 0.0 0.0
179.6221875 1.0 0.0
180.5596875 0.0 0.0
181.4971875 1.0 1.0
182.4346875 0.0 0.0
183.3721875 1.0 0.0
184.3096875 0.0 0.0
185.2471875 1.0 1.0
186.1846875 0.0 0.0
187.1221875 1.0 0.0
188.0596875 0.0 0.0
188.9971875 1.0 1.0
189.9346875 0.0 0.0
190.8721875 1.0 0.0
191.8096875 0.0 0.0
192.7471875 1.0 1.0
193.6846875 0.0 0.0
194.6221875 1.0 0.0
195.5596875 0.0 0.0
196.4971875 1.0 1.0
197.4346875 0.0 0.0
198.3721875 1.0 0.0
199.3096875 0.0 0.0
200.2471875 1.0 1.0
201.1846875 0.0 0.0
202.1221875 1.0 0.0
203.0596875 0.0 0.0
203.9971875 1.0 1.0
204.9346875 0.0 0.0
205.8721875 1.0 0.0
206.8096875 0.0 0.0
207.7471875 1.0 1.0
208.6846875 0.0 0.0
209.6221875 1.0 0.0
210.5596875 0.0 0.0
211.4971875 1.0 1.0
212.4346875 0.0 0.0
213.3721875 1.0 0.0
214.3096875 0.0 0.0
215.2471875 1.0 1.0
216.1846875 0.0 0.0
217.1221875 1.0 0.0
218.0596875 0.0 0.0
218.9971875 1.0 1.0
219.9346875 0.0 0.0
220.8721875 1.0 0.0
221.8096875 0.0 0.0
222.7471875 1.0 1.0
223.6846875 0.0 0.0
224.6221875 1.0 0.0
225.5596875 0.0 0.0
226.4971875 1.0 1.0
227.4346875 0.0 0.0
228.3721875 1.0 0.0
229.3096875 0.0 0.0
230.2471875 1.0 1.0
231.1846875 0.0 0.0
232.1221875 1.0 0.0
233.0596875 0.0 0.0
233.9971875 1.0 1.0
234.9346875 0.0 0.0
235.8721875 1.0 0.0
236.8096875 0.0 0.0
237.7471875 1.0 1.0
238.6846875 0.0 0.0
239.6221875 1.0 0.0
240.5596875 0.0 0.0
241.4971875 1.0 0.0
242.4346875 0.0 0.0
243.3721875 1.0 1.0
244.3096875 0.0 0.0
245.2471875 1.0 0.0
246.1846875 0.0 0.0