0.25135141 0.0 0.0
1.0621624100000002 1.0 1.0
1.87297341 0.0 0.0
2.68378441 1.0 0.0
3.4945954100000005 0.0 0.0
4.305406410000001 1.0 1.0
5.11621741 0.0 0.0
5.92702841 1.0 0.0
6.73783941 0.0 0.0
7.5486504100000005 1.0 1.0
8.35946141 0.0 0.0
9.17027241 1.0 0.0
9.98108341 0.0 0.0
10.791894410000001 1.0 1.0
11.600520320833335 0.0 0.0
12.409145320833334 1.0 0.0
13.217770320833331 0.0 0.0
14.026395320833332 1.0 1.0
14.835020320833333 0.0 0.0
15.643645320833333 1.0 0.0
16.452270320833332 0.0 0.0
17.26089532083333 1.0 1.0
18.069520320833334 0.0 0.0
18.878145320833333 1.0 0.0
19.686770320833332 0.0 0.0
20.49539532083333 1.0 1.0
21.30402032083333 0.0 0.0
22.11264532083333 1.0 0.0
22.92127032083333 0.0 0.0
23.729895320833332 1.0 1.0
24.538520320833335 0.0 0.0
25.347145320833334 1.0 0.0
26.155770320833334 0.0 0.0
26.964395320833333 1.0 1.0
27.773020320833332 0.0 0.0
28.58164532083333 1.0 0.0
29.39027032083333 0.0 0.0
30.19889532083333 1.0 1.0
31.00752032083333 0.0 0.0
31.81614532083333 1.0 0.0
32.624770320833335 0.0 0.0
33.433395320833334 1.0 1.0
34.24202032083333 0.0 0.0
35.05064532083333 1.0 0.0
35.85927032083333 0.0 0.0
36.66789532083333 1.0 1.0
37.47652032083333 0.0 0.0
38.28514532083333 1.0 0.0
39.09377032083333 0.0 0.0
39.90239532083333 1.0 1.0
40.711020320833335 0.0 0.0
41.519645320833334 1.0 0.0
42.32827032083333 0.0 0.0
43.13689532083333 1.0 1.0
43.94552032083333 0.0 0.0
44.75414532083333 1.0 0.0
45.56277032083333 0.0 0.0
46.37139532083333 1.0 1.0
47.18002032083333 0.0 0.0
47.98864532083333 1.0 0.0
48.79727032083333 0.0 0.0
49.605895320833326 1.0 1.0
50.414520320833326 0.0 0.0
51.22314532083333 1.0 0.0
52.03177032083333 0.0 0.0
52.84039532083333 1.0 1.0
53.64902032083333 0.0 0.0
54.45764532083333 1.0 0.0
55.26627032083333 0.0 0.0
56.07489532083333 1.0 1.0
56.88352032083333 0.0 0.0
57.692145320833326 1.0 0.0
58.500770320833325 0.0 0.0
59.30939532083333 1.0 1.0
60.11802032083333 0.0 0.0
60.92664532083333 1.0 0.0
61.73527032083333 0.0 0.0
62.54389532083333 1.0 1.0
63.35252032083333 0.0 0.0
64.16114532083333 1.0 0.0
64.96977032083333 0.0 0.0
65.77839532083333 1.0 1.0
66.58702032083333 0.0 0.0
67.39564532083334 1.0 0.0
68.20427032083334 0.0 0.0
69.01289532083334 1.0 1.0
69.82152032083334 0.0 0.0
70.63014532083334 1.0 0.0
71.43877032083334 0.0 0.0
72.24739532083333 1.0 1.0
73.05602032083334 0.0 0.0
73.86464532083333 1.0 0.0
74.67327032083334 0.0 0.0
75.48189532083335 1.0 1.0
76.29052032083334 0.0 0.0
77.09914532083334 1.0 0.0
77.90777032083334 0.0 0.0
78.71639532083334 1.0 1.0
79.52502032083333 0.0 0.0
80.33364532083334 1.0 0.0
81.14227032083335 0.0 0.0
81.95089532083334 1.0 1.0
82.75952032083335 0.0 0.0
83.56814532083334 1.0 0.0
84.37677032083334 0.0 0.0
85.18539532083334 1.0 1.0
85.99402032083334 0.0 0.0
86.80264532083334 1.0 0.0
87.61127032083334 0.0 0.0
88.41989532083333 1.0 1.0
89.22852032083334 0.0 0.0
90.03714532083335 1.0 0.0
90.84577032083334 0.0 0.0
91.65439532083334 1.0 1.0
92.46302032083334 0.0 0.0
93.27164532083334 1.0 0.0
94.08027032083334 0.0 0.0
94.88889532083334 1.0 1.0
95.69752032083333 0.0 0.0
96.50614532083334 1.0 0.0
97.31477032083335 0.0 0.0
98.12339532083334 1.0 1.0
98.93202032083335 0.0 0.0
99.74064532083334 1.0 0.0
100.54927032083334 0.0 0.0
101.35789532083334 1.0 1.0
102.16652032083334 0.0 0.0
102.97514532083333 1.0 0.0
103.78377032083334 0.0 0.0
104.59239532083333 1.0 1.0
105.40102032083334 0.0 0.0
106.20964532083335 1.0 0.0
107.01827032083334 0.0 0.0
107.82689532083334 1.0 1.0
108.63552032083334 0.0 0.0
109.44414532083334 1.0 0.0
110.25277032083333 0.0 0.0
111.06139532083334 1.0 1.0
111.87002032083333 0.0 0.0
112.67864532083334 1.0 0.0
113.48727032083335 0.0 0.0
114.29589532083334 1.0 1.0
115.10452032083334 0.0 0.0
115.91314532083334 1.0 0.0
116.72177032083334 0.0 0.0
117.53039532083334 1.0 1.0
118.33902032083334 0.0 0.0
119.14764532083333 1.0 0.0
119.95627032083334 0.0 0.0
120.76489532083333 1.0 1.0
121.57352032083334 0.0 0.0
122.38214532083335 1.0 0.0
123.19077032083334 0.0 0.0
123.99939532083334 1.0 1.0
124.80802032083334 0.0 0.0
125.61664532083334 1.0 0.0
126.42527032083333 0.0 0.0
127.23389532083334 1.0 1.0
128.04252032083332 0.0 0.0
128.85114532083333 1.0 0.0
129.65977032083333 0.0 0.0
130.46839532083334 1.0 1.0
131.27702032083334 0.0 0.0
132.08564532083332 1.0 0.0
132.89427032083333 0.0 0.0
133.70289532083333 1.0 1.0
134.51152032083334 0.0 0.0
135.32014532083332 1.0 0.0
136.12877032083333 0.0 0.0
136.93739532083333 1.0 1.0
137.74602032083334 0.0 0.0
138.55464532083334 1.0 0.0
139.36327032083335 0.0 0.0
140.17189532083333 1.0 1.0
140.98052032083334 0.0 0.0
141.78914532083334 1.0 0.0
142.59777032083335 0.0 0.0
143.40639532083333 1.0 1.0
144.21502032083333 0.0 0.0
145.02364532083334 1.0 0.0
145.83227032083335 0.0 0.0
146.64089532083335 1.0 1.0
147.44952032083333 0.0 0.0
148.25814532083334 1.0 0.0
149.06677032083334 0.0 0.0
149.87539532083335 1.0 1.0
150.68402032083333 0.0 0.0
151.49264532083333 1.0 0.0
152.30127032083334 0.0 0.0
153.10989532083335 1.0 1.0
153.91852032083335 0.0 0.0
154.72714532083333 1.0 0.0
155.53577032083334 0.0 0.0
156.34439532083334 1.0 1.0
157.15302032083335 0.0 0.0
157.96164532083333 1.0 0.0
158.77027032083333 0.0 0.0
159.57889532083334 1.0 1.0
160.38752032083335 0.0 0.0
161.19614532083332 1.0 0.0
162.00477032083333 0.0 0.0
162.81339532083334 1.0 1.0
163.62202032083334 0.0 0.0
164.43064532083335 1.0 0.0
165.23927032083333 0.0 0.0
166.04789532083333 1.0 1.0
166.85652032083334 0.0 0.0
167.66514532083335 1.0 0.0
168.47377032083332 0.0 0.0
169.28239532083333 1.0 1.0
170.09102032083334 0.0 0.0
170.89964532083334 1.0 0.0
171.70827032083335 0.0 0.0
172.51689532083333 1.0 1.0
173.32552032083333 0.0 0.0
174.13414532083334 1.0 0.0
174.94277032083335 0.0 0.0
175.75139532083332 1.0 1.0
176.56002032083333 0.0 0.0
177.36864532083334 1.0 0.0
178.17727032083334 0.0 0.0
178.98589532083335 1.0 1.0
179.79452032083333 0.0 0.0
180.60314532083333 1.0 0.0
181.41177032083334 0.0 0.0
182.22039532083335 1.0 1.0
183.02902032083333 0.0 0.0
183.83764532083333 1.0 0.0
184.64627032083334 0.0 0.0
185.45489532083334 1.0 1.0
186.26352032083332 0.0 0.0
187.07214532083333 1.0 0.0
187.88077032083334 0.0 0.0