4.71	4.0
5.19	1.0
5.63	2.0
6.11	3.0
6.56	4.0
7.02	1.0
7.47	2.0
7.94	3.0
8.4	4.0
8.86	1.0
9.32	2.0
9.78	3.0
10.25	4.0
10.71	1.0
11.16	2.0
11.62	3.0
12.08	4.0
12.55	1.0
13.02	2.0
13.48	3.0
13.94	4.0
14.4	1.0
14.86	2.0
15.32	3.0
15.78	4.0
16.25	1.0
16.7	2.0
17.16	3.0
17.63	4.0
18.09	1.0
18.55	2.0
19.0	3.0
19.47	4.0
19.94	1.0
20.4	2.0
20.86	3.0
21.34	4.0
21.78	1.0
22.25	2.0
22.71	3.0
23.17	4.0
23.64	1.0
24.09	2.0
24.55	3.0
25.02	4.0
25.48	1.0
25.93	2.0
26.39	3.0
26.86	4.0
27.32	1.0
27.76	2.0
28.25	3.0
28.7	4.0
29.18	1.0
29.66	2.0
30.1	3.0
30.58	4.0
31.02	1.0
31.48	2.0
31.94	3.0
32.42	4.0
32.86	1.0
33.32	2.0
33.79	3.0
34.26	4.0
34.71	1.0
35.17	2.0
35.63	3.0
36.09	4.0
36.55	1.0
37.0	2.0
37.48	3.0
37.93	4.0
38.39	1.0
38.86	2.0
39.32	3.0
39.78	4.0
40.25	1.0
40.73	2.0
41.18	3.0
41.65	4.0
42.09	1.0
42.55	2.0
43.01	3.0
43.48	4.0
43.94	1.0
44.41	2.0
44.86	3.0
45.33	4.0
45.77	1.0
46.24	2.0
46.73	3.0
47.18	4.0
47.63	1.0
48.1	2.0
48.56	3.0
49.01	4.0
49.47	1.0
49.93	2.0
50.4	3.0
50.86	4.0
51.33	1.0
51.78	2.0
52.24	3.0
52.72	4.0
53.18	1.0
53.63	2.0
54.09	3.0
54.56	4.0
55.02	1.0
55.48	2.0
55.94	3.0
56.41	4.0
56.86	1.0
57.31	2.0
57.79	3.0
58.25	4.0
58.7	1.0
59.16	2.0
59.63	3.0
60.08	4.0
60.55	1.0
61.01	2.0
61.5	3.0
61.96	4.0
62.4	1.0
62.86	2.0
63.33	3.0
63.79	4.0
64.25	1.0
64.71	2.0
65.17	3.0
65.63	4.0
66.09	1.0
66.56	2.0
67.02	3.0
67.47	4.0
67.94	1.0
68.4	2.0
68.86	3.0
69.32	4.0
69.78	1.0
70.24	2.0
70.71	3.0
71.17	4.0
71.64	1.0
72.1	2.0
72.56	3.0
73.02	4.0
73.47	1.0
73.94	2.0
74.4	3.0
74.87	4.0
75.33	1.0
75.79	2.0
76.24	3.0
76.71	4.0
77.17	1.0
77.63	2.0
78.1	3.0
78.55	4.0
79.02	1.0
79.48	2.0
79.94	3.0
80.4	4.0
80.86	1.0
81.32	2.0
81.79	3.0
82.25	4.0
82.71	1.0
83.18	2.0
83.65	3.0
84.11	4.0
84.56	1.0
85.02	2.0
85.48	3.0
85.95	4.0
86.4	1.0
86.87	2.0
87.33	3.0
87.79	4.0
88.24	1.0
88.7	2.0
89.17	3.0
89.63	4.0
90.09	1.0
90.56	2.0
91.02	3.0
91.48	4.0
91.94	1.0
92.4	2.0
92.87	3.0
93.33	4.0
93.79	1.0
94.25	2.0
94.71	3.0
95.18	4.0
95.63	1.0
96.09	2.0
96.56	3.0
97.02	4.0
97.48	1.0
97.94	2.0
98.4	3.0
98.86	4.0
99.33	1.0
99.79	2.0
100.26	3.0
100.71	4.0
101.17	1.0
101.64	2.0
102.1	3.0
102.55	4.0
103.03	1.0
103.48	2.0
103.95	3.0
104.41	4.0
104.87	1.0
105.33	2.0
105.78	3.0
106.25	4.0
106.7	1.0
107.16	2.0
107.63	3.0
108.09	4.0
108.56	1.0
109.02	2.0
109.47	3.0
109.94	4.0
110.4	1.0
110.86	2.0
111.32	3.0
111.79	4.0
112.24	1.0
112.71	2.0
113.17	3.0
113.63	4.0
114.09	1.0
114.55	2.0
115.01	3.0
115.48	4.0
115.94	1.0
116.39	2.0
116.86	3.0
117.33	4.0
117.79	1.0
118.25	2.0
118.71	3.0
119.17	4.0
119.63	1.0
120.09	2.0
120.55	3.0
121.02	4.0
121.48	1.0
121.94	2.0
122.39	3.0
122.86	4.0
123.32	1.0
123.78	2.0
124.24	3.0
124.72	4.0
125.17	1.0
125.64	2.0
126.09	3.0
126.56	4.0
127.02	1.0
127.48	2.0
127.94	3.0
128.4	4.0
128.86	1.0
129.32	2.0
129.78	3.0
130.25	4.0
130.71	1.0
131.17	2.0
131.63	3.0
132.09	4.0
132.56	1.0
133.01	2.0
133.48	3.0
133.94	4.0
134.4	1.0
134.86	2.0
135.32	3.0
135.79	4.0
136.25	1.0
136.72	2.0
137.19	3.0
137.64	4.0
138.09	1.0
138.55	2.0
139.02	3.0
139.48	4.0
139.94	1.0
140.41	2.0
140.86	3.0
141.32	4.0
141.78	1.0
142.24	2.0
142.7	3.0
143.16	4.0
143.63	1.0
144.09	2.0
144.55	3.0
145.01	4.0
145.48	1.0
145.94	2.0
146.39	3.0
146.86	4.0
147.32	1.0
147.78	2.0
148.25	3.0
148.7	4.0
149.17	1.0
149.63	2.0
150.09	3.0
150.56	4.0
151.02	1.0
151.47	2.0
151.93	3.0
152.39	4.0
152.85	1.0
153.32	2.0
153.78	3.0
154.25	4.0
154.71	1.0
155.17	2.0
155.63	3.0
156.09	4.0
156.55	1.0
157.01	2.0
157.47	3.0
157.94	4.0
158.4	1.0
158.86	2.0
159.32	3.0
159.78	4.0
160.24	1.0
160.7	2.0
161.16	3.0
161.63	4.0
162.09	1.0
162.55	2.0
163.01	3.0
163.48	4.0
163.94	1.0
164.41	2.0
164.88	3.0
165.34	4.0
165.79	1.0
166.26	2.0
166.73	3.0
167.17	4.0
167.63	1.0
168.09	2.0
168.55	3.0
169.01	4.0
169.48	1.0
169.94	2.0
170.4	3.0
170.86	4.0
171.33	1.0
171.78	2.0
172.25	3.0
172.7	4.0
173.17	1.0
173.64	2.0
174.1	3.0
174.56	4.0
175.02	1.0
175.48	2.0
175.94	3.0
176.4	4.0
176.85	1.0
177.32	2.0
177.79	3.0
178.25	4.0
178.71	1.0
179.17	2.0
179.63	3.0
180.09	4.0
180.55	1.0
181.01	2.0
181.48	3.0
181.95	4.0
182.4	1.0
182.86	2.0
183.32	3.0
183.78	4.0
184.25	1.0
184.72	2.0
185.17	3.0
185.63	4.0
186.1	1.0
186.56	2.0
187.02	3.0
187.48	4.0
187.94	1.0
188.4	2.0
188.87	3.0
189.32	4.0
189.79	1.0
190.25	2.0
190.71	3.0
191.18	4.0
191.63	1.0
192.09	2.0
192.55	3.0
193.02	4.0
193.48	1.0
193.94	2.0
194.4	3.0
194.86	4.0
195.31	1.0
195.78	2.0
196.25	3.0
196.72	4.0
197.17	1.0
197.63	2.0
198.1	3.0
198.56	4.0
199.02	1.0
199.48	2.0
199.95	3.0
200.4	4.0
200.87	1.0
201.34	2.0
201.79	3.0
202.26	4.0
202.71	1.0
203.17	2.0
203.63	3.0
204.09	4.0
204.56	1.0
205.02	2.0
205.48	3.0
205.95	4.0
206.4	1.0
206.86	2.0
207.33	3.0
207.79	4.0
208.25	1.0
208.72	2.0
209.17	3.0
209.63	4.0
210.09	1.0
210.57	2.0
211.02	3.0
211.48	4.0
211.95	1.0
212.4	2.0
212.86	3.0
213.33	4.0
213.78	1.0
214.25	2.0
214.71	3.0
215.17	4.0
215.63	1.0
216.1	2.0
216.55	3.0
217.02	4.0
217.48	1.0
217.94	2.0
218.39	3.0
218.86	4.0
219.32	1.0
219.78	2.0
220.24	3.0
220.7	4.0
221.16	1.0
221.63	2.0
222.09	3.0
222.56	4.0
223.02	1.0
223.47	2.0
223.94	3.0
224.4	4.0
224.86	1.0
225.32	2.0
225.79	3.0
226.25	4.0
226.7	1.0
227.17	2.0
227.63	3.0
228.09	4.0
228.55	1.0
229.02	2.0
229.47	3.0
229.94	4.0
230.4	1.0
230.86	2.0
231.32	3.0
231.79	4.0
232.25	1.0
232.71	2.0
233.17	3.0
233.63	4.0
234.09	1.0
234.55	2.0
235.01	3.0
235.48	4.0
235.94	1.0
236.39	2.0
236.86	3.0
237.32	4.0
237.79	1.0
238.24	2.0
238.7	3.0
239.17	4.0
239.63	1.0
240.09	2.0
240.55	3.0
241.02	4.0
241.48	1.0
241.94	2.0
242.4	3.0
242.87	4.0
243.33	1.0
243.81	2.0
244.29	3.0
244.74	4.0
245.18	1.0
245.64	2.0
246.09	3.0
246.55	4.0
247.02	1.0
247.49	2.0
247.95	3.0
248.4	4.0
248.86	1.0
249.32	2.0
249.78	3.0
250.25	4.0
250.71	1.0
251.17	2.0
251.63	3.0
252.1	4.0
252.56	1.0
253.02	2.0
253.48	3.0
253.94	4.0
254.4	1.0
254.86	2.0
255.3	3.0
255.76	4.0
256.23	1.0
256.68	2.0
257.15	3.0
257.63	4.0
258.1	1.0
258.58	2.0
259.03	3.0
259.5	4.0
259.95	1.0
260.41	2.0
260.86	3.0
261.33	4.0
261.79	1.0
