0.589846203 1.0 1.0
1.512923203 0.0 0.0
2.436000203 1.0 1.0
3.359077203 0.0 0.0
4.282154203 1.0 1.0
5.205231203 0.0 0.0
6.1283082030000005 0.0 0.0
7.051385203000001 1.0 1.0
7.974462202999998 0.0 0.0
8.897539203 1.0 0.0
9.820616202999998 0.0 0.0
10.743693202999998 1.0 1.0
11.666770202999999 0.0 0.0
12.589847202999998 1.0 0.0
13.512924202999999 0.0 0.0
14.436001202999998 1.0 1.0
15.359078202999997 0.0 0.0
16.282155203 1.0 0.0
17.205232202999998 0.0 0.0
18.128309202999997 1.0 1.0
19.051386202999996 0.0 0.0
19.974463203 1.0 0.0
20.897540203 0.0 0.0
21.820617202999998 1.0 1.0
22.743694202999997 0.0 0.0
23.666771202999996 1.0 0.0
24.589848203 0.0 0.0
25.512925202999998 1.0 1.0
26.436002202999997 0.0 0.0
27.359079202999997 1.0 0.0
28.282156202999996 0.0 0.0
29.205233203 1.0 1.0
30.128310203 0.0 0.0
31.051387203 1.0 0.0
31.974464203 0.0 0.0
32.897541203 1.0 1.0
33.820618203 0.0 0.0
34.743695203 1.0 0.0
35.666772203 0.0 0.0
36.589849203 1.0 1.0
37.512926203 0.0 0.0
38.436003203 1.0 0.0
39.359080203 0.0 0.0
40.282157203 1.0 1.0
41.205234203 0.0 0.0
42.128311203 1.0 0.0
43.051388203 0.0 0.0
43.974465203 1.0 1.0
44.897542203 0.0 0.0
45.820619203 1.0 0.0
46.743696203 0.0 0.0
47.666773203 1.0 1.0
48.589850203 0.0 0.0
49.512927203 1.0 0.0
50.436004203 0.0 0.0
51.359081203 1.0 1.0
52.282158203 0.0 0.0
53.205235203 1.0 0.0
54.128312203 0.0 0.0
55.051389203 1.0 1.0
55.974466203 0.0 0.0
56.897543203 1.0 0.0
57.820620203 0.0 0.0
58.743697202999996 1.0 1.0
59.666774202999996 0.0 0.0
60.589851202999995 1.0 0.0
61.512928202999994 0.0 0.0
62.43600520299999 1.0 1.0
63.359082203 0.0 0.0
64.282159203 1.0 0.0
65.205236203 0.0 0.0
66.128313203 1.0 1.0
67.051390203 0.0 0.0
67.974467203 1.0 0.0
68.897544203 0.0 0.0
69.820621203 1.0 1.0
70.743698203 0.0 0.0
71.666775203 1.0 0.0
72.58985220299999 0.0 0.0
73.512929203 1.0 1.0
74.436006203 0.0 0.0
75.359083203 1.0 0.0
76.282160203 0.0 0.0
77.205237203 1.0 1.0
78.128314203 0.0 0.0
79.051391203 1.0 0.0
79.974468203 0.0 0.0
80.89754520299999 1.0 1.0
81.820622203 0.0 0.0
82.743699203 1.0 0.0
83.666776203 0.0 0.0
84.589853203 1.0 1.0
85.512930203 0.0 0.0
86.436007203 1.0 0.0
87.359084203 0.0 0.0
88.282161203 1.0 1.0
89.205238203 0.0 0.0
90.128315203 1.0 0.0
91.05139220299999 0.0 0.0
91.974469203 1.0 1.0
92.897546203 0.0 0.0
93.820623203 1.0 0.0
94.743700203 0.0 0.0
95.666777203 1.0 1.0
96.589854203 0.0 0.0
97.512931203 1.0 0.0
98.436008203 0.0 0.0
99.35908520299999 1.0 1.0
100.282162203 0.0 0.0
101.20523920299999 1.0 0.0
102.128316203 0.0 0.0
103.051393203 1.0 1.0
103.974470203 0.0 0.0
104.897547203 1.0 0.0
105.820624203 0.0 0.0
106.743701203 1.0 1.0
107.66677820299999 0.0 0.0
108.589855203 1.0 0.0
109.51293220299999 0.0 0.0
110.436009203 1.0 1.0
111.359086203 0.0 0.0
112.282163203 1.0 0.0
113.205240203 0.0 0.0
114.128317203 1.0 1.0
115.051394203 0.0 0.0
115.974471203 1.0 0.0
116.897548203 0.0 0.0
117.82062520299999 1.0 1.0
118.743702203 0.0 0.0
119.66677920299999 1.0 0.0
120.589856203 0.0 0.0
121.512933203 1.0 1.0
122.436010203 0.0 0.0
123.359087203 1.0 0.0
124.282164203 0.0 0.0
125.205241203 1.0 1.0
126.12831820299999 0.0 0.0
127.051395203 1.0 0.0
127.97447220299999 0.0 0.0
128.89754920299998 1.0 1.0
129.820626203 0.0 0.0
130.743703203 1.0 0.0
131.666780203 0.0 0.0
132.589857203 1.0 1.0
133.512934203 0.0 0.0
134.436011203 1.0 0.0
135.359088203 0.0 0.0
136.282165203 1.0 1.0
137.20524220299998 0.0 0.0
138.128319203 1.0 0.0
139.051396203 0.0 0.0
139.974473203 1.0 1.0
140.897550203 0.0 0.0
141.820627203 1.0 0.0
142.743704203 0.0 0.0
143.666781203 1.0 1.0
144.589858203 0.0 0.0
145.51293520299998 1.0 0.0
146.436012203 0.0 0.0
147.359089203 1.0 1.0
148.282166203 0.0 0.0
149.205243203 1.0 0.0
150.128320203 0.0 0.0
151.051397203 1.0 1.0
151.974474203 0.0 0.0
152.897551203 1.0 0.0
153.82062820299998 0.0 0.0
154.743705203 1.0 1.0
155.666782203 0.0 0.0
156.589859203 1.0 0.0
157.512936203 0.0 0.0
158.436013203 1.0 1.0
159.359090203 0.0 0.0
160.282167203 1.0 0.0
161.205244203 0.0 0.0
162.12832120299998 1.0 1.0
163.051398203 0.0 0.0
163.974475203 1.0 0.0
164.897552203 0.0 0.0
165.82062920299998 1.0 1.0
166.743706203 0.0 0.0
167.666783203 1.0 0.0
168.589860203 0.0 0.0
169.512937203 1.0 1.0
170.43601420299998 0.0 0.0
171.359091203 1.0 0.0
172.282168203 0.0 0.0
173.205245203 1.0 1.0
174.12832220299998 0.0 0.0
175.051399203 1.0 0.0
175.974476203 0.0 0.0
176.897553203 1.0 1.0
177.820630203 0.0 0.0
178.74370720299999 1.0 0.0
179.666784203 0.0 0.0
180.589861203 1.0 1.0
181.512938203 0.0 0.0
182.43601520299998 1.0 0.0
183.359092203 0.0 0.0
184.282169203 1.0 1.0
185.205246203 0.0 0.0
186.128323203 1.0 0.0
187.051400203 0.0 0.0
187.974477203 1.0 1.0
188.897554203 0.0 0.0
189.820631203 1.0 0.0
190.74370820299998 0.0 0.0
191.666785203 1.0 1.0
192.589862203 0.0 0.0
193.512939203 1.0 0.0
194.43601620299998 0.0 0.0
195.359093203 1.0 1.0
196.282170203 0.0 0.0
197.205247203 1.0 0.0
198.128324203 0.0 0.0
199.05140120299998 1.0 1.0
199.974478203 0.0 0.0
200.897555203 1.0 0.0
201.820632203 0.0 0.0
202.74370920299998 1.0 1.0
203.666786203 0.0 0.0
204.589863203 1.0 0.0
205.512940203 0.0 0.0
206.436017203 1.0 1.0
207.35909420299998 0.0 0.0
208.282171203 1.0 0.0
209.205248203 0.0 0.0
210.128325203 1.0 1.0
211.05140220299998 0.0 0.0
211.974479203 1.0 0.0
212.897556203 0.0 0.0
213.820633203 1.0 1.0
214.743710203 0.0 0.0
215.66678720299998 1.0 0.0
216.589864203 0.0 0.0
217.512941203 1.0 1.0
218.436018203 0.0 0.0
219.35909520299998 1.0 0.0
220.282172203 0.0 0.0
221.205249203 1.0 1.0
222.128326203 0.0 0.0
223.051403203 1.0 0.0
223.97448020299998 0.0 0.0
224.897557203 1.0 1.0
225.820634203 0.0 0.0
226.743711203 1.0 0.0
227.66678820299998 0.0 0.0
228.589865203 1.0 1.0
229.512942203 0.0 0.0
230.436019203 1.0 0.0
231.35909620299998 0.0 0.0
232.28217320299999 1.0 1.0
233.205250203 0.0 0.0
234.128327203 1.0 0.0
235.051404203 0.0 0.0
235.97448120299998 1.0 1.0
236.897558203 0.0 0.0
237.820635203 1.0 0.0
238.743712203 0.0 0.0
239.66678920299998 1.0 1.0
240.58986620299999 0.0 0.0
241.512943203 1.0 0.0
242.436020203 0.0 0.0
243.359097203 1.0 1.0
244.28217420299998 0.0 0.0
245.205251203 1.0 0.0
246.128328203 0.0 0.0
247.051405203 1.0 1.0
247.97448220299998 0.0 0.0
248.897559203 1.0 0.0
249.820636203 0.0 0.0
250.743713203 1.0 1.0
251.666790203 0.0 0.0
252.58986720299998 1.0 0.0
253.512944203 0.0 0.0
254.436021203 1.0 1.0
255.359098203 0.0 0.0
256.282175203 1.0 0.0
257.205252203 0.0 0.0
258.12832920299996 1.0 1.0
259.051406203 0.0 0.0
259.974483203 1.0 0.0
260.897560203 0.0 0.0
261.820637203 1.0 1.0
262.74371420299997 0.0 0.0