0.32776105200000005 0.0 0.0
1.2232830520000002 1.0 1.0
2.1188050520000004 0.0 0.0
3.0143270520000005 1.0 0.0
3.9098490519999998 0.0 0.0
4.805371052 1.0 1.0
5.700893052 0.0 0.0
6.596415052 1.0 0.0
7.491937052 0.0 0.0
8.387459052 1.0 1.0
9.277392582000001 0.0 0.0
10.159744582 1.0 0.0
11.042096582000001 0.0 0.0
11.924448582 1.0 1.0
12.806800582000001 0.0 0.0
13.689152582 1.0 0.0
14.571504582 0.0 0.0
15.453856582 1.0 1.0
16.341028802 0.0 0.0
17.236550802 1.0 0.0
18.132072802 0.0 0.0
19.027594802 1.0 1.0
19.923116802 0.0 0.0
20.818638802000002 1.0 0.0
21.714160802000002 0.0 0.0
22.609682802000002 1.0 1.0
23.505204802 0.0 0.0
24.400726802 1.0 0.0
25.296248802 0.0 0.0
26.191770802 1.0 1.0
27.082472582 0.0 0.0
27.964824582000002 1.0 0.0
28.847176582 0.0 0.0
29.729528582 1.0 1.0
30.611880582 0.0 0.0
31.494232582000002 1.0 0.0
32.376584582 0.0 0.0
33.258936582000004 1.0 1.0
34.141288582 0.0 0.0
35.023640582 1.0 0.0
35.905992582 0.0 0.0
36.788344582 1.0 1.0
37.670696582000005 0.0 0.0
38.553048582 1.0 0.0
39.435400582 0.0 0.0
40.322572802 1.0 1.0
41.218094802 0.0 0.0
42.113616802 1.0 0.0
43.009138802 0.0 0.0
43.904660802 1.0 1.0
44.800182802 0.0 0.0
45.695704802 1.0 0.0
46.591226802 0.0 0.0
47.486748802 1.0 1.0
48.38227080200001 0.0 0.0
49.27779280200001 1.0 0.0
50.16849458200001 0.0 0.0
51.050846582000005 1.0 1.0
51.93319858200001 0.0 0.0
52.81555058200001 1.0 0.0
53.697902582000005 0.0 0.0
54.58025458200001 1.0 1.0
55.46260658200001 0.0 0.0
56.344958582000004 1.0 0.0
57.22731058200001 0.0 0.0
58.109662582000006 1.0 1.0
58.99440675800001 0.0 0.0
59.88329475800001 1.0 0.0
60.77218275800001 0.0 0.0
61.66107075800001 1.0 1.0
62.54995875800001 0.0 0.0
63.43884675800001 1.0 0.0
64.327734758 0.0 0.0
65.21662275800001 1.0 1.0
66.10551075800001 0.0 0.0
66.99439875800002 1.0 0.0
67.88328675800001 0.0 0.0
68.772174758 1.0 1.0
69.66106275800001 0.0 0.0
70.54995075800001 1.0 0.0
71.438838758 0.0 0.0
72.33015480200001 1.0 1.0
73.22567680200001 0.0 0.0
74.12119880200001 1.0 0.0
75.01672080200001 0.0 0.0
75.91224280200001 1.0 1.0
76.80776480200001 0.0 0.0
77.70328680200001 1.0 0.0
78.59880880200001 0.0 0.0
79.48951058200001 1.0 1.0
80.371862582 0.0 0.0
81.254214582 1.0 0.0
82.136566582 0.0 0.0
83.01891858200001 1.0 1.0
83.90127058200001 0.0 0.0
84.783622582 1.0 0.0
85.665974582 0.0 0.0
86.553146802 1.0 1.0
87.448668802 0.0 0.0
88.344190802 1.0 0.0
89.239712802 0.0 0.0
90.135234802 1.0 1.0
91.030756802 0.0 0.0
91.921458582 1.0 0.0
92.803810582 0.0 0.0
93.686162582 1.0 1.0
94.568514582 0.0 0.0
95.450866582 1.0 0.0
96.333218582 0.0 0.0
97.215570582 1.0 1.0
98.097922582 0.0 0.0
98.980274582 1.0 0.0
99.862626582 0.0 0.0
100.744978582 1.0 1.0
101.637117056 0.0 0.0
102.546208056 1.0 0.0
103.455299056 0.0 0.0
104.364390056 1.0 1.0
105.263694582 0.0 0.0
106.146046582 1.0 0.0
107.033218802 0.0 0.0
107.928740802 1.0 1.0
108.82426280199999 0.0 0.0
109.71978480199999 1.0 0.0
110.61530680199999 0.0 0.0
111.51082880199999 1.0 1.0
112.40635080199999 0.0 0.0
113.30187280199999 1.0 0.0
114.197394802 0.0 0.0
115.092916802 1.0 1.0
115.98361858200002 0.0 0.0
116.86597058200002 1.0 0.0
117.74832258200001 0.0 0.0
118.63067458200001 1.0 1.0
119.51302658200002 0.0 0.0
120.39537858200002 1.0 0.0
121.27773058200002 0.0 0.0
122.16008258200002 1.0 1.0
123.04243458200001 0.0 0.0
123.92478658200002 1.0 0.0
124.80713858200002 0.0 0.0
125.68949058200002 1.0 1.0
126.57184258200002 0.0 0.0
127.45419458200001 1.0 0.0
128.336546582 0.0 0.0
129.223718802 1.0 1.0
130.119240802 0.0 0.0
131.014762802 1.0 0.0
131.910284802 0.0 0.0
132.805806802 1.0 1.0
133.70132880200003 0.0 0.0
134.59685080200003 1.0 0.0
135.49237280200003 0.0 0.0
136.38789480200003 1.0 1.0
137.28341680200003 0.0 0.0
138.17893880200003 1.0 0.0
139.069640582 0.0 0.0
139.95199258200003 1.0 1.0
140.83434458200003 0.0 0.0
141.71669658200003 1.0 0.0
142.59904858200002 0.0 0.0
143.48140058200002 1.0 1.0
144.36375258200002 0.0 0.0
145.24610458200002 1.0 0.0
146.128456582 0.0 0.0
147.010808582 1.0 1.0
147.895552758 0.0 0.0
148.78444075800002 1.0 0.0
149.67332875800003 0.0 0.0
150.562216758 1.0 1.0
151.451104758 0.0 0.0
152.33999275800002 1.0 0.0
153.22888075800003 0.0 0.0
154.117768758 1.0 1.0
155.00665675800002 0.0 0.0
155.89554475800003 1.0 0.0
156.784432758 0.0 0.0
157.67332075800002 1.0 1.0
158.56220875800003 0.0 0.0
159.451096758 1.0 0.0
160.339984758 0.0 0.0
161.23130080200002 1.0 1.0
162.12682280200002 0.0 0.0
163.02234480200002 1.0 0.0
163.91786680200002 0.0 0.0
164.81338880200002 1.0 1.0
165.70891080200002 0.0 0.0
166.60443280200002 1.0 0.0
167.49995480200002 0.0 0.0
168.39065658200002 1.0 1.0
169.27300858200002 0.0 0.0
170.15536058200001 1.0 0.0
171.03771258200004 0.0 0.0
171.92006458200004 1.0 1.0
172.80241658200003 0.0 0.0
173.68476858200003 1.0 0.0
174.56712058200003 0.0 0.0
175.45429280200003 1.0 1.0
176.34981480200003 0.0 0.0
177.24533680200003 1.0 1.0
178.14085880200003 0.0 0.0
179.03638080200002 1.0 0.0
179.93190280200002 0.0 0.0
180.82260458200003 1.0 1.0
181.70495658200002 0.0 0.0
182.58730858200002 1.0 0.0
183.46966058200005 0.0 0.0
184.35201258200004 1.0 1.0
185.23436458200004 0.0 0.0
186.11671658200004 1.0 0.0
186.99906858200004 0.0 0.0
187.88142058200003 1.0 1.0
188.76377258200003 0.0 0.0
189.64612458200003 1.0 0.0
190.53826305600003 0.0 0.0
191.44735405600002 1.0 1.0
192.35644505600004 0.0 0.0
193.25574958200002 1.0 0.0
194.13810158200002 0.0 0.0
195.02045358200002 1.0 1.0
195.90280558200004 0.0 0.0
196.789977802 1.0 0.0
197.680679582 0.0 0.0
198.563031582 1.0 1.0
199.445383582 0.0 0.0
200.332555802 1.0 0.0
201.228077802 0.0 0.0
202.123599802 1.0 1.0
203.019121802 0.0 0.0
203.914643802 1.0 0.0
204.805345582 0.0 0.0
205.687697582 1.0 1.0
206.570049582 0.0 0.0
207.45240158200002 1.0 0.0
208.33475358200002 0.0 0.0
209.21710558200002 1.0 1.0
210.099457582 0.0 0.0
210.981809582 1.0 0.0
211.864161582 0.0 0.0
212.746513582 1.0 1.0
213.633685802 0.0 0.0
214.529207802 1.0 0.0
215.424729802 0.0 0.0
216.320251802 1.0 1.0
217.215773802 0.0 0.0
218.111295802 1.0 0.0
219.006817802 0.0 0.0
219.902339802 1.0 1.0
220.797861802 0.0 0.0
221.693383802 1.0 0.0
222.584085582 0.0 0.0
223.466437582 1.0 1.0
224.348789582 0.0 0.0
225.23114158200002 1.0 0.0
226.11349358200002 0.0 0.0
226.99584558200002 1.0 1.0
227.87819758199998 0.0 0.0
228.76054958199998 1.0 0.0
229.64290158199998 0.0 0.0
230.52525358199998 1.0 1.0
231.40999775799997 0.0 0.0
232.29888575799995 1.0 0.0
233.18777375799996 0.0 0.0
234.07666175799997 1.0 1.0
234.96554975799995 0.0 0.0
235.85443775799996 1.0 0.0
236.74332575799997 0.0 0.0
237.63221375799995 1.0 1.0
238.52110175799996 0.0 0.0
239.40998975799997 1.0 0.0
240.29887775799995 0.0 0.0
241.18776575799995 1.0 1.0
242.07665375799996 0.0 0.0
242.96554175799997 1.0 0.0
243.85442975799995 0.0 0.0
244.74574580199996 1.0 1.0
245.64126780199996 0.0 0.0
246.53678980199996 1.0 0.0
247.43231180199996 0.0 0.0
248.32540575799996 1.0 1.0
249.21429375799994 0.0 0.0
250.10318175799995 1.0 0.0
250.99206975799996 0.0 0.0
251.88095775799994 1.0 1.0
252.76984575799995 0.0 0.0
253.65873375799995 1.0 0.0
254.54762175799993 0.0 0.0
255.43650975799994 1.0 1.0
256.32539775799995 0.0 0.0
257.21428575799996 1.0 0.0
258.10317375799997 0.0 0.0
258.9944898019999 1.0 1.0
259.89001180199995 0.0 0.0
260.7855338019999 1.0 0.0
261.68105580199995 0.0 0.0
262.5765778019999 1.0 1.0
263.47209980199995 0.0 0.0
264.3676218019999 1.0 0.0
265.26314380199995 0.0 0.0
266.1586658019999 1.0 1.0
267.05418780199994 0.0 0.0
267.9497098019999 1.0 0.0
268.84523180199994 0.0 0.0
269.7407538019999 1.0 1.0
270.630687332 0.0 0.0
271.51303933199995 1.0 0.0
272.395391332 0.0 0.0
273.27774333199994 1.0 1.0
274.16009533199997 0.0 0.0
275.04244733199994 1.0 0.0
275.92479933199996 0.0 0.0
276.80715133199993 1.0 1.0
277.69432355199996 0.0 0.0
278.589845552 1.0 0.0
279.48536755199996 0.0 0.0
280.380889552 1.0 0.0
281.27641155199996 0.0 0.0
282.171933552 1.0 1.0
283.06745555199996 0.0 0.0
283.962977552 0.0 0.0