0.585762624 0.0 0.0
1.2637286239999999 1.0 0.0
1.9416946240000001 0.0 0.0
2.619660624 1.0 1.0
3.297626624 0.0 0.0
3.975592624 1.0 0.0
4.6535586239999995 0.0 0.0
5.331524624 1.0 1.0
6.009490624000001 0.0 0.0
6.687456624 1.0 0.0
7.365422624000001 0.0 0.0
8.043388624 1.0 1.0
8.721354624 0.0 0.0
9.399320624000001 1.0 0.0
10.077286624000001 0.0 0.0
10.755252624 1.0 1.0
11.433218624 0.0 0.0
12.111184624000002 1.0 0.0
12.789150624000001 0.0 0.0
13.467116624000003 1.0 1.0
14.145082624000002 0.0 0.0
14.823048624000002 1.0 0.0
15.501014624000002 0.0 0.0
16.178980624 1.0 1.0
16.856946624000003 0.0 0.0
17.534912624 1.0 0.0
18.212878624000002 0.0 0.0
18.890844624000003 1.0 1.0
19.568810624 0.0 0.0
20.246776624000002 1.0 0.0
20.924742624 0.0 0.0
21.602708624 1.0 1.0
22.280674624 0.0 0.0
22.958640624 1.0 0.0
23.636606623999995 0.0 0.0
24.314572623999997 1.0 1.0
24.992538623999998 0.0 0.0
25.670504623999996 1.0 0.0
26.348470623999997 0.0 0.0
27.026436623999995 1.0 1.0
27.704402623999997 0.0 0.0
28.382368623999998 1.0 0.0
29.060725601999994 0.0 0.0
29.742543601999994 1.0 1.0
30.424361601999994 0.0 0.0
31.106179601999994 1.0 0.0
31.787997601999994 0.0 0.0
32.469815602 1.0 1.0
33.151633602 0.0 0.0
33.833451602 1.0 0.0
34.515269602 0.0 0.0
35.197087601999996 1.0 1.0
35.878905601999996 0.0 0.0
36.560723601999996 1.0 0.0
37.242541601999996 0.0 0.0
37.924359601999996 1.0 1.0
38.606177601999995 0.0 0.0
39.287995601999995 1.0 0.0
39.969813601999995 0.0 0.0
40.651631601999995 1.0 1.0
41.333449601999995 0.0 0.0
42.015267601999994 1.0 0.0
42.697085601999994 0.0 0.0
43.378903601999994 1.0 1.0
44.060721602 0.0 0.0
44.742539602 1.0 0.0
45.424357602 0.0 0.0
46.106175602 1.0 1.0
46.787993602 0.0 0.0
47.469811602 1.0 0.0
48.151629602 0.0 0.0
48.833447602 1.0 1.0
49.515265602 0.0 0.0
50.197083602 1.0 0.0
50.878901602 0.0 0.0
51.560719602 1.0 1.0
52.242537602 0.0 0.0
52.924355602 1.0 0.0
53.606173602 0.0 0.0
54.287991602 1.0 1.0
54.969809602 0.0 0.0
55.651627602 1.0 0.0
56.333445602 0.0 0.0
57.015263602 1.0 1.0
57.697081602 0.0 0.0
58.378899602 1.0 0.0
59.060717602 0.0 0.0
59.7418076965 1.0 1.0
60.41786369649999 0.0 0.0
61.093919696499995 1.0 0.0
61.7699756965 0.0 0.0
62.44603169649999 1.0 1.0
63.122087696499996 0.0 0.0
63.80317008116666 1.0 0.0
64.48498808116666 0.0 0.0
65.16680608116667 1.0 1.0
65.84521570316667 0.0 0.0
66.52318170316667 1.0 0.0
67.20114770316667 0.0 0.0
67.87911370316667 1.0 1.0
68.55707970316666 0.0 0.0
69.23504570316666 1.0 0.0
69.91301170316666 0.0 0.0
70.59097770316667 1.0 1.0
71.26894370316667 0.0 0.0
71.94690970316667 1.0 0.0
72.62487570316667 0.0 0.0
73.30284170316666 1.0 1.0
73.98080770316666 0.0 0.0
74.65877370316667 1.0 0.0
75.33673970316667 0.0 0.0
76.01470570316667 1.0 1.0
76.69267170316667 0.0 0.0
77.37063770316666 1.0 0.0
78.04860370316666 0.0 0.0
78.72656970316666 1.0 1.0
79.40453570316666 0.0 0.0
80.08456188116666 1.0 0.0
80.76637988116667 0.0 0.0
81.44819788116666 1.0 1.0
82.13001588116667 0.0 0.0
82.81183388116666 1.0 0.0
83.49365188116667 0.0 0.0
84.17546988116666 1.0 1.0
84.85911139033334 0.0 0.0
85.54482439033333 1.0 0.0
86.23053739033334 0.0 0.0
86.91625039033333 1.0 1.0
87.60196339033334 0.0 0.0
88.28040195733332 1.0 0.0
88.95836795733334 0.0 0.0
89.63633395733333 1.0 1.0
90.31429995733333 0.0 0.0
90.99226595733333 1.0 0.0
91.67023195733333 0.0 0.0
92.34819795733333 1.0 1.0
93.02616395733332 0.0 0.0
93.70412995733334 1.0 0.0
94.38209595733333 0.0 0.0
95.06006195733333 1.0 1.0
95.73802795733333 0.0 0.0
96.41599395733333 1.0 0.0
97.09395995733333 0.0 0.0
97.77192595733334 1.0 1.0
98.44989195733334 0.0 0.0
99.12785795733333 1.0 0.0
99.80582395733333 0.0 0.0
100.48378995733333 1.0 1.0
101.16175595733333 0.0 0.0
101.83972195733332 1.0 0.0
102.51833517425 0.0 0.0
103.19822217425 1.0 1.0
103.87810917425 0.0 0.0
104.55799617425001 1.0 0.0
105.23788317425 0.0 0.0
105.91777017425001 1.0 1.0
106.59765717425 0.0 0.0
107.27754417425001 1.0 0.0
107.95743117425 0.0 0.0
108.63731817425 1.0 1.0
109.31720517425 0.0 0.0
109.99709217425 1.0 0.0
110.67697917425001 0.0 0.0
111.35686617425 1.0 1.0
112.03675317425001 0.0 0.0
112.71664017425 1.0 0.0
113.39652717425001 0.0 0.0
114.07641417425 1.0 1.0
114.75630117425001 0.0 0.0
115.43451642400001 1.0 0.0
116.112482424 0.0 0.0
116.790448424 1.0 1.0
117.468414424 0.0 0.0
118.146380424 1.0 0.0
118.82434642400001 0.0 0.0
119.50231242400001 1.0 1.0
120.18027842400001 0.0 0.0
120.858244424 1.0 0.0
121.536210424 0.0 0.0
122.214176424 1.0 1.0
122.89280564925001 0.0 0.0
123.57269264925002 1.0 0.0
124.25257964925001 0.0 0.0
124.93246664925 1.0 1.0
125.61235364925001 0.0 0.0
126.29224064925 1.0 0.0
126.97292306033334 0.0 0.0
127.65474106033335 1.0 1.0
128.33655906033334 0.0 0.0
129.01837706033334 1.0 0.0
129.70019506033336 0.0 0.0
130.38201306033335 1.0 1.0
131.06383106033334 0.0 0.0
131.74564906033334 1.0 0.0
132.42746706033336 0.0 0.0
133.10928506033335 1.0 1.0
133.79110306033334 0.0 0.0
134.47292106033333 1.0 0.0
135.15473906033336 0.0 0.0
135.83655706033335 1.0 1.0
136.51837506033334 0.0 0.0
137.20019306033333 1.0 0.0
137.88201106033335 0.0 0.0
138.56382906033335 1.0 1.0
139.24564706033334 0.0 0.0
139.92746506033333 1.0 0.0
140.60928306033335 0.0 0.0
141.29110106033335 1.0 1.0
141.97291906033334 0.0 0.0
142.65473706033333 1.0 0.0
143.33628445733336 0.0 0.0
144.01425045733336 1.0 1.0
144.69221645733336 0.0 0.0
145.37018245733336 1.0 0.0
146.04814845733335 0.0 0.0
146.72611445733335 1.0 1.0
147.40408045733335 0.0 0.0
148.08546286033337 1.0 0.0
148.76728086033336 0.0 0.0
149.44909886033335 1.0 1.0
150.13091686033334 0.0 0.0
150.81273486033336 1.0 0.0
151.49455286033336 0.0 0.0
152.17637086033335 1.0 1.0
152.85818886033334 0.0 0.0
153.54000686033336 1.0 0.0
154.22182486033336 0.0 0.0
154.90180953675002 1.0 1.0
155.58169653675 0.0 0.0
156.26158353675 1.0 0.0
156.94147053675002 0.0 0.0
157.62135753675003 1.0 1.0
158.30124453675 0.0 0.0
158.98113153675 1.0 0.0
159.66101853675002 0.0 0.0
160.34090553675 1.0 1.0
161.02079253675 0.0 0.0
161.70067953675002 1.0 0.0
162.38056653675002 0.0 0.0
163.06045353675 1.0 1.0
163.74034053675 0.0 0.0
164.42022753675002 1.0 0.0
165.10011453675003 0.0 0.0
165.78000153675 1.0 1.0
166.45988853675001 0.0 0.0
167.13977553675002 1.0 0.0
167.81966253675 0.0 0.0
168.49954953675 1.0 1.0
169.17943653675002 0.0 0.0
169.85932353675003 1.0 0.0
170.53921053675 0.0 0.0
171.21909753675 1.0 1.0
171.89898453675002 0.0 0.0
172.57887153675 1.0 0.0
173.25875853675 0.0 0.0
173.93864553675002 1.0 1.0
174.61853253675 0.0 0.0
175.29841953675 1.0 0.0
175.97830653674998 0.0 0.0
176.65819353675 1.0 1.0
177.33808053675 0.0 0.0
178.01796753675 1.0 0.0
178.69785453675001 0.0 0.0
179.37774153675 1.0 1.0
180.05762853675 0.0 0.0
180.73751553675 1.0 0.0
181.41740253675 0.0 0.0
182.09728953675 1.0 1.0
182.77717653675 0.0 0.0
183.45706353675 1.0 0.0
184.13695053675 0.0 0.0
184.81683753675 1.0 1.0
185.49672453675 0.0 0.0
186.17661153675 1.0 0.0
186.85649853675 0.0 0.0
187.53638553675 1.0 1.0
188.21627253675 0.0 0.0
188.89615953675 1.0 0.0
189.57604653675 0.0 0.0
190.25593353675 1.0 1.0
190.93582053675 0.0 0.0
191.61570753675 1.0 0.0
192.29559453675 0.0 0.0
192.97548153675 1.0 1.0
193.65536853675002 0.0 0.0
194.33525553675 1.0 0.0
195.01514253675 0.0 0.0
195.69502953674998 1.0 1.0
196.37491653675 0.0 0.0
197.05480353675 1.0 0.0
197.73469053675 0.0 0.0
198.41457753675002 1.0 1.0
199.09446453675 0.0 0.0
199.77435153675 1.0 0.0
200.45423853675 0.0 0.0
201.13412553675 1.0 1.0
201.81401253675 0.0 0.0
202.49389953675 1.0 0.0
203.17378653675001 0.0 0.0
203.85367353675 1.0 1.0
204.53356053675 0.0 0.0
205.21344753675 1.0 0.0
205.89333453675 0.0 0.0
206.57322153675 1.0 1.0
207.25310853675 0.0 0.0
207.93299553675 1.0 0.0
208.61288253675002 0.0 0.0
209.29276953675 1.0 1.0
209.97265653675 0.0 0.0
210.65254353675 1.0 0.0
211.33243053675 0.0 0.0
212.01231753675 1.0 1.0
212.69220453675 0.0 0.0
213.37209153675002 1.0 0.0
214.05197853675 0.0 0.0
214.73186553675 1.0 1.0
215.41175253675001 0.0 0.0
216.09163953675 1.0 0.0
216.77152653675 0.0 0.0
217.45141353675 1.0 1.0
218.13130053675002 0.0 0.0
218.81118753675003 1.0 0.0
219.49107453675 0.0 0.0
220.17096153675 1.0 1.0
220.85084853675 0.0 0.0
221.53073553675 1.0 0.0
222.21062253675 0.0 0.0
222.89050953675002 1.0 1.0
223.57039653675002 0.0 0.0
224.25028353675 1.0 0.0
224.93017053675 0.0 0.0
225.61005753675 1.0 1.0
226.28994453675 0.0 0.0
226.96983153675 1.0 0.0
227.64971853675002 0.0 0.0
228.32960553675002 1.0 1.0
229.00949253675 0.0 0.0
229.68937953675 1.0 0.0
230.36926653675 0.0 0.0
231.04915353675 1.0 1.0
231.72904053675 0.0 0.0
232.40892753675 1.0 0.0
233.08881453675002 0.0 0.0
233.76870153675003 1.0 1.0
234.44858853675 0.0 0.0
235.12847553675002 1.0 0.0
235.80836253675 0.0 0.0
236.48824953675 1.0 1.0
237.16813653675 0.0 0.0
237.84802353675002 1.0 0.0
238.52791053675003 0.0 0.0
239.20779753675 1.0 1.0
239.88768453675002 0.0 0.0
240.56757153675 1.0 0.0
241.24745853675 0.0 0.0
241.92734553675 1.0 1.0
242.60723253675002 0.0 0.0
243.28711953675003 1.0 1.0
243.96700653675 0.0 0.0
244.64689353675 0.0 0.0
245.32678053675 1.0 0.0
246.00666753675 0.0 0.0
246.68655453675 1.0 1.0
247.36644153675002 0.0 0.0
248.04632853675 1.0 0.0
248.72621553675 0.0 0.0
249.40610253674998 1.0 1.0
250.08598953675 0.0 0.0
250.76587653675 1.0 0.0
251.44576353675 0.0 0.0
252.12565053675002 1.0 0.0