0.8972289000000001 1.0 1.0
1.8203039 0.0 0.0
2.7433789 1.0 0.0
3.6664539 0.0 0.0
4.5895289 1.0 1.0
5.5126039 0.0 0.0
6.4356789 1.0 0.0
7.358753900000001 0.0 0.0
8.281828899999999 1.0 1.0
9.2049039 0.0 0.0
10.1279789 1.0 0.0
11.0510539 0.0 0.0
11.9741289 1.0 1.0
12.897203900000001 0.0 0.0
13.8202789 1.0 0.0
14.7433539 0.0 0.0
15.666428900000001 1.0 1.0
16.589503900000004 0.0 0.0
17.512578900000005 1.0 0.0
18.435653900000005 0.0 0.0
19.358728900000003 1.0 1.0
20.278412067500003 0.0 0.0
21.197952067500005 1.0 0.0
22.117492067500002 0.0 0.0
23.037032067500004 1.0 1.0
23.956572067500005 0.0 0.0
24.876112067500003 1.0 0.0
25.795652067500004 0.0 0.0
26.715192067500006 1.0 1.0
27.634732067500003 0.0 0.0
28.554272067500005 1.0 0.0
29.473812067500006 0.0 0.0
30.393352067500004 1.0 1.0
31.312892067500005 0.0 0.0
32.23243206750001 1.0 0.0
33.151972067500004 0.0 0.0
34.07151206750001 1.0 1.0
34.99105206750001 0.0 0.0
35.910592067500005 1.0 0.0
36.8301320675 0.0 0.0
37.74967206750001 1.0 1.0
38.669212067500006 0.0 0.0
39.58875206750001 1.0 0.0
40.50829206750001 0.0 0.0
41.427832067500006 1.0 1.0
42.347372067500004 0.0 0.0
43.2669120675 1.0 0.0
44.18645206750001 0.0 0.0
45.10599206750001 1.0 1.0
46.02553206750001 0.0 0.0
46.94507206750001 1.0 1.0
47.864612067500005 0.0 0.0
48.7841520675 1.0 0.0
49.70369206750001 0.0 0.0
50.623232067500005 1.0 1.0
51.5427720675 0.0 0.0
52.4623120675 1.0 0.0
53.381852067500006 0.0 0.0
54.301392067500004 1.0 1.0
55.2209320675 0.0 0.0
56.140472067500006 1.0 0.0
57.060012067500004 0.0 0.0
57.9795520675 1.0 1.0
58.89909206750001 0.0 0.0
59.8186320675 1.0 0.0
60.738172067499995 0.0 0.0
61.6577120675 1.0 1.0
62.5772520675 0.0 0.0
63.496792067499996 1.0 0.0
64.41633206750001 0.0 0.0
65.33587206749999 1.0 1.0
66.2554120675 0.0 0.0
67.1749520675 1.0 0.0
68.0944920675 0.0 0.0
69.0140320675 1.0 1.0
69.9335720675 0.0 0.0
70.8531120675 1.0 0.0
71.77265206749999 0.0 0.0
72.6921920675 1.0 1.0
73.6117320675 0.0 0.0
74.5312720675 1.0 0.0
75.4508120675 0.0 0.0
76.3703520675 1.0 1.0
77.2898920675 0.0 0.0
78.21194751458333 1.0 0.0
79.13502251458333 0.0 0.0
80.05809751458334 1.0 1.0
80.98117251458333 0.0 0.0
81.90424751458333 1.0 0.0
82.82732251458333 0.0 0.0
83.75039751458334 1.0 1.0
84.67347251458334 0.0 0.0
85.59654751458334 1.0 0.0
86.51962251458333 0.0 0.0
87.44269751458333 1.0 1.0
88.36577251458333 0.0 0.0
89.28884751458334 1.0 0.0
90.21192251458334 0.0 0.0
91.13499751458333 1.0 1.0
92.05807251458333 0.0 0.0
92.97771149458333 1.0 0.0
93.89725149458333 0.0 0.0
94.81679149458333 1.0 1.0
95.73633149458334 0.0 0.0
96.65587149458334 1.0 0.0
97.57541149458334 0.0 0.0
98.49495149458333 1.0 1.0
99.41449149458333 0.0 0.0
100.33403149458333 1.0 0.0
101.25357149458333 0.0 0.0
102.17311149458334 1.0 1.0
103.09265149458334 0.0 0.0
104.01219149458333 1.0 0.0
104.93173149458333 0.0 0.0
105.85127149458333 1.0 1.0
106.77081149458334 0.0 0.0
107.69035149458334 1.0 0.0
108.60989149458334 0.0 0.0
109.52943149458333 1.0 1.0
110.44897149458333 0.0 0.0
111.36851149458334 1.0 0.0
112.28805149458333 0.0 0.0
113.20759149458334 1.0 1.0
114.12713149458334 0.0 0.0
115.04667149458334 1.0 0.0
115.96621149458333 0.0 0.0
116.88575149458333 1.0 1.0
117.80529149458334 0.0 0.0
118.72483149458336 1.0 0.0
119.64437149458334 0.0 0.0
120.56391149458335 1.0 1.0
121.48345149458335 0.0 0.0
122.40299149458335 1.0 0.0
123.32253149458334 0.0 0.0
124.24207149458334 1.0 1.0
125.16161149458335 0.0 0.0
126.08115149458335 1.0 0.0
127.00069149458335 0.0 0.0
127.92023149458336 1.0 1.0
128.83977149458335 0.0 0.0
129.75931149458336 1.0 0.0
130.67885149458334 0.0 0.0
131.59839149458335 1.0 1.0
132.51793149458337 0.0 0.0
133.43747149458335 1.0 0.0
134.35701149458336 0.0 0.0
135.27655149458334 1.0 1.0
136.19609149458336 0.0 0.0
137.11563149458334 1.0 0.0
138.03517149458335 0.0 0.0
138.95471149458336 1.0 1.0
139.87425149458335 0.0 0.0
140.79379149458336 1.0 0.0
141.71333149458334 0.0 0.0
142.63287149458336 1.0 1.0
143.55241149458334 0.0 0.0
144.47195149458335 1.0 0.0
145.39149149458336 0.0 0.0
146.31103149458335 1.0 1.0
147.23057149458336 0.0 0.0
148.15011149458337 1.0 0.0
149.06965149458335 0.0 0.0
149.98919149458334 1.0 1.0
150.90873149458335 0.0 0.0
151.82827149458336 1.0 0.0
152.74781149458335 0.0 0.0
153.66735149458336 1.0 1.0
154.58689149458337 0.0 0.0
155.50643149458335 1.0 0.0
156.42597149458334 0.0 0.0
157.34551149458335 1.0 1.0
158.26505149458336 0.0 0.0
159.18459149458334 1.0 0.0
160.10413149458336 0.0 0.0
161.02367149458337 1.0 1.0
161.94321149458335 0.0 0.0
162.86275149458334 1.0 0.0
163.78229149458335 0.0 0.0
164.70183149458336 1.0 1.0
165.6239311291667 0.0 0.0
166.54700612916668 1.0 0.0
167.4700811291667 0.0 0.0
168.3931561291667 1.0 1.0
169.31623112916668 0.0 0.0
170.2393061291667 1.0 0.0
171.16235491125002 0.0 0.0
172.08189491125 1.0 1.0
173.00143491125002 0.0 0.0
173.92097491125003 1.0 0.0
174.84051491125 0.0 0.0
175.76005491125002 1.0 1.0
176.67959491125 0.0 0.0
177.59913491125002 1.0 0.0
178.51867491125 0.0 0.0
179.43821491125001 1.0 1.0
180.35775491125003 0.0 0.0
181.27729491125 1.0 0.0
182.19683491125002 0.0 0.0
183.11637491125 1.0 1.0
184.03591491125002 0.0 0.0
184.95545491125 1.0 0.0
185.87499491125 0.0 0.0
186.79453491125003 1.0 1.0
187.71407491125 0.0 0.0
188.63361491125002 1.0 0.0
189.55315491125 0.0 0.0
190.47269491125002 1.0 1.0
191.39223491125 0.0 0.0
192.31177491125 1.0 0.0
193.23131491125002 0.0 0.0
194.15085491125 1.0 1.0
195.07039491125002 0.0 0.0
195.98993491125 1.0 0.0
196.90947491125002 0.0 0.0
197.82901491125003 1.0 1.0
198.74855491125 0.0 0.0
199.66809491125002 1.0 0.0
200.58763491125 0.0 0.0
201.50717491125002 1.0 1.0
202.42671491125003 0.0 0.0
203.34625491125 1.0 0.0
204.26579491125003 0.0 0.0
205.18533491125 1.0 1.0
206.10487491125002 0.0 0.0
207.02441491125 1.0 0.0
207.94395491125002 0.0 0.0
208.86349491125003 1.0 1.0
209.78303491125 0.0 0.0
210.70957965291666 1.0 0.0
211.63621965291668 0.0 0.0
212.56285965291667 1.0 1.0
213.48949965291666 0.0 0.0
214.41613965291668 1.0 0.0
215.34277965291668 0.0 0.0
216.26813928625 1.0 1.0
217.18767928625002 0.0 0.0
218.10721928625 1.0 0.0
219.02675928625 0.0 0.0
219.94629928625002 1.0 1.0
220.86583928625 0.0 0.0
221.78537928625002 1.0 0.0
222.70491928625 0.0 0.0
223.62445928625002 1.0 1.0
224.54399928625003 0.0 0.0
225.46353928625 1.0 0.0
226.38307928625002 0.0 0.0
227.30261928625 1.0 1.0
228.22215928625002 0.0 0.0
229.14169928625 1.0 0.0
230.06123928625001 0.0 0.0
230.98077928625003 1.0 1.0
231.90031928625 0.0 0.0
232.81985928625002 1.0 0.0
233.73939928625 0.0 0.0
234.65893928625002 1.0 1.0
235.57847928625 0.0 0.0
236.49801928624998 1.0 0.0
237.41755928625 0.0 0.0
238.33709928624998 1.0 1.0
239.25663928625 0.0 0.0
240.17617928624998 1.0 0.0
241.09571928625 0.0 0.0
242.01525928625 1.0 1.0
242.93479928624998 0.0 0.0
243.85433928625 1.0 0.0
244.77387928624998 0.0 0.0
245.69341928625 1.0 1.0
246.61295928624997 0.0 0.0
247.53249928625 1.0 0.0
248.45203928625 0.0 0.0
249.37157928624998 1.0 1.0
250.29111928625 0.0 0.0
251.21065928625 0.0 0.0
252.13019928625 1.0 0.0
253.04973928624997 0.0 0.0
253.96927928624999 1.0 1.0
254.88881928625 0.0 0.0
255.80835928624998 1.0 0.0
256.72789928625 0.0 0.0
257.64743928625 1.0 1.0
258.56697928625 0.0 0.0
259.48651928625 1.0 0.0
260.40605928625 0.0 0.0
261.32559928625 1.0 1.0
262.24513928625 0.0 0.0
263.16467928625 1.0 0.0
264.08421928625 0.0 0.0
265.00375928625 1.0 1.0
265.92329928624997 0.0 0.0
266.84283928625 1.0 0.0
267.76237928625 0.0 0.0
268.68191928625 1.0 1.0
269.60145928625 0.0 0.0