0.352306653 0.0 0.0
0.8651256529999999 1.0 1.0
1.3779446530000001 0.0 0.0
1.890763653 1.0 0.0
2.403582653 0.0 0.0
2.916401653 1.0 1.0
3.429220653 0.0 0.0
3.9420396529999997 1.0 0.0
4.454858652999999 0.0 0.0
4.967677652999999 1.0 1.0
5.4804966529999986 0.0 0.0
5.993315652999999 1.0 0.0
6.506134652999998 0.0 0.0
7.018953652999999 1.0 1.0
7.531772652999998 0.0 0.0
8.044591652999998 1.0 0.0
8.557410653 0.0 0.0
9.070229652999998 1.0 1.0
9.583048652999999 0.0 0.0
10.095867652999999 1.0 0.0
10.608686653 0.0 0.0
11.121505653 1.0 1.0
11.634324652999998 0.0 0.0
12.147143652999999 1.0 0.0
12.659962653 0.0 0.0
13.172781653 1.0 1.0
13.685600652999998 0.0 0.0
14.198419652999998 1.0 0.0
14.711238652999999 0.0 0.0
15.224057653 1.0 1.0
15.736876652999998 0.0 0.0
16.249695653 1.0 0.0
16.762514652999997 0.0 0.0
17.275333652999997 1.0 1.0
17.788152652999997 0.0 0.0
18.300971652999998 1.0 0.0
18.813790652999995 0.0 0.0
19.326609652999995 1.0 1.0
19.839428652999995 0.0 0.0
20.352247652999996 1.0 0.0
20.865066652999996 0.0 0.0
21.377885652999996 1.0 1.0
21.890704652999997 0.0 0.0
22.403523652999997 1.0 0.0
22.916342652999997 0.0 0.0
23.429161652999994 1.0 1.0
23.941980652999995 0.0 0.0
24.454799652999995 1.0 0.0
24.967618652999995 0.0 0.0
25.480437652999996 1.0 1.0
25.993256652999996 0.0 0.0
26.506075652999996 1.0 0.0
27.018894652999997 0.0 0.0
27.531713652999994 1.0 1.0
28.044532652999994 0.0 0.0
28.557351652999994 1.0 0.0
29.070170652999995 0.0 0.0
29.582989652999995 1.0 1.0
30.095808652999995 0.0 0.0
30.608627652999996 1.0 0.0
31.121446652999996 0.0 0.0
31.634265652999996 1.0 1.0
32.14708465299999 0.0 0.0
32.65990365299999 1.0 0.0
33.172722652999994 0.0 0.0
33.685541652999994 1.0 1.0
34.198360652999995 0.0 0.0
34.711179652999995 1.0 0.0
35.223998652999995 0.0 0.0
35.736817652999996 1.0 1.0
36.249636652999996 0.0 0.0
36.762455652999996 1.0 0.0
37.275274653 0.0 0.0
37.788093653 1.0 1.0
38.300912653 0.0 0.0
38.813731653 1.0 0.0
39.326550653 0.0 0.0
39.839369653 1.0 1.0
40.352188653 0.0 0.0
40.865007653 1.0 0.0
41.377826653 0.0 0.0
41.890645653 1.0 1.0
42.403464653 0.0 0.0
42.916283653 1.0 0.0
43.429102652999994 0.0 0.0
43.941921652999994 1.0 1.0
44.454740652999995 0.0 0.0
44.967559652999995 1.0 0.0
45.480378652999995 0.0 0.0
45.993197652999996 1.0 1.0
46.506016652999996 0.0 0.0
47.018835653 1.0 0.0
47.531654653 0.0 0.0
48.044473653 1.0 1.0
48.557292653 0.0 0.0
49.070111653 1.0 0.0
49.582930653 0.0 0.0
50.095749653 1.0 1.0
50.608568653 0.0 0.0
51.121387653 1.0 0.0
51.634206653 0.0 0.0
52.14702565299999 1.0 1.0
52.65984465299999 0.0 0.0
53.172663652999994 1.0 0.0
53.685482652999994 0.0 0.0
54.198301652999994 1.0 1.0
54.711120652999995 0.0 0.0
55.223939652999995 1.0 0.0
55.736758652999995 0.0 0.0
56.249577652999996 1.0 1.0
56.762396652999996 0.0 0.0
57.275215653 1.0 0.0
57.788034653 0.0 0.0
58.300853653 1.0 1.0
58.813672653 0.0 0.0
59.326491653 1.0 0.0
59.839310653 0.0 0.0
60.352129653 1.0 1.0
60.86494865299999 0.0 0.0
61.37776765299999 1.0 0.0
61.89058665299999 0.0 0.0
62.40340565299999 1.0 1.0
62.91622465299999 0.0 0.0
63.429043652999994 1.0 0.0
63.941862652999994 0.0 0.0
64.454681653 1.0 1.0
64.96750065299999 0.0 0.0
65.480319653 1.0 0.0
65.993138653 0.0 0.0
66.505957653 1.0 1.0
67.018776653 0.0 0.0
67.531595653 1.0 0.0
68.044414653 0.0 0.0
68.557233653 1.0 1.0
69.070052653 0.0 0.0
69.582871653 0.0 0.0
70.095690653 1.0 1.0
70.608509653 0.0 0.0
71.121328653 1.0 0.0
71.634147653 0.0 0.0
72.146966653 1.0 1.0
72.659785653 0.0 0.0
73.17260465300001 1.0 0.0
73.685423653 0.0 0.0
74.19824265300001 1.0 1.0
74.711061653 0.0 0.0
75.223880653 1.0 0.0
75.736699653 0.0 0.0
76.249518653 1.0 1.0
76.762337653 0.0 0.0
77.275156653 1.0 0.0
77.787975653 0.0 0.0
78.300794653 1.0 1.0
78.813613653 0.0 0.0
79.326432653 1.0 0.0
79.839251653 0.0 0.0
80.352070653 1.0 1.0
80.864889653 0.0 0.0
81.377708653 1.0 0.0
81.890527653 0.0 0.0
82.403346653 1.0 1.0
82.91616565300001 0.0 0.0
83.428984653 1.0 0.0
83.941803653 0.0 0.0
84.454622653 1.0 1.0
84.967441653 0.0 0.0
85.480260653 1.0 0.0
85.993079653 0.0 0.0
86.505898653 1.0 1.0
87.018717653 0.0 0.0
87.531536653 1.0 0.0
88.044355653 0.0 0.0
88.557174653 1.0 1.0
89.069993653 0.0 0.0
89.582812653 1.0 0.0
90.095631653 0.0 0.0
90.608450653 1.0 1.0
91.121269653 0.0 0.0
91.634088653 1.0 0.0
92.146907653 0.0 0.0
92.65972665299999 1.0 1.0
93.172545653 0.0 0.0
93.685364653 1.0 0.0
94.198183653 0.0 0.0
94.711002653 1.0 1.0
95.223821653 0.0 0.0
95.736640653 1.0 0.0
96.249459653 0.0 0.0
96.762278653 1.0 1.0
97.275097653 0.0 0.0
97.787916653 1.0 0.0
98.300735653 0.0 0.0
98.813554653 1.0 1.0
99.326373653 0.0 0.0
99.839192653 1.0 0.0
100.352011653 0.0 0.0
100.864830653 1.0 1.0
101.37764965299999 0.0 0.0
101.890468653 1.0 0.0
102.40328765299999 0.0 0.0
102.916106653 1.0 1.0
103.428925653 0.0 0.0
103.941744653 1.0 0.0
104.454563653 0.0 0.0
104.967382653 1.0 1.0
105.480201653 0.0 0.0
105.993020653 1.0 0.0
106.505839653 0.0 0.0
107.018658653 1.0 1.0
107.531477653 0.0 0.0
108.044296653 1.0 0.0
108.557115653 0.0 0.0
109.069934653 1.0 1.0
109.582753653 0.0 0.0
110.09557265299999 1.0 0.0
110.608391653 0.0 0.0
111.12121065299999 1.0 1.0
111.634029653 0.0 0.0
112.14684865299999 1.0 0.0
112.659667653 0.0 0.0
113.17248665299999 1.0 1.0
113.685305653 0.0 0.0
114.198124653 1.0 0.0
114.710943653 0.0 0.0
115.223762653 1.0 1.0
115.736581653 0.0 0.0
116.249400653 1.0 0.0
116.762219653 0.0 0.0
117.275038653 1.0 1.0
117.787857653 0.0 0.0
118.300676653 1.0 0.0
118.81349565299999 0.0 0.0
119.326314653 1.0 1.0
119.83913365299999 0.0 0.0
120.351952653 1.0 0.0
120.86477165299999 0.0 0.0
121.377590653 1.0 1.0
121.89040965299999 0.0 0.0
122.403228653 1.0 0.0
122.91604765299999 0.0 0.0
123.428866653 1.0 1.0
123.941685653 0.0 0.0
124.454504653 1.0 0.0
124.967323653 0.0 0.0
125.480142653 1.0 1.0
125.992961653 0.0 0.0
126.505780653 1.0 0.0
127.018599653 0.0 0.0
127.53343513583332 1.0 1.0
128.0484551358333 1.0 1.0
128.56347513583333 0.0 0.0
129.07849513583332 1.0 0.0
129.59351513583331 0.0 0.0
130.1085351358333 1.0 1.0
130.62355513583333 0.0 0.0
131.13857513583332 1.0 0.0
131.6535951358333 0.0 0.0
132.1686151358333 1.0 1.0
132.68358513316664 0.0 0.0
133.19750213316667 1.0 0.0
133.71141913316666 0.0 0.0
134.22533613316665 1.0 1.0
134.73925313316664 0.0 0.0
135.25317013316666 1.0 0.0
135.76708713316665 0.0 0.0
136.28100413316665 1.0 1.0
136.79492113316667 0.0 0.0
137.30883813316666 1.0 0.0
137.82275513316665 0.0 0.0
138.33667213316664 1.0 1.0
138.85058913316666 0.0 0.0
139.36450613316666 1.0 0.0
139.87842313316665 0.0 0.0
140.39234013316664 1.0 1.0
140.90625713316666 0.0 0.0
141.42017413316665 1.0 0.0
141.93409113316665 0.0 0.0
142.44800813316667 1.0 1.0
142.96192513316666 0.0 0.0
143.47584213316665 1.0 0.0
143.98975913316664 0.0 0.0
144.50367613316666 1.0 1.0
145.01668325716665 0.0 0.0
145.52950225716665 1.0 0.0
146.04232125716663 0.0 0.0
146.55514025716664 1.0 1.0
147.06795925716665 0.0 0.0
147.58077825716666 1.0 0.0
148.09359725716664 0.0 0.0
148.60641625716664 1.0 1.0
149.11923525716665 0.0 0.0
149.63205425716663 1.0 0.0
150.14487325716664 0.0 0.0
150.65769225716664 1.0 1.0
151.17051125716665 0.0 0.0
151.68333025716663 1.0 0.0
152.19614925716664 0.0 0.0
152.70896825716665 1.0 1.0
153.22178725716665 0.0 0.0
153.73460625716663 1.0 0.0
154.24742525716664 0.0 0.0
154.76024425716665 1.0 1.0
155.27306325716665 0.0 0.0
155.78588225716663 1.0 0.0
156.29870125716664 0.0 0.0
156.81152025716665 1.0 1.0
157.32433925716663 0.0 0.0
157.83715825716664 1.0 0.0
158.34997725716664 0.0 0.0
158.86279625716665 1.0 1.0
159.37561525716663 0.0 0.0
159.88843425716664 1.0 0.0
160.40125325716664 0.0 0.0
160.91407225716665 1.0 1.0
161.42689125716663 0.0 0.0
161.93971025716664 1.0 0.0
162.45252925716665 0.0 0.0
162.96534825716665 1.0 1.0
163.47816725716663 0.0 0.0
163.99098625716664 1.0 0.0
164.50380525716665 0.0 0.0
165.01662425716665 1.0 1.0
165.52944325716663 0.0 0.0
166.04226225716664 1.0 0.0
166.55508125716665 0.0 0.0
167.06790025716663 1.0 1.0
167.58071925716663 0.0 0.0
168.09353825716664 1.0 0.0
168.60635725716665 0.0 0.0
169.11917625716663 1.0 1.0
169.63238129566665 0.0 0.0
170.14629829566664 1.0 0.0
170.66021529566666 0.0 0.0
171.17413229566665 1.0 1.0
171.68804929566664 0.0 0.0
172.20196629566667 1.0 0.0
172.71588329566666 0.0 0.0
173.22980029566665 1.0 1.0
173.74371729566664 0.0 0.0
174.25763429566666 1.0 0.0
174.77155129566665 0.0 0.0
175.28546829566665 1.0 1.0
175.79938529566664 0.0 0.0
176.31330229566666 1.0 0.0
176.82721929566665 0.0 0.0
177.34113629566664 1.0 1.0
177.85505329566666 0.0 0.0
178.36897029566666 1.0 0.0
178.88288729566665 0.0 0.0
179.39680429566664 1.0 1.0
179.90994409466666 0.0 0.0
180.42276309466666 1.0 0.0
180.93558209466667 0.0 0.0
181.44840109466665 1.0 1.0
181.96122009466666 0.0 0.0
182.47403909466667 1.0 0.0
182.98685809466667 0.0 0.0
183.49967709466665 1.0 1.0
184.01249609466666 0.0 0.0
184.52531509466667 1.0 0.0
185.03813409466667 0.0 0.0
185.55095309466665 1.0 1.0
186.06377209466666 0.0 0.0
186.57659109466667 1.0 0.0
187.08941009466668 0.0 0.0
187.60222909466665 1.0 1.0
188.11504809466666 0.0 0.0
188.62786709466667 1.0 0.0
189.14068609466665 0.0 0.0
189.65350509466666 1.0 1.0
190.16632409466666 0.0 0.0
190.67914309466667 1.0 0.0
191.19196209466665 0.0 0.0
191.70478109466666 1.0 1.0
192.21760009466666 0.0 0.0
192.73041909466667 1.0 0.0
193.24323809466665 0.0 0.0
193.75605709466666 1.0 1.0
194.26887609466667 0.0 0.0
194.78169509466667 1.0 0.0
195.29451409466665 0.0 0.0
195.80733309466666 1.0 1.0
196.32015209466667 0.0 0.0
196.83297109466668 1.0 0.0
197.34579009466665 0.0 0.0
197.85860909466666 1.0 1.0
198.37142809466667 0.0 0.0
198.88424709466665 1.0 0.0
199.39706609466666 0.0 0.0
199.90988509466666 1.0 1.0
200.42270409466667 0.0 0.0
200.93552309466665 1.0 0.0
201.44834209466666 0.0 0.0
201.96116109466666 1.0 1.0
202.47398009466667 0.0 0.0
202.98679909466665 1.0 0.0
203.49961809466666 0.0 0.0
204.01243709466667 1.0 1.0
204.52525609466664 0.0 0.0
205.03807509466665 1.0 0.0
205.55089409466666 0.0 0.0
206.06371309466667 1.0 1.0
206.57653209466667 0.0 0.0
207.08935109466665 1.0 0.0
207.60217009466666 0.0 0.0
208.11498909466667 1.0 1.0
208.62780809466665 0.0 0.0
209.14062709466666 1.0 0.0
209.65344609466666 0.0 0.0
210.16626509466667 1.0 1.0
210.67908409466665 0.0 0.0
211.19190309466666 1.0 0.0
211.70472209466666 0.0 0.0
212.21754109466667 1.0 1.0
212.73036009466665 0.0 0.0
213.24317909466666 1.0 0.0
213.75599809466667 0.0 0.0
214.26881709466664 1.0 1.0
214.78163609466665 0.0 0.0
215.29445509466666 1.0 0.0
215.80727409466667 0.0 0.0
216.32009309466667 1.0 1.0
216.83291209466665 0.0 0.0
217.34573109466666 1.0 0.0
217.85855009466667 0.0 0.0
218.37136909466665 1.0 1.0
218.88418809466665 0.0 0.0
219.39700709466666 1.0 0.0
219.90982609466664 0.0 0.0
220.42264509466665 1.0 1.0
220.93546409466666 0.0 0.0
221.44828309466666 1.0 0.0
221.96110209466667 0.0 0.0
222.47392109466665 1.0 1.0
222.98674009466666 0.0 0.0
223.49955909466667 1.0 0.0
224.01237809466664 0.0 0.0
224.52519709466665 1.0 1.0
225.03801609466666 0.0 0.0
225.55083509466667 1.0 0.0
226.06365409466667 0.0 0.0
226.57647309466665 1.0 1.0
227.08929209466666 0.0 0.0
227.60211109466667 1.0 0.0
228.11493009466665 0.0 0.0
228.62774909466665 1.0 1.0
229.14056809466666 0.0 0.0
229.65338709466664 1.0 0.0
230.16620609466665 0.0 0.0
230.67902509466666 1.0 1.0
231.19184409466666 0.0 0.0
231.70466309466667 1.0 0.0
232.21748209466665 0.0 0.0
232.73030109466666 1.0 1.0
233.24312009466666 0.0 0.0
233.75593909466664 1.0 0.0
234.26875809466665 0.0 0.0
234.78157709466666 1.0 1.0
235.29439609466667 0.0 0.0
235.80721509466667 1.0 0.0
236.32003409466665 0.0 0.0
236.83285309466666 1.0 1.0
237.34567209466667 0.0 0.0
237.85849109466665 1.0 0.0
238.37131009466665 0.0 0.0
238.88412909466666 1.0 1.0
239.39694809466664 0.0 0.0
239.90976709466665 1.0 0.0
240.42258609466666 0.0 0.0
240.93540509466666 1.0 1.0
241.44822409466667 0.0 0.0
241.96104309466665 1.0 0.0
242.47386209466666 0.0 0.0
242.98668109466666 1.0 1.0
243.49950009466664 0.0 0.0
244.01231909466665 1.0 0.0
244.52513809466666 0.0 0.0
245.03795709466664 1.0 1.0
245.55077609466667 0.0 0.0
246.06359509466665 1.0 0.0
246.57641409466666 0.0 0.0
247.08923309466667 1.0 1.0
247.60205209466665 0.0 0.0
248.11487109466665 1.0 0.0
248.62769009466666 0.0 0.0
249.14050909466664 1.0 1.0
249.65332809466665 0.0 0.0
250.16614709466666 1.0 0.0
250.67896609466663 0.0 0.0
251.19178509466667 1.0 1.0
251.70460409466665 0.0 0.0
252.21742309466666 1.0 0.0
252.73024209466666 0.0 0.0
253.24306109466664 1.0 1.0
253.75588009466665 0.0 0.0
254.26869909466666 1.0 0.0
254.78151809466664 0.0 0.0
255.29433709466667 1.0 1.0
255.80715609466665 0.0 0.0
256.3199750946667 1.0 0.0
256.83279409466667 0.0 0.0
257.34561309466665 1.0 1.0
257.8584320946667 0.0 0.0
258.37125109466666 1.0 0.0
258.88407009466664 0.0 0.0
259.3968890946667 1.0 0.0
259.90970809466666 0.0 0.0
260.42252709466663 1.0 1.0
260.93534609466667 0.0 0.0
261.44816509466665 1.0 1.0
261.9609840946666 0.0 0.0
262.47380309466666 0.0 0.0
262.98662209466664 1.0 0.0
263.4994410946666 0.0 0.0
264.01226009466666 1.0 1.0
264.52507909466664 0.0 0.0
265.0378980946667 1.0 0.0
265.55071709466665 0.0 0.0
266.0635360946667 1.0 1.0
266.57635509466667 0.0 0.0
267.08917409466665 1.0 0.0
267.6019930946667 0.0 0.0
268.11481209466666 1.0 1.0
268.62763109466664 0.0 0.0
269.1404500946667 1.0 0.0
269.65326909466665 0.0 0.0
270.16608809466663 1.0 0.0
270.67890709466667 0.0 0.0
271.19172609466665 1.0 1.0
271.7045450946666 0.0 0.0
272.21736409466666 1.0 0.0
272.73018309466664 0.0 0.0
273.2430020946666 1.0 1.0
273.75582109466666 0.0 0.0
274.26864009466664 1.0 0.0