0.327727416 0.0 0.0
1.1616394159999999 1.0 1.0
1.9955514159999996 0.0 0.0
2.829463416 1.0 0.0
3.6633754159999996 0.0 0.0
4.497287416 1.0 1.0
5.331199416 0.0 0.0
6.165111415999999 1.0 0.0
6.999023416 0.0 0.0
7.832935416000001 1.0 1.0
8.666847416 0.0 0.0
9.500759416000001 1.0 0.0
10.334671416 0.0 0.0
11.168583416 1.0 1.0
12.002495416 0.0 0.0
12.836407416 1.0 0.0
13.670319416 0.0 0.0
14.504231415999998 1.0 1.0
15.338143415999998 0.0 0.0
16.172055416 1.0 0.0
17.005967415999997 0.0 0.0
17.839879416 1.0 1.0
18.673791415999997 0.0 0.0
19.507703416 1.0 0.0
20.341615416 0.0 0.0
21.175527415999998 1.0 1.0
22.009439416 0.0 0.0
22.843351415999997 1.0 0.0
23.677263416 0.0 0.0
24.511175415999997 1.0 1.0
25.345087416 0.0 0.0
26.178999415999996 1.0 0.0
27.012911415999998 0.0 0.0
27.846823416 1.0 1.0
28.680735415999997 0.0 0.0
29.514647416 1.0 0.0
30.348559415999997 0.0 0.0
31.182471416 1.0 1.0
32.016383416 0.0 0.0
32.850295415999994 1.0 0.0
33.684207416 0.0 0.0
34.518119416 1.0 1.0
35.352031415999996 0.0 0.0
36.185943416 1.0 0.0
37.019855416 0.0 0.0
37.853767416 1.0 1.0
38.687679415999995 0.0 0.0
39.521591416 1.0 0.0
40.355503416 0.0 0.0
41.189415415999996 1.0 1.0
42.023327416 0.0 0.0
42.857239416 1.0 0.0
43.691151416 0.0 0.0
44.525063415999995 1.0 1.0
45.358975416 0.0 0.0
46.192887416 1.0 0.0
47.026799415999996 0.0 0.0
47.860711415999994 1.0 1.0
48.694623416 0.0 0.0
49.528535416 1.0 0.0
50.362447415999995 0.0 0.0
51.196359416 1.0 1.0
52.030271416 0.0 0.0
52.864183415999996 1.0 0.0
53.698095415999994 0.0 0.0
54.532007416 1.0 1.0
55.365919416 0.0 0.0
56.199831415999995 1.0 0.0
57.033743416 0.0 0.0
57.867655416 1.0 1.0
58.701567415999996 0.0 0.0
59.535479415999994 1.0 0.0
60.369391416 0.0 0.0
61.203303416 1.0 1.0
62.037215415999995 0.0 0.0
62.87112741599999 1.0 0.0
63.705039416 0.0 0.0
64.538951416 1.0 1.0
65.372863416 0.0 0.0
66.206775416 1.0 0.0
67.040687416 0.0 0.0
67.874599416 1.0 1.0
68.708511416 0.0 0.0
69.54242341599999 1.0 0.0
70.37633541599999 0.0 0.0
71.210247416 1.0 1.0
72.044159416 0.0 0.0
72.878071416 1.0 0.0
73.711983416 0.0 0.0
74.545895416 1.0 1.0
75.37980741599999 0.0 0.0
76.21371941599999 1.0 0.0
77.047631416 0.0 0.0
77.881543416 1.0 1.0
78.715455416 0.0 0.0
79.549367416 1.0 0.0
80.383279416 0.0 0.0
81.21719141599999 1.0 1.0
82.05110341599999 0.0 0.0
82.885015416 1.0 0.0
83.718927416 0.0 0.0
84.552839416 1.0 1.0
85.386751416 0.0 0.0
86.220663416 1.0 0.0
87.05457541599999 0.0 0.0
87.88848741599999 1.0 1.0
88.722399416 0.0 0.0
89.556311416 1.0 0.0
90.390223416 0.0 0.0
91.224135416 1.0 1.0
92.058047416 0.0 0.0
92.89195941599999 1.0 0.0
93.72587141599999 0.0 0.0
94.559783416 1.0 1.0
95.393695416 0.0 0.0
96.227607416 1.0 0.0
97.061519416 0.0 0.0
97.895431416 1.0 1.0
98.72934341599999 0.0 0.0
99.56325541599999 1.0 0.0
100.39716741599999 0.0 0.0
101.231079416 1.0 1.0
102.064991416 0.0 0.0
102.898903416 1.0 0.0
103.732815416 0.0 0.0
104.56672741599999 1.0 1.0
105.40063941599999 0.0 0.0
106.23455141599999 1.0 0.0
107.068463416 0.0 0.0
107.902375416 1.0 1.0
108.736287416 0.0 0.0
109.570199416 1.0 0.0
110.40411141599999 0.0 0.0
111.23802341599999 1.0 1.0
112.07193541599999 0.0 0.0
112.905847416 1.0 0.0
113.739759416 0.0 0.0
114.573671416 1.0 1.0
115.407583416 0.0 0.0
116.24149541599999 1.0 0.0
117.07540741599999 0.0 0.0
117.90931941599999 1.0 1.0
118.743231416 0.0 0.0
119.577143416 1.0 0.0
120.411055416 0.0 0.0
121.244967416 1.0 1.0
122.07887941599999 0.0 0.0
122.91279141599999 1.0 0.0
123.74670341599999 0.0 0.0
124.580615416 1.0 1.0
125.414527416 0.0 0.0
126.248439416 1.0 0.0
127.082351416 0.0 0.0
127.91626341599999 1.0 1.0
128.750175416 0.0 0.0
129.584087416 1.0 0.0
130.417999416 0.0 0.0
131.25191141599998 1.0 1.0
132.08582341599998 0.0 0.0
132.91973541599998 1.0 0.0
133.753647416 0.0 0.0
134.587559416 1.0 1.0
135.421471416 0.0 0.0
136.255383416 1.0 0.0
137.089295416 0.0 0.0
137.923207416 1.0 1.0
138.757119416 0.0 0.0
139.591031416 1.0 0.0
140.424943416 0.0 0.0
141.258855416 1.0 1.0
142.092767416 0.0 0.0
142.92667941599998 1.0 0.0
143.76059141599998 0.0 0.0
144.59450341599998 1.0 1.0
145.428415416 0.0 0.0
146.262327416 1.0 0.0
147.096239416 0.0 0.0
147.930151416 1.0 1.0
148.764063416 0.0 0.0
149.597975416 1.0 0.0
150.431887416 0.0 0.0
151.265799416 1.0 1.0
152.099711416 0.0 0.0
152.933623416 1.0 0.0
153.767535416 0.0 0.0
154.60144741599998 1.0 1.0
155.43535941599998 0.0 0.0
156.26927141599998 1.0 0.0
157.10318341599998 0.0 0.0
157.937095416 1.0 1.0
158.771007416 0.0 0.0
159.604919416 1.0 0.0
160.438831416 0.0 0.0
161.272743416 1.0 1.0
162.106655416 0.0 0.0
162.940567416 1.0 0.0
163.774479416 0.0 0.0
164.608391416 1.0 1.0
165.442303416 0.0 0.0
166.27621541599999 1.0 0.0
167.11012741599998 0.0 0.0
167.94403941599998 1.0 1.0
168.77795141599998 0.0 0.0
169.611863416 1.0 0.0
170.445775416 0.0 0.0
171.279687416 1.0 1.0
172.113599416 0.0 0.0
172.947511416 1.0 0.0
173.781423416 0.0 0.0
174.615335416 1.0 1.0
175.449247416 0.0 0.0
176.283159416 1.0 0.0
177.117071416 0.0 0.0
177.95098341599999 1.0 1.0
178.78489541599998 0.0 0.0
179.61880741599998 1.0 0.0
180.45271941599998 0.0 0.0
181.28663141599998 1.0 1.0
182.120543416 0.0 0.0
182.954455416 1.0 0.0
183.788367416 0.0 0.0
184.622279416 1.0 1.0
185.456191416 0.0 0.0
186.290103416 1.0 0.0
187.124015416 0.0 0.0
187.957927416 1.0 1.0
188.791839416 0.0 0.0
189.62575141599999 1.0 0.0
190.45966341599998 0.0 0.0
191.29357541599998 1.0 1.0
192.12748741599998 0.0 0.0
192.96139941599998 1.0 0.0
193.795311416 0.0 0.0
194.629223416 1.0 1.0
195.463135416 0.0 0.0
196.297047416 1.0 0.0
197.130959416 0.0 0.0
197.964871416 1.0 1.0
198.798783416 0.0 0.0
199.632695416 1.0 0.0
200.466607416 0.0 0.0
201.300519416 1.0 1.0
202.13443141599998 0.0 0.0
202.96834341599998 1.0 0.0
203.80225541599998 0.0 0.0
204.63616741599998 1.0 1.0
205.470079416 0.0 0.0
206.303991416 1.0 0.0
207.137903416 0.0 0.0
207.971815416 1.0 1.0
208.805727416 0.0 0.0
209.639639416 1.0 0.0
210.473551416 0.0 0.0
211.307463416 1.0 1.0
212.141375416 0.0 0.0
212.975287416 1.0 0.0
213.80919941599996 0.0 0.0
214.64311141599995 1.0 1.0
215.47702341599995 0.0 0.0
216.31093541599998 1.0 0.0
217.14484741599998 0.0 0.0
217.97875941599997 1.0 1.0
218.81267141599997 0.0 0.0
219.64658341599997 1.0 0.0
220.48049541599997 0.0 0.0
221.31440741599997 1.0 1.0
222.14831941599996 0.0 0.0
222.98223141599996 1.0 0.0
223.81614341599996 0.0 0.0
224.65005541599996 1.0 1.0
225.48396741599996 0.0 0.0
226.31787941599995 1.0 0.0
227.15179141599995 0.0 0.0
227.98570341599998 1.0 1.0
228.81961541599998 0.0 0.0
229.65352741599997 1.0 0.0
230.48743941599997 0.0 0.0
231.32135141599997 1.0 1.0
232.15526341599997 0.0 0.0
232.98917541599997 1.0 0.0
233.82308741599996 0.0 0.0
234.65699941599996 1.0 1.0
235.49091141599996 0.0 0.0
236.32482341599996 1.0 0.0
237.15873541599996 0.0 0.0
237.99264741599995 1.0 1.0
238.82655941599995 0.0 0.0
239.66047141599995 1.0 0.0
240.49438341599998 0.0 0.0
241.32829541599997 1.0 1.0
242.16220741599997 0.0 0.0
242.99611941599997 1.0 0.0
243.83003141599997 0.0 0.0
244.66394341599997 1.0 1.0
245.49785541599996 0.0 0.0
246.33176741599996 1.0 0.0
247.16567941599996 0.0 0.0
247.99959141599996 1.0 1.0
248.83350341599996 0.0 0.0
249.66741541599995 1.0 0.0
250.50132741599995 0.0 0.0
251.33523941599995 0.0 0.0