0.11416662100000001 1.0 0.0
0.947499621 0.0 0.0
1.780832621 1.0 1.0
2.614165621 0.0 0.0
3.4474986210000003 1.0 0.0
4.280831621 0.0 0.0
5.1141646210000005 1.0 1.0
5.947497621 0.0 0.0
6.780830621000001 1.0 0.0
7.614163621 0.0 0.0
8.447496621 1.0 1.0
9.280829621 0.0 0.0
10.114162621 1.0 0.0
10.947495621 0.0 0.0
11.780828621 1.0 1.0
12.614161621000001 0.0 0.0
13.447494621 1.0 0.0
14.280827621 0.0 0.0
15.114160621 1.0 1.0
15.947493621 0.0 0.0
16.780826621 1.0 0.0
17.614159621 0.0 0.0
18.447492621 1.0 1.0
19.280825621 0.0 0.0
20.114158621 1.0 0.0
20.947491621 0.0 0.0
21.780824621 1.0 1.0
22.614157621 0.0 0.0
23.447490621 1.0 0.0
24.280823621 0.0 0.0
25.114156621 1.0 1.0
25.947489621 0.0 0.0
26.780822621 1.0 0.0
27.614155621000002 0.0 0.0
28.447488621000005 1.0 1.0
29.280821621000005 0.0 0.0
30.114154621000004 1.0 0.0
30.947487621000004 0.0 0.0
31.780820621000004 1.0 1.0
32.614153621 0.0 0.0
33.447486621 1.0 0.0
34.280819621000006 0.0 0.0
35.114152621 1.0 1.0
35.947485621000006 0.0 0.0
36.780818621 1.0 0.0
37.614151621000005 0.0 0.0
38.447484621 1.0 1.0
39.280817621000004 0.0 0.0
40.114150621 1.0 0.0
40.947483621 0.0 0.0
41.78081662100001 1.0 1.0
42.614149621 0.0 0.0
43.447482621000006 1.0 0.0
44.280815621 0.0 0.0
45.114148621000005 1.0 1.0
45.947481621 0.0 0.0
46.780814621000005 1.0 0.0
47.614147621 0.0 0.0
48.447480621000004 1.0 1.0
49.280813621 0.0 0.0
50.114146621 1.0 0.0
50.94747962100001 0.0 0.0
51.780812621 1.0 1.0
52.614145621000006 0.0 0.0
53.447478621 1.0 0.0
54.280811621000005 0.0 0.0
55.114144621 1.0 1.0
55.947477621000004 0.0 0.0
56.780810621 1.0 0.0
57.614143621000004 0.0 0.0
58.447476621 1.0 1.0
59.280809621 0.0 0.0
60.114142621000006 1.0 0.0
60.947475621 0.0 0.0
61.780808621000006 1.0 1.0
62.614141621 0.0 0.0
63.447474621000005 1.0 0.0
64.28080762100001 0.0 0.0
65.114140621 1.0 1.0
65.947473621 0.0 0.0
66.780806621 1.0 0.0
67.614139621 0.0 0.0
68.447472621 1.0 1.0
69.280805621 0.0 0.0
70.11413862100001 1.0 0.0
70.947471621 0.0 0.0
71.780804621 1.0 1.0
72.614137621 0.0 0.0
73.44747062100001 1.0 0.0
74.280803621 0.0 0.0
75.114136621 1.0 1.0
75.947469621 0.0 0.0
76.780802621 1.0 0.0
77.614135621 0.0 0.0
78.447468621 1.0 1.0
79.28080162100001 0.0 0.0
80.114134621 1.0 0.0
80.947467621 0.0 0.0
81.780800621 1.0 1.0
82.61413362100001 0.0 0.0
83.447466621 1.0 0.0
84.280799621 0.0 0.0
85.114132621 1.0 1.0
85.947465621 0.0 0.0
86.780798621 1.0 0.0
87.614131621 0.0 0.0
88.44746462100001 1.0 1.0
89.280797621 0.0 0.0
90.114130621 1.0 0.0
90.947463621 0.0 0.0
91.78079662100001 1.0 1.0
92.614129621 0.0 0.0
93.447462621 1.0 0.0
94.28079562100001 0.0 0.0
95.114128621 1.0 1.0
95.947461621 0.0 0.0
96.780794621 1.0 0.0
97.61412762100001 0.0 0.0
98.447460621 1.0 1.0
99.280793621 0.0 0.0
100.114126621 1.0 0.0
100.94745962100001 0.0 0.0
101.780792621 1.0 1.0
102.614125621 0.0 0.0
103.44745862100001 1.0 0.0
104.280791621 0.0 0.0
105.114124621 1.0 1.0
105.947457621 0.0 0.0
106.78079062100001 1.0 0.0
107.614123621 0.0 0.0
108.447456621 1.0 1.0
109.280789621 0.0 0.0
110.114122621 1.0 0.0
110.947455621 0.0 0.0
111.780788621 1.0 1.0
112.61412162100001 0.0 0.0
113.447454621 1.0 0.0
114.28078762099999 0.0 0.0
115.11412062099998 1.0 1.0
115.947453621 0.0 0.0
116.78078662099999 1.0 0.0
117.61411962099999 0.0 0.0
118.447452621 1.0 1.0
119.28078562099999 0.0 0.0
120.11411862099999 1.0 0.0
120.94745162099998 0.0 0.0
121.780784621 1.0 1.0
122.61411762099999 0.0 0.0
123.44745062099999 1.0 0.0
124.28078362099998 0.0 0.0
125.114116621 1.0 1.0
125.94744962099999 0.0 0.0
126.78078262099999 1.0 0.0
127.614115621 0.0 0.0
128.44744862099998 1.0 1.0
129.280781621 0.0 0.0
130.114114621 1.0 0.0
130.94744762099998 0.0 0.0
131.780780621 1.0 1.0
132.614113621 0.0 0.0
133.44744662099998 1.0 0.0
134.280779621 0.0 0.0
135.114112621 1.0 1.0
135.94744562099999 0.0 0.0
136.780778621 1.0 0.0
137.61411162099998 0.0 0.0
138.447444621 1.0 1.0
139.280777621 0.0 0.0
140.11411062099998 1.0 0.0
140.947443621 0.0 0.0
141.780776621 1.0 1.0
142.61410962099998 0.0 0.0
143.447442621 1.0 0.0
144.280775621 0.0 0.0
145.11410862099999 1.0 1.0
145.947441621 0.0 0.0
146.78077462099998 1.0 0.0
147.614107621 0.0 0.0
148.447440621 1.0 1.0
149.28077362099998 0.0 0.0
150.114106621 1.0 0.0
150.947439621 0.0 0.0
151.78077262099998 1.0 1.0
152.614105621 0.0 0.0
153.447438621 1.0 0.0
154.28077162099999 0.0 0.0
155.114104621 1.0 1.0
155.94743762099998 0.0 0.0
156.780770621 1.0 0.0
157.614103621 0.0 0.0
158.44743662099998 1.0 1.0
159.280769621 0.0 0.0
160.114102621 1.0 0.0
160.94743562099998 0.0 0.0
161.780768621 1.0 1.0
162.614101621 0.0 0.0
163.44743462099999 1.0 0.0
164.280767621 0.0 0.0
165.11410062099998 1.0 1.0
165.947433621 0.0 0.0
166.780766621 1.0 0.0
167.61409962099998 0.0 0.0
168.447432621 1.0 1.0
169.280765621 0.0 0.0
170.11409862099998 1.0 0.0
170.947431621 0.0 0.0
171.780764621 1.0 1.0
172.61409762099998 0.0 0.0
173.447430621 1.0 0.0
174.28076362099998 0.0 0.0
175.114096621 1.0 1.0
175.947429621 0.0 0.0
176.78076262099998 1.0 0.0
177.614095621 0.0 0.0
178.447428621 1.0 1.0
179.28076162099998 0.0 0.0
180.114094621 1.0 0.0
180.947427621 0.0 0.0
181.78076062099998 1.0 1.0
182.614093621 0.0 0.0
183.44742662099998 1.0 0.0
184.280759621 0.0 0.0
185.114092621 1.0 1.0
185.94742562099998 0.0 0.0
186.780758621 1.0 0.0
187.614091621 0.0 0.0
188.44742462099998 1.0 1.0
189.280757621 0.0 0.0
190.114090621 1.0 0.0
190.94742362099998 0.0 0.0
191.780756621 1.0 1.0
192.61408962099998 0.0 0.0
193.447422621 1.0 0.0
194.280755621 0.0 0.0
195.11408862099998 1.0 1.0
195.947421621 0.0 0.0
196.780754621 1.0 0.0
197.61408762099998 0.0 0.0
198.447420621 1.0 1.0
199.280753621 0.0 0.0
200.11408662099998 1.0 0.0
200.947419621 0.0 0.0
201.78075262099998 1.0 1.0
202.614085621 0.0 0.0
203.447418621 1.0 0.0
204.28075162099998 0.0 0.0
205.114084621 1.0 1.0
205.947417621 0.0 0.0
206.78075062099998 1.0 0.0
207.614083621 0.0 0.0
208.447416621 1.0 1.0
209.28074962099998 0.0 0.0
210.114082621 1.0 0.0
210.94741562099998 0.0 0.0
211.780748621 1.0 1.0
212.614081621 0.0 0.0
213.44741462099998 1.0 0.0
214.280747621 0.0 0.0
215.114080621 1.0 1.0
215.94741362099998 0.0 0.0
216.780746621 1.0 0.0
217.614079621 0.0 0.0
218.44741262099998 1.0 1.0
219.280745621 0.0 0.0
220.11407862099998 1.0 0.0
220.947411621 0.0 0.0
221.780744621 1.0 1.0
222.61407762099998 0.0 0.0
223.447410621 1.0 0.0
224.280743621 0.0 0.0
225.11407662099998 1.0 1.0
225.947409621 0.0 0.0
226.780742621 1.0 0.0
227.614075621 0.0 0.0
228.44740862100002 1.0 1.0
229.280741621 0.0 0.0
230.11407462100001 1.0 0.0
230.94740762100002 0.0 0.0
231.780740621 1.0 1.0
232.61407362100002 0.0 0.0
233.44740662100003 1.0 0.0
234.280739621 0.0 0.0
235.11407262100002 1.0 1.0
235.947405621 0.0 0.0
236.780738621 1.0 0.0
237.61407162100002 0.0 0.0
238.447404621 1.0 1.0
239.28073762100001 0.0 0.0
240.11407062100002 1.0 0.0
240.947403621 0.0 0.0
241.78073662100002 1.0 1.0
242.61406962100003 0.0 0.0
243.447402621 1.0 0.0
244.28073562100002 0.0 0.0
245.114068621 1.0 1.0
245.947401621 0.0 0.0
246.78073462100002 1.0 0.0
247.614067621 0.0 0.0
248.447400621 1.0 1.0
249.28073362100002 0.0 0.0
250.114066621 1.0 0.0
250.94739962100002 0.0 0.0
251.78073262100003 1.0 1.0
252.614065621 0.0 0.0
253.44739862100002 1.0 0.0
254.280731621 0.0 0.0
255.114064621 1.0 1.0
255.94739762100002 0.0 0.0
256.78073062100003 0.0 0.0
257.614063621 1.0 1.0
258.447396621 0.0 0.0