0.21615334900000005 0.0 0.0
0.9853823490000002 1.0 1.0
1.7546113490000002 0.0 0.0
2.5238403490000003 0.0 0.0
3.2930693489999996 1.0 1.0
4.062298349 0.0 0.0
4.831527349 1.0 0.0
5.600756348999999 0.0 0.0
6.369985349 1.0 1.0
7.139214349 0.0 0.0
7.908443349000001 1.0 0.0
8.677672349 0.0 0.0
9.446901349000001 1.0 1.0
10.216130349 0.0 0.0
10.985359349000001 1.0 0.0
11.754588349 0.0 0.0
12.523817349 1.0 1.0
13.293046348999999 0.0 0.0
14.062275348999998 1.0 0.0
14.831504349 0.0 0.0
15.600733348999999 1.0 1.0
16.369962348999998 0.0 0.0
17.139191349 1.0 0.0
17.908420349 0.0 0.0
18.677649349 1.0 1.0
19.446878349 0.0 0.0
20.216107348999998 1.0 0.0
20.985336349 0.0 0.0
21.754565349 1.0 1.0
22.523794349 0.0 0.0
23.293023349 1.0 0.0
24.062252348999998 0.0 0.0
24.831481349 1.0 1.0
25.600710349 0.0 0.0
26.369939349000003 1.0 0.0
27.139168349000002 0.0 0.0
27.908397349 1.0 1.0
28.677626349 0.0 0.0
29.446855349000003 1.0 0.0
30.216084349000003 0.0 0.0
30.985313349000002 1.0 1.0
31.754542349 0.0 0.0
32.523771349 1.0 0.0
33.293000349 0.0 0.0
34.062229349 1.0 1.0
34.831458349 0.0 0.0
35.600687349000005 1.0 0.0
36.369916349 0.0 0.0
37.139145349 1.0 1.0
37.908374349 0.0 0.0
38.677603349 1.0 0.0
39.446832349000005 0.0 0.0
40.216061349 1.0 1.0
40.985290349 0.0 0.0
41.754519349 1.0 0.0
42.523748349 0.0 0.0
43.292977349000004 1.0 1.0
44.062206349 0.0 0.0
44.831435349 1.0 0.0
45.600664349000006 0.0 0.0
46.369893349 1.0 1.0
47.139122349000004 0.0 0.0
47.908351349 1.0 0.0
48.677580349 0.0 0.0
49.446809349000006 1.0 1.0
50.21603834900001 0.0 0.0
50.98526734900001 1.0 0.0
51.75449634900001 0.0 0.0
52.52372534900001 1.0 1.0
53.292954349000006 0.0 0.0
54.06218334900001 1.0 0.0
54.83141234900001 0.0 0.0
55.60064134900001 1.0 1.0
56.36987034900001 0.0 0.0
57.139099349000006 1.0 0.0
57.90832834900001 0.0 0.0
58.67755734900001 1.0 1.0
59.44678634900001 0.0 0.0
60.21601534900001 1.0 0.0
60.985244349000006 0.0 0.0
61.75447334900001 1.0 1.0
62.52370234900001 0.0 0.0
63.29293134900001 1.0 0.0
64.06216034900001 0.0 0.0
64.831389349 1.0 1.0
65.60061834900002 0.0 0.0
66.36984734900001 1.0 0.0
67.139076349 0.0 0.0
67.908305349 1.0 1.0
68.67753434900001 0.0 0.0
69.44676334900001 1.0 0.0
70.215992349 0.0 0.0
70.98522134900001 1.0 1.0
71.75445034900001 0.0 0.0
72.523679349 1.0 0.0
73.29290834900002 0.0 0.0
74.06213734900001 1.0 1.0
74.831366349 0.0 0.0
75.600595349 1.0 0.0
76.36982434900001 0.0 0.0
77.13905334900001 1.0 1.0
77.908282349 0.0 0.0
78.67751134900001 1.0 0.0
79.44674034900001 0.0 0.0
80.215969349 1.0 1.0
80.98519834900002 0.0 0.0
81.75442734900001 1.0 0.0
82.523656349 0.0 0.0
83.292885349 1.0 1.0
84.06211434900001 0.0 0.0
84.83134334900001 1.0 0.0
85.600572349 0.0 0.0
86.36980134900001 1.0 1.0
87.13903034900001 0.0 0.0
87.908259349 1.0 0.0
88.67748834900001 0.0 0.0
89.44671734900001 1.0 1.0
90.215946349 0.0 0.0
90.985175349 1.0 0.0
91.75440434900001 0.0 0.0
92.52363334900001 1.0 1.0
93.292862349 0.0 0.0
94.06209134900001 1.0 0.0
94.83132034900001 0.0 0.0
95.600549349 1.0 1.0
96.36977834900001 0.0 0.0
97.13900734900001 1.0 0.0
97.908236349 0.0 0.0
98.677465349 1.0 1.0
99.44669434900001 0.0 0.0
100.21592334900001 1.0 0.0
100.985152349 0.0 0.0
101.75438134900001 1.0 1.0
102.52361034900001 0.0 0.0
103.292839349 1.0 0.0
104.06206834900001 0.0 0.0
104.83129734900001 1.0 1.0
105.600526349 0.0 0.0
106.36975534900002 1.0 0.0
107.13898434900001 0.0 0.0
107.90821334900001 1.0 1.0
108.677442349 0.0 0.0
109.44667134900001 1.0 0.0
110.21590034900001 0.0 0.0
110.985129349 1.0 1.0
111.75435834900001 0.0 0.0
112.52358734900001 1.0 0.0
113.292816349 0.0 0.0
114.06204534900002 1.0 1.0
114.83127434900001 0.0 0.0
115.60050334900001 1.0 0.0
116.369732349 0.0 0.0
117.13896134900001 1.0 1.0
117.90819034900001 0.0 0.0
118.677419349 1.0 0.0
119.44664834900001 0.0 0.0
120.21587734900001 1.0 1.0
120.985106349 0.0 0.0
121.75433534900002 1.0 0.0
122.52356434900001 0.0 0.0
123.29279334900001 1.0 1.0
124.062022349 0.0 0.0
124.83125134900001 1.0 0.0
125.60048034900001 0.0 0.0
126.369709349 1.0 1.0
127.13893834900001 0.0 0.0
127.90816734900001 1.0 0.0
128.67739634900002 0.0 0.0
129.44662534900002 1.0 1.0
130.215854349 0.0 0.0
130.985083349 1.0 0.0
131.754312349 0.0 0.0
132.523541349 1.0 1.0
133.29277034900002 0.0 0.0
134.06199934900002 1.0 0.0
134.831228349 0.0 0.0
135.600457349 1.0 1.0
136.369686349 0.0 0.0
137.138915349 1.0 0.0
137.908144349 0.0 0.0
138.67737334900002 1.0 1.0
139.44660234900002 0.0 0.0
140.215831349 1.0 0.0
140.985060349 0.0 0.0
141.754289349 1.0 1.0
142.523518349 0.0 0.0
143.29274734900002 1.0 0.0
144.06197634900002 0.0 0.0
144.83120534900002 1.0 1.0
145.600434349 0.0 0.0
146.369663349 1.0 0.0
147.138892349 0.0 0.0
147.908121349 1.0 1.0
148.67735034900002 0.0 0.0
149.44657934900002 1.0 0.0
150.215808349 0.0 0.0
150.985037349 1.0 1.0
151.754266349 0.0 0.0
152.523495349 1.0 0.0
153.292724349 0.0 0.0
154.06195334900002 1.0 1.0
154.83118234900002 0.0 0.0
155.600411349 1.0 0.0
156.369640349 0.0 0.0
157.138869349 1.0 1.0
157.908098349 0.0 0.0
158.67732734900002 1.0 0.0
159.44655634900002 0.0 0.0
160.21578534900002 1.0 1.0
160.985014349 0.0 0.0
161.754243349 1.0 0.0
162.523472349 0.0 0.0
163.292701349 1.0 1.0
164.06193034900002 0.0 0.0
164.83115934900002 1.0 0.0
165.600388349 0.0 0.0
166.369617349 1.0 1.0
167.138846349 0.0 0.0
167.908075349 1.0 0.0
168.677304349 0.0 0.0
169.44653334900002 1.0 1.0
170.21576234900002 0.0 0.0
170.984991349 1.0 0.0
171.754220349 0.0 0.0
172.523449349 1.0 1.0
173.292678349 0.0 0.0
174.06190734900002 1.0 0.0
174.83113634900002 0.0 0.0
175.60036534900001 1.0 1.0
176.369594349 0.0 0.0
177.138823349 1.0 0.0
177.908052349 0.0 0.0
178.677281349 1.0 1.0
179.44651034900002 0.0 0.0
180.21573934900002 1.0 0.0
180.984968349 0.0 0.0
181.754197349 1.0 1.0
182.523426349 0.0 0.0
183.292655349 1.0 0.0
184.06188434900002 0.0 0.0
184.83111334900002 1.0 1.0
185.60034234900002 0.0 0.0
186.369571349 1.0 0.0
187.138800349 0.0 0.0
187.908029349 1.0 1.0
188.677258349 0.0 0.0
189.44648734900002 1.0 0.0
190.21571634900002 0.0 0.0
190.98494534900001 1.0 1.0
191.754174349 0.0 0.0
192.523403349 1.0 0.0
193.292632349 0.0 0.0
194.061861349 1.0 1.0
194.83109034900002 0.0 0.0
195.60031934900002 1.0 0.0
196.369548349 0.0 0.0
197.138777349 1.0 1.0
197.908006349 0.0 0.0
198.677235349 1.0 0.0
199.44646434900002 0.0 0.0
200.21569334900002 1.0 1.0
200.98492234900002 0.0 0.0
201.754151349 1.0 0.0
202.523380349 0.0 0.0
203.292609349 1.0 1.0
204.061838349 0.0 0.0
204.83106734900002 1.0 0.0
205.60029634900002 0.0 0.0
206.369525349 1.0 1.0
207.138754349 0.0 0.0
207.907983349 1.0 0.0
208.677212349 0.0 0.0
209.446441349 1.0 1.0
210.21567034900002 0.0 0.0
210.98489934900002 1.0 0.0
211.754128349 0.0 0.0
212.523357349 1.0 1.0
213.292586349 0.0 0.0
214.061815349 1.0 0.0
214.83104434900002 0.0 0.0
215.60027334900002 1.0 1.0
216.36950234900002 0.0 0.0
217.138731349 1.0 0.0
217.907960349 0.0 0.0
218.677189349 1.0 1.0
219.446418349 0.0 0.0
220.21564734900002 1.0 0.0
220.98487634900002 0.0 0.0
221.754105349 1.0 1.0
222.523334349 0.0 0.0
223.292563349 1.0 0.0
224.061792349 0.0 0.0
224.83102134900003 1.0 1.0
225.60025034900002 0.0 0.0
226.36947934900002 1.0 0.0
227.138708349 0.0 0.0
227.907937349 1.0 1.0
228.677166349 0.0 0.0
229.446395349 1.0 0.0
230.21562434900002 0.0 0.0
230.98485334900002 1.0 1.0
231.75408234900002 0.0 0.0
232.523311349 1.0 0.0
233.292540349 0.0 0.0
234.061769349 1.0 1.0
234.830998349 0.0 0.0
235.60022734900002 1.0 0.0
236.36945634900002 0.0 0.0
237.138685349 1.0 1.0
237.907914349 0.0 0.0
238.677143349 1.0 0.0
239.446372349 0.0 0.0
240.21560134900002 1.0 1.0
240.98483034900002 0.0 0.0
241.75405934900002 1.0 0.0