0.4002533380000001 1.0 1.0
1.1597473380000003 0.0 0.0
1.9192413380000004 0.0 0.0
2.6787353380000005 1.0 1.0
3.4382293380000006 0.0 0.0
4.197723338000001 0.0 0.0
4.957217338000001 1.0 1.0
5.716711338000001 0.0 0.0
6.476205338000001 0.0 0.0
7.235699338000002 0.0 0.0
7.995193338000002 1.0 1.0
8.754687338000002 0.0 0.0
9.514181338000002 0.0 0.0
10.273675338000002 1.0 0.0
11.033169338000002 0.0 0.0
11.792663338000002 0.0 0.0
12.552157338000004 1.0 1.0
13.311651338000004 0.0 0.0
14.071145338000004 0.0 0.0
14.830639338000005 1.0 0.0
15.590133338000005 0.0 0.0
16.349627338000005 0.0 0.0
17.109121338000005 1.0 1.0
17.868615338000005 0.0 0.0
18.628109338000005 0.0 0.0
19.387603338000005 1.0 0.0
20.147097338000005 0.0 0.0
20.906591338000005 0.0 0.0
21.666085338000006 1.0 1.0
22.425579338000006 0.0 0.0
23.185073338000006 0.0 0.0
23.944567338000006 1.0 0.0
24.704061338000006 0.0 0.0
25.463555338000006 0.0 0.0
26.223049338000003 1.0 1.0
26.982543338000003 0.0 0.0
27.742037338000003 0.0 0.0
28.501531338000003 1.0 0.0
29.261025338000003 0.0 0.0
30.020519338000007 0.0 0.0
30.780013338000007 1.0 1.0
31.539507338000007 0.0 0.0
32.299001338000004 0.0 0.0
33.05849533800001 1.0 0.0
33.817989338000004 0.0 0.0
34.57748333800001 0.0 0.0
35.336977338000004 1.0 1.0
36.09647133800001 0.0 0.0
36.855965338000004 0.0 0.0
37.61545933800001 1.0 0.0
38.374953338000005 0.0 0.0
39.13444733800001 0.0 0.0
39.893941338000005 1.0 1.0
40.65343533800001 0.0 0.0
41.412929338000005 0.0 0.0
42.17242333800001 1.0 0.0
42.931917338000005 0.0 0.0
43.69141133800001 0.0 0.0
44.450905338000005 1.0 1.0
45.21039933800001 0.0 0.0
45.969893338000006 0.0 0.0
46.72938733800001 1.0 0.0
47.488881338000006 0.0 0.0
48.24837533800001 0.0 0.0
49.007869338000006 1.0 1.0
49.76736333800001 0.0 0.0
50.526857338000006 0.0 0.0
51.28635133800001 1.0 0.0
52.04584533800001 0.0 0.0
52.80533933800001 0.0 0.0
53.56483333800001 1.0 1.0
54.32432733800001 0.0 0.0
55.08382133800001 0.0 0.0
55.84331533800001 1.0 0.0
56.602809338000014 0.0 0.0
57.36230333800001 0.0 0.0
58.121797338000015 1.0 1.0
58.88129133800001 0.0 0.0
59.640785338000015 0.0 0.0
60.40027933800001 1.0 0.0
61.159773338000015 0.0 0.0
61.91926733800001 0.0 0.0
62.678761338000015 1.0 1.0
63.43825533800001 0.0 0.0
64.19774933800001 0.0 0.0
64.95724333800001 1.0 0.0
65.71673733800002 0.0 0.0
66.47623133800002 0.0 0.0
67.23572533800001 1.0 1.0
67.99521933800001 0.0 0.0
68.75471333800002 0.0 0.0
69.51420733800002 1.0 0.0
70.27370133800001 0.0 0.0
71.03319533800001 0.0 0.0
71.79268933800002 1.0 1.0
72.55218333800002 0.0 0.0
73.31167733800001 0.0 0.0
74.07117133800001 1.0 0.0
74.83066533800002 0.0 0.0
75.59015933800002 0.0 0.0
76.34965333800001 1.0 1.0
77.10914733800001 0.0 0.0
77.86864133800002 0.0 0.0
78.62813533800002 1.0 0.0
79.38762933800001 0.0 0.0
80.14712333800001 0.0 0.0
80.90661733800002 1.0 1.0
81.66611133800002 0.0 0.0
82.42560533800001 0.0 0.0
83.18509933800001 1.0 0.0
83.94459333800002 0.0 0.0
84.70408733800002 0.0 0.0
85.46358133800001 1.0 1.0
86.22307533800002 0.0 0.0
86.98256933800002 0.0 0.0
87.74206333800002 1.0 0.0
88.50155733800001 0.0 0.0
89.26105133800002 0.0 0.0
90.02054533800002 1.0 1.0
90.78003933800002 0.0 0.0
91.53953333800001 0.0 0.0
92.29902733800002 1.0 0.0
93.05852133800002 0.0 0.0
93.81801533800002 0.0 0.0
94.57750933800001 1.0 1.0
95.33700333800002 0.0 0.0
96.09649733800002 0.0 0.0
96.85599133800002 1.0 0.0
97.61548533800001 0.0 0.0
98.374979338 0.0 0.0
99.134473338 1.0 1.0
99.89396733800001 0.0 0.0
100.65346133800001 0.0 0.0
101.412955338 1.0 0.0
102.172449338 0.0 0.0
102.93194333800001 0.0 0.0
103.69143733800001 1.0 1.0
104.450931338 0.0 0.0
105.21042533800001 0.0 0.0
105.96991933800001 1.0 0.0
106.72941333800001 0.0 0.0
107.488907338 0.0 0.0
108.24840133800001 1.0 1.0
109.00789533800001 0.0 0.0
109.76738933800002 0.0 0.0
110.526883338 1.0 0.0
111.28637733800001 0.0 0.0
112.04587133800001 0.0 0.0
112.80536533800002 1.0 1.0
113.564859338 0.0 0.0
114.32435333800001 0.0 0.0
115.08384733800001 1.0 0.0
115.84334133800002 0.0 0.0
116.602835338 0.0 0.0
117.36232933800001 1.0 1.0
118.12182333800001 0.0 0.0
118.88131733800002 0.0 0.0
119.640811338 1.0 0.0
120.40030533800001 0.0 0.0
121.15979933800001 0.0 0.0
121.91929333800002 1.0 1.0
122.678787338 0.0 0.0
123.43828133800001 0.0 0.0
124.19777533800001 1.0 0.0
124.95726933800002 0.0 0.0
125.71676333800002 0.0 0.0
126.47625733800001 1.0 1.0
127.23575133800001 0.0 0.0
127.99524533800002 0.0 0.0
128.754739338 1.0 0.0
129.51423333800003 0.0 0.0
130.27372733800001 0.0 0.0
131.033221338 1.0 1.0
131.79271533800002 0.0 0.0
132.552209338 0.0 0.0
133.31170333800003 1.0 0.0
134.07119733800002 0.0 0.0
134.830691338 0.0 0.0
135.59018533800003 1.0 1.0
136.34967933800002 0.0 0.0
137.109173338 0.0 0.0
137.86866733800002 1.0 0.0
138.628161338 0.0 0.0
139.38765533800003 0.0 0.0
140.14714933800002 1.0 1.0
140.906643338 0.0 0.0
141.66613733800003 0.0 0.0
142.42563133800002 1.0 0.0
143.185125338 0.0 0.0
143.94461933800002 0.0 0.0
144.704113338 1.0 1.0
145.46360733800003 0.0 0.0
146.22310133800002 0.0 0.0
146.982595338 1.0 0.0
147.74208933800003 0.0 0.0
148.50158333800002 0.0 0.0
149.261077338 1.0 1.0
150.02057133800002 0.0 0.0
150.780065338 0.0 0.0
151.53955933800003 1.0 0.0
152.29905333800002 0.0 0.0
153.058547338 0.0 0.0
153.81804133800003 1.0 1.0
154.57753533800002 0.0 0.0
155.337029338 0.0 0.0
156.09652333800003 1.0 0.0
156.85601733800002 0.0 0.0
157.61551133800003 0.0 0.0
158.37500533800002 1.0 1.0
159.134499338 0.0 0.0
159.89399333800003 0.0 0.0
160.65348733800002 1.0 0.0
161.412981338 0.0 0.0
162.17247533800003 0.0 0.0
162.93196933800002 1.0 1.0
163.69146333800003 0.0 0.0
164.45095733800002 0.0 0.0
165.210451338 1.0 0.0
165.96994533800003 0.0 0.0
166.72943933800002 0.0 0.0
167.488933338 1.0 1.0
168.24842733800003 0.0 0.0
169.00792133800002 0.0 0.0
169.76741533800003 1.0 0.0
170.52690933800002 0.0 0.0
171.286403338 0.0 0.0
172.04589733800003 1.0 1.0
172.80539133800002 0.0 0.0
173.564885338 0.0 0.0
174.32437933800003 1.0 0.0
175.08387333800002 0.0 0.0
175.84336733800004 0.0 0.0
176.60286133800003 1.0 1.0
177.36235533800001 0.0 0.0
178.12184933800003 0.0 0.0
178.88134333800002 1.0 0.0
179.64083733800004 0.0 0.0
180.40033133800003 0.0 0.0
181.15982533800002 1.0 1.0
181.91931933800004 0.0 0.0
182.67881333800003 0.0 0.0
183.43830733800002 1.0 0.0
184.19780133800003 0.0 0.0
184.95729533800002 0.0 0.0
185.71678933800004 1.0 1.0
186.47628333800003 0.0 0.0
187.23577733800002 0.0 0.0
187.99527133800004 1.0 0.0
188.75476533800003 0.0 0.0
189.51425933800002 0.0 0.0
190.27375333800003 1.0 1.0
191.03324733800002 0.0 0.0
191.79274133800004 0.0 0.0
192.55223533800003 1.0 0.0
193.31172933800002 0.0 0.0
194.07122333800004 0.0 0.0
194.83071733800003 1.0 1.0
195.59021133800002 0.0 0.0
196.34970533800004 0.0 0.0
197.10919933800002 1.0 0.0
197.86869333800004 0.0 0.0
198.62818733800003 0.0 0.0
199.38768133800002 1.0 1.0
200.14717533800004 0.0 0.0
200.90666933800003 0.0 0.0
201.66616333800002 1.0 0.0
202.42565733800004 0.0 0.0
203.18515133800003 0.0 0.0
203.94464533800004 1.0 1.0
204.70413933800003 0.0 0.0
205.46363333800002 0.0 0.0
206.22312733800004 1.0 0.0
206.98262133800003 0.0 0.0
207.74211533800002 0.0 0.0
208.50160933800004 1.0 1.0
209.26110333800003 0.0 0.0
210.02059733800004 0.0 0.0
210.78009133800003 1.0 0.0
211.53958533800002 0.0 0.0
212.29907933800004 0.0 0.0
213.05857333800003 1.0 1.0
213.81806733800002 0.0 0.0
214.57756133800004 0.0 0.0
215.33705533800003 1.0 0.0
216.09654933800005 0.0 0.0
216.85604333800003 0.0 0.0
217.61553733800002 1.0 1.0
218.37503133800004 0.0 0.0
219.13452533800003 0.0 0.0
219.89401933800002 1.0 0.0
220.65351333800004 0.0 0.0
221.41300733800003 0.0 0.0
222.17250133800005 1.0 1.0
222.93199533800004 0.0 0.0
223.69148933800003 0.0 0.0
224.45098333800004 1.0 0.0
225.21047733800003 0.0 0.0
225.96997133800002 0.0 0.0
226.72946533800004 1.0 1.0
227.48895933800003 0.0 0.0
228.24845333800005 0.0 0.0
229.00794733800004 1.0 0.0
229.76744133800003 0.0 0.0
230.52693533800004 0.0 0.0
231.28642933800003 1.0 1.0
232.04592333800005 0.0 0.0
232.80541733800004 0.0 0.0
233.56491133800003 1.0 0.0
234.32440533800005 0.0 0.0
235.08389933800004 0.0 0.0
235.84339333800003 1.0 1.0
236.60288733800004 0.0 0.0
237.36238133800003 0.0 0.0
238.12187533800005 1.0 0.0
238.88136933800004 0.0 0.0
239.64086333800003 0.0 0.0
240.40035733800005 1.0 1.0
241.15985133800004 0.0 0.0
241.91934533800003 0.0 0.0
242.67883933800005 1.0 0.0
243.43833333800004 0.0 0.0
244.19782733800005 0.0 0.0
244.95732133800004 1.0 1.0
245.71681533800003 0.0 0.0
246.47630933800005 0.0 0.0
247.23580333800004 1.0 0.0
247.99529733800003 0.0 0.0
248.75479133800005 0.0 0.0
249.51428533800004 1.0 1.0
250.27377933800005 0.0 0.0
251.03327333800004 0.0 0.0
251.79276733800003 1.0 0.0
252.55226133800005 0.0 0.0
253.31175533800004 0.0 0.0
254.07124933800003 1.0 1.0
254.83074333800005 0.0 0.0
255.59023733800004 0.0 0.0
256.349731338 1.0 0.0
257.10922533800004 0.0 0.0
257.86871933800006 0.0 0.0
258.628213338 1.0 1.0
259.38770733800004 0.0 0.0
260.14720133800006 0.0 0.0
260.906695338 1.0 0.0
261.66618933800004 0.0 0.0
262.42568333800006 0.0 0.0
263.185177338 1.0 1.0
263.94467133800003 0.0 0.0
264.70416533800005 0.0 0.0
265.46365933800007 1.0 0.0
266.22315333800003 0.0 0.0
266.98264733800005 0.0 0.0
267.74214133800007 1.0 1.0
268.501635338 0.0 0.0
269.26112933800005 0.0 0.0
270.02062333800006 1.0 0.0
270.780117338 0.0 0.0
271.53961133800004 0.0 0.0
272.29910533800006 1.0 1.0
273.058599338 0.0 0.0
273.81809333800004 0.0 0.0
274.57758733800006 1.0 0.0
275.337081338 0.0 0.0
276.09657533800004 0.0 0.0
276.85606933800005 1.0 1.0
277.6155633380001 0.0 0.0
278.37505733800003 0.0 0.0
279.13455133800005 1.0 0.0
279.89404533800007 0.0 0.0
280.65353933800003 0.0 0.0
281.41303333800005 1.0 1.0
282.17252733800007 0.0 0.0
282.932021338 0.0 0.0
283.69151533800004 1.0 0.0
284.45100933800006 0.0 0.0
285.210503338 0.0 0.0
285.96999733800004 1.0 0.0
286.72949133800006 0.0 0.0