0.07310343000000001 0.0 0.0
0.76275843 1.0 1.0
1.4524134300000002 0.0 0.0
2.14206843 1.0 0.0
2.8317234300000007 0.0 0.0
3.521378430000001 1.0 1.0
4.211033430000001 0.0 0.0
4.9006884300000015 1.0 0.0
5.590343430000002 0.0 0.0
6.279998430000002 1.0 1.0
6.969653430000002 0.0 0.0
7.659308430000002 1.0 0.0
8.348963430000003 0.0 0.0
9.038618430000003 1.0 1.0
9.728273430000003 0.0 0.0
10.417928430000003 1.0 0.0
11.107583430000004 0.0 0.0
11.797238430000004 1.0 1.0
12.486893430000004 0.0 0.0
13.176548430000004 1.0 0.0
13.866203430000004 0.0 0.0
14.555858430000004 1.0 1.0
15.245513430000004 0.0 0.0
15.935168430000004 1.0 0.0
16.624823430000006 0.0 0.0
17.314478430000005 1.0 1.0
18.004133430000007 0.0 0.0
18.693788430000005 1.0 0.0
19.383443430000007 0.0 0.0
20.073098430000005 1.0 1.0
20.762753430000007 0.0 0.0
21.452408430000006 1.0 0.0
22.142063430000007 0.0 0.0
22.831718430000006 1.0 1.0
23.521373430000008 0.0 0.0
24.211028430000006 1.0 0.0
24.900683430000008 0.0 0.0
25.590338430000006 1.0 1.0
26.279993430000008 0.0 0.0
26.969648430000007 1.0 0.0
27.65930343000001 0.0 0.0
28.348958430000007 1.0 1.0
29.03861343000001 0.0 0.0
29.728268430000007 1.0 0.0
30.41792343000001 0.0 0.0
31.107578430000007 1.0 1.0
31.79723343000001 0.0 0.0
32.48688843000001 1.0 0.0
33.17654343000001 0.0 0.0
33.86619843000001 1.0 1.0
34.55585343000001 0.0 0.0
35.24550843000001 1.0 0.0
35.93516343000001 0.0 0.0
36.62481843000001 1.0 1.0
37.314473430000014 0.0 0.0
38.00412843000001 1.0 0.0
38.69378343000001 0.0 0.0
39.38343843000001 1.0 1.0
40.073093430000014 0.0 0.0
40.76274843000001 1.0 0.0
41.45240343000001 0.0 0.0
42.14205843000001 1.0 1.0
42.831713430000015 0.0 0.0
43.52136843000001 1.0 0.0
44.211023430000004 0.0 0.0
44.900678430000006 1.0 1.0
45.59033343000001 0.0 0.0
46.27998843000001 1.0 0.0
46.969643430000005 0.0 0.0
47.65929843000001 1.0 1.0
48.34895343000001 0.0 0.0
49.03860843000001 1.0 0.0
49.728263430000005 0.0 0.0
50.41791843000001 1.0 1.0
51.10757343000001 0.0 0.0
51.79722843000001 1.0 0.0
52.486883430000006 0.0 0.0
53.17653843000001 1.0 1.0
53.86619343000001 0.0 0.0
54.55584843000001 1.0 0.0
55.24550343000001 0.0 0.0
55.93515843000001 1.0 1.0
56.62481343000001 0.0 0.0
57.31446843000001 1.0 0.0
58.00412343000001 0.0 0.0
58.69377843000001 1.0 1.0
59.38343343000001 0.0 0.0
60.07308843000001 1.0 0.0
60.76274343000001 0.0 0.0
61.45239843000001 1.0 1.0
62.14205343000001 0.0 0.0
62.83170843000001 1.0 0.0
63.521363430000015 0.0 0.0
64.21101843000001 1.0 1.0
64.90067343000001 0.0 0.0
65.59032843000001 1.0 0.0
66.27998343000002 0.0 0.0
66.96963843000002 1.0 1.0
67.65929343000002 0.0 0.0
68.34894843000001 1.0 0.0
69.03860343000001 0.0 0.0
69.72825843000001 1.0 1.0
70.41791343000001 0.0 0.0
71.10756843000001 1.0 0.0
71.79722343000002 0.0 0.0
72.48687843000002 1.0 1.0
73.17653343000002 0.0 0.0
73.86618843000001 1.0 0.0
74.55584343000001 0.0 0.0
75.24549843000001 1.0 1.0
75.93515343000001 0.0 0.0
76.62480843000002 1.0 0.0
77.31446343000002 0.0 0.0
78.00411843000002 1.0 1.0
78.69377343000002 0.0 0.0
79.38342843000001 1.0 0.0
80.07308343000001 0.0 0.0
80.76273843000001 1.0 1.0
81.45239343000001 0.0 0.0
82.14204843000002 1.0 0.0
82.83170343000002 0.0 0.0
83.52135843000002 1.0 1.0
84.21101343000002 0.0 0.0
84.90066843000001 1.0 0.0
85.59032343000001 0.0 0.0
86.27997843000001 1.0 1.0
86.96963343000002 0.0 0.0
87.65928843000002 1.0 0.0
88.34894343000002 0.0 0.0
89.03859843000002 1.0 1.0
89.72825343000002 0.0 0.0
90.41790843000001 1.0 0.0
91.10756343000001 0.0 0.0
91.79721843000002 1.0 1.0
92.48687343000002 0.0 0.0
93.17652843000002 1.0 0.0
93.86618343000002 0.0 0.0
94.55583843000002 1.0 1.0
95.24549343000002 0.0 0.0
95.93514843000003 1.0 0.0
96.62480343000003 0.0 0.0
97.31445843000003 1.0 1.0
98.00411343000003 0.0 0.0
98.69376843000003 1.0 0.0
99.38342343000004 0.0 0.0
100.07307843000004 1.0 1.0
100.76273343000003 0.0 0.0
101.45238843000003 1.0 0.0
102.14204343000003 0.0 0.0
102.83169843000003 1.0 1.0
103.52135343000003 0.0 0.0
104.21100843000004 1.0 0.0
104.90066343000004 0.0 0.0
105.59031843000004 1.0 1.0
106.27997343000003 0.0 0.0
106.96962843000003 1.0 0.0
107.65928343000003 0.0 0.0
108.34893843000003 1.0 1.0
109.03859343000003 0.0 0.0
109.72824843000004 1.0 0.0
110.41790343000004 0.0 0.0
111.10755843000004 1.0 1.0
111.79721343000003 0.0 0.0
112.48686843000003 1.0 0.0
113.17652343000003 0.0 0.0
113.86617843000003 1.0 1.0
114.55583343000004 0.0 0.0
115.24548843000004 1.0 0.0
115.93514343000004 0.0 0.0
116.62479843000004 1.0 1.0
117.31445343000003 0.0 0.0
118.00410843000003 1.0 0.0
118.69376343000003 0.0 0.0
119.38341843000003 1.0 1.0
120.07307343000004 0.0 0.0
120.76272843000004 1.0 0.0
121.45238343000004 0.0 0.0
122.14203843000004 1.0 1.0
122.83169343000003 0.0 0.0
123.52134843000003 1.0 0.0
124.21100343000003 0.0 0.0
124.90065843000004 1.0 1.0
125.59031343000004 0.0 0.0
126.27996843000004 1.0 0.0
126.96962343000004 0.0 0.0
127.65927843000004 1.0 1.0
128.34893343000005 0.0 0.0
129.03858843000003 1.0 0.0
129.72824343000005 0.0 0.0
130.41789843000004 1.0 1.0
131.10755343000005 0.0 0.0
131.79720843000004 1.0 0.0
132.48686343000003 0.0 0.0
133.17651843000004 1.0 1.0
133.86617343000003 0.0 0.0
134.55582843000005 1.0 0.0
135.24548343000004 0.0 0.0
135.93513843000005 1.0 1.0
136.62479343000004 0.0 0.0
137.31444843000003 1.0 0.0
138.00410343000004 0.0 0.0
138.69375843000003 1.0 1.0
139.38341343000005 0.0 0.0
140.07306843000003 1.0 0.0
140.76272343000005 0.0 0.0
141.45237843000004 1.0 1.0
142.14203343000005 0.0 0.0
142.83168843000004 1.0 0.0
143.52134343000003 0.0 0.0
144.21099843000005 1.0 1.0
144.90065343000003 0.0 0.0
145.59030843000005 1.0 0.0
146.27996343000004 0.0 0.0
146.96961843000005 1.0 1.0
147.65927343000004 0.0 0.0
148.34892843000003 1.0 0.0
149.03858343000005 0.0 0.0
149.72823843000003 1.0 1.0
150.41789343000005 0.0 0.0
151.10754843000004 1.0 0.0
151.79720343000005 0.0 0.0
152.48685843000004 1.0 1.0
153.17651343000006 0.0 0.0
153.86616843000004 1.0 0.0
154.55582343000003 0.0 0.0
155.24547843000005 1.0 1.0
155.93513343000004 0.0 0.0
156.62478843000005 1.0 0.0
157.31444343000004 0.0 0.0
158.00409843000006 1.0 1.0
158.69375343000004 0.0 0.0
159.38340843000006 1.0 0.0
160.07306343000005 0.0 0.0
160.76271843000004 1.0 1.0
161.45237343000005 0.0 0.0
162.14202843000004 1.0 0.0
162.83168343000006 0.0 0.0
163.52133843000004 1.0 1.0
164.21099343000006 0.0 0.0
164.90064843000005 1.0 0.0
165.59030343000003 0.0 0.0
166.27995843000005 1.0 1.0
166.96961343000004 0.0 0.0
167.65926843000005 1.0 0.0
168.34892343000004 0.0 0.0
169.03857843000006 1.0 1.0
169.72823343000005 0.0 0.0
170.41788843000006 1.0 0.0
171.10754343000005 0.0 0.0
171.79719843000004 1.0 1.0
172.48685343000005 0.0 0.0
173.17650843000004 1.0 0.0
173.86616343000006 0.0 0.0
174.55581843000004 1.0 1.0
175.24547343000006 0.0 0.0
175.93512843000005 1.0 0.0
176.62478343000004 0.0 0.0
177.31443843000005 1.0 1.0
178.00409343000004 0.0 0.0
178.69374843000006 1.0 0.0
179.38340343000004 0.0 0.0
180.07305843000006 1.0 1.0
180.76271343000005 0.0 0.0
181.45236843000006 1.0 0.0
182.14202343000005 0.0 0.0
182.83167843000004 1.0 1.0
183.52133343000006 0.0 0.0
184.21098843000004 1.0 0.0
184.90064343000006 0.0 0.0
185.59029843000005 1.0 1.0
186.27995343000006 0.0 0.0
186.96960843000005 1.0 0.0
187.65926343000004 0.0 0.0
188.34891843000005 1.0 1.0
189.03857343000004 0.0 0.0
189.72822843000006 1.0 0.0
190.41788343000005 0.0 0.0
191.10753843000006 1.0 1.0
191.79719343000005 0.0 0.0
192.48684843000007 1.0 0.0
193.17650343000005 0.0 0.0
193.86615843000004 1.0 1.0
194.55581343000006 0.0 0.0
195.24546843000005 1.0 0.0
195.93512343000006 0.0 0.0
196.62477843000005 1.0 1.0
197.31443343000007 0.0 0.0
198.00408843000005 1.0 0.0
198.69374343000007 0.0 0.0
199.38339843000006 1.0 1.0
200.07305343000004 0.0 0.0
200.76270843000006 1.0 0.0
201.45236343000005 0.0 0.0
202.14201843000006 1.0 1.0
202.83167343000005 0.0 0.0
203.52132843000007 1.0 0.0
204.21098343000006 0.0 0.0
204.90063843000004 1.0 1.0
205.59029343000006 0.0 0.0
206.27994843000005 1.0 0.0
206.96960343000006 0.0 0.0
207.65925843000005 1.0 1.0
208.34891343000007 0.0 0.0
209.03856843000005 1.0 0.0
209.72822343000007 0.0 0.0
210.41787843000006 1.0 1.0
211.10753343000005 0.0 0.0
211.79718843000006 1.0 0.0
212.48684343000005 0.0 0.0
213.17649843000007 1.0 1.0
213.86615343000005 0.0 0.0
214.55580843000007 1.0 0.0
215.24546343000006 0.0 0.0
215.93511843000005 1.0 1.0
216.62477343000006 0.0 0.0
217.31442843000005 1.0 0.0
218.00408343000007 0.0 0.0
218.69373843000005 1.0 1.0
219.38339343000007 0.0 0.0
220.07304843000006 1.0 0.0
220.76270343000007 0.0 0.0
221.45235843000006 1.0 1.0
222.14201343000005 0.0 0.0
222.83166843000006 1.0 0.0
223.52132343000005 0.0 0.0
224.21097843000007 1.0 1.0
224.90063343000006 0.0 0.0
225.59028843000007 1.0 0.0
226.27994343000006 0.0 0.0
226.96959843000008 1.0 1.0
227.65925343000006 0.0 0.0
228.34890843000005 1.0 0.0
229.03856343000007 0.0 0.0
229.72821843000006 1.0 1.0
230.41787343000007 0.0 0.0
231.10752843000006 1.0 0.0
231.79718343000008 0.0 0.0
232.48683843000006 1.0 1.0
233.17649343000005 0.0 0.0
233.86614843000007 1.0 0.0
234.55580343000005 0.0 0.0
235.24545843000007 1.0 1.0
235.93511343000006 0.0 0.0
236.62476843000007 1.0 0.0
237.31442343000006 0.0 0.0
238.00407843000008 1.0 1.0
238.69373343000007 0.0 0.0
239.38338843000005 1.0 0.0
240.07304343000007 0.0 0.0
240.76269843000006 1.0 1.0
241.45235343000007 0.0 0.0
242.14200843000006 1.0 0.0
242.83166343000008 0.0 0.0
243.52131843000006 1.0 1.0
244.21097343000005 0.0 0.0
244.90062843000007 1.0 0.0
245.59028343000006 0.0 0.0
246.27993843000007 1.0 1.0
246.96959343000006 0.0 0.0
247.65924843000008 1.0 0.0
248.34890343000006 0.0 0.0
249.03855843000008 1.0 1.0
249.72821343000007 0.0 0.0
250.41786843000006 1.0 0.0
251.10752343000007 0.0 0.0
251.79717843000006 1.0 1.0
252.48683343000008 0.0 0.0
253.17648843000006 1.0 0.0
253.86614343000008 0.0 0.0
254.55579843000007 1.0 1.0
255.24545343000008 0.0 0.0
255.93510843000007 1.0 0.0
256.6247634300001 0.0 0.0
257.31441843000005 1.0 1.0
258.00407343000006 0.0 0.0
258.6937284300001 1.0 0.0
259.3833834300001 0.0 0.0
260.07303843000005 1.0 1.0
260.76269343000007 0.0 0.0
261.4523484300001 1.0 0.0
262.14200343000005 0.0 0.0
262.83165843000006 1.0 1.0
263.5213134300001 0.0 0.0
264.2109684300001 1.0 0.0
264.90062343000005 0.0 0.0
265.59027843000007 1.0 1.0
266.2799334300001 0.0 0.0
266.96958843000004 1.0 0.0
267.65924343000006 0.0 0.0
268.3488984300001 1.0 1.0
269.0385534300001 0.0 0.0
269.72820843000005 1.0 0.0
270.41786343000007 0.0 0.0
271.1075184300001 1.0 1.0
271.7971734300001 0.0 0.0
272.48682843000006 1.0 0.0
273.1764834300001 0.0 0.0
273.8661384300001 1.0 1.0
274.55579343000005 0.0 0.0
275.24544843000007 1.0 0.0
275.9351034300001 0.0 0.0
276.6247584300001 1.0 1.0
277.31441343000006 0.0 0.0
278.0040684300001 1.0 0.0
278.6937234300001 0.0 0.0
279.38337843000005 1.0 1.0
280.07303343000007 0.0 0.0
280.7626884300001 1.0 0.0
281.4523434300001 0.0 0.0
282.14199843000006 1.0 1.0
282.8316534300001 0.0 0.0
283.5213084300001 1.0 0.0
284.21096343000005 0.0 0.0
284.90061843000007 1.0 1.0
285.5902734300001 0.0 0.0
286.2799284300001 1.0 0.0
286.96958343000006 0.0 0.0
287.6592384300001 1.0 1.0
288.3488934300001 0.0 0.0
289.0385484300001 1.0 0.0
289.72820343000006 0.0 0.0
290.4178584300001 1.0 1.0
291.1075134300001 0.0 0.0
291.79716843000006 1.0 0.0
292.4868234300001 0.0 0.0
293.1764784300001 1.0 1.0
293.8661334300001 0.0 0.0
294.55578843000006 1.0 0.0
295.2454434300001 0.0 0.0
295.9350984300001 1.0 1.0
296.62475343000006 0.0 0.0
297.31440843000007 1.0 0.0
298.0040634300001 0.0 0.0
298.6937184300001 1.0 1.0
299.38337343000006 0.0 0.0
300.0730284300001 1.0 0.0
300.7626834300001 0.0 0.0
301.45233843000005 0.0 0.0