0.074634012 0.0 0.0
0.8063400119999999 1.0 1.0
1.538046012 0.0 0.0
2.269752012 1.0 0.0
3.001458012 0.0 0.0
3.733164012 1.0 1.0
4.464870012 0.0 0.0
5.196576012 1.0 0.0
5.928282012 0.0 0.0
6.659988012 1.0 1.0
7.391694012 0.0 0.0
8.123400012000001 1.0 0.0
8.855106012 0.0 0.0
9.586812012000001 1.0 1.0
10.318518012 0.0 0.0
11.050224012000001 1.0 0.0
11.781930012 0.0 0.0
12.513636012000003 1.0 1.0
13.245342012000002 0.0 0.0
13.977048012000003 1.0 0.0
14.708754012000002 0.0 0.0
15.440460012000003 1.0 1.0
16.172166012 0.0 0.0
16.903872012 1.0 0.0
17.635578012000003 0.0 0.0
18.367284012000002 1.0 1.0
19.098990012 0.0 0.0
19.830696012 1.0 0.0
20.562402012000003 0.0 0.0
21.294108012000002 1.0 1.0
22.025814012 0.0 0.0
22.757520012000004 0.0 0.0
23.489226012 1.0 1.0
24.220932012 0.0 0.0
24.952638012 1.0 0.0
25.684344012 0.0 0.0
26.416050012 1.0 1.0
27.147756012 0.0 0.0
27.879462012 1.0 0.0
28.611168012 0.0 0.0
29.342874012 1.0 1.0
30.074580012 0.0 0.0
30.806286012 1.0 0.0
31.537992012 0.0 0.0
32.269698012 1.0 1.0
33.001404012 0.0 0.0
33.733110012 1.0 0.0
34.464816012 0.0 0.0
35.196522012 1.0 1.0
35.928228012 0.0 0.0
36.659934012 1.0 0.0
37.391640012 0.0 0.0
38.123346012 1.0 1.0
38.855052012 0.0 0.0
39.586758012 1.0 0.0
40.318464012 0.0 0.0
41.050170012 1.0 1.0
41.781876012 0.0 0.0
42.513582012 1.0 0.0
43.245288012 0.0 0.0
43.976994012 1.0 1.0
44.708700012 0.0 0.0
45.440406012000004 1.0 0.0
46.172112012 0.0 0.0
46.90381801200001 1.0 1.0
47.635524012000005 0.0 0.0
48.36723001200001 1.0 0.0
49.098936012 0.0 0.0
49.830642012000006 1.0 1.0
50.562348012 0.0 0.0
51.294054012000004 1.0 0.0
52.025760012 0.0 0.0
52.757466012 1.0 1.0
53.489172012 0.0 0.0
54.220878012 1.0 0.0
54.952584012 0.0 0.0
55.683390882 1.0 1.0
56.406281882 0.0 0.0
57.129172882 1.0 0.0
57.852063882 0.0 0.0
58.574954882 1.0 1.0
59.298745012 0.0 0.0
60.030451012 1.0 0.0
60.762157012 0.0 0.0
61.493863012 1.0 1.0
62.225569012 0.0 0.0
62.957275012 1.0 0.0
63.688981012 0.0 0.0
64.420687012 1.0 1.0
65.152393012 0.0 0.0
65.88409901200001 1.0 0.0
66.615805012 0.0 0.0
67.347511012 1.0 1.0
68.079217012 0.0 0.0
68.81184458199999 1.0 0.0
69.55258558199999 0.0 0.0
70.29332658199999 1.0 1.0
71.03406758199999 0.0 0.0
71.77480858199999 1.0 0.0
72.51554958199999 0.0 0.0
73.25536901199999 1.0 1.0
73.98707501199999 0.0 0.0
74.718781012 1.0 0.0
75.450487012 0.0 0.0
76.182193012 1.0 1.0
76.913899012 0.0 0.0
77.64560501199999 1.0 0.0
78.37731101199999 0.0 0.0
79.109017012 1.0 1.0
79.840723012 0.0 0.0
80.572429012 1.0 0.0
81.30413501199999 0.0 0.0
82.03584101199999 1.0 1.0
82.767547012 0.0 0.0
83.499253012 1.0 0.0
84.230959012 0.0 0.0
84.962665012 1.0 1.0
85.69437101199999 0.0 0.0
86.426077012 1.0 0.0
87.157783012 0.0 0.0
87.889489012 1.0 1.0
88.621195012 0.0 0.0
89.35290101199999 1.0 0.0
90.08460701199999 0.0 0.0
90.816313012 1.0 1.0
91.548019012 0.0 0.0
92.279725012 1.0 0.0
93.011431012 0.0 0.0
93.74313701199999 1.0 1.0
94.474843012 0.0 0.0
95.206549012 1.0 0.0
95.938255012 0.0 0.0
96.66996101199999 1.0 1.0
97.40166701199999 0.0 0.0
98.13337301199999 1.0 0.0
98.865079012 0.0 0.0
99.596785012 1.0 1.0
100.328491012 0.0 0.0
101.05983481 1.0 0.0
101.78798981 0.0 0.0
102.51614481 1.0 1.0
103.24429981 0.0 0.0
103.97245481 1.0 0.0
104.70060980999999 0.0 0.0
105.42876480999999 1.0 1.0
106.15691980999999 0.0 0.0
106.88507480999999 1.0 0.0
107.61322980999999 0.0 0.0
108.34138481 1.0 1.0
109.06953981 0.0 0.0
109.79769481 1.0 0.0
110.52584981 0.0 0.0
111.25400481 1.0 1.0
111.98252201199999 0.0 0.0
112.71422801199999 1.0 0.0
113.445934012 0.0 0.0
114.177640012 1.0 1.0
114.909346012 0.0 0.0
115.641052012 1.0 0.0
116.37275801199999 0.0 0.0
117.104464012 1.0 1.0
117.836170012 0.0 0.0
118.567876012 1.0 0.0
119.299582012 0.0 0.0
120.03128801199999 1.0 1.0
120.762994012 0.0 0.0
121.494700012 1.0 0.0
122.226406012 0.0 0.0
122.958112012 1.0 1.0
123.68981801199999 0.0 0.0
124.42152401199999 1.0 0.0
125.153230012 0.0 0.0
125.884936012 1.0 1.0
126.616642012 0.0 0.0
127.348348012 1.0 0.0
128.080054012 0.0 0.0
128.811760012 1.0 1.0
129.543466012 0.0 0.0
130.27517201199998 1.0 0.0
131.006878012 0.0 0.0
131.738584012 1.0 1.0
132.470290012 0.0 0.0
133.201996012 1.0 0.0
133.933702012 0.0 0.0
134.665408012 1.0 1.0
135.397114012 0.0 0.0
136.128820012 1.0 0.0
136.860526012 0.0 0.0
137.592232012 1.0 1.0
138.32393801199999 0.0 0.0
139.055644012 1.0 0.0
139.787350012 0.0 0.0
140.519056012 1.0 1.0
141.250762012 0.0 0.0
141.982468012 1.0 0.0
142.714174012 0.0 0.0
143.445880012 1.0 1.0
144.177586012 0.0 0.0
144.90929201199998 1.0 0.0
145.640998012 0.0 0.0
146.37270401199999 1.0 1.0
147.104410012 0.0 0.0
147.836116012 1.0 0.0
148.567822012 0.0 0.0
149.299528012 1.0 1.0
150.031234012 0.0 0.0
150.762940012 1.0 0.0
151.494646012 0.0 0.0
152.226352012 1.0 1.0
152.95805801199998 0.0 0.0
153.689764012 1.0 0.0
154.421470012 0.0 0.0
155.153176012 1.0 1.0
155.884882012 0.0 0.0
156.616588012 1.0 0.0
157.348294012 0.0 0.0
158.080000012 1.0 1.0
158.811706012 0.0 0.0
159.543412012 1.0 0.0
160.275118012 0.0 0.0
161.00682401199998 1.0 1.0
161.738530012 0.0 0.0
162.470236012 1.0 0.0
163.20194201200002 0.0 0.0
163.933648012 1.0 1.0
164.665354012 0.0 0.0
165.397060012 1.0 0.0
166.128766012 0.0 0.0
166.860472012 1.0 1.0
167.592178012 0.0 0.0
168.323884012 1.0 0.0
169.055590012 0.0 0.0
169.787296012 1.0 1.0
170.519002012 0.0 0.0
171.25070801200002 1.0 0.0
171.982414012 0.0 0.0
172.714120012 1.0 1.0
173.445826012 0.0 0.0
174.177532012 1.0 0.0
174.909238012 0.0 0.0
175.640944012 1.0 1.0
176.372650012 0.0 0.0
177.104356012 1.0 0.0
177.836062012 0.0 0.0
178.567768012 1.0 1.0
179.29947401200002 0.0 0.0
180.031180012 1.0 0.0
180.76288601200002 0.0 0.0
181.494592012 1.0 1.0
182.226298012 0.0 0.0
182.958004012 1.0 0.0
183.689710012 0.0 0.0
184.421416012 1.0 1.0
185.153122012 0.0 0.0
185.884828012 1.0 0.0
186.616534012 0.0 0.0
187.34824001199996 1.0 1.0
188.079946012 0.0 0.0
188.81165201199997 1.0 0.0
189.543358012 0.0 0.0
190.27506401199997 1.0 1.0
191.00677001199998 0.0 0.0
191.73847601199998 1.0 0.0
192.47018201199998 0.0 0.0
193.20188801199998 1.0 1.0
193.933594012 0.0 0.0
194.665300012 1.0 0.0
195.39700601199996 0.0 0.0
196.128712012 1.0 1.0
196.86041801199997 0.0 0.0
197.592124012 1.0 0.0
198.32383001199997 0.0 0.0
199.05553601199998 1.0 1.0
199.78724201199998 0.0 0.0
200.51894801199998 1.0 0.0
201.25065401199998 0.0 0.0
201.982360012 1.0 1.0
202.714066012 0.0 0.0
203.44577201199996 1.0 0.0
204.177478012 0.0 0.0
204.90918401199997 1.0 1.0
205.640890012 0.0 0.0
206.37259601199997 1.0 0.0
207.10430201199998 0.0 0.0
207.83600801199998 1.0 1.0
208.56771401199998 0.0 0.0
209.29942001199998 1.0 0.0
210.031126012 0.0 0.0
210.762832012 1.0 1.0
211.49453801199996 0.0 0.0
212.226244012 1.0 0.0
212.95795001199997 0.0 0.0
213.689656012 1.0 1.0
214.42136201199997 0.0 0.0
215.15306801199998 1.0 0.0
215.88477401199998 0.0 0.0
216.61648001199998 1.0 1.0
217.34818601199999 0.0 0.0
218.079892012 1.0 0.0
218.811598012 0.0 0.0
219.54330401199996 1.0 1.0
220.275010012 0.0 0.0
221.00671601199997 1.0 0.0
221.738422012 0.0 0.0
222.47012801199998 1.0 0.0
223.20183401199998 0.0 0.0
223.93354001199998 1.0 1.0
224.66524601199998 0.0 0.0
225.39695201199999 1.0 0.0
226.128658012 0.0 0.0
226.860364012 1.0 1.0
227.59207001199997 0.0 0.0
228.323776012 0.0 0.0