0.3123527850000001 0.0 0.0
0.9005877850000001 1.0 1.0
1.4888227850000002 0.0 0.0
2.0770577850000005 0.0 0.0
2.6652927849999997 1.0 0.0
3.2535277849999997 0.0 0.0
3.841762785 0.0 0.0
4.429997785 1.0 1.0
5.018232785 0.0 0.0
5.606467785 0.0 0.0
6.1947027850000005 1.0 0.0
6.7829377850000006 0.0 0.0
7.371172785000001 0.0 0.0
7.959407785000001 1.0 1.0
8.547642785 0.0 0.0
9.135877785 0.0 0.0
9.724112784999999 1.0 0.0
10.312347785 0.0 0.0
10.900582785 0.0 0.0
11.488817785 1.0 1.0
12.077052785 0.0 0.0
12.665287785 0.0 0.0
13.253522785 1.0 0.0
13.841757785 0.0 0.0
14.429992785 0.0 0.0
15.018227785 1.0 1.0
15.606462785 0.0 0.0
16.194697785 0.0 0.0
16.782932785 1.0 0.0
17.371167785 0.0 0.0
17.959402785 0.0 0.0
18.547637785 1.0 1.0
19.135872785 0.0 0.0
19.724107785 0.0 0.0
20.312342785000002 1.0 0.0
20.900577785000003 0.0 0.0
21.488812785000004 0.0 0.0
22.077047785 1.0 1.0
22.665282785000002 0.0 0.0
23.253517785000003 0.0 0.0
23.841752785000004 1.0 0.0
24.429987785 0.0 0.0
25.018222785000003 0.0 0.0
25.606457785000003 1.0 1.0
26.194692785000004 0.0 0.0
26.782927785000002 0.0 0.0
27.371162785000003 1.0 0.0
27.959397785000004 0.0 0.0
28.547632785000005 0.0 0.0
29.135867785000002 1.0 1.0
29.724102785000003 0.0 0.0
30.312337785000004 0.0 0.0
30.900572785000005 1.0 0.0
31.488807785000002 0.0 0.0
32.077042785 0.0 0.0
32.665277785 1.0 1.0
33.253512785000005 0.0 0.0
33.841747785 0.0 0.0
34.429982785 1.0 0.0
35.018217785000004 0.0 0.0
35.606452785 0.0 0.0
36.194687785000006 1.0 1.0
36.782922785000004 0.0 0.0
37.371157785 0.0 0.0
37.959392785000006 1.0 0.0
38.54762778500001 0.0 0.0
39.13586278500001 0.0 0.0
39.724097785000005 1.0 1.0
40.31233278500001 0.0 0.0
40.90056778500001 0.0 0.0
41.48880278500001 1.0 0.0
42.07703778500001 0.0 0.0
42.665272785000006 0.0 0.0
43.25350778500001 1.0 1.0
43.84174278500001 0.0 0.0
44.429977785000005 0.0 0.0
45.01821278500001 1.0 0.0
45.60644778500001 0.0 0.0
46.19468278500001 0.0 0.0
46.78291778500001 1.0 1.0
47.37115278500001 0.0 0.0
47.95938778500001 0.0 0.0
48.54762278500001 1.0 0.0
49.135857785000006 0.0 0.0
49.72409278500001 0.0 0.0
50.31232778500001 1.0 1.0
50.90056278500001 0.0 0.0
51.48879778500001 0.0 0.0
52.07703278500001 1.0 0.0
52.66526778500001 0.0 0.0
53.25350278500001 0.0 0.0
53.84173778500001 1.0 1.0
54.42997278500001 0.0 0.0
55.01820778500001 0.0 0.0
55.606442785000006 1.0 0.0
56.19467778500001 0.0 0.0
56.78291278500001 0.0 0.0
57.37114778500001 1.0 1.0
57.95938278500001 0.0 0.0
58.54761778500001 0.0 0.0
59.13585278500001 1.0 0.0
59.72408778500001 0.0 0.0
60.312322785000006 0.0 0.0
60.90055778500001 1.0 1.0
61.48879278500001 0.0 0.0
62.07702778500001 0.0 0.0
62.66526278500001 1.0 0.0
63.25349778500001 0.0 0.0
63.84173278500001 0.0 0.0
64.42996778500002 1.0 1.0
65.01820278500001 0.0 0.0
65.60643778500001 0.0 0.0
66.19467278500001 1.0 0.0
66.782907785 0.0 0.0
67.371142785 0.0 0.0
67.95937778500002 1.0 1.0
68.54761278500001 0.0 0.0
69.13584778500001 0.0 0.0
69.72408278500001 1.0 0.0
70.312317785 0.0 0.0
70.90055278500002 0.0 0.0
71.48878778500001 1.0 1.0
72.07702278500001 0.0 0.0
72.66525778500001 0.0 0.0
73.253492785 1.0 0.0
73.84172778500002 0.0 0.0
74.42996278500001 0.0 0.0
75.01819778500001 1.0 1.0
75.60643278500001 0.0 0.0
76.19466778500001 0.0 0.0
76.782902785 1.0 0.0
77.37113778500002 0.0 0.0
77.95937278500001 0.0 0.0
78.54760778500001 1.0 1.0
79.13584278500001 0.0 0.0
79.724077785 0.0 0.0
80.31231278500002 1.0 0.0
80.90054778500001 0.0 0.0
81.48878278500001 0.0 0.0
82.07701778500001 1.0 1.0
82.665252785 0.0 0.0
83.253487785 0.0 0.0
83.84172278500002 1.0 0.0
84.42995778500001 0.0 0.0
85.01819278500001 0.0 0.0
85.60642778500001 1.0 1.0
86.194662785 0.0 0.0
86.78289778500002 0.0 0.0
87.37113278500001 1.0 0.0
87.95936778500001 0.0 0.0
88.54760278500001 0.0 0.0
89.135837785 1.0 1.0
89.72407278500002 0.0 0.0
90.31230778500002 0.0 0.0
90.90054278500001 1.0 0.0
91.48877778500001 0.0 0.0
92.07701278500001 0.0 0.0
92.665247785 1.0 1.0
93.25348278500002 0.0 0.0
93.84171778500001 0.0 0.0
94.42995278500001 1.0 0.0
95.01818778500001 0.0 0.0
95.606422785 0.0 0.0
96.19465778500002 1.0 1.0
96.78289278500002 0.0 0.0
97.37112778500001 0.0 0.0
97.95936278500001 1.0 0.0
98.54759778500001 0.0 0.0
99.135832785 0.0 0.0
99.72406778500002 1.0 1.0
100.31230278500001 0.0 0.0
100.90053778500001 0.0 0.0
101.48877278500001 1.0 0.0
102.077007785 0.0 0.0
102.66524278500002 0.0 0.0
103.25347778500002 1.0 1.0
103.84171278500001 0.0 0.0
104.42994778500001 0.0 0.0
105.01818278500001 1.0 0.0
105.60641778500002 0.0 0.0
106.19465278500002 0.0 0.0
106.78288778500001 1.0 1.0
107.37112278500001 0.0 0.0
107.95935778500001 0.0 0.0
108.547592785 1.0 0.0
109.13582778500002 0.0 0.0
109.72406278500002 0.0 0.0
110.31229778500001 1.0 1.0
110.90053278500001 0.0 0.0
111.48876778500001 0.0 0.0
112.07700278500002 1.0 0.0
112.66523778500002 0.0 0.0
113.25347278500001 0.0 0.0
113.84170778500001 1.0 1.0
114.42994278500001 0.0 0.0
115.01817778500002 0.0 0.0
115.60641278500002 1.0 0.0
116.19464778500002 0.0 0.0
116.78288278500001 0.0 0.0
117.37111778500001 1.0 1.0
117.95935278500001 0.0 0.0
118.54758778500002 0.0 0.0
119.13582278500002 1.0 0.0
119.72405778500001 0.0 0.0
120.31229278500001 0.0 0.0
120.90052778500001 1.0 1.0
121.48876278500002 0.0 0.0
122.07699778500002 0.0 0.0
122.66523278500001 1.0 0.0
123.25346778500001 0.0 0.0
123.84170278500001 0.0 0.0
124.429937785 1.0 1.0
125.01817278500002 0.0 0.0
125.60640778500002 0.0 0.0
126.19464278500001 1.0 0.0
126.78287778500001 0.0 0.0
127.37111278500001 0.0 0.0
127.95934778500002 1.0 1.0
128.547582785 0.0 0.0
129.135817785 0.0 0.0
129.72405278500003 1.0 0.0
130.31228778500002 0.0 0.0
130.90052278500002 0.0 0.0
131.48875778500002 1.0 1.0
132.07699278500002 0.0 0.0
132.665227785 0.0 0.0
133.253462785 1.0 0.0
133.841697785 0.0 0.0
134.429932785 0.0 0.0
135.018167785 1.0 1.0
135.60640278500003 0.0 0.0
136.19463778500003 0.0 0.0
136.78287278500002 1.0 0.0
137.37110778500002 0.0 0.0
137.95934278500002 0.0 0.0
138.54757778500002 1.0 1.0
139.135812785 0.0 0.0
139.724047785 0.0 0.0
140.312282785 1.0 0.0
140.900517785 0.0 0.0
141.488752785 0.0 0.0
142.07698778500003 1.0 1.0
142.66522278500003 0.0 0.0
143.25345778500002 0.0 0.0
143.84169278500002 1.0 0.0
144.42992778500002 0.0 0.0
145.01816278500002 0.0 0.0
145.606397785 1.0 1.0
146.194632785 0.0 0.0
146.782867785 0.0 0.0
147.371102785 1.0 0.0
147.959337785 0.0 0.0
148.54757278500003 0.0 0.0
149.13580778500003 1.0 1.0
149.72404278500002 0.0 0.0
150.31227778500002 0.0 0.0
150.90051278500002 1.0 0.0
151.48874778500002 0.0 0.0
152.076982785 0.0 0.0
152.665217785 1.0 1.0
153.253452785 0.0 0.0
153.841687785 0.0 0.0
154.429922785 1.0 0.0
155.01815778500003 0.0 0.0
155.60639278500003 0.0 0.0
156.19462778500002 1.0 1.0
156.78286278500002 0.0 0.0
157.37109778500002 0.0 0.0
157.95933278500002 1.0 0.0
158.547567785 0.0 0.0
159.135802785 0.0 0.0
159.724037785 1.0 1.0
160.312272785 0.0 0.0
160.900507785 0.0 0.0
161.48874278500003 1.0 0.0
162.07697778500003 0.0 0.0
162.66521278500002 0.0 0.0
163.25344778500002 1.0 1.0
163.84168278500002 0.0 0.0
164.42991778500001 0.0 0.0
165.018152785 1.0 0.0
165.606387785 0.0 0.0
166.194622785 0.0 0.0
166.782857785 1.0 1.0
167.37109278500003 0.0 0.0
167.95932778500003 0.0 0.0
168.54756278500003 1.0 0.0
169.13579778500002 0.0 0.0
169.72403278500002 0.0 0.0
170.31226778500002 1.0 1.0
170.90050278500001 0.0 0.0
171.488737785 0.0 0.0
172.076972785 1.0 0.0
172.665207785 0.0 0.0
173.253442785 0.0 0.0
173.84167778500003 1.0 1.0
174.42991278500003 0.0 0.0
175.01814778500002 0.0 0.0
175.60638278500002 1.0 0.0
176.19461778500002 0.0 0.0
176.78285278500002 0.0 0.0
177.37108778500001 1.0 1.0
177.959322785 0.0 0.0
178.547557785 0.0 0.0
179.135792785 1.0 0.0
179.724027785 0.0 0.0
180.31226278500003 0.0 0.0
180.90049778500003 1.0 1.0
181.48873278500002 0.0 0.0
182.07696778500002 0.0 0.0
182.66520278500002 1.0 0.0
183.25343778500002 0.0 0.0
183.84167278500001 0.0 0.0
184.429907785 1.0 1.0
185.018142785 0.0 0.0
185.606377785 0.0 0.0
186.194612785 1.0 0.0
186.78284778500003 0.0 0.0
187.37108278500003 0.0 0.0
187.95931778500002 1.0 1.0
188.54755278500002 0.0 0.0
189.13578778500002 0.0 0.0
189.72402278500002 1.0 0.0
190.312257785 0.0 0.0
190.900492785 0.0 0.0
191.488727785 1.0 1.0
192.076962785 0.0 0.0
192.66519778500003 0.0 0.0
193.25343278500003 1.0 0.0
193.84166778500003 0.0 0.0
194.42990278500002 0.0 0.0
195.01813778500002 1.0 1.0
195.60637278500002 0.0 0.0
196.19460778500002 0.0 0.0
196.782842785 1.0 0.0
197.371077785 0.0 0.0
197.959312785 0.0 0.0
198.547547785 1.0 1.0
199.13578278500003 0.0 0.0
199.72401778500003 0.0 0.0
200.31225278500003 1.0 0.0
200.90048778500002 0.0 0.0
201.48872278500002 0.0 0.0
202.07695778500002 1.0 1.0
202.66519278500002 0.0 0.0
203.253427785 0.0 0.0
203.841662785 1.0 0.0
204.429897785 0.0 0.0
205.018132785 0.0 0.0
205.60636778500003 1.0 1.0
206.19460278500003 0.0 0.0
206.78283778500003 0.0 0.0
207.37107278500002 1.0 0.0
207.95930778500002 0.0 0.0
208.54754278500002 0.0 0.0
209.13577778500002 1.0 1.0
209.724012785 0.0 0.0
210.312247785 0.0 0.0
210.900482785 1.0 0.0
211.488717785 0.0 0.0
212.07695278500003 0.0 0.0
212.66518778500003 1.0 1.0
213.25342278500003 0.0 0.0
213.84165778500002 0.0 0.0
214.42989278500002 1.0 0.0
215.01812778500002 0.0 0.0
215.60636278500002 0.0 0.0
216.194597785 1.0 1.0
216.782832785 0.0 0.0
217.371067785 0.0 0.0
217.95930278500003 1.0 0.0
218.54753778500003 0.0 0.0
219.13577278500003 0.0 0.0
219.72400778500003 1.0 1.0
220.31224278500002 0.0 0.0
220.90047778500002 0.0 0.0
221.48871278500002 1.0 0.0
222.07694778500002 0.0 0.0
222.665182785 0.0 0.0
223.253417785 1.0 1.0
223.841652785 0.0 0.0
224.42988778500003 0.0 0.0
225.01812278500003 1.0 0.0
225.60635778500003 0.0 0.0
226.19459278500003 0.0 0.0
226.78282778500002 1.0 1.0
227.37106278500002 0.0 0.0
227.95929778500002 0.0 0.0
228.54753278500002 1.0 0.0
229.135767785 0.0 0.0
229.724002785 0.0 0.0
230.312237785 1.0 1.0
230.90047278500003 0.0 0.0
231.48870778500003 0.0 0.0
232.07694278500003 1.0 0.0
232.66517778500003 0.0 0.0
233.25341278500002 0.0 0.0
233.84164778500002 1.0 1.0
234.42988278500002 0.0 0.0
235.01811778500002 0.0 0.0
235.606352785 1.0 0.0
236.194587785 0.0 0.0
236.782822785 0.0 0.0
237.37105778500003 1.0 1.0
237.95929278500003 0.0 0.0
238.54752778500003 0.0 0.0
239.13576278500003 1.0 0.0
239.72399778500002 0.0 0.0
240.31223278500002 0.0 0.0
240.90046778500002 1.0 1.0
241.48870278500002 0.0 0.0
242.076937785 0.0 0.0
242.665172785 1.0 0.0
243.253407785 0.0 0.0
243.84164278500003 0.0 0.0
244.42987778500003 1.0 1.0
245.01811278500003 0.0 0.0
245.60634778500003 0.0 0.0
246.19458278500002 1.0 0.0
246.78281778500002 0.0 0.0
247.37105278500002 0.0 0.0
247.95928778500001 1.0 1.0
248.547522785 0.0 0.0
249.135757785 0.0 0.0
249.72399278500004 1.0 0.0
250.31222778500003 0.0 0.0
250.90046278500003 0.0 0.0
251.48869778500003 1.0 1.0
252.07693278500003 0.0 0.0
252.66516778500002 0.0 0.0
253.25340278500002 1.0 0.0
253.84163778500002 0.0 0.0
254.42987278500001 0.0 0.0
255.018107785 1.0 1.0
255.606342785 0.0 0.0
256.19457778500004 0.0 0.0
256.78281278500003 1.0 0.0
257.37104778500003 0.0 0.0
257.959282785 0.0 0.0
258.547517785 1.0 1.0
259.135752785 0.0 0.0
259.723987785 0.0 0.0