0.7444006590000001 0.0 0.0
1.640189659 1.0 1.0
2.535978659 0.0 0.0
3.431767659 1.0 0.0
4.327556659 0.0 0.0
5.223345659 1.0 1.0
6.119134658999999 0.0 0.0
7.014923659 1.0 0.0
7.9107126590000005 0.0 0.0
8.806501659 1.0 1.0
9.702290659 0.0 0.0
10.598079659000001 1.0 0.0
11.493868659 0.0 0.0
12.389657659000001 1.0 1.0
13.285446659000002 0.0 0.0
14.181235659 1.0 0.0
15.077024659000001 0.0 0.0
15.972813659 1.0 1.0
16.868602659 0.0 0.0
17.764391659 1.0 0.0
18.660180658999998 0.0 0.0
19.555969659 1.0 1.0
20.451758659 0.0 0.0
21.347547659 1.0 0.0
22.243336659 0.0 0.0
23.139125659 1.0 1.0
24.034914659 0.0 0.0
24.930703659 1.0 0.0
25.826492659 0.0 0.0
26.722281659 1.0 1.0
27.618070659 0.0 0.0
28.513859659 1.0 0.0
29.409648659000002 0.0 0.0
30.305437659000003 1.0 1.0
31.201226659000003 0.0 0.0
32.097015659 1.0 0.0
32.992804659 0.0 0.0
33.888593659 1.0 1.0
34.784382659 0.0 0.0
35.680171659 1.0 0.0
36.575960659 0.0 0.0
37.471749659000004 1.0 1.0
38.367538659000004 0.0 0.0
39.263327659000005 1.0 0.0
40.159116659000006 0.0 0.0
41.054905659000006 1.0 1.0
41.95069465900001 0.0 0.0
42.84648365900001 1.0 0.0
43.742272659 0.0 0.0
44.638061659 1.0 1.0
45.533850659 0.0 0.0
46.429639659 1.0 0.0
47.325428659 0.0 0.0
48.221217659000004 1.0 1.0
49.117006659000005 0.0 0.0
50.012795659000005 1.0 0.0
50.908584659000006 0.0 0.0
51.80437365900001 1.0 1.0
52.70016265900001 0.0 0.0
53.59595165900001 1.0 0.0
54.49174065900001 0.0 0.0
55.387529659 1.0 1.0
56.283318659 0.0 0.0
57.179107659 1.0 0.0
58.074896659000004 0.0 0.0
58.970685659000004 1.0 1.0
59.866474659000005 0.0 0.0
60.762263659000006 1.0 0.0
61.65805265900001 0.0 0.0
62.553841659000014 1.0 1.0
63.449630659000015 0.0 0.0
64.34541965900002 1.0 0.0
65.24120865900001 0.0 0.0
66.13699765900002 1.0 1.0
67.03278665900001 0.0 0.0
67.92857565900002 1.0 0.0
68.82436465900001 0.0 0.0
69.72015365900002 1.0 1.0
70.61594265900001 0.0 0.0
71.511731659 1.0 0.0
72.40752065900001 0.0 0.0
73.303309659 1.0 1.0
74.19909865900001 0.0 0.0
75.09488765900001 1.0 0.0
75.99067665900002 0.0 0.0
76.88646565900001 1.0 1.0
77.78225465900002 0.0 0.0
78.67804365900001 1.0 0.0
79.57383265900002 0.0 0.0
80.46962165900001 1.0 1.0
81.36541065900002 0.0 0.0
82.26119965900001 1.0 0.0
83.156988659 0.0 0.0
84.05277765900001 1.0 1.0
84.94856665900001 0.0 0.0
85.84435565900002 1.0 0.0
86.74014465900001 0.0 0.0
87.63593365900002 1.0 1.0
88.53172265900001 0.0 0.0
89.42751165900002 1.0 0.0
90.32330065900001 0.0 0.0
91.21908965900002 1.0 1.0
92.11487865900001 0.0 0.0
93.01066765900002 1.0 0.0
93.90645665900001 0.0 0.0
94.80224565900001 1.0 1.0
95.69803465900002 0.0 0.0
96.59382365900001 1.0 0.0
97.48961265900002 0.0 0.0
98.38540165900001 1.0 1.0
99.28119065900002 0.0 0.0
100.17697965900001 1.0 0.0
101.07276865900002 0.0 0.0
101.96855765900001 1.0 1.0
102.86434665900002 0.0 0.0
103.76013565900001 1.0 0.0
104.65592465900002 0.0 0.0
105.55171365900001 1.0 1.0
106.44750265900001 0.0 0.0
107.34329165900002 1.0 0.0
108.23908065900001 0.0 0.0
109.13486965900002 1.0 1.0
110.03065865900001 0.0 0.0
110.92644765900002 1.0 0.0
111.82223665900001 0.0 0.0
112.71802565900002 1.0 1.0
113.61381465900001 0.0 0.0
114.50960365900002 1.0 0.0
115.405392659 0.0 0.0
116.30118165900001 1.0 1.0
117.196970659 0.0 0.0
118.092759659 1.0 0.0
118.988548659 0.0 0.0
119.884337659 1.0 1.0
120.780126659 0.0 0.0
121.675915659 1.0 0.0
122.57170465899999 0.0 0.0
123.46749365899998 1.0 1.0
124.36328265899999 0.0 0.0
125.25907165899999 1.0 0.0
126.154860659 0.0 0.0
127.05064965899999 1.0 1.0
127.946438659 0.0 0.0
128.842227659 1.0 0.0
129.73801665899998 0.0 0.0
130.633805659 1.0 1.0
131.529594659 0.0 0.0
132.42538365899998 1.0 0.0
133.32117265899998 0.0 0.0
134.216961659 1.0 1.0
135.112750659 0.0 0.0
136.00853965899998 1.0 0.0
136.904328659 0.0 0.0
137.800117659 1.0 1.0
138.695906659 0.0 0.0
139.59169565899998 1.0 0.0
140.487484659 0.0 0.0
141.383273659 1.0 1.0
142.27906265899998 0.0 0.0
143.17485165899998 1.0 0.0
144.070640659 0.0 0.0
144.966429659 1.0 1.0
145.86221865899998 0.0 0.0
146.758007659 1.0 0.0
147.653796659 0.0 0.0
148.549585659 1.0 1.0
149.44537465899998 0.0 0.0
150.341163659 1.0 0.0
151.236952659 0.0 0.0
152.13274165899998 1.0 1.0
153.02853065899998 0.0 0.0
153.924319659 1.0 0.0
154.820108659 0.0 0.0
155.71589765899998 1.0 1.0
156.611686659 0.0 0.0
157.507475659 1.0 0.0
158.403264659 0.0 0.0
159.29905365899998 1.0 1.0
160.194842659 0.0 0.0
161.090631659 1.0 0.0
161.986420659 0.0 0.0
162.88220965899998 1.0 1.0
163.777998659 0.0 0.0
164.673787659 1.0 0.0
165.56957665899998 0.0 0.0
166.46536565899999 1.0 1.0
167.361154659 0.0 0.0
168.256943659 1.0 0.0
169.15273265899998 0.0 0.0
170.048521659 1.0 1.0
170.944310659 0.0 0.0
171.840099659 1.0 0.0
172.73588865899998 0.0 0.0
173.631677659 1.0 1.0
174.527466659 0.0 0.0
175.42325565899998 1.0 0.0
176.31904465899999 0.0 0.0
177.214833659 1.0 1.0
178.110622659 0.0 0.0
179.00641165899998 1.0 0.0
179.902200659 0.0 0.0
180.797989659 1.0 1.0
181.693778659 0.0 0.0
182.58956765899998 1.0 0.0
183.485356659 0.0 0.0
184.381145659 1.0 1.0
185.276934659 0.0 0.0
186.17272365899998 1.0 0.0
187.068512659 0.0 0.0
187.964301659 1.0 1.0
188.86009065899998 0.0 0.0
189.755879659 1.0 0.0
190.651668659 0.0 0.0
191.547457659 1.0 1.0
192.44324665899998 0.0 0.0
193.339035659 1.0 0.0
194.234824659 0.0 0.0
195.130613659 1.0 1.0
196.02640265899998 0.0 0.0
196.922191659 1.0 0.0
197.817980659 0.0 0.0
198.71376965899998 1.0 1.0
199.609558659 0.0 0.0
200.505347659 1.0 0.0
201.401136659 0.0 0.0
202.29692565899998 1.0 1.0
203.192714659 0.0 0.0
204.088503659 1.0 0.0
204.984292659 0.0 0.0
205.88008165899998 1.0 1.0
206.775870659 0.0 0.0
207.671659659 1.0 0.0
208.567448659 0.0 0.0
209.463237659 1.0 1.0
210.359026659 0.0 0.0
211.254815659 1.0 0.0
212.15060465899998 0.0 0.0
213.046393659 1.0 1.0
213.942182659 0.0 0.0
214.837971659 1.0 0.0
215.73376065899998 0.0 0.0
216.629549659 1.0 1.0
217.525338659 0.0 0.0
218.421127659 1.0 0.0
219.316916659 0.0 0.0
220.212705659 1.0 1.0
221.108494659 0.0 0.0
222.00428365899998 1.0 0.0
222.900072659 0.0 0.0
223.795861659 1.0 1.0
224.691650659 0.0 0.0
225.58743965899998 1.0 0.0
226.483228659 0.0 0.0
227.379017659 1.0 1.0
228.274806659 0.0 0.0
229.17059565899999 1.0 0.0
230.06638465900002 0.0 0.0
230.96217365900003 1.0 1.0
231.857962659 0.0 0.0
232.75375165900002 1.0 0.0
233.64954065900002 0.0 0.0
234.54532965900003 1.0 1.0
235.441118659 0.0 0.0
236.33690765900002 1.0 0.0
237.23269665900003 0.0 0.0
238.12848565900003 1.0 1.0
239.024274659 0.0 0.0
239.92006365900002 1.0 0.0
240.81585265900003 0.0 0.0
241.711641659 1.0 1.0
242.60743065900002 0.0 0.0
243.50321965900002 1.0 0.0
244.39900865900003 0.0 0.0
245.294797659 1.0 1.0
246.19058665900002 0.0 0.0
247.08637565900003 1.0 0.0
247.98216465900003 0.0 0.0
248.877953659 1.0 1.0
249.77374265900002 0.0 0.0
250.66953165900003 1.0 0.0
251.56532065900004 0.0 0.0
252.46110965900002 1.0 1.0
253.35689865900002 0.0 0.0
254.25268765900003 1.0 0.0
255.148476659 0.0 0.0
256.044265659 1.0 1.0
256.940054659 0.0 0.0
257.83584365900003 1.0 0.0
258.731632659 0.0 0.0
259.62742165900005 1.0 1.0
260.52321065900003 0.0 0.0
261.418999659 1.0 0.0
262.31478865900004 0.0 0.0
263.210577659 1.0 1.0
264.106366659 0.0 0.0
265.00215565900004 1.0 0.0
265.897944659 0.0 0.0
266.793733659 1.0 1.0
267.68952265900003 0.0 0.0
268.585311659 1.0 0.0
269.48110065900005 0.0 0.0
270.376889659 0.0 0.0