0.465318513 1.0 1.0
1.103615513 0.0 0.0
1.741912513 0.0 0.0
2.380209513 1.0 0.0
3.018506513 0.0 0.0
3.656803513 1.0 1.0
4.2951005129999995 0.0 0.0
4.933397513 1.0 0.0
5.571694513 0.0 0.0
6.209991513 1.0 1.0
6.848288513 0.0 0.0
7.486585513 1.0 0.0
8.124882513 0.0 0.0
8.763179512999999 1.0 1.0
9.401476513 0.0 0.0
10.039773513 1.0 0.0
10.678070513 0.0 0.0
11.316367513 1.0 1.0
11.954664512999999 0.0 0.0
12.592961512999999 1.0 0.0
13.231258513 0.0 0.0
13.869555513 1.0 1.0
14.507852513 0.0 0.0
15.146149513 1.0 0.0
15.784446512999999 0.0 0.0
16.422743513 1.0 1.0
17.061040513 0.0 0.0
17.699337513 1.0 0.0
18.337634513 0.0 0.0
18.975931513 1.0 1.0
19.614228513 0.0 0.0
20.252525513 1.0 0.0
20.890822513 0.0 0.0
21.529119512999998 1.0 1.0
22.167416512999996 0.0 0.0
22.805713512999997 1.0 0.0
23.444010513 0.0 0.0
24.082307512999996 1.0 1.0
24.720604512999998 0.0 0.0
25.358901512999996 1.0 0.0
25.997198512999997 0.0 0.0
26.635495512999995 1.0 1.0
27.273792512999997 0.0 0.0
27.912089512999998 1.0 0.0
28.550386512999996 0.0 0.0
29.188683512999997 1.0 1.0
29.826980512999995 0.0 0.0
30.465277512999997 1.0 0.0
31.103574512999998 0.0 0.0
31.741871512999996 1.0 1.0
32.380168512999994 0.0 0.0
33.018465512999995 1.0 0.0
33.656762513 0.0 0.0
34.295059513 1.0 1.0
34.933356513 0.0 0.0
35.571653512999994 1.0 0.0
36.209950512999995 0.0 0.0
36.848247513 1.0 1.0
37.486544513 0.0 0.0
38.124841513 1.0 0.0
38.763138512999994 0.0 0.0
39.401435512999996 1.0 1.0
40.039732513 0.0 0.0
40.678029513 1.0 0.0
41.31632651299999 0.0 0.0
41.954623512999994 1.0 1.0
42.592920512999996 0.0 0.0
43.231217513 1.0 0.0
43.869514513 0.0 0.0
44.50781151299999 1.0 1.0
45.146108512999994 0.0 0.0
45.784405512999996 1.0 0.0
46.422702513 0.0 0.0
47.060999513 1.0 1.0
47.69929651299999 0.0 0.0
48.337593512999995 1.0 0.0
48.975890512999996 0.0 0.0
49.614187513 1.0 1.0
50.252484513 0.0 0.0
50.89078151299999 1.0 0.0
51.529078512999995 0.0 0.0
52.167375512999996 1.0 1.0
52.805672513 0.0 0.0
53.443969513 1.0 0.0
54.08226651299999 0.0 0.0
54.720563512999995 1.0 1.0
55.358860512999996 0.0 0.0
55.997157513 1.0 0.0
56.635454513 0.0 0.0
57.27375151299999 1.0 1.0
57.912048512999995 0.0 0.0
58.550345512999996 1.0 0.0
59.188642513 0.0 0.0
59.82693951299999 1.0 1.0
60.465236512999994 0.0 0.0
61.103533512999995 1.0 0.0
61.741830513 0.0 0.0
62.380127513 1.0 1.0
63.01842451299999 0.0 0.0
63.656721512999994 1.0 0.0
64.295018513 0.0 0.0
64.933315513 1.0 1.0
65.57161251299999 0.0 0.0
66.209909513 1.0 0.0
66.848206513 0.0 0.0
67.48650351299999 1.0 1.0
68.124800513 0.0 0.0
68.76309751299999 1.0 0.0
69.401394513 0.0 0.0
70.039691513 1.0 1.0
70.67798851299999 0.0 0.0
71.316285513 1.0 0.0
71.95458251299999 0.0 0.0
72.592879513 1.0 1.0
73.231176513 0.0 0.0
73.86947351299999 1.0 0.0
74.507770513 0.0 0.0
75.14606751299999 1.0 1.0
75.784364513 0.0 0.0
76.422661513 1.0 0.0
77.06095851299999 0.0 0.0
77.699255513 1.0 1.0
78.33755251299999 0.0 0.0
78.975849513 1.0 0.0
79.614146513 0.0 0.0
80.25244351299999 1.0 1.0
80.890740513 0.0 0.0
81.52903751299999 1.0 0.0
82.167334513 0.0 0.0
82.80563151300001 1.0 1.0
83.443928513 0.0 0.0
84.082225513 1.0 0.0
84.720522513 0.0 0.0
85.358819513 1.0 1.0
85.99711651300001 0.0 0.0
86.635413513 1.0 0.0
87.27371051300001 0.0 0.0
87.91200751300002 1.0 1.0
88.55030451300001 0.0 0.0
89.18860151300001 1.0 0.0
89.82689851300002 0.0 0.0
90.46519551300001 1.0 1.0
91.10349251300002 0.0 0.0
91.74178951300001 1.0 0.0
92.38008651300001 0.0 0.0
93.01838351300002 1.0 1.0
93.65668051300001 0.0 0.0
94.29497751300002 1.0 0.0
94.93327451300001 0.0 0.0
95.57157151300001 1.0 1.0
96.20986851300002 0.0 0.0
96.84816551300001 1.0 0.0
97.486462513 0.0 0.0
98.12475951300001 1.0 1.0
98.76305651300001 0.0 0.0
99.40135351300002 1.0 0.0
100.03965051300001 0.0 0.0
100.677947513 1.0 1.0
101.31624451300002 0.0 0.0
101.95454151300001 1.0 0.0
102.59283851300002 0.0 0.0
103.23113551300001 1.0 1.0
103.869432513 0.0 0.0
104.50772951300002 1.0 0.0
105.14602651300001 0.0 0.0
105.78432351300002 1.0 1.0
106.42262051300001 0.0 0.0
107.060917513 1.0 0.0
107.69921451300002 0.0 0.0
108.33751151300001 1.0 1.0
108.97580851300002 0.0 0.0
109.61410551300001 1.0 0.0
110.252402513 0.0 0.0
110.89069951300002 1.0 1.0
111.52899651300001 0.0 0.0
112.16729351300002 1.0 0.0
112.80559051300001 0.0 0.0
113.443887513 1.0 1.0
114.08218451300002 0.0 0.0
114.72048151300001 1.0 0.0
115.35877851300002 0.0 0.0
115.99707551300001 1.0 1.0
116.63537251300001 0.0 0.0
117.27366951300002 1.0 0.0
117.91196651300001 0.0 0.0
118.55026351300002 1.0 1.0
119.18856051300001 0.0 0.0
119.82685751300001 1.0 0.0
120.46515451300002 0.0 0.0
121.10345151300001 1.0 1.0
121.74174851300002 0.0 0.0
122.38004551300001 1.0 0.0
123.01834251300001 0.0 0.0
123.65663951300002 1.0 1.0
124.29493651300001 0.0 0.0
124.93323351300002 1.0 0.0
125.57153051300001 0.0 0.0
126.20982751300001 1.0 1.0
126.84812451300002 0.0 0.0
127.48642151300001 1.0 0.0
128.124718513 0.0 0.0
128.763015513 1.0 1.0
129.40131251300002 0.0 0.0
130.03960951300002 1.0 0.0
130.677906513 0.0 0.0
131.316203513 1.0 1.0
131.954500513 0.0 0.0
132.59279751300002 1.0 0.0
133.23109451300002 0.0 0.0
133.869391513 1.0 1.0
134.507688513 0.0 0.0
135.145985513 1.0 0.0
135.78428251300002 0.0 0.0
136.42257951300002 1.0 1.0
137.060876513 0.0 0.0
137.699173513 1.0 0.0
138.337470513 0.0 0.0
138.97576751300002 1.0 1.0
139.61406451300002 0.0 0.0
140.252361513 1.0 0.0
140.890658513 0.0 0.0
141.528955513 1.0 1.0
142.16725251300002 0.0 0.0
142.80554951300002 1.0 0.0
143.443846513 0.0 0.0
144.082143513 1.0 1.0
144.720440513 0.0 0.0
145.35873751300002 1.0 0.0
145.99703451300002 0.0 0.0
146.635331513 1.0 1.0
147.273628513 0.0 0.0
147.911925513 1.0 0.0
148.55022251300002 0.0 0.0
149.18851951300002 1.0 1.0
149.826816513 0.0 0.0
150.465113513 1.0 0.0
151.103410513 0.0 0.0
151.74170751300002 1.0 1.0
152.38000451300002 0.0 0.0
153.018301513 1.0 0.0
153.656598513 0.0 0.0
154.294895513 1.0 1.0
154.93319251300002 0.0 0.0
155.57148951300002 1.0 0.0
156.209786513 0.0 0.0
156.848083513 1.0 1.0
157.486380513 0.0 0.0
158.12467751300002 1.0 0.0
158.76297451300002 0.0 0.0
159.401271513 1.0 1.0
160.039568513 0.0 0.0
160.677865513 1.0 0.0
161.31616251300002 0.0 0.0
161.95445951300002 1.0 1.0
162.592756513 0.0 0.0
163.231053513 1.0 0.0
163.869350513 0.0 0.0
164.507647513 1.0 1.0
165.145944513 0.0 0.0
165.78424151299998 1.0 0.0
166.42253851299998 0.0 0.0
167.060835513 1.0 1.0
167.699132513 0.0 0.0
168.337429513 1.0 0.0
168.97572651299998 0.0 0.0
169.61402351299998 1.0 1.0
170.252320513 0.0 0.0
170.890617513 1.0 0.0
171.528914513 0.0 0.0
172.16721151299998 1.0 1.0
172.80550851299998 0.0 0.0
173.443805513 1.0 0.0
174.082102513 0.0 0.0
174.72039951299996 1.0 1.0
175.35869651299998 0.0 0.0
175.99699351299998 1.0 0.0
176.63529051299997 0.0 0.0
177.27358751299997 1.0 1.0
177.91188451299996 0.0 0.0
178.55018151299998 1.0 0.0
179.18847851299998 0.0 0.0
179.82677551299997 1.0 1.0
180.46507251299997 0.0 0.0
181.10336951299996 1.0 0.0
181.74166651299998 0.0 0.0
182.37996351299998 1.0 1.0
183.01826051299997 0.0 0.0
183.65655751299997 1.0 0.0
184.29485451299996 0.0 0.0
184.93315151299998 1.0 1.0
185.57144851299998 0.0 0.0
186.20974551299997 1.0 0.0
186.84804251299997 0.0 0.0
187.48633951299996 1.0 1.0
188.12463651299998 0.0 0.0
188.76293351299998 1.0 0.0
189.40123051299997 0.0 0.0
190.03952751299997 1.0 1.0
190.67782451299996 0.0 0.0
191.31612151299998 1.0 0.0
191.95441851299998 0.0 0.0
192.59271551299997 1.0 1.0
193.23101251299997 0.0 0.0
193.86930951299996 1.0 0.0
194.50760651299998 0.0 0.0
195.14590351299998 1.0 1.0
195.78420051299997 0.0 0.0
196.42249751299997 1.0 0.0
197.06079451299996 0.0 0.0
197.69909151299998 1.0 1.0
198.33738851299998 0.0 0.0
198.97568551299997 1.0 0.0
199.61398251299997 0.0 0.0
200.25227951299996 1.0 1.0
200.89057651299998 0.0 0.0
201.52887351299998 1.0 0.0
202.16717051299997 0.0 0.0
202.80546751299997 1.0 1.0
203.44376451299996 0.0 0.0
204.08206151299999 1.0 0.0
204.72035851299998 0.0 0.0
205.35865551299997 1.0 1.0
205.99695251299997 0.0 0.0
206.63524951299996 1.0 0.0
207.27354651299996 0.0 0.0
207.91184351299998 1.0 1.0
208.55014051299997 0.0 0.0
209.18843751299997 1.0 0.0
209.82673451299996 0.0 0.0
210.46503151299996 1.0 1.0
211.10332851299998 0.0 0.0
211.74162551299997 1.0 0.0
212.37992251299997 0.0 0.0
213.01821951299996 1.0 1.0
213.65651651299996 0.0 0.0
214.29481351299998 1.0 0.0
214.93311051299997 0.0 0.0
215.57140751299997 1.0 1.0
216.20970451299996 0.0 0.0
216.84800151299996 1.0 0.0
217.48629851299998 0.0 0.0
218.12459551299997 1.0 1.0
218.76289251299997 0.0 0.0
219.40118951299996 1.0 0.0
220.03948651299996 0.0 0.0
220.67778351299998 1.0 1.0
221.31608051299997 0.0 0.0
221.95437751299997 1.0 0.0
222.59267451299996 0.0 0.0
223.23097151299996 1.0 1.0
223.86926851299998 0.0 0.0
224.50756551299997 1.0 0.0
225.14586251299997 0.0 0.0
225.78415951299996 1.0 1.0
226.42245651299996 0.0 0.0
227.06075351299998 1.0 0.0
227.69905051299997 0.0 0.0
228.33734751299997 1.0 1.0
228.97564451299996 0.0 0.0
229.61394151299996 1.0 0.0
230.25223851299998 0.0 0.0
230.89053551299997 1.0 1.0
231.52883251299997 0.0 0.0
232.16712951299996 1.0 0.0
232.80542651299996 0.0 0.0
233.44372351299998 1.0 1.0
234.08202051299997 0.0 0.0
234.72031751299997 1.0 0.0
235.35861451299996 0.0 0.0
235.99691151299996 1.0 1.0
236.63520851299998 0.0 0.0
237.27350551299998 1.0 0.0
237.91180251299997 0.0 0.0
238.55009951299996 1.0 1.0
239.18839651299996 0.0 0.0
239.82669351299998 1.0 0.0
240.46499051299998 0.0 0.0
241.10328751299997 1.0 1.0
241.74158451299996 0.0 0.0
242.37988151299996 1.0 0.0
243.01817851299998 0.0 0.0
243.65647551299998 1.0 1.0
244.29477251299997 0.0 0.0
244.93306951299996 1.0 0.0
245.57136651299996 0.0 0.0
246.20966351299998 1.0 1.0
246.84796051299998 0.0 0.0
247.48625751299997 1.0 0.0
248.12455451299996 0.0 0.0
248.76285151299996 1.0 1.0
249.40114851299998 0.0 0.0
250.03944551299998 1.0 0.0
250.67774251299997 0.0 0.0
251.31603951299996 1.0 1.0
251.95433651299996 0.0 0.0
252.59263351299998 1.0 0.0
253.23093051299998 0.0 0.0
253.86922751299997 1.0 1.0
254.50752451299996 0.0 0.0
255.14582151299996 1.0 0.0
255.78411851299998 0.0 0.0
256.422415513 1.0 1.0
257.06071251299994 0.0 0.0
257.69900951299996 1.0 0.0
258.337306513 0.0 0.0
258.97560351299995 1.0 1.0
259.613900513 0.0 0.0
260.25219751299994 1.0 0.0
260.89049451299996 0.0 0.0
261.528791513 1.0 1.0
262.16708851299995 0.0 0.0
262.805385513 1.0 0.0
263.44368251299994 0.0 0.0
264.08197951299996 1.0 1.0
264.720276513 0.0 0.0
265.35857351299995 1.0 0.0
265.996870513 0.0 0.0
266.63516751299994 1.0 1.0
267.27346451299996 0.0 0.0
267.911761513 1.0 0.0
268.55005851299995 0.0 0.0
269.188355513 1.0 1.0
269.82665251299994 0.0 0.0
270.46494951299997 1.0 0.0
271.103246513 0.0 0.0
271.74154351299995 1.0 1.0
272.379840513 0.0 0.0
273.01813751299994 1.0 0.0
273.65643451299997 0.0 0.0
274.294731513 1.0 1.0
274.93302851299995 0.0 0.0
275.571325513 1.0 0.0
276.20962251299994 0.0 0.0
276.84791951299997 1.0 1.0
277.486216513 0.0 0.0
278.12451351299995 1.0 0.0
278.762810513 0.0 0.0
279.40110751299994 1.0 1.0
280.03940451299997 0.0 0.0
280.677701513 1.0 0.0
281.31599851299995 0.0 0.0
281.954295513 1.0 1.0
282.59259251299994 0.0 0.0
283.23088951299997 1.0 0.0
283.869186513 0.0 0.0
284.50748351299995 1.0 1.0
285.145780513 0.0 0.0
285.78407751299994 1.0 0.0
286.42237451299997 0.0 0.0
287.060671513 1.0 1.0
287.69896851299995 0.0 0.0
288.337265513 1.0 0.0
288.97556251299994 0.0 0.0
289.61385951299997 1.0 1.0
290.252156513 0.0 0.0
290.89045351299995 1.0 0.0
291.528750513 0.0 0.0
292.16704751299994 1.0 1.0
292.80534451299997 0.0 0.0
293.443641513 1.0 0.0
294.08193851299995 0.0 0.0
294.720235513 1.0 1.0
295.35853251299994 0.0 0.0
295.99682951299997 1.0 0.0
296.635126513 0.0 0.0
297.27342351299995 1.0 1.0
297.911720513 0.0 0.0
298.55001751299994 1.0 0.0
299.18831451299997 0.0 0.0
299.826611513 1.0 1.0
300.46490851299995 0.0 0.0
301.103205513 1.0 0.0
301.74150251299994 0.0 0.0