0.0625 1.0 0.0
0.5625 0.0 0.0
1.0625 1.0 1.0
1.5625 0.0 0.0
2.0625 1.0 0.0
2.5625 0.0 0.0
3.0625 1.0 1.0
3.5625 0.0 0.0
4.0625 0.0 0.0
4.5625 1.0 0.0
5.0625 0.0 0.0
5.5625 1.0 1.0
6.0625 0.0 0.0
6.5625 1.0 0.0
7.0625 0.0 0.0
7.5625 1.0 1.0
8.0625 0.0 0.0
8.5625 1.0 0.0
9.0625 0.0 0.0
9.5625 1.0 1.0
10.0625 0.0 0.0
10.5625 1.0 0.0
11.0625 0.0 0.0
11.5625 1.0 1.0
12.0625 0.0 0.0
12.5625 1.0 0.0
13.0625 0.0 0.0
13.5625 1.0 0.0
14.0625 0.0 0.0
14.5625 1.0 1.0
15.0625 0.0 0.0
15.5625 1.0 0.0
16.0625 0.0 0.0
16.5625 1.0 1.0
17.0625 0.0 0.0
17.5625 1.0 0.0
18.0625 0.0 0.0
18.5625 1.0 1.0
19.0625 0.0 0.0
19.5625 1.0 0.0
20.0625 0.0 0.0
20.5625 1.0 1.0
21.0625 0.0 0.0
21.5625 1.0 0.0
22.0625 0.0 0.0
22.5625 1.0 1.0
23.0625 0.0 0.0
23.5625 1.0 0.0
24.0625 0.0 0.0
24.5625 1.0 1.0
25.0625 0.0 0.0
25.5625 1.0 0.0
26.0625 0.0 0.0
26.5625 1.0 1.0
27.0625 0.0 0.0
27.5625 1.0 0.0
28.0625 0.0 0.0
28.5625 1.0 1.0
29.0625 0.0 0.0
29.5625 1.0 1.0
30.0625 0.0 0.0
30.5625 1.0 0.0
31.0625 0.0 0.0
31.5625 1.0 1.0
32.0625 0.0 0.0
32.5625 1.0 0.0
33.0625 0.0 0.0
33.5625 1.0 1.0
34.0625 0.0 0.0
34.5625 1.0 0.0
35.0625 0.0 0.0
35.5625 1.0 1.0
36.0625 0.0 0.0
36.5625 1.0 0.0
37.0625 0.0 0.0
37.5625 1.0 1.0
38.0625 0.0 0.0
38.5625 1.0 0.0
39.0625 0.0 0.0
39.5625 1.0 1.0
40.0625 0.0 0.0
40.5625 1.0 0.0
41.0625 0.0 0.0
41.5625 1.0 1.0
42.0625 0.0 0.0
42.5625 1.0 0.0
43.0625 0.0 0.0
43.5625 1.0 1.0
44.0625 0.0 0.0
44.5625 1.0 0.0
45.0625 0.0 0.0
45.5625 1.0 1.0
46.0625 0.0 0.0
46.5625 1.0 0.0
47.0625 0.0 0.0
47.5625 1.0 1.0
48.0625 0.0 0.0
48.5625 1.0 0.0
49.0625 0.0 0.0
49.5625 1.0 1.0
50.0625 0.0 0.0
50.5625 1.0 0.0
51.0625 0.0 0.0
51.5625 1.0 1.0
52.0625 0.0 0.0
52.5625 1.0 0.0
53.0625 0.0 0.0
53.5625 1.0 1.0
54.0625 0.0 0.0
54.5625 1.0 0.0
55.0625 0.0 0.0
55.5625 1.0 1.0
56.0625 0.0 0.0
56.5625 1.0 0.0
57.0625 0.0 0.0
57.5625 1.0 1.0
58.0625 0.0 0.0
58.5625 1.0 0.0
59.0625 0.0 0.0
59.5625 1.0 1.0
60.0625 0.0 0.0
60.5625 1.0 0.0
61.0625 0.0 0.0
61.5625 1.0 1.0
62.0625 0.0 0.0
62.5625 1.0 0.0
63.0625 0.0 0.0
63.5625 1.0 1.0
64.0625 0.0 0.0
64.5625 1.0 0.0
65.0625 0.0 0.0
65.5625 1.0 1.0
66.0625 0.0 0.0
66.5625 1.0 0.0
67.0625 0.0 0.0
67.5625 1.0 1.0
68.0625 0.0 0.0
68.5625 1.0 0.0
69.0625 0.0 0.0
69.5625 1.0 1.0
70.0625 0.0 0.0
70.5625 1.0 0.0
71.0625 0.0 0.0
71.5625 1.0 1.0
72.0625 0.0 0.0
72.5625 1.0 0.0
73.0625 0.0 0.0
73.5625 1.0 1.0
74.0625 0.0 0.0
74.5625 1.0 0.0
75.0625 0.0 0.0
75.5625 1.0 1.0
76.0625 0.0 0.0
76.5625 1.0 0.0
77.0625 0.0 0.0
77.5625 1.0 1.0
78.0625 0.0 0.0
78.5625 1.0 0.0
79.0625 0.0 0.0
79.5625 1.0 1.0
80.0625 0.0 0.0
80.5625 1.0 0.0
81.0625 0.0 0.0
81.5625 1.0 1.0
82.0625 0.0 0.0
82.5625 1.0 0.0
83.0625 0.0 0.0
83.5625 1.0 1.0
84.0625 0.0 0.0
84.5625 1.0 0.0
85.0625 0.0 0.0
85.5625 1.0 1.0
86.0625 0.0 0.0
86.5625 1.0 0.0
87.0625 0.0 0.0
87.5625 1.0 1.0
88.0625 0.0 0.0
88.5625 1.0 0.0
89.0625 0.0 0.0
89.5625 1.0 1.0
90.0625 0.0 0.0
90.5625 1.0 0.0
91.0625 0.0 0.0
91.5625 1.0 1.0
92.0625 0.0 0.0
92.5625 1.0 0.0
93.0625 0.0 0.0
93.5625 1.0 1.0
94.0625 0.0 0.0
94.5625 1.0 0.0
95.0625 0.0 0.0
95.5625 1.0 1.0
96.0625 0.0 0.0
96.5625 1.0 0.0
97.0625 0.0 0.0
97.5625 1.0 1.0
98.0625 0.0 0.0
98.5625 1.0 0.0
99.0625 0.0 0.0
99.5625 1.0 1.0
100.0625 0.0 0.0
100.5625 1.0 0.0
101.0625 0.0 0.0
101.5625 1.0 1.0
102.0625 0.0 0.0
102.5625 1.0 0.0
103.0625 0.0 0.0
103.5625 1.0 1.0
104.0625 0.0 0.0
104.5625 1.0 0.0
105.0625 0.0 0.0
105.5625 1.0 1.0
106.0625 0.0 0.0
106.5625 1.0 0.0
107.0625 0.0 0.0
107.5625 1.0 1.0
108.0625 0.0 0.0
108.5625 1.0 0.0
109.0625 0.0 0.0
109.5625 1.0 1.0
110.0625 0.0 0.0
110.5625 1.0 0.0
111.0625 0.0 0.0
111.5625 1.0 1.0
112.0625 0.0 0.0
112.5625 1.0 0.0
113.0625 0.0 0.0
113.5625 1.0 1.0
114.0625 0.0 0.0
114.5625 1.0 0.0
115.0625 0.0 0.0
115.5625 1.0 1.0
116.0625 0.0 0.0
116.5625 1.0 0.0
117.0625 0.0 0.0
117.5625 1.0 1.0
118.0625 0.0 0.0
118.5625 1.0 0.0
119.0625 0.0 0.0
119.5625 1.0 1.0
120.0625 0.0 0.0
120.5625 1.0 0.0
121.0625 0.0 0.0
121.5625 1.0 1.0
122.0625 0.0 0.0
122.5625 1.0 0.0
123.0625 0.0 0.0
123.5625 1.0 1.0
124.0625 0.0 0.0
124.5625 1.0 0.0
125.0625 0.0 0.0
125.5625 1.0 1.0
126.0625 0.0 0.0
126.5625 1.0 0.0
127.0625 0.0 0.0
127.5625 1.0 1.0
128.0625 0.0 0.0
128.5625 1.0 0.0
129.0625 0.0 0.0
129.5625 1.0 1.0
130.0625 0.0 0.0
130.5625 1.0 0.0
131.0625 0.0 0.0
131.5625 1.0 1.0
132.0625 0.0 0.0
132.5625 1.0 0.0
133.0625 0.0 0.0
133.5625 1.0 1.0
134.0625 0.0 0.0
134.5625 1.0 0.0
135.0625 0.0 0.0
135.5625 1.0 1.0
136.0625 0.0 0.0
136.5625 1.0 0.0
137.0625 0.0 0.0
137.5625 1.0 1.0
138.0625 0.0 0.0
138.5625 1.0 0.0
139.0625 0.0 0.0
139.5625 1.0 1.0
140.0625 0.0 0.0
140.5625 1.0 0.0
141.0625 0.0 0.0
141.5625 1.0 1.0
142.0625 0.0 0.0
142.5625 1.0 0.0
143.0625 0.0 0.0
143.5625 1.0 1.0
144.0625 0.0 0.0
144.5625 1.0 0.0
145.0625 0.0 0.0
145.5625 1.0 1.0
146.0625 0.0 0.0
146.5625 1.0 0.0
147.0625 0.0 0.0
147.5625 1.0 1.0
148.0625 0.0 0.0
148.5625 1.0 0.0
149.0625 0.0 0.0
149.5625 1.0 1.0
150.0625 0.0 0.0
150.5625 1.0 0.0
151.0625 0.0 0.0
151.5625 1.0 1.0
152.0625 0.0 0.0
152.5625 1.0 0.0
153.0625 0.0 0.0
153.5625 1.0 1.0
154.0625 0.0 0.0
154.5625 1.0 0.0
155.0625 0.0 0.0
155.5625 1.0 1.0
156.0625 0.0 0.0
156.5625 1.0 0.0
157.0625 0.0 0.0
157.5625 1.0 1.0
158.0625 0.0 0.0
158.5625 1.0 0.0
159.0625 0.0 0.0
159.5625 1.0 1.0
160.0625 0.0 0.0
160.5625 1.0 0.0
161.0625 0.0 0.0
161.5625 1.0 1.0
162.0625 0.0 0.0
162.5625 1.0 0.0
163.0625 0.0 0.0
163.5625 1.0 1.0
164.0625 0.0 0.0
164.5625 1.0 0.0
165.0625 0.0 0.0
165.5625 1.0 1.0
166.0625 0.0 0.0
166.5625 1.0 0.0
167.0625 0.0 0.0
167.5625 1.0 1.0
168.0625 0.0 0.0
168.5625 1.0 0.0
169.0625 0.0 0.0
169.5625 1.0 1.0
170.0625 0.0 0.0
170.5625 1.0 0.0
171.0625 0.0 0.0
171.5625 1.0 1.0
172.0625 0.0 0.0
172.5625 1.0 0.0
173.0625 0.0 0.0
173.5625 1.0 1.0
174.0625 0.0 0.0
174.5625 1.0 0.0
175.0625 0.0 0.0
175.5625 1.0 1.0
176.0625 0.0 0.0
176.5625 1.0 0.0
177.0625 0.0 0.0
177.5625 1.0 1.0
178.0625 0.0 0.0
178.5625 1.0 0.0
179.0625 0.0 0.0
179.5625 1.0 1.0
180.0625 0.0 0.0
180.5625 1.0 0.0
181.0625 0.0 0.0
181.5625 1.0 1.0
182.0625 0.0 0.0
182.5625 1.0 0.0
183.0625 0.0 0.0
183.5625 1.0 1.0
184.0625 0.0 0.0
184.5625 1.0 0.0
185.0625 0.0 0.0
185.5625 1.0 1.0
186.0625 0.0 0.0
186.5625 1.0 0.0
187.0625 0.0 0.0
187.5625 1.0 1.0
188.0625 0.0 0.0
188.5625 1.0 0.0
189.0625 0.0 0.0
189.5625 1.0 1.0
190.0625 0.0 0.0
190.5625 1.0 0.0
191.0625 0.0 0.0
191.5625 1.0 1.0
192.0625 0.0 0.0
192.5625 1.0 0.0
193.0625 0.0 0.0
193.5625 1.0 1.0
194.0625 0.0 0.0
194.5625 1.0 0.0
195.0625 0.0 0.0
195.5625 1.0 1.0
196.0625 0.0 0.0
196.5625 1.0 0.0
197.0625 0.0 0.0
197.5625 1.0 1.0
198.0625 0.0 0.0
198.5625 1.0 0.0
199.0625 0.0 0.0
199.5625 1.0 1.0
200.0625 0.0 0.0
200.5625 1.0 0.0
201.0625 0.0 0.0
201.5625 1.0 1.0
202.0625 0.0 0.0
202.5625 1.0 0.0
203.0625 0.0 0.0
203.5625 1.0 1.0
204.0625 0.0 0.0
204.5625 1.0 0.0
205.0625 0.0 0.0
205.5625 1.0 1.0
206.0625 0.0 0.0
206.5625 1.0 0.0
207.0625 0.0 0.0
207.5625 1.0 1.0
208.0625 0.0 0.0
208.5625 1.0 0.0
209.0625 0.0 0.0
209.5625 1.0 1.0
210.0625 0.0 0.0
210.5625 1.0 0.0
211.0625 0.0 0.0
211.5625 1.0 1.0
212.0625 0.0 0.0
212.5625 1.0 0.0
213.0625 0.0 0.0
213.5625 1.0 1.0
214.0625 0.0 0.0
214.5625 1.0 0.0
215.0625 0.0 0.0
215.5625 1.0 1.0
216.0625 0.0 0.0
216.5625 1.0 0.0
217.0625 0.0 0.0
217.5625 1.0 1.0
218.0625 0.0 0.0
218.5625 1.0 0.0
219.0625 0.0 0.0
219.5625 1.0 1.0
220.0625 0.0 0.0
220.5625 1.0 0.0
221.0625 0.0 0.0
221.5625 1.0 1.0
222.0625 0.0 0.0
222.5625 1.0 0.0
223.0625 0.0 0.0
223.5625 1.0 1.0
224.0625 0.0 0.0
224.5625 1.0 0.0
225.0625 0.0 0.0
225.5625 1.0 1.0
226.0625 0.0 0.0
226.5625 1.0 0.0
227.0625 0.0 0.0
227.5625 1.0 1.0
228.0625 0.0 0.0
228.5625 1.0 0.0
229.0625 0.0 0.0
229.5625 1.0 1.0
230.0625 0.0 0.0
230.5625 1.0 0.0
231.0625 0.0 0.0
231.5625 1.0 1.0
232.0625 0.0 0.0
232.5625 1.0 0.0
233.0625 0.0 0.0
233.5625 1.0 1.0
234.0625 0.0 0.0
234.5625 1.0 0.0
235.0625 0.0 0.0
235.5625 1.0 1.0
236.0625 0.0 0.0
236.5625 1.0 0.0
237.0625 0.0 0.0
237.5625 1.0 1.0
238.0625 0.0 0.0
238.5625 1.0 0.0
239.0625 0.0 0.0
239.5625 1.0 1.0
240.0625 0.0 0.0
240.5625 1.0 0.0
241.0625 0.0 0.0
241.5625 1.0 1.0
242.0625 0.0 0.0
242.5625 1.0 0.0
243.0625 0.0 0.0
243.5625 1.0 1.0
244.0625 0.0 0.0
244.5625 1.0 0.0
245.0625 0.0 0.0
245.5625 1.0 0.0
246.0625 0.0 0.0
246.5625 1.0 1.0
247.0625 0.0 0.0
247.5625 1.0 0.0
248.0625 0.0 0.0
248.5625 1.0 1.0
249.0625 0.0 0.0
249.5625 1.0 0.0
250.0625 0.0 0.0
250.5625 1.0 1.0
251.0625 0.0 0.0
251.5625 1.0 0.0
252.0625 0.0 0.0
252.5625 1.0 1.0
253.0625 0.0 0.0
253.5625 1.0 0.0
254.0625 0.0 0.0
254.5625 1.0 1.0
255.0625 0.0 0.0
255.5625 0.0 0.0
256.0625 1.0 1.0
256.5625 0.0 0.0
257.0625 0.0 0.0