0.11470582500000004 1.0 1.0
0.7029408250000001 0.0 0.0
1.2911758250000003 1.0 0.0
1.8794108250000003 0.0 0.0
2.4676458250000004 1.0 1.0
3.0558808250000005 0.0 0.0
3.6441158250000005 1.0 0.0
4.232350825000001 0.0 0.0
4.820585825000001 1.0 1.0
5.408820825000001 0.0 0.0
5.997055825000001 1.0 0.0
6.585290825000001 0.0 0.0
7.1735258250000005 1.0 1.0
7.7617608250000005 0.0 0.0
8.349995825 1.0 0.0
8.938230825000002 0.0 0.0
9.526465825 1.0 1.0
10.114700825000002 0.0 0.0
10.702935825 1.0 0.0
11.291170825000002 0.0 0.0
11.879405825000001 1.0 1.0
12.467640825000002 0.0 0.0
13.055875825000001 1.0 0.0
13.644110825000002 0.0 0.0
14.232345825000001 1.0 1.0
14.820580825000002 0.0 0.0
15.408815825000001 1.0 0.0
15.997050825000002 0.0 0.0
16.585285825000003 1.0 1.0
17.173520825 0.0 0.0
17.761755825 1.0 0.0
18.349990825000003 0.0 0.0
18.938225825 1.0 1.0
19.526460825 0.0 0.0
20.114695825 1.0 0.0
20.702930825 0.0 0.0
21.291165825 1.0 1.0
21.879400825 0.0 0.0
22.467635825 1.0 0.0
23.055870825 0.0 0.0
23.644105825 1.0 1.0
24.232340825 0.0 0.0
24.820575825 1.0 0.0
25.408810825 0.0 0.0
25.997045825 1.0 1.0
26.585280825 0.0 0.0
27.173515825 1.0 0.0
27.761750825 0.0 0.0
28.349985825 1.0 1.0
28.938220825 0.0 0.0
29.526455825 1.0 0.0
30.114690825 0.0 0.0
30.702925825 1.0 1.0
31.291160825 0.0 0.0
31.879395825 1.0 0.0
32.467630825 0.0 0.0
33.055865825 1.0 1.0
33.644100825 0.0 0.0
34.232335825 1.0 0.0
34.820570825 0.0 0.0
35.408805825 1.0 1.0
35.997040825 0.0 0.0
36.585275825000004 1.0 0.0
37.173510825 0.0 0.0
37.761745825 1.0 1.0
38.349980825 0.0 0.0
38.938215825 1.0 0.0
39.526450825 0.0 0.0
40.114685825 1.0 1.0
40.702920825 0.0 0.0
41.291155825000004 1.0 0.0
41.879390825 0.0 0.0
42.467625825 1.0 1.0
43.055860825 0.0 0.0
43.644095825 1.0 0.0
44.232330825 0.0 0.0
44.820565825 1.0 1.0
45.408800825 0.0 0.0
45.997035825000005 1.0 0.0
46.585270825 0.0 0.0
47.173505825 1.0 1.0
47.761740825000004 0.0 0.0
48.349975825 1.0 0.0
48.938210825 0.0 0.0
49.526445825 1.0 1.0
50.114680825 0.0 0.0
50.702915825 1.0 0.0
51.291150825 0.0 0.0
51.879385825 1.0 1.0
52.467620825000004 0.0 0.0
53.055855825 1.0 0.0
53.644090825 0.0 0.0
54.232325825000004 1.0 1.0
54.820560825 0.0 0.0
55.408795825 1.0 0.0
55.997030825 0.0 0.0
56.585265825 1.0 1.0
57.173500825000005 0.0 0.0
57.761735825 1.0 0.0
58.349970825 0.0 0.0
58.938205825000004 1.0 1.0
59.526440825 0.0 0.0
60.114675825 1.0 0.0
60.702910825000004 0.0 0.0
61.291145825 1.0 1.0
61.879380825000005 0.0 0.0
62.467615825 1.0 0.0
63.055850825 0.0 0.0
63.644085825000005 1.0 1.0
64.232320825 0.0 0.0
64.820555825 1.0 0.0
65.408790825 0.0 0.0
65.99702582500001 1.0 1.0
66.585260825 0.0 0.0
67.173495825 1.0 0.0
67.761730825 0.0 0.0
68.349965825 1.0 1.0
68.938200825 0.0 0.0
69.52643582500001 1.0 0.0
70.114670825 0.0 0.0
70.702905825 1.0 1.0
71.291140825 0.0 0.0
71.879375825 1.0 0.0
72.46761082500001 0.0 0.0
73.055845825 1.0 1.0
73.644080825 0.0 0.0
74.232315825 1.0 0.0
74.820550825 0.0 0.0
75.40878582500001 1.0 1.0
75.997020825 0.0 0.0
76.585255825 1.0 0.0
77.173490825 0.0 0.0
77.761725825 1.0 1.0
78.349960825 0.0 0.0
78.93819582500001 1.0 0.0
79.526430825 0.0 0.0
80.114665825 1.0 1.0
80.702900825 0.0 0.0
81.291135825 1.0 0.0
81.879370825 0.0 0.0
82.46760582499999 1.0 1.0
83.05584082499999 0.0 0.0
83.644075825 1.0 0.0
84.232310825 0.0 0.0
84.820545825 1.0 1.0
85.408780825 0.0 0.0
85.99701582499999 1.0 0.0
86.58525082499999 0.0 0.0
87.173485825 1.0 1.0
87.761720825 0.0 0.0
88.349955825 1.0 0.0
88.93819082499999 0.0 0.0
89.52642582499999 1.0 1.0
90.114660825 0.0 0.0
90.702895825 1.0 0.0
91.291130825 0.0 0.0
91.879365825 1.0 1.0
92.46760082499999 0.0 0.0
93.05583582499999 1.0 0.0
93.644070825 0.0 0.0
94.232305825 1.0 1.0
94.820540825 0.0 0.0
95.40877582499999 1.0 0.0
95.99701082499999 0.0 0.0
96.585245825 1.0 1.0
97.173480825 0.0 0.0
97.761715825 1.0 0.0
98.349950825 0.0 0.0
98.93818582499999 1.0 1.0
99.526420825 0.0 0.0
100.114655825 1.0 0.0
100.702890825 0.0 0.0
101.291125825 1.0 1.0
101.87936082499999 0.0 0.0
102.46759582499999 1.0 0.0
103.055830825 0.0 0.0
103.644065825 1.0 1.0
104.232300825 0.0 0.0
104.820535825 1.0 0.0
105.40877082499999 0.0 0.0
105.997005825 1.0 1.0
106.585240825 0.0 0.0
107.173475825 1.0 0.0
107.761710825 0.0 0.0
108.34994582499999 1.0 1.0
108.938180825 0.0 0.0
109.526415825 1.0 0.0
110.114650825 0.0 0.0
110.702885825 1.0 1.0
111.291120825 0.0 0.0
111.87935582499999 1.0 0.0
112.467590825 0.0 0.0
113.055825825 1.0 1.0
113.644060825 0.0 0.0
114.232295825 1.0 0.0
114.82053082499999 0.0 0.0
115.408765825 1.0 1.0
115.997000825 0.0 0.0
116.585235825 1.0 0.0
117.173470825 0.0 0.0
117.76170582499999 1.0 1.0
118.34994082499999 0.0 0.0
118.938175825 1.0 0.0
119.526410825 0.0 0.0
120.114645825 1.0 1.0
120.702880825 0.0 0.0
121.29111582499999 1.0 0.0
121.879350825 0.0 0.0
122.467585825 1.0 1.0
123.055820825 0.0 0.0
123.644055825 1.0 0.0
124.23229082499999 0.0 0.0
124.820525825 1.0 1.0
125.408760825 0.0 0.0
125.996995825 1.0 0.0
126.585230825 0.0 0.0
127.173465825 1.0 1.0
127.76170082499999 0.0 0.0
128.349935825 1.0 0.0
128.938170825 0.0 0.0
129.526405825 1.0 1.0
130.114640825 0.0 0.0
130.702875825 1.0 0.0
131.291110825 0.0 0.0
131.879345825 1.0 1.0
132.467580825 0.0 0.0
133.055815825 1.0 0.0
133.644050825 0.0 0.0
134.232285825 1.0 1.0
134.820520825 0.0 0.0
135.408755825 1.0 0.0
135.996990825 0.0 0.0
136.585225825 1.0 1.0
137.173460825 0.0 0.0
137.761695825 1.0 0.0
138.349930825 0.0 0.0
138.938165825 1.0 1.0
139.526400825 0.0 0.0
140.114635825 1.0 0.0
140.702870825 0.0 0.0
141.291105825 1.0 1.0
141.87934082499999 0.0 0.0
142.467575825 1.0 0.0
143.055810825 0.0 0.0
143.644045825 1.0 1.0
144.232280825 0.0 0.0
144.820515825 1.0 0.0
145.408750825 0.0 0.0
145.996985825 1.0 1.0
146.585220825 0.0 0.0
147.173455825 1.0 0.0
147.761690825 0.0 0.0
148.34992582499999 1.0 1.0
148.938160825 0.0 0.0
149.526395825 1.0 0.0
150.114630825 0.0 0.0
150.702865825 1.0 1.0
151.291100825 0.0 0.0
151.879335825 1.0 0.0
152.467570825 0.0 0.0
153.055805825 1.0 1.0
153.644040825 0.0 0.0
154.232275825 1.0 0.0
154.82051082499999 0.0 0.0
155.408745825 1.0 1.0
155.996980825 0.0 0.0
156.585215825 1.0 0.0
157.173450825 0.0 0.0
157.761685825 1.0 1.0
158.349920825 0.0 0.0
158.938155825 1.0 0.0
159.526390825 0.0 0.0
160.114625825 1.0 1.0
160.70286082500002 0.0 0.0
161.291095825 1.0 0.0
161.879330825 0.0 0.0
162.467565825 1.0 1.0
163.055800825 0.0 0.0
163.64403582500003 1.0 0.0
164.23227082500003 0.0 0.0
164.82050582500003 1.0 1.0
165.40874082500002 0.0 0.0
165.99697582500002 1.0 0.0
166.58521082500002 0.0 0.0
167.17344582500002 1.0 1.0
167.761680825 0.0 0.0
168.349915825 1.0 0.0
168.938150825 0.0 0.0
169.526385825 1.0 1.0
170.11462082500003 0.0 0.0
170.70285582500003 1.0 0.0
171.29109082500003 0.0 0.0
171.87932582500002 1.0 1.0
172.46756082500002 0.0 0.0
173.05579582500002 1.0 0.0
173.64403082500002 0.0 0.0
174.232265825 1.0 1.0
174.820500825 0.0 0.0
175.408735825 1.0 0.0
175.996970825 0.0 0.0
176.58520582500003 1.0 1.0
177.17344082500003 0.0 0.0
177.76167582500003 1.0 0.0
178.34991082500002 0.0 0.0
178.93814582500002 1.0 1.0
179.52638082500002 0.0 0.0
180.11461582500002 1.0 0.0
180.702850825 0.0 0.0
181.291085825 1.0 1.0
181.879320825 0.0 0.0
182.467555825 1.0 0.0
183.05579082500003 0.0 0.0
183.64402582500003 1.0 1.0
184.23226082500003 0.0 0.0
184.82049582500002 1.0 0.0
185.40873082500002 0.0 0.0
185.99696582500002 1.0 1.0
186.58520082500002 0.0 0.0
187.173435825 1.0 0.0
187.761670825 0.0 0.0
188.349905825 1.0 1.0
188.93814082500003 0.0 0.0
189.52637582500003 1.0 0.0
190.11461082500003 0.0 0.0
190.70284582500003 1.0 1.0
191.29108082500002 0.0 0.0
191.87931582500002 1.0 0.0
192.46755082500002 0.0 0.0
193.05578582500002 1.0 1.0
193.644020825 0.0 0.0
194.232255825 1.0 0.0
194.820490825 0.0 0.0
195.40872582500003 1.0 1.0
195.99696082500003 0.0 0.0
196.58519582500003 1.0 0.0
197.17343082500003 0.0 0.0
197.76166582500002 1.0 1.0
198.34990082500002 0.0 0.0
198.93813582500002 1.0 0.0
199.52637082500001 0.0 0.0
200.114605825 1.0 1.0
200.702840825 0.0 0.0
201.291075825 1.0 0.0
201.87931082500003 0.0 0.0
202.46754582500003 1.0 1.0
203.05578082500003 0.0 0.0
203.64401582500003 1.0 0.0
204.23225082500002 0.0 0.0
204.82048582500002 1.0 1.0
205.40872082500002 0.0 0.0
205.99695582500001 1.0 0.0
206.585190825 0.0 0.0
207.173425825 1.0 1.0
207.761660825 0.0 0.0
208.34989582500003 1.0 0.0
208.93813082500003 0.0 0.0
209.52636582500003 1.0 1.0
210.11460082500002 0.0 0.0
210.70283582500002 1.0 0.0
211.29107082500002 0.0 0.0
211.87930582500002 1.0 1.0
212.46754082500001 0.0 0.0
213.055775825 1.0 0.0
213.644010825 0.0 0.0
214.23224582500004 1.0 1.0
214.82048082500003 0.0 0.0
215.40871582500003 1.0 0.0
215.99695082500003 0.0 0.0
216.58518582500002 1.0 1.0
217.17342082500002 0.0 0.0
217.76165582500002 1.0 0.0
218.34989082500002 0.0 0.0
218.93812582500001 1.0 1.0
219.526360825 0.0 0.0
220.114595825 1.0 0.0
220.70283082500004 0.0 0.0
221.29106582500003 1.0 1.0
221.87930082500003 0.0 0.0
222.46753582500003 1.0 0.0
223.05577082500002 0.0 0.0
223.64400582500002 1.0 1.0
224.23224082500002 0.0 0.0
224.82047582500002 1.0 0.0
225.408710825 0.0 0.0
225.996945825 1.0 1.0
226.585180825 0.0 0.0
227.17341582500003 1.0 0.0
227.76165082500003 0.0 0.0
228.34988582500003 1.0 1.0
228.93812082500003 0.0 0.0
229.52635582500002 1.0 0.0
230.11459082500002 0.0 0.0
230.70282582500002 1.0 1.0
231.29106082500002 0.0 0.0
231.879295825 1.0 0.0
232.467530825 0.0 0.0
233.055765825 1.0 1.0
233.64400082500003 0.0 0.0
234.23223582500003 1.0 0.0
234.82047082500003 0.0 0.0
235.40870582500003 1.0 1.0
235.99694082500002 0.0 0.0
236.58517582500002 1.0 0.0
237.17341082500002 0.0 0.0
237.76164582500002 1.0 1.0
238.349880825 0.0 0.0
238.938115825 1.0 0.0
239.526350825 0.0 0.0
240.11458582500003 1.0 1.0
240.70282082500003 0.0 0.0
241.29105582500003 1.0 0.0
241.87929082500003 0.0 0.0
242.46752582500002 1.0 1.0
243.05576082500002 0.0 0.0
243.64399582500002 1.0 0.0
244.23223082500002 0.0 0.0
244.820465825 1.0 1.0
245.408700825 0.0 0.0
245.99693582500004 0.0 0.0
246.58517082500003 1.0 1.0
247.17340582500003 0.0 0.0
247.76164082500003 1.0 0.0
248.34987582500003 0.0 0.0
248.93811082500002 1.0 1.0
249.52634582500002 0.0 0.0
250.11458082500002 1.0 0.0
250.70281582500002 0.0 0.0
251.291050825 1.0 1.0
251.879285825 0.0 0.0
252.46752082500004 1.0 0.0
253.05575582500003 0.0 0.0
253.64399082500003 1.0 1.0
254.23222582500003 0.0 0.0
254.82046082500003 1.0 0.0
255.40869582500002 0.0 0.0