0.541116524 1.0 0.0
1.5563445239999998 0.0 0.0
2.571572524 1.0 1.0
3.5868005239999996 0.0 0.0
4.6020285240000005 1.0 0.0
5.617256524 0.0 0.0
6.6324845240000005 1.0 1.0
7.647712524 0.0 0.0
8.662940524 1.0 0.0
9.678168524 0.0 0.0
10.693396524 1.0 1.0
11.708624524000001 0.0 0.0
12.723852524 1.0 0.0
13.739080524 0.0 0.0
14.754308524 1.0 1.0
15.769536524 0.0 0.0
16.776362475000003 0.0 0.0
17.776362475000003 1.0 1.0
18.776362475000003 0.0 0.0
19.776362475000003 1.0 0.0
20.776362475000003 0.0 0.0
21.776362475000003 1.0 1.0
22.776362475000003 0.0 0.0
23.776362475000003 1.0 0.0
24.776362475000003 0.0 0.0
25.776362475000003 1.0 1.0
26.785713534000003 0.0 0.0
27.802661534000002 1.0 0.0
28.819609534000005 0.0 0.0
29.836557534000004 1.0 1.0
30.853505534000004 0.0 0.0
31.870453534000006 1.0 0.0
32.887401534000006 0.0 0.0
33.92403762925 1.0 1.0
34.9666549185 0.0 0.0
36.0011369185 1.0 0.0
37.0356189185 0.0 0.0
38.0701009185 1.0 1.0
39.1045829185 0.0 0.0
40.1390649185 1.0 0.0
41.1735469185 0.0 0.0
42.198354534 1.0 1.0
43.215302534 0.0 0.0
44.232250534 1.0 0.0
45.249198534 0.0 0.0
46.266146534 1.0 1.0
47.283094534 0.0 0.0
48.300042534 1.0 0.0
49.316990534 0.0 0.0
50.492511484 1.0 1.0
51.6335712785 0.0 0.0
52.6419732785 1.0 0.0
53.6503752785 0.0 0.0
54.6587772785 1.0 1.0
55.657983813 0.0 0.0
56.649719813 1.0 0.0
57.641455813 0.0 0.0
58.633191813 1.0 1.0
59.624927813 0.0 0.0
60.616663813 1.0 0.0
61.608399813 0.0 0.0
62.600135813 1.0 1.0
63.591871813 0.0 0.0
64.583607813 1.0 0.0
65.57085863725 0.0 0.0
66.55446563725 1.0 1.0
67.53807263725 0.0 0.0
68.52167963725 1.0 0.0
69.50528663725001 0.0 0.0
70.48889363725 1.0 1.0
71.47250063725001 0.0 0.0
72.45610763725 1.0 0.0
73.43971463725 0.0 0.0
74.42332163725 1.0 1.0
75.40692863725 0.0 0.0
76.39053563725 1.0 0.0
77.37414263725 0.0 0.0
78.366794475 1.0 1.0
79.366794475 0.0 0.0
80.362234813 1.0 0.0
81.353970813 0.0 0.0
82.345706813 1.0 1.0
83.33744281300001 0.0 0.0
84.333738475 1.0 0.0
85.333738475 0.0 0.0
86.333738475 1.0 1.0
87.333738475 0.0 0.0
88.333738475 1.0 0.0
89.333738475 0.0 0.0
90.333738475 1.0 1.0
91.333738475 0.0 0.0
92.333738475 1.0 0.0
93.333738475 0.0 0.0
94.333738475 1.0 1.0
95.333738475 0.0 0.0
96.32469363725001 1.0 0.0
97.30830063725 0.0 0.0
98.29190763725 1.0 1.0
99.27551463725 0.0 0.0
100.25912163725 1.0 0.0
101.24272863725001 0.0 0.0
102.22633563725 1.0 1.0
103.20994263725001 0.0 0.0
104.19354963725 1.0 0.0
105.17715663725001 0.0 0.0
106.16076363725 1.0 1.0
107.14437063725 0.0 0.0
108.13702247500001 1.0 0.0
109.13702247500001 0.0 0.0
110.13702247500001 1.0 1.0
111.13702247500001 0.0 0.0
112.13702247500001 1.0 0.0
113.13702247500001 0.0 0.0
114.13702247500001 1.0 1.0
115.13702247500001 0.0 0.0
116.13702247500001 1.0 0.0
117.13702247500001 0.0 0.0
118.13702247500001 1.0 1.0
119.12797763725001 0.0 0.0
120.11158463725 1.0 0.0
121.09519163725001 0.0 0.0
122.07879863725 1.0 1.0
123.06240563725001 0.0 0.0
124.04601263725002 1.0 0.0
125.02961963725001 0.0 0.0
126.01322663725001 1.0 1.0
127.001318813 0.0 0.0
127.993054813 1.0 0.0
128.984790813 0.0 0.0
129.976526813 1.0 1.0
130.968262813 0.0 0.0
131.959998813 1.0 0.0
132.951734813 0.0 0.0
133.94347081299998 1.0 1.0
134.93520681299998 0.0 0.0
135.92694281299998 1.0 0.0
136.91867881299999 0.0 0.0
137.910414813 1.0 1.0
138.902150813 0.0 0.0
139.893886813 1.0 0.0
140.885622813 0.0 0.0
141.877358813 1.0 1.0
142.869094813 0.0 0.0
143.860830813 1.0 0.0
144.85256681299998 0.0 0.0
145.84430281299998 1.0 1.0
146.836038813 0.0 0.0
147.827774813 1.0 0.0
148.819510813 0.0 0.0
149.811246813 1.0 1.0
150.802982813 0.0 0.0
151.794718813 1.0 0.0
152.78645481299998 0.0 0.0
153.77819081299998 1.0 1.0
154.76992681299998 0.0 0.0
155.761662813 1.0 0.0
156.753398813 0.0 0.0
157.745134813 1.0 1.0
158.736870813 0.0 0.0
159.728606813 1.0 0.0
160.720342813 0.0 0.0
161.712078813 1.0 1.0
162.703814813 0.0 0.0
163.695550813 1.0 0.0
164.687286813 0.0 0.0
165.679022813 1.0 1.0
166.670758813 0.0 0.0
167.662494813 1.0 0.0
168.654230813 0.0 0.0
169.645966813 1.0 1.0
170.637702813 0.0 0.0
171.62943881299998 1.0 0.0
172.62117481299998 0.0 0.0
173.61291081299998 1.0 1.0
174.604646813 0.0 0.0
175.596382813 1.0 0.0
176.588118813 0.0 0.0
177.579854813 1.0 1.0
178.571590813 0.0 0.0
179.563326813 1.0 0.0
180.555062813 0.0 0.0
181.546798813 1.0 1.0
182.538534813 0.0 0.0
183.530270813 1.0 0.0
184.522006813 0.0 0.0
185.513742813 1.0 1.0
186.505478813 0.0 0.0
187.497214813 1.0 0.0
188.488950813 0.0 0.0
189.480686813 1.0 1.0
190.47242281299998 0.0 0.0
191.46415881299998 1.0 0.0
192.455894813 0.0 0.0
193.447630813 1.0 1.0
194.439366813 0.0 0.0
195.431102813 1.0 0.0
196.422838813 0.0 0.0
197.414574813 1.0 1.0
198.406310813 0.0 0.0
199.398046813 1.0 0.0
200.389782813 0.0 0.0
201.38151881299999 1.0 1.0
202.373254813 0.0 0.0
203.364990813 1.0 0.0
204.356726813 0.0 0.0
205.348462813 1.0 1.0
206.34019881299997 0.0 0.0
207.33193481299998 1.0 0.0
208.32367081299998 0.0 0.0
209.31540681299998 1.0 1.0
210.30714281299998 0.0 0.0
211.298878813 1.0 0.0
212.290614813 0.0 0.0
213.282350813 1.0 1.0
214.274086813 0.0 0.0
215.265822813 1.0 0.0
216.257558813 0.0 0.0
217.249294813 1.0 0.0
218.241030813 0.0 0.0
219.232766813 1.0 1.0
220.22450281300002 0.0 0.0
221.216238813 1.0 0.0
222.207974813 0.0 0.0
223.199710813 1.0 1.0
224.191446813 0.0 0.0
225.18318281299997 1.0 0.0
226.17491881299998 0.0 0.0
227.16665481299998 1.0 1.0
228.15839081299998 0.0 0.0
229.15012681299999 1.0 0.0
230.141862813 0.0 0.0
231.133598813 1.0 1.0
232.125334813 0.0 0.0
233.117070813 1.0 0.0
234.108806813 0.0 0.0
235.100542813 1.0 1.0
236.092278813 0.0 0.0
237.084014813 1.0 0.0
238.075750813 0.0 0.0
239.06748681300002 1.0 1.0
240.059222813 0.0 0.0
241.050958813 1.0 0.0
242.042694813 0.0 0.0
243.034430813 1.0 1.0
244.026166813 0.0 0.0
245.01790281299998 1.0 0.0
246.00963881299998 0.0 0.0
247.00137481299998 1.0 1.0
247.993110813 0.0 0.0
248.984846813 1.0 0.0
249.976582813 0.0 0.0
250.968318813 1.0 1.0
251.960054813 0.0 0.0
252.951790813 1.0 0.0
253.94352681299998 0.0 0.0
254.93526281299998 1.0 1.0
255.92699881300004 0.0 0.0
256.918734813 1.0 0.0
257.9104708130001 0.0 0.0
258.902206813 1.0 1.0
259.8939428130001 0.0 0.0
260.885678813 1.0 0.0
261.8774148130001 0.0 0.0
262.86915081300003 1.0 1.0
263.86088681300004 0.0 0.0
264.85262281300004 1.0 0.0
265.84435881300004 0.0 0.0
266.83609481300005 1.0 1.0
267.82783081300005 0.0 0.0
268.81956681300005 1.0 0.0
269.81130281300005 0.0 0.0
270.80303881300006 1.0 1.0
271.794774813 0.0 0.0
272.78651081300006 1.0 0.0
273.778246813 0.0 0.0
274.76998281300007 1.0 1.0
275.761718813 0.0 0.0
276.7534548130001 1.0 0.0
277.745190813 0.0 0.0
278.7369268130001 1.0 1.0
279.728662813 0.0 0.0
280.7203988130001 1.0 0.0
281.71213481300003 0.0 0.0
282.70387081300004 1.0 0.0
283.69560681300004 0.0 0.0