0.25425 0.0 0.0
1.00425 1.0 1.0
1.75425 0.0 0.0
2.50425 1.0 0.0
3.2542500000000003 0.0 0.0
4.004250000000001 1.0 1.0
4.754250000000001 0.0 0.0
5.504250000000001 1.0 0.0
6.254250000000001 0.0 0.0
7.004250000000001 1.0 1.0
7.754250000000001 0.0 0.0
8.50425 1.0 0.0
9.25425 0.0 0.0
10.00425 1.0 1.0
10.75425 0.0 0.0
11.50425 1.0 0.0
12.254249999999999 0.0 0.0
13.004249999999999 1.0 1.0
13.754249999999999 0.0 0.0
14.504249999999999 1.0 0.0
15.254249999999999 0.0 0.0
16.00425 1.0 1.0
16.75425 0.0 0.0
17.50425 1.0 0.0
18.25425 0.0 0.0
19.00425 1.0 1.0
19.75425 0.0 0.0
20.50425 1.0 0.0
21.25425 0.0 0.0
22.00425 1.0 1.0
22.75425 0.0 0.0
23.50425 1.0 0.0
24.25425 0.0 0.0
25.00425 1.0 1.0
25.754250000000003 0.0 0.0
26.504250000000003 1.0 0.0
27.254250000000003 0.0 0.0
28.004250000000003 1.0 1.0
28.754250000000003 0.0 0.0
29.504250000000003 1.0 0.0
30.254250000000003 0.0 0.0
31.004250000000003 1.0 1.0
31.754250000000003 0.0 0.0
32.50425 1.0 0.0
33.25425 0.0 0.0
34.00425 1.0 1.0
34.75425 0.0 0.0
35.50425 1.0 0.0
36.25425 0.0 0.0
37.00425 1.0 1.0
37.75425 0.0 0.0
38.50425 1.0 0.0
39.25425 0.0 0.0
40.00425 1.0 1.0
40.75425 0.0 0.0
41.50425 1.0 0.0
42.25425 0.0 0.0
43.00425 1.0 1.0
43.75425 0.0 0.0
44.50425 1.0 0.0
45.25425 0.0 0.0
46.00425 1.0 1.0
46.75425 0.0 0.0
47.50425 1.0 0.0
48.25425 0.0 0.0
49.00425 1.0 1.0
49.75425 0.0 0.0
50.50425 1.0 0.0
51.25425 0.0 0.0
52.00425 1.0 1.0
52.75425 0.0 0.0
53.50425 1.0 0.0
54.25425 0.0 0.0
55.00425 1.0 1.0
55.75425 0.0 0.0
56.50425 1.0 0.0
57.25425 0.0 0.0
58.00425 1.0 1.0
58.75425 0.0 0.0
59.50425 1.0 0.0
60.25425 0.0 0.0
61.00425 1.0 1.0
61.75425 0.0 0.0
62.50425 1.0 0.0
63.25425 0.0 0.0
64.00425 1.0 1.0
64.75425 0.0 0.0
65.50425 1.0 0.0
66.25425 0.0 0.0
67.00425 1.0 1.0
67.75425 0.0 0.0
68.50425 1.0 0.0
69.25425 0.0 0.0
70.00425 1.0 1.0
70.75425 0.0 0.0
71.50425 1.0 0.0
72.25425 0.0 0.0
73.00425 1.0 1.0
73.75425 0.0 0.0
74.50425 1.0 0.0
75.25425 0.0 0.0
76.00425 1.0 1.0
76.75425 0.0 0.0
77.50425 1.0 0.0
78.25425 0.0 0.0
79.00425 1.0 1.0
79.75425 0.0 0.0
80.50425 1.0 0.0
81.25425 0.0 0.0
82.00425 1.0 1.0
82.75425 0.0 0.0
83.50425 1.0 0.0
84.25425 0.0 0.0
85.00425 1.0 1.0
85.75425 0.0 0.0
86.50425 1.0 0.0
87.25425 0.0 0.0
88.00425 1.0 1.0
88.75425 0.0 0.0
89.50425 1.0 0.0
90.25425 0.0 0.0
91.00425 1.0 1.0
91.75425 0.0 0.0
92.50425 1.0 0.0
93.25425 0.0 0.0
94.00425 1.0 1.0
94.75425 0.0 0.0
95.50425 1.0 0.0
96.25425 0.0 0.0
97.00425 1.0 1.0
97.75425 0.0 0.0
98.50425 1.0 0.0
99.25425 0.0 0.0
100.00425 1.0 1.0
100.75425 0.0 0.0
101.50425 1.0 0.0
102.25425 0.0 0.0
103.00425 1.0 1.0
103.75425 0.0 0.0
104.50425 1.0 0.0
105.25425 0.0 0.0
106.00425 1.0 1.0
106.75425 0.0 0.0
107.50425 1.0 0.0
108.25425 0.0 0.0
109.00425 1.0 1.0
109.75425 0.0 0.0
110.50425 1.0 0.0
111.25425 0.0 0.0
112.00425 1.0 1.0
112.75425 0.0 0.0
113.50425 1.0 0.0
114.25425 0.0 0.0
115.00425 1.0 1.0
115.75425 0.0 0.0
116.50425 1.0 0.0
117.25425 0.0 0.0
118.00425 1.0 1.0
118.75425 0.0 0.0
119.50425 1.0 0.0
120.25425 0.0 0.0
121.00425 1.0 1.0
121.75425 0.0 0.0
122.50425 1.0 0.0
123.25425 0.0 0.0
124.00425 1.0 1.0
124.75425 0.0 0.0
125.50425 1.0 0.0
126.25425 0.0 0.0
127.00425 1.0 1.0
127.75425 0.0 0.0
128.50425 1.0 0.0
129.25425 0.0 0.0
130.00425 1.0 1.0
130.75425 0.0 0.0
131.50425 1.0 0.0
132.25425 0.0 0.0
133.00425 1.0 1.0
133.75425 0.0 0.0
134.50425 1.0 0.0
135.25425 0.0 0.0
136.00425 1.0 1.0
136.75425 0.0 0.0
137.50425 1.0 0.0
138.25425 0.0 0.0
139.00425 1.0 1.0
139.75425 0.0 0.0
140.50425 1.0 0.0
141.25425 0.0 0.0
142.00425 1.0 1.0
142.75425 0.0 0.0
143.50425 1.0 0.0
144.25425 0.0 0.0
145.00425 1.0 1.0
145.75425 0.0 0.0
146.50425 1.0 0.0
147.25425 0.0 0.0
148.00425 1.0 1.0
148.75425 0.0 0.0
149.50425 1.0 0.0
150.25425 0.0 0.0
151.00425 1.0 1.0
151.75425 0.0 0.0
152.50425 1.0 0.0
153.25425 0.0 0.0
154.00425 1.0 1.0
154.75425 0.0 0.0
155.50425 1.0 0.0
156.25425 0.0 0.0
157.00425 1.0 1.0
157.75425 0.0 0.0
158.50425 1.0 0.0
159.25425 0.0 0.0
160.00425 1.0 1.0
160.75425 0.0 0.0
161.50425 1.0 0.0
162.25425 0.0 0.0
163.00425 1.0 1.0
163.75425 0.0 0.0
164.50425 1.0 0.0
165.25425 0.0 0.0
166.00425 1.0 1.0
166.75425 0.0 0.0
167.50425 1.0 0.0
168.25425 0.0 0.0
169.00425 1.0 1.0
169.75425 0.0 0.0
170.50425 1.0 0.0
171.25425 0.0 0.0
172.00425 1.0 1.0
172.75425 0.0 0.0
173.50425 1.0 0.0
174.25425 0.0 0.0
175.00425 1.0 1.0
175.75425 0.0 0.0
176.50425 1.0 0.0
177.25425 0.0 0.0
178.00425 1.0 1.0
178.75425 0.0 0.0
179.50425 1.0 0.0
180.25425 0.0 0.0
181.00425 1.0 1.0
181.75425 0.0 0.0
182.50425 1.0 0.0
183.25425 0.0 0.0
184.00425 1.0 1.0
184.75425 0.0 0.0
185.50425 1.0 0.0
186.25425 0.0 0.0
187.00425 1.0 1.0
187.75425 0.0 0.0
188.50425 1.0 0.0
189.25425 0.0 0.0
190.00425 1.0 1.0
190.75425 0.0 0.0
191.50425 1.0 0.0
192.25425 0.0 0.0
193.00425 1.0 1.0
193.75425 0.0 0.0
194.50425 1.0 0.0
195.25425 0.0 0.0
196.00425 1.0 1.0
196.75425 0.0 0.0
197.50425 1.0 0.0
198.25425 0.0 0.0
199.00425 1.0 1.0
199.75425 0.0 0.0
200.50425 1.0 0.0
201.25425 0.0 0.0
202.00425 1.0 1.0
202.75425 0.0 0.0
203.50425 1.0 0.0
204.25425 0.0 0.0
205.00425 1.0 1.0
205.75425 0.0 0.0
206.50425 1.0 0.0
207.25425 0.0 0.0
208.00425 1.0 1.0
208.75425 0.0 0.0
209.50425 1.0 0.0
210.25425 0.0 0.0
211.00425 1.0 1.0
211.75425 0.0 0.0
212.50425 1.0 0.0
213.25425 0.0 0.0
214.00425 1.0 1.0
214.75425 0.0 0.0
215.50425 1.0 0.0
216.25425 0.0 0.0
217.00425 1.0 1.0
217.75425 0.0 0.0
218.50425 1.0 0.0
219.25425 0.0 0.0
220.00425 1.0 1.0
220.75425 0.0 0.0
221.50425 1.0 0.0
222.25425 0.0 0.0
223.00425 1.0 1.0
223.75425 0.0 0.0
224.50425 1.0 0.0
225.25425 0.0 0.0
226.00425 1.0 1.0
226.75425 0.0 0.0
227.50425 1.0 0.0
228.25425 0.0 0.0
229.00425 1.0 1.0
229.75425 0.0 0.0
230.50425 1.0 0.0
231.25425 0.0 0.0
232.00425 1.0 1.0
232.75425 0.0 0.0
233.50425 1.0 0.0
234.25425 0.0 0.0
235.00425 1.0 1.0
235.75425 0.0 0.0
236.50425 1.0 0.0
237.25425 0.0 0.0
238.00425 1.0 0.0
238.75425 0.0 0.0
239.50425 1.0 1.0
240.25425 0.0 0.0
241.00425 1.0 0.0
241.75425 0.0 0.0
242.50425 1.0 1.0
243.25425 0.0 0.0
244.00425 1.0 0.0
244.75425 0.0 0.0
245.50425 1.0 1.0
246.25425 0.0 0.0
247.00425 1.0 0.0
247.75425 0.0 0.0
248.50425 1.0 1.0
249.25425 0.0 0.0