0.34700000000000003 1.0 0.0
1.347 0.0 0.0
2.347 1.0 1.0
3.347 0.0 0.0
4.3469999999999995 1.0 0.0
5.3469999999999995 0.0 0.0
6.3469999999999995 1.0 1.0
7.3469999999999995 0.0 0.0
8.347 1.0 0.0
9.347 0.0 0.0
10.347 1.0 1.0
11.347 0.0 0.0
12.347 1.0 0.0
13.347 0.0 0.0
14.347 1.0 1.0
15.347 0.0 0.0
16.347 1.0 0.0
17.347 0.0 0.0
18.347 1.0 1.0
19.347 0.0 0.0
20.347 1.0 0.0
21.347 0.0 0.0
22.347 1.0 1.0
23.347 0.0 0.0
24.347 1.0 0.0
25.347 0.0 0.0
26.347 1.0 1.0
27.347 0.0 0.0
28.347 1.0 0.0
29.347 0.0 0.0
30.347 1.0 1.0
31.347 0.0 0.0
32.347 1.0 0.0
33.347 0.0 0.0
34.347 1.0 1.0
35.347 0.0 0.0
36.347 1.0 0.0
37.347 0.0 0.0
38.347 1.0 1.0
39.347 0.0 0.0
40.347 1.0 0.0
41.347 0.0 0.0
42.347 1.0 1.0
43.347 0.0 0.0
44.347 1.0 0.0
45.347 0.0 0.0
46.347 1.0 1.0
47.347 0.0 0.0
48.347 1.0 0.0
49.347 0.0 0.0
50.347 1.0 1.0
51.347 0.0 0.0
52.347 1.0 0.0
53.347 0.0 0.0
54.347 1.0 1.0
55.347 0.0 0.0
56.347 1.0 0.0
57.347 0.0 0.0
58.347 1.0 1.0
59.347 0.0 0.0
60.347 1.0 0.0
61.347 0.0 0.0
62.347 1.0 1.0
63.347 0.0 0.0
64.347 1.0 0.0
65.347 0.0 0.0
66.347 1.0 1.0
67.347 0.0 0.0
68.347 1.0 0.0
69.347 0.0 0.0
70.347 1.0 1.0
71.347 0.0 0.0
72.347 1.0 0.0
73.347 0.0 0.0
74.347 1.0 1.0
75.347 0.0 0.0
76.347 1.0 0.0
77.347 0.0 0.0
78.347 1.0 1.0
79.347 0.0 0.0
80.347 1.0 0.0
81.347 0.0 0.0
82.347 1.0 1.0
83.347 0.0 0.0
84.347 1.0 0.0
85.347 0.0 0.0
86.347 1.0 1.0
87.347 0.0 0.0
88.347 1.0 0.0
89.347 0.0 0.0
90.347 1.0 1.0
91.347 0.0 0.0
92.347 1.0 0.0
93.347 0.0 0.0
94.347 1.0 1.0
95.347 0.0 0.0
96.347 1.0 0.0
97.347 0.0 0.0
98.347 1.0 1.0
99.347 0.0 0.0
100.347 1.0 0.0
101.347 0.0 0.0
102.347 1.0 1.0
103.347 0.0 0.0
104.347 1.0 0.0
105.347 0.0 0.0
106.347 1.0 1.0
107.347 0.0 0.0
108.347 1.0 0.0
109.347 0.0 0.0
110.347 1.0 1.0
111.347 0.0 0.0
112.347 1.0 0.0
113.347 0.0 0.0
114.347 1.0 1.0
115.347 0.0 0.0
116.347 1.0 0.0
117.347 0.0 0.0
118.347 1.0 1.0
119.347 0.0 0.0
120.347 1.0 0.0
121.347 0.0 0.0
122.347 1.0 1.0
123.347 0.0 0.0
124.347 1.0 0.0
125.347 0.0 0.0
126.347 1.0 1.0
127.347 0.0 0.0
128.347 1.0 0.0
129.347 0.0 0.0
130.347 1.0 1.0
131.347 0.0 0.0
132.347 1.0 0.0
133.347 0.0 0.0
134.347 1.0 1.0
135.347 0.0 0.0
136.347 1.0 0.0
137.347 0.0 0.0
138.347 1.0 1.0
139.347 0.0 0.0
140.347 1.0 0.0
141.347 0.0 0.0
142.347 1.0 1.0
143.347 0.0 0.0
144.347 1.0 0.0
145.347 0.0 0.0
146.347 1.0 1.0
147.347 0.0 0.0
148.347 1.0 0.0
149.347 0.0 0.0
150.347 1.0 1.0
151.347 0.0 0.0
152.347 1.0 0.0
153.347 0.0 0.0
154.347 1.0 1.0
155.347 0.0 0.0
156.347 1.0 0.0
157.347 0.0 0.0
158.347 1.0 1.0
159.347 0.0 0.0
160.347 1.0 0.0
161.347 0.0 0.0
162.347 1.0 1.0
163.347 0.0 0.0
164.347 1.0 0.0
165.347 0.0 0.0
166.347 1.0 1.0
167.347 0.0 0.0
168.347 1.0 0.0
169.347 0.0 0.0
170.347 1.0 1.0
171.347 0.0 0.0
172.347 1.0 0.0
173.347 0.0 0.0
174.347 1.0 1.0
175.347 0.0 0.0
176.347 1.0 0.0
177.347 0.0 0.0
178.347 1.0 1.0
179.347 0.0 0.0
180.347 1.0 0.0
181.347 0.0 0.0
182.347 1.0 1.0
183.347 0.0 0.0
184.347 1.0 0.0
185.347 0.0 0.0
186.347 1.0 1.0
187.347 0.0 0.0
188.347 1.0 0.0
189.347 0.0 0.0
190.347 1.0 1.0
191.347 0.0 0.0
192.347 1.0 0.0
193.347 0.0 0.0
194.347 1.0 1.0
195.347 0.0 0.0
196.347 1.0 0.0
197.347 0.0 0.0
198.347 1.0 1.0
199.347 0.0 0.0
200.347 1.0 0.0
201.347 0.0 0.0
202.347 1.0 1.0
203.347 0.0 0.0
204.347 1.0 0.0
205.347 0.0 0.0
206.347 1.0 1.0
207.347 0.0 0.0
208.347 1.0 0.0
209.347 0.0 0.0
210.347 1.0 1.0
211.45762051200003 0.0 0.0
212.87283621100002 1.0 0.0
214.33624921100002 0.0 0.0
215.79966221100003 1.0 0.0
217.26307521100003 0.0 0.0