0.11399988600000001 1.0 1.0
0.542570886 0.0 0.0
0.9711418860000001 0.0 0.0
1.399712886 1.0 1.0
1.8282838860000001 0.0 0.0
2.256854886 1.0 0.0
2.685425886 0.0 0.0
3.113996886 1.0 1.0
3.542567886 0.0 0.0
3.9711388860000003 1.0 0.0
4.399709886 0.0 0.0
4.828280886000001 1.0 1.0
5.256851886000001 0.0 0.0
5.6854228860000005 1.0 0.0
6.113993886 0.0 0.0
6.542564886000001 1.0 1.0
6.971135886 0.0 0.0
7.399706885999999 1.0 0.0
7.828277885999999 0.0 0.0
8.256848885999998 1.0 1.0
8.685419885999998 0.0 0.0
9.113990886 1.0 0.0
9.542561886 0.0 0.0
9.971132886 1.0 1.0
10.399703886 0.0 0.0
10.828274885999999 1.0 0.0
11.256845885999999 0.0 0.0
11.685416885999999 1.0 1.0
12.113987885999999 0.0 0.0
12.542558886 1.0 0.0
12.971129886 0.0 0.0
13.399700886 1.0 1.0
13.828271886 0.0 0.0
14.256842886 1.0 0.0
14.685413886000001 0.0 0.0
15.113984886 1.0 1.0
15.542555886 0.0 0.0
15.971126886 1.0 0.0
16.399697886000002 0.0 0.0
16.828268886 1.0 1.0
17.256839886 0.0 0.0
17.685410886 1.0 0.0
18.113981886 0.0 0.0
18.542552886000003 1.0 1.0
18.971123886 0.0 0.0
19.399694886000002 1.0 0.0
19.828265886 0.0 0.0
20.256836886000002 1.0 1.0
20.685407886 0.0 0.0
21.113978886 1.0 0.0
21.542549886 0.0 0.0
21.971120886 1.0 1.0
22.399691886000003 0.0 0.0
22.828262886 1.0 0.0
23.256833886000003 0.0 0.0
23.685404886 1.0 1.0
24.113975886000002 0.0 0.0
24.542546886 1.0 0.0
24.971117886000002 0.0 0.0
25.399688886 1.0 1.0
25.828259886 0.0 0.0
26.256830886000003 1.0 0.0
26.685401886 0.0 0.0
27.113972886000003 1.0 1.0
27.542543886000004 0.0 0.0
27.971114886000006 1.0 0.0
28.399685886000004 0.0 0.0
28.828256886000005 1.0 1.0
29.256827886000004 0.0 0.0
29.685398886 1.0 0.0
30.113969886000003 0.0 0.0
30.542540886 1.0 1.0
30.971111886000003 0.0 0.0
31.399682886 1.0 0.0
31.828253886000002 0.0 0.0
32.256824886000004 1.0 1.0
32.685395886 0.0 0.0
33.113966886 1.0 0.0
33.542537886000005 0.0 0.0
33.971108886 1.0 1.0
34.399679886 0.0 0.0
34.828250886 1.0 0.0
35.256821886000004 0.0 0.0
35.685392886 1.0 1.0
36.113963886 0.0 0.0
36.542534886000006 1.0 0.0
36.971105886000004 0.0 0.0
37.399676886 1.0 1.0
37.828247886 0.0 0.0
38.256818886000005 1.0 0.0
38.685389886 0.0 0.0
39.113960886 1.0 1.0
39.542531886 0.0 0.0
39.971102886000004 1.0 0.0
40.399673886 0.0 0.0
40.828244886 1.0 1.0
41.256815886000005 0.0 0.0
41.685386886 1.0 0.0
42.113957886 0.0 0.0
42.542528886 1.0 1.0
42.971099886000005 0.0 0.0
43.399670886 1.0 0.0
43.828241886 0.0 0.0
44.256812886000006 1.0 1.0
44.685383886000004 0.0 0.0
45.113954886 1.0 0.0
45.542525886 0.0 0.0
45.971096886000005 1.0 1.0
46.399667886 0.0 0.0
46.828238886 1.0 0.0
47.256809886 0.0 0.0
47.685380886000004 1.0 1.0
48.113951886 0.0 0.0
48.542522886 1.0 0.0
48.971093886000006 0.0 0.0
49.399664886000004 1.0 1.0
49.828235886 0.0 0.0
50.256806886 1.0 0.0
50.685377886000005 0.0 0.0
51.113948886 1.0 1.0
51.542519886 0.0 0.0
51.971090886000006 1.0 0.0
52.399661886000004 0.0 0.0
52.828232886 1.0 1.0
53.256803886 0.0 0.0
53.685374886000005 1.0 0.0
54.113945886 0.0 0.0
54.542516886 1.0 1.0
54.971087886 0.0 0.0
55.399658886 1.0 0.0
55.828229885999995 0.0 0.0
56.25680088599999 1.0 1.0
56.685371886 0.0 0.0
57.113942886 1.0 0.0
57.542513885999995 0.0 0.0
57.971084886 1.0 1.0
58.399655886 0.0 0.0
58.828226885999996 1.0 0.0
59.256797885999994 0.0 0.0
59.685368886 1.0 1.0
60.113939886 0.0 0.0
60.542510885999995 1.0 0.0
60.971081886 0.0 0.0
61.399652886 1.0 1.0
61.828223885999996 0.0 0.0
62.256794885999994 1.0 0.0
62.685365886 0.0 0.0
63.113936886 1.0 1.0
63.542507885999996 0.0 0.0
63.971078885999994 1.0 0.0
64.39964988599999 0.0 0.0
64.828220886 1.0 1.0
65.256791886 0.0 0.0
65.685362886 1.0 0.0
66.113933886 0.0 0.0
66.542504886 1.0 1.0
66.971075886 0.0 0.0
67.399646886 1.0 0.0
67.82821788599999 0.0 0.0
68.256788886 1.0 1.0
68.685359886 0.0 0.0
69.11393088599999 1.0 0.0
69.542501886 0.0 0.0
69.971072886 1.0 1.0
70.39964388599999 0.0 0.0
70.828214886 1.0 0.0
71.256785886 0.0 0.0
71.685356886 1.0 1.0
72.113927886 0.0 0.0
72.542498886 1.0 0.0
72.971069886 0.0 0.0
73.399640886 1.0 1.0
73.82821188599999 0.0 0.0
74.256782886 1.0 0.0
74.685353886 0.0 0.0
75.11392488599999 1.0 1.0
75.542495886 0.0 0.0
75.971066886 1.0 0.0
76.399637886 0.0 0.0
76.828208886 1.0 1.0
77.256779886 0.0 0.0
77.685350886 1.0 0.0
78.113921886 0.0 0.0
78.54249288599999 1.0 1.0
78.971063886 0.0 0.0
79.399634886 1.0 0.0
79.82820588599999 0.0 0.0
80.256776886 1.0 1.0
80.685347886 0.0 0.0
81.113918886 1.0 0.0
81.542489886 0.0 0.0
81.971060886 1.0 1.0
82.399631886 0.0 0.0
82.828202886 1.0 0.0
83.256773886 0.0 0.0
83.685344886 1.0 1.0
84.113915886 0.0 0.0
84.54248688599999 1.0 0.0
84.971057886 0.0 0.0
85.399628886 1.0 1.0
85.828199886 0.0 0.0
86.256770886 1.0 0.0
86.685341886 0.0 0.0
87.113912886 1.0 1.0
87.542483886 0.0 0.0
87.971054886 1.0 0.0
88.399625886 0.0 0.0
88.828196886 1.0 1.0
89.25676788599999 0.0 0.0
89.685338886 1.0 0.0
90.113909886 0.0 0.0
90.54248088599999 1.0 1.0
90.971051886 0.0 0.0
91.399622886 1.0 0.0
91.828193886 0.0 0.0
92.256764886 1.0 1.0
92.685335886 0.0 0.0
93.113906886 1.0 0.0
93.542477886 0.0 0.0
93.971048886 1.0 1.0
94.399619886 0.0 0.0
94.828190886 1.0 0.0
95.25676188599999 0.0 0.0
95.685332886 1.0 1.0
96.113903886 0.0 0.0
96.542474886 1.0 0.0
96.971045886 0.0 0.0
97.399616886 1.0 1.0
97.828187886 0.0 0.0
98.256758886 1.0 0.0
98.685329886 0.0 0.0
99.113900886 1.0 1.0
99.542471886 0.0 0.0
99.97104288599999 1.0 0.0
100.399613886 0.0 0.0
100.828184886 1.0 1.0
101.256755886 0.0 0.0
101.685326886 1.0 0.0
102.113897886 0.0 0.0
102.542468886 1.0 1.0
102.971039886 0.0 0.0
103.399610886 1.0 0.0
103.828181886 0.0 0.0
104.256752886 1.0 1.0
104.685323886 0.0 0.0
105.113894886 1.0 0.0
105.542465886 0.0 0.0
105.971036886 1.0 1.0
106.399607886 0.0 0.0
106.828178886 1.0 0.0
107.256749886 0.0 0.0
107.685320886 1.0 1.0
108.113891886 0.0 0.0
108.542462886 1.0 0.0
108.971033886 0.0 0.0
109.399604886 1.0 1.0
109.82817588600001 0.0 0.0
110.25674688600002 1.0 0.0
110.685317886 0.0 0.0
111.11388888600001 1.0 1.0
111.54245988600002 0.0 0.0
111.97103088600001 1.0 0.0
112.39960188600001 0.0 0.0
112.82817288600002 1.0 1.0
113.25674388600001 0.0 0.0
113.68531488600001 1.0 0.0
114.113885886 0.0 0.0
114.54245688600001 1.0 1.0
114.97102788600002 0.0 0.0
115.399598886 1.0 0.0
115.82816988600001 0.0 0.0
116.25674088600002 1.0 1.0
116.68531188600001 0.0 0.0
117.11388288600003 1.0 0.0
117.54245388600003 0.0 0.0
117.97102488600002 1.0 1.0
118.39959588600003 0.0 0.0
118.82816688600002 1.0 0.0
119.25673788600002 0.0 0.0
119.68530888600003 1.0 1.0
120.11387988600002 0.0 0.0
120.54245088600003 1.0 0.0
120.97102188600003 0.0 0.0
121.39959288600002 1.0 1.0
121.82816388600003 0.0 0.0
122.25673488600003 1.0 0.0
122.68530588600002 0.0 0.0
123.11387688600003 1.0 1.0
123.54244788600002 0.0 0.0
123.97101888600002 1.0 0.0
124.39958988600003 0.0 0.0
124.82816088600002 1.0 1.0
125.25673188600003 0.0 0.0
125.68530288600003 1.0 0.0
126.11387388600002 0.0 0.0
126.54244488600003 1.0 1.0
126.97101588600003 0.0 0.0
127.39958688600002 1.0 0.0
127.82815788600003 0.0 0.0
128.25672888600002 1.0 1.0
128.68529988600002 0.0 0.0
129.11387088600003 1.0 0.0
129.54244188600003 0.0 0.0
129.97101288600004 1.0 1.0
130.39958388600002 0.0 0.0
130.82815488600002 1.0 0.0
131.25672588600003 0.0 0.0
131.68529688600003 1.0 1.0
132.11386788600004 0.0 0.0
132.542438886 1.0 0.0
132.97100988600002 0.0 0.0
133.39958088600002 1.0 1.0
133.82815188600003 0.0 0.0
134.25672288600003 1.0 0.0
134.68529388600004 0.0 0.0
135.11386488600002 1.0 1.0
135.54243588600002 0.0 0.0
135.97100688600003 1.0 0.0
136.39957788600003 0.0 0.0
136.82814888600004 1.0 1.0
137.256719886 0.0 0.0
137.68529088600002 1.0 0.0
138.11386188600002 0.0 0.0
138.54243288600003 1.0 1.0
138.97100388600003 0.0 0.0
139.39957488600004 1.0 0.0
139.82814588600002 0.0 0.0
140.25671688600002 1.0 1.0
140.68528788600003 0.0 0.0
141.11385888600003 1.0 0.0
141.54242988600004 0.0 0.0
141.971000886 1.0 1.0
142.39957188600002 0.0 0.0
142.82814288600002 1.0 0.0
143.25671388600003 0.0 0.0
143.68528488600003 1.0 1.0
144.11385588600004 0.0 0.0
144.54242688600002 1.0 0.0
144.97099788600002 0.0 0.0
145.39956888600003 1.0 1.0
145.82813988600003 0.0 0.0
146.25671088600004 1.0 0.0
146.68528188600004 0.0 0.0
147.11385288600002 1.0 1.0
147.54242388600002 0.0 0.0
147.97099488600003 1.0 0.0
148.39956588600003 0.0 0.0
148.82813688600004 1.0 1.0
149.25670788600002 0.0 0.0
149.68527888600002 1.0 0.0
150.11384988600003 0.0 0.0
150.54242088600003 1.0 1.0
150.97099188600004 0.0 0.0
151.39956288600004 1.0 0.0
151.82813388600002 0.0 0.0
152.25670488600002 1.0 1.0
152.68527588600003 0.0 0.0
153.11384688600003 1.0 0.0
153.54241788600004 0.0 0.0
153.97098888600001 1.0 1.0
154.39955988600002 0.0 0.0
154.82813088600003 1.0 0.0
155.25670188600003 0.0 0.0
155.68527288600004 1.0 1.0
156.11384388600004 0.0 0.0
156.54241488600002 1.0 0.0
156.97098588600002 0.0 0.0
157.39955688600003 1.0 1.0
157.82812788600003 0.0 0.0
158.25669888600004 1.0 0.0
158.68526988600001 0.0 0.0
159.11384088600002 1.0 1.0
159.54241188600002 0.0 0.0
159.97098288600003 1.0 0.0
160.39955388600004 0.0 0.0
160.82812488600004 1.0 1.0
161.25669588600002 0.0 0.0
161.68526688600002 1.0 0.0
162.11383788600003 0.0 0.0
162.54240888600003 1.0 1.0
162.97097988600004 0.0 0.0
163.39955088600001 1.0 0.0
163.82812188600002 0.0 0.0
164.25669288600002 1.0 1.0
164.68526388600003 0.0 0.0
165.11383488600003 1.0 0.0
165.54240588600004 0.0 0.0
165.97097688600002 1.0 1.0
166.39954788600002 0.0 0.0
166.82811888600003 1.0 0.0
167.25668988600003 0.0 0.0
167.68526088600004 1.0 1.0
168.11383188600004 0.0 0.0
168.54240288600002 1.0 0.0
168.97097388600002 0.0 0.0
169.39954488600003 1.0 1.0
169.82811588600003 0.0 0.0
170.25668688600004 1.0 0.0
170.68525788600002 0.0 0.0
171.11382888600002 1.0 1.0
171.54239988600003 0.0 0.0
171.97097088600003 1.0 0.0
172.39954188600004 0.0 0.0
172.82811288600004 1.0 1.0
173.25668388600002 0.0 0.0
173.68525488600002 1.0 0.0
174.11382588600003 0.0 0.0
174.54239688600003 1.0 1.0
174.97096788600004 0.0 0.0
175.39953888600002 1.0 0.0
175.82810988600002 0.0 0.0
176.25668088600003 1.0 1.0
176.68525188600003 0.0 0.0
177.11382288600004 1.0 0.0
177.54239388600004 0.0 0.0
177.97096488600002 1.0 1.0
178.39953588600002 0.0 0.0
178.82810688600003 1.0 0.0
179.25667788600003 0.0 0.0
179.68524888600004 1.0 1.0
180.11381988600002 0.0 0.0
180.54239088600002 1.0 0.0
180.97096188600003 0.0 0.0
181.39953288600003 1.0 1.0
181.82810388600004 0.0 0.0
182.25667488600004 1.0 0.0
182.68524588600002 0.0 0.0
183.11381688600002 1.0 1.0
183.54238788600003 0.0 0.0
183.97095888600003 1.0 0.0
184.39952988600004 0.0 0.0
184.82810088600002 1.0 1.0
185.25667188600002 0.0 0.0
185.68524288600003 1.0 0.0
186.11381388600003 0.0 0.0
186.54238488600004 1.0 1.0
186.97095588600004 0.0 0.0
187.39952688600002 1.0 0.0
187.82809788600002 0.0 0.0
188.25666888600003 1.0 1.0
188.68523988600003 0.0 0.0
189.11381088600004 1.0 0.0
189.54238188600002 0.0 0.0
189.97095288600002 1.0 1.0
190.39952388600003 0.0 0.0
190.82809488600003 1.0 0.0
191.25666588600004 0.0 0.0
191.68523688600004 1.0 1.0
192.11380788600002 0.0 0.0
192.54237888600002 1.0 0.0
192.97094988600003 0.0 0.0
193.39952088600003 1.0 1.0
193.82809188600004 0.0 0.0
194.25666288600004 1.0 0.0
194.68523388600002 0.0 0.0
195.11380488600003 1.0 1.0
195.54237588600003 0.0 0.0
195.97094688600004 1.0 0.0
196.39951788600004 0.0 0.0
196.82808888600002 1.0 1.0
197.25665988600002 0.0 0.0
197.68523088600003 1.0 0.0
198.11380188600003 0.0 0.0
198.54237288600004 1.0 1.0
198.97094388600004 0.0 0.0
199.39951488600002 1.0 0.0
199.82808588600003 0.0 0.0
200.25665688600003 1.0 1.0
200.68522788600004 0.0 0.0
201.11379888600004 1.0 0.0
201.54236988600002 0.0 0.0
201.97094088600002 1.0 1.0
202.39951188600003 0.0 0.0
202.82808288600003 1.0 0.0
203.25665388600004 0.0 0.0
203.68522488600004 1.0 1.0
204.11379588600002 0.0 0.0
204.54236688600002 1.0 0.0
204.97093788600003 0.0 0.0
205.39950888600004 1.0 1.0
205.82807988600004 0.0 0.0
206.25665088600002 1.0 0.0
206.68522188600002 0.0 0.0
207.11379288600003 1.0 1.0
207.54236388600003 0.0 0.0
207.97093488600004 1.0 0.0
208.39950588600004 0.0 0.0
208.82807688600002 1.0 1.0
209.25664788600002 0.0 0.0
209.68521888600003 1.0 0.0
210.11378988600003 0.0 0.0
210.54236088600004 1.0 1.0
210.97093188600002 0.0 0.0
211.39950288600002 1.0 0.0
211.82807388600003 0.0 0.0
212.25664488600003 1.0 1.0
212.68521588600004 0.0 0.0
213.11378688600004 1.0 0.0
213.54235788600002 0.0 0.0
213.97092888600002 1.0 1.0
214.39949988600003 0.0 0.0
214.82807088600003 1.0 0.0
215.25664188600004 0.0 0.0
215.68521288600004 1.0 1.0
216.11378388600002 0.0 0.0
216.54235488600003 1.0 0.0
216.97092588600003 0.0 0.0
217.39949688600004 1.0 1.0
217.82806788600004 0.0 0.0
218.25663888600002 1.0 0.0
218.68520988600002 0.0 0.0
219.11378088600003 1.0 1.0
219.542351886 0.0 0.0
219.970922886 1.0 0.0
220.39949388600002 0.0 0.0
220.828064886 1.0 1.0
221.256635886 0.0 0.0
221.685206886 1.0 0.0
222.113777886 0.0 0.0
222.542348886 1.0 1.0
222.97091988600002 0.0 0.0
223.399490886 1.0 0.0
223.828061886 0.0 0.0
224.256632886 1.0 1.0
224.685203886 0.0 0.0
225.11377488600002 1.0 0.0
225.542345886 0.0 0.0
225.970916886 1.0 1.0
226.399487886 0.0 0.0
226.828058886 1.0 0.0
227.256629886 0.0 0.0
227.68520088600002 1.0 1.0
228.113771886 0.0 0.0
228.542342886 1.0 0.0
228.970913886 0.0 0.0
229.399484886 1.0 1.0
229.82805588600002 0.0 0.0
230.256626886 1.0 0.0
230.685197886 0.0 0.0
231.113768886 1.0 1.0
231.542339886 0.0 0.0
231.970910886 1.0 0.0
232.39948188600002 0.0 0.0
232.828052886 1.0 1.0
233.256623886 0.0 0.0
233.685194886 1.0 0.0
234.113765886 0.0 0.0
234.54233688600002 1.0 1.0
234.970907886 0.0 0.0
235.399478886 1.0 0.0
235.828049886 0.0 0.0
236.256620886 1.0 1.0
236.685191886 0.0 0.0
237.11376288600002 1.0 0.0
237.542333886 0.0 0.0
237.970904886 1.0 0.0
238.399475886 0.0 0.0
238.828046886 0.0 0.0