0.49	1.0
1.25	2.0
2.02	3.0
2.76	4.0
3.49	1.0
4.26	2.0
5.03	3.0
5.75	4.0
6.49	1.0
7.24	2.0
8.0	3.0
8.76	4.0
9.49	1.0
10.24	2.0
11.04	3.0
11.79	4.0
12.51	1.0
13.25	2.0
14.02	3.0
14.75	4.0
15.5	1.0
16.24	2.0
17.04	3.0
17.76	4.0
18.5	1.0
19.25	2.0
20.0	3.0
20.73	4.0
21.49	1.0
22.24	2.0
23.0	3.0
23.74	4.0
24.5	1.0
25.24	2.0
26.0	3.0
26.73	4.0
27.49	1.0
28.26	2.0
29.04	3.0
29.78	4.0
30.5	1.0
31.25	2.0
32.0	3.0
32.75	4.0
33.48	1.0
34.24	2.0
35.01	3.0
35.78	4.0
36.53	1.0
37.26	2.0
38.02	3.0
38.77	4.0
39.53	1.0
40.26	2.0
41.01	3.0
41.75	4.0
42.48	1.0
43.26	2.0
44.04	3.0
44.76	4.0
45.53	1.0
46.28	2.0
47.02	3.0
47.75	4.0
48.49	1.0
49.26	2.0
50.03	3.0
50.75	4.0
51.49	1.0
52.22	2.0
52.98	3.0
53.77	4.0
54.52	1.0
55.27	2.0
56.01	3.0
56.74	4.0
57.5	1.0
58.23	2.0
59.01	3.0
59.76	4.0
60.52	1.0
61.28	2.0
62.02	3.0
62.75	4.0
63.51	1.0
64.26	2.0
65.0	3.0
65.71	4.0
66.5	1.0
67.23	2.0
68.03	3.0
68.76	4.0
69.51	1.0
70.27	2.0
71.01	3.0
71.75	4.0
72.5	1.0
73.22	2.0
74.0	3.0
74.74	4.0
75.52	1.0
76.26	2.0
77.0	3.0
77.75	4.0
78.51	1.0
79.28	2.0
80.02	3.0
80.75	4.0
81.49	1.0
82.21	2.0
82.95	3.0
83.73	4.0
84.49	1.0
85.24	2.0
85.99	3.0
86.74	4.0
87.51	1.0
88.25	2.0
89.04	3.0
89.75	4.0
90.5	1.0
91.27	2.0
92.0	3.0
92.74	4.0
93.51	1.0
94.26	2.0
95.02	3.0
95.76	4.0
96.51	1.0
97.26	2.0
98.01	3.0
98.76	4.0
99.52	1.0
100.26	2.0
101.02	3.0
101.76	4.0
102.51	1.0
103.26	2.0
104.0	3.0
104.77	4.0
105.52	1.0
106.26	2.0
107.02	3.0
107.76	4.0
108.51	1.0
109.26	2.0
110.01	3.0
110.77	4.0
111.51	1.0
112.26	2.0
113.02	3.0
113.76	4.0
114.52	1.0
115.26	2.0
116.03	3.0
116.78	4.0
117.53	1.0
118.28	2.0
119.03	3.0
119.78	4.0
120.53	1.0
121.28	2.0
122.03	3.0
122.79	4.0
123.53	1.0
124.28	2.0
125.04	3.0
125.78	4.0
126.53	1.0
127.28	2.0
128.0	3.0
128.78	4.0
129.53	1.0
130.28	2.0
131.04	3.0
131.78	4.0
132.53	1.0
133.28	2.0
134.03	3.0
134.78	4.0
135.53	1.0
136.28	2.0
137.04	3.0
137.78	4.0
138.54	1.0
139.28	2.0
140.03	3.0
140.78	4.0
141.54	1.0
142.28	2.0
143.04	3.0
143.79	4.0
144.54	1.0
145.28	2.0
146.04	3.0
146.79	4.0
147.54	1.0
148.28	2.0
149.03	3.0
149.79	4.0
150.54	1.0
151.28	2.0
152.04	3.0
152.78	4.0
153.54	1.0
154.28	2.0
155.01	3.0
155.79	4.0
156.54	1.0
157.28	2.0
158.04	3.0
158.79	4.0
159.54	1.0
160.29	2.0
161.03	3.0
161.78	4.0
162.54	1.0
163.28	2.0
164.04	3.0
164.79	4.0
165.54	1.0
166.29	2.0
167.04	3.0
167.79	4.0
168.54	1.0
169.28	2.0
170.04	3.0
170.79	4.0
171.54	1.0
172.29	2.0
173.03	3.0
173.78	4.0
174.54	1.0
175.28	2.0
176.04	3.0
176.79	4.0
177.54	1.0
178.28	2.0
179.04	3.0
179.79	4.0
180.53	1.0
181.29	2.0
182.03	3.0
182.78	4.0
183.54	1.0
184.29	2.0
185.03	3.0
185.79	4.0
186.54	1.0
187.28	2.0
188.04	3.0
188.79	4.0
189.54	1.0
190.28	2.0
191.04	3.0
191.79	4.0
192.54	1.0
193.29	2.0
194.04	3.0
194.79	4.0
195.54	1.0
196.28	2.0
197.04	3.0
197.78	4.0
198.53	1.0
199.28	2.0
200.04	3.0
200.78	4.0
201.54	1.0
202.28	2.0
203.04	3.0
203.79	4.0
204.54	1.0
205.28	2.0
206.04	3.0
206.78	4.0
207.54	1.0
208.28	2.0
209.04	3.0
209.78	4.0
210.54	1.0
211.28	2.0
212.04	3.0
212.79	4.0
213.54	1.0
214.28	2.0
215.04	3.0
215.78	4.0
216.53	1.0
217.28	2.0
218.04	3.0
218.78	4.0
219.54	1.0
220.28	2.0
221.04	3.0
221.79	4.0
222.54	1.0
223.29	2.0
224.04	3.0
224.79	4.0
225.53	1.0
226.29	2.0
227.04	3.0
227.78	4.0
228.54	1.0
229.28	2.0
230.04	3.0
230.78	4.0
231.54	1.0
232.29	2.0
233.02	3.0
233.79	4.0
234.54	1.0
235.29	2.0
236.04	3.0
236.79	4.0
237.54	1.0
238.28	2.0
239.03	3.0
239.79	4.0
240.54	1.0
241.28	2.0
242.04	3.0
242.79	4.0
243.54	1.0
244.28	2.0
245.04	3.0
245.79	4.0
246.54	1.0
247.28	2.0
248.04	3.0
248.79	4.0
249.54	1.0
250.29	2.0
251.04	3.0
251.79	4.0
252.54	1.0
253.29	2.0
254.04	3.0
254.79	4.0
255.54	1.0
256.29	2.0
257.02	3.0
257.79	4.0
258.54	1.0
259.29	2.0
260.04	3.0
260.79	4.0
261.54	1.0
262.28	2.0
263.04	3.0
263.79	4.0
264.54	1.0
265.29	2.0
266.04	3.0
266.78	4.0
267.54	1.0
268.29	2.0
269.04	3.0
269.79	4.0
270.54	1.0
271.29	2.0
272.04	3.0
272.79	4.0
273.54	1.0
274.28	2.0
275.04	3.0
275.79	4.0
276.54	1.0
277.29	2.0
278.03	3.0
278.79	4.0
279.54	1.0
280.29	2.0
281.04	3.0
281.79	4.0
282.54	1.0
283.28	2.0
284.05	3.0
284.79	4.0
285.53	1.0
286.29	2.0
287.04	3.0
287.79	4.0
288.54	1.0
289.29	2.0
290.04	3.0
290.79	4.0
291.54	1.0
292.29	2.0
293.04	3.0
293.79	4.0
294.54	1.0
295.29	2.0
296.05	3.0
296.79	4.0
297.54	1.0
298.29	2.0
299.04	3.0
299.79	4.0
300.54	1.0
301.29	2.0
302.03	3.0
302.79	4.0
303.54	1.0
304.29	2.0
305.04	3.0
305.79	4.0
306.54	1.0
307.29	2.0
308.05	3.0
308.79	4.0
309.54	1.0
310.29	2.0
311.04	3.0
311.79	4.0
312.54	1.0
313.29	2.0
314.04	3.0
314.79	4.0
315.54	1.0
316.29	2.0
317.05	3.0
317.8	4.0
318.54	1.0
319.29	2.0
320.04	3.0
320.79	4.0
321.54	1.0
322.29	2.0
323.04	3.0
323.79	4.0
324.54	1.0
325.32	2.0
326.18	3.0
327.03	4.0
327.92	1.0
