0.509999626 1.0 0.0
1.5444816260000003 0.0 0.0
2.578963626 1.0 1.0
3.6134456260000003 0.0 0.0
4.647927626000001 1.0 0.0
5.682409626000002 0.0 0.0
6.716891626000002 1.0 1.0
7.751373626000002 0.0 0.0
8.785855626000002 1.0 0.0
9.820337626000002 0.0 0.0
10.854819626000003 1.0 1.0
11.889301626000004 0.0 0.0
12.923783626000002 1.0 0.0
13.958265626000003 0.0 0.0
14.992747626000003 1.0 1.0
16.027229626000004 0.0 0.0
17.061711626 1.0 0.0
18.096193626 0.0 0.0
19.130675626000002 1.0 1.0
20.165157626000003 0.0 0.0
21.199639626000003 1.0 0.0
22.234121626000004 0.0 0.0
23.268603626000004 1.0 1.0
24.303085626 0.0 0.0
25.337567626000002 1.0 0.0
26.372049626000003 0.0 0.0
27.406531626000003 1.0 1.0
28.441013626000004 0.0 0.0
29.475495626000004 1.0 0.0
30.509977626000005 0.0 0.0
31.544459626000005 1.0 1.0
32.578941626 0.0 0.0
33.61342362600001 1.0 0.0
34.64790562600001 0.0 0.0
35.68238762600001 1.0 1.0
36.716869626000005 0.0 0.0
37.75135162600001 1.0 0.0
38.785833626000006 0.0 0.0
39.820315626 1.0 1.0
40.85479762600001 0.0 0.0
41.889279626000004 1.0 0.0
42.92376162600001 0.0 0.0
43.958243626000005 1.0 1.0
44.99272562600001 0.0 0.0
46.027207626000006 1.0 0.0
47.06168962600001 0.0 0.0
48.09617162600001 1.0 1.0
49.130653626000004 0.0 0.0
50.16513562600001 1.0 0.0
51.199617626000006 0.0 0.0
52.23409962600001 1.0 1.0
53.26858162600001 0.0 0.0
54.30306362600001 1.0 0.0
55.33754562600001 0.0 0.0
56.37202762600001 1.0 1.0
57.40650962600001 0.0 0.0
58.440991626000006 1.0 0.0
59.47547362600001 0.0 0.0
60.50995562600001 1.0 1.0
61.54443762600001 0.0 0.0
62.57891962600001 1.0 0.0
63.61340162600001 0.0 0.0
64.64788362600001 1.0 1.0
65.682365626 0.0 0.0
66.71684762600002 1.0 0.0
67.75132962600001 0.0 0.0
68.78581162600001 1.0 1.0
69.82029362600001 0.0 0.0
70.854775626 1.0 0.0
71.88925762600002 0.0 0.0
72.92373962600001 1.0 1.0
73.95822162600001 0.0 0.0
74.99270362600001 1.0 0.0
76.02718562600002 0.0 0.0
77.06166762600002 1.0 1.0
78.09614962600001 0.0 0.0
79.13063162600001 1.0 0.0
80.16511362600001 0.0 0.0
81.19959562600002 1.0 1.0
82.23407762600002 0.0 0.0
83.26855962600001 1.0 0.0
84.30304162600001 0.0 0.0
85.33752362600002 1.0 1.0
86.37200562600002 0.0 0.0
87.40648762600001 1.0 0.0
88.44096962600001 0.0 0.0
89.47545162600001 1.0 1.0
90.50993362600002 0.0 0.0
91.54441562600002 1.0 0.0
92.57889762600001 0.0 0.0
93.61337962600001 1.0 1.0
94.64786162600002 0.0 0.0
95.68234362600002 1.0 0.0
96.71682562600002 0.0 0.0
97.75130762600001 1.0 1.0
98.78578962600001 0.0 0.0
99.82027162600002 1.0 0.0
100.85475362600002 0.0 0.0
101.88923562600002 1.0 1.0
102.92371762600001 0.0 0.0
103.95819962600002 1.0 1.0
104.99268162600002 0.0 0.0
106.02716362600002 1.0 0.0
107.06164562600001 0.0 0.0
108.09612762600001 1.0 1.0
109.13060962600002 0.0 0.0
110.16509162600002 1.0 0.0
111.19957362600002 0.0 0.0
112.23405562600001 1.0 1.0
113.26853762600003 0.0 0.0
114.30301962600002 1.0 0.0
115.33750162600002 0.0 0.0
116.37198362600002 1.0 1.0
117.40646562600001 0.0 0.0
118.44094762600002 1.0 0.0
119.47542962600002 0.0 0.0
120.50991162600002 1.0 1.0
121.54439362600002 0.0 0.0
122.57887562600003 1.0 0.0
123.61335762600002 0.0 0.0
124.64783962600002 1.0 1.0
125.68232162600002 0.0 0.0
126.71680362600002 1.0 0.0
127.75128562600003 0.0 0.0
128.78576762600002 1.0 1.0
129.82024962600002 0.0 0.0
130.85473162600002 1.0 0.0
131.88921362600001 0.0 0.0
132.923695626 1.0 1.0
133.95817762600004 0.0 0.0
134.99265962600003 1.0 0.0
136.02714162600003 0.0 0.0
137.06162362600003 1.0 1.0
138.09610562600002 0.0 0.0
139.13058762600002 1.0 0.0
140.16506962600002 0.0 0.0
141.19955162600002 1.0 1.0
142.234033626 0.0 0.0
143.26851562600004 1.0 0.0
144.30299762600004 0.0 0.0
145.33747962600003 1.0 1.0
146.37196162600003 0.0 0.0
147.40644362600003 1.0 0.0
148.44092562600002 0.0 0.0
149.47540762600002 1.0 1.0
150.50988962600002 0.0 0.0
151.54437162600001 1.0 0.0
152.57885362600004 0.0 0.0
153.61333562600004 1.0 1.0
154.64781762600003 0.0 0.0
155.68229962600003 1.0 0.0
156.71678162600003 0.0 0.0
157.75126362600002 1.0 1.0
158.78574562600002 0.0 0.0
159.82022762600002 1.0 0.0
160.85470962600002 0.0 0.0
161.88919162600004 1.0 1.0
162.92367362600004 0.0 0.0
163.95815562600004 1.0 0.0
164.99263762600003 0.0 0.0
166.02711962600003 1.0 1.0
167.06160162600003 0.0 0.0
168.09608362600002 1.0 0.0
169.13056562600002 0.0 0.0
170.16504762600002 1.0 1.0
171.19952962600004 0.0 0.0
172.23401162600004 1.0 0.0
173.26849362600004 0.0 0.0
174.30297562600003 1.0 1.0
175.33745762600003 0.0 0.0
176.37193962600003 1.0 0.0
177.40642162600003 0.0 0.0
178.44090362600002 1.0 1.0
179.47538562600002 0.0 0.0
180.50986762600004 1.0 0.0
181.54434962600004 0.0 0.0
182.57883162600004 1.0 1.0
183.61331362600004 0.0 0.0
184.64779562600003 1.0 0.0
185.68227762600003 0.0 0.0
186.71675962600003 1.0 1.0
187.75124162600002 0.0 0.0
188.78572362600002 1.0 0.0
189.82020562600005 0.0 0.0
190.85468762600004 1.0 1.0
191.88916962600004 0.0 0.0
192.92365162600004 1.0 0.0
193.95813362600003 0.0 0.0
194.99261562600003 1.0 1.0
196.02709762600003 0.0 0.0
197.06157962600003 1.0 0.0
198.09606162600002 0.0 0.0
199.13054362600005 1.0 1.0
200.16502562600004 0.0 0.0
201.19950762600004 1.0 0.0
202.23398962600004 0.0 0.0
203.26847162600004 1.0 1.0
204.30295362600003 0.0 0.0
205.33743562600003 1.0 0.0
206.37191762600003 0.0 0.0
207.40639962600002 1.0 1.0
208.44088162600005 0.0 0.0
209.47536362600005 1.0 0.0
210.50984562600004 0.0 0.0
211.54432762600004 1.0 1.0
212.57880962600004 0.0 0.0
213.61329162600003 1.0 0.0
214.64777362600003 0.0 0.0
215.68225562600003 1.0 1.0
216.71673762600003 0.0 0.0
217.75121962600005 1.0 0.0
218.78570162600005 0.0 0.0
219.82018362600004 1.0 1.0
220.85466562600004 0.0 0.0
221.88914762600004 1.0 0.0
222.92362962600004 0.0 0.0
223.95811162600003 1.0 1.0
224.99259362600003 0.0 0.0
226.02707562600003 1.0 0.0
227.06155762600005 0.0 0.0
228.09603962600005 1.0 1.0
229.13052162600005 0.0 0.0
230.16500362600004 1.0 0.0
231.19948562600004 0.0 0.0
232.23396762600004 1.0 1.0
233.26844962600003 0.0 0.0
234.30293162600003 1.0 1.0
235.33741362600003 0.0 0.0
236.37189562600005 0.0 0.0