0.16388052600000008 1.0 1.0
1.0594025260000002 0.0 0.0
1.9549245259999999 1.0 0.0
2.850446526 0.0 0.0
3.745968526 1.0 1.0
4.641490526 0.0 0.0
5.537012526000001 1.0 0.0
6.432534526 0.0 0.0
7.3395565366666675 1.0 1.0
8.256850657500001 0.0 0.0
9.1763906575 1.0 0.0
10.0959306575 0.0 0.0
11.0154706575 1.0 1.0
11.935010657500001 0.0 0.0
12.839897676 1.0 0.0
13.737507467083333 0.0 0.0
14.64198156375 1.0 1.0
15.55107156375 0.0 0.0
16.46016156375 1.0 0.0
17.36925156375 0.0 0.0
18.28846151791667 1.0 1.0
19.202061563750004 0.0 0.0
20.111151563750003 1.0 0.0
21.02024156375 0.0 0.0
21.92933156375 1.0 1.0
22.838421563750003 0.0 0.0
23.747511563750002 1.0 0.0
24.65660156375 0.0 0.0
25.56569156375 1.0 1.0
26.474781563750003 0.0 0.0
27.383871563750002 1.0 0.0
28.29296156375 0.0 0.0
29.202051563750004 1.0 1.0
30.111141563750003 0.0 0.0
31.020231563750002 1.0 0.0
31.92932156375 0.0 0.0
32.83841156375 1.0 1.0
33.747501563750006 0.0 0.0
34.65659156375 1.0 0.0
35.565681563750005 0.0 0.0
36.474771563750004 1.0 1.0
37.38386156375 0.0 0.0
38.29295156375 1.0 0.0
39.20204156375 0.0 0.0
40.11113156375001 1.0 1.0
41.02022156375 0.0 0.0
41.929311563750005 1.0 0.0
42.83840156375 0.0 0.0
43.74749156375 1.0 1.0
44.65658156375 0.0 0.0
45.56567156375 1.0 0.0
46.47476156375001 0.0 0.0
47.38385156375 1.0 1.0
48.292941563750006 0.0 0.0
49.20203156375 1.0 0.0
50.111121563750004 0.0 0.0
51.02021156375001 1.0 1.0
51.92930156375 0.0 0.0
52.83839156375001 1.0 0.0
53.74748156375 0.0 0.0
54.656571563750006 1.0 1.0
55.56566156375001 0.0 0.0
56.474751563750004 1.0 0.0
57.38384156375001 0.0 0.0
58.29293156375 1.0 1.0
59.20202156375001 0.0 0.0
60.11111156375 1.0 0.0
61.02020156375001 0.0 0.0
61.92929156375001 1.0 1.0
62.838381563750005 0.0 0.0
63.74747156375001 1.0 0.0
64.65656156375 0.0 0.0
65.56565156375001 1.0 1.0
66.47474156375 0.0 0.0
67.38383156375001 1.0 0.0
68.29292156375 0.0 0.0
69.20201156375 1.0 1.0
70.11003587333335 0.0 0.0
71.01229087333334 1.0 0.0
71.92582080958334 0.0 0.0
72.85016551291667 1.0 1.0
73.76619551291668 0.0 0.0
74.68222551291667 1.0 0.0
75.59825551291668 0.0 0.0
76.51484740541669 1.0 1.0
77.41816655975002 0.0 0.0
78.30051855975002 1.0 0.0
79.18287055975001 0.0 0.0
80.06522255975001 1.0 1.0
80.94757455975002 0.0 0.0
81.82874785675003 1.0 0.0
82.70465885675003 0.0 0.0
83.58056985675002 1.0 1.0
84.45648085675002 0.0 0.0
85.33239185675002 1.0 0.0
86.20830285675002 0.0 0.0
87.08421385675003 1.0 1.0
87.96012485675003 0.0 0.0
88.83603585675003 1.0 0.0
89.71194685675002 0.0 0.0
90.58785785675002 1.0 1.0
91.46376885675002 0.0 0.0
92.33967985675002 1.0 0.0
93.21559085675003 0.0 0.0
94.09150185675003 1.0 1.0
94.96741285675003 0.0 0.0
95.84332385675002 1.0 0.0
96.71923485675002 0.0 0.0
97.59514585675002 1.0 1.0
98.47105685675002 0.0 0.0
99.34696785675003 1.0 0.0
100.22287885675003 0.0 0.0
101.09878985675002 1.0 1.0
101.97470085675002 0.0 0.0
102.85061185675002 1.0 0.0
103.72652285675002 0.0 0.0
104.60243385675003 1.0 1.0
105.47834485675003 0.0 0.0
106.35425585675003 1.0 0.0
107.23016685675003 0.0 0.0
108.10607785675003 1.0 1.0
108.98198885675002 0.0 0.0
109.85789985675002 1.0 0.0
110.73381085675003 0.0 0.0
111.60972185675003 1.0 1.0
112.48563285675003 0.0 0.0
113.36154385675003 1.0 0.0
114.23745485675002 0.0 0.0
115.11336585675002 1.0 1.0
115.98927685675002 0.0 0.0
116.86518785675003 1.0 0.0
117.74109885675001 0.0 0.0
118.61700985675002 1.0 1.0
119.49292085675002 0.0 0.0
120.36883185675 1.0 0.0
121.24474285675001 0.0 0.0
122.12065385675001 1.0 1.0
122.99656485675001 0.0 0.0
123.87247585675001 1.0 0.0
124.74838685675002 0.0 0.0
125.62429785675002 1.0 1.0
126.50020885675002 0.0 0.0
127.37611985675002 1.0 0.0
128.25203085675003 0.0 0.0
129.12794185675003 1.0 1.0
130.00385285675003 0.0 0.0
130.87976385675 1.0 0.0
131.75567485675003 0.0 0.0
132.63158585675 1.0 1.0
133.50749685675 0.0 0.0
134.38340785675 1.0 0.0
135.25931885675 0.0 0.0
136.13522985675002 1.0 1.0
137.01114085675002 0.0 0.0
137.88705185675002 1.0 0.0
138.76296285675002 0.0 0.0
139.63887385675002 1.0 1.0
140.51478485675003 0.0 0.0
141.39069585675003 1.0 0.0
142.2654850245 0.0 0.0
143.13504902450003 1.0 1.0
144.00461302450003 0.0 0.0
144.87417702450003 1.0 0.0
145.74374102450003 0.0 0.0
146.61330502450002 1.0 1.0
147.48286902450002 0.0 0.0
148.35243302450002 1.0 0.0
149.2219970245 0.0 0.0
150.0915610245 1.0 1.0
150.96112502450003 0.0 0.0
151.83068902450003 1.0 0.0
152.70025302450003 0.0 0.0
153.56981702450003 1.0 1.0
154.43938102450002 0.0 0.0
155.30894502450002 1.0 0.0
156.17850902450002 0.0 0.0
157.0480730245 1.0 1.0
157.9176370245 0.0 0.0
158.78720102450004 1.0 0.0
159.65676502450003 0.0 0.0
160.52632902450003 1.0 1.0
161.39589302450003 0.0 0.0
162.26545702450002 1.0 0.0
163.13502102450002 0.0 0.0
164.00458502450002 1.0 1.0
164.8741490245 0.0 0.0
165.74371302450004 1.0 0.0
166.6132770245 0.0 0.0
167.47935017650005 1.0 1.0
168.34265817650004 0.0 0.0
169.20596617650003 1.0 0.0
170.06927417650004 0.0 0.0
170.93258217650003 1.0 1.0
171.79589017650002 0.0 0.0
172.65919817650004 1.0 0.0
173.52250617650003 0.0 0.0
174.38581417650005 1.0 1.0
175.24912217650004 0.0 0.0
176.11243017650003 1.0 0.0
176.97573817650004 0.0 0.0
177.83904617650003 1.0 1.0
178.70235417650002 0.0 0.0
179.56566217650004 1.0 0.0
180.42897017650003 0.0 0.0
181.29227817650005 1.0 1.0
182.15558617650004 0.0 0.0
183.01889417650003 1.0 0.0
183.88220217650004 0.0 0.0
184.74551017650003 1.0 1.0
185.60881817650002 0.0 0.0
186.47212617650004 1.0 0.0
187.33543417650003 0.0 0.0
188.19874217650005 1.0 1.0
189.0627533871667 0.0 0.0
189.96424118966672 1.0 0.0
190.94851190325008 0.0 0.0
191.96419169758343 1.0 1.0
192.96923873691676 0.0 0.0
193.83254673691675 1.0 0.0
194.69585473691677 0.0 0.0
195.55916273691676 1.0 1.0
196.42247073691675 0.0 0.0
197.28577873691677 1.0 0.0
198.14908673691676 0.0 0.0
199.00741260891678 1.0 1.0
199.86455460891676 0.0 0.0
200.72169660891677 1.0 0.0
201.57883860891678 0.0 0.0
202.43598060891676 1.0 1.0
203.29312260891678 0.0 0.0
204.15026460891676 1.0 0.0
205.00740660891677 0.0 0.0
205.86454860891678 1.0 1.0
206.72169060891676 0.0 0.0
207.57883260891677 1.0 0.0
208.43597460891678 0.0 0.0
209.29311660891676 1.0 1.0
210.15025860891677 0.0 0.0
211.00740060891678 1.0 0.0
211.86454260891676 0.0 0.0
212.72168460891677 1.0 1.0
213.57882660891676 0.0 0.0
214.43596860891677 1.0 0.0
215.29311060891678 0.0 0.0
216.15025260891676 1.0 1.0
217.00739460891677 0.0 0.0
217.86453660891678 1.0 0.0
218.72167860891676 0.0 0.0
219.57882060891677 1.0 1.0
220.43596260891678 0.0 0.0
221.29310460891676 1.0 0.0
222.15024660891677 0.0 0.0
223.00738860891676 1.0 1.0
223.86453060891677 0.0 0.0
224.72167260891678 1.0 0.0
225.57881460891676 0.0 0.0
226.43595660891677 1.0 1.0
227.29309860891678 0.0 0.0
228.15024060891676 1.0 0.0
229.00738260891677 0.0 0.0
229.86452460891678 1.0 1.0
230.72166660891676 0.0 0.0
231.57880860891677 1.0 0.0
232.43595060891676 0.0 0.0
233.29309260891677 1.0 1.0
234.15023460891678 0.0 0.0
235.0073766089168 1.0 0.0
235.86451860891677 0.0 0.0
236.72166060891678 1.0 1.0
237.57880260891676 0.0 0.0
238.43594460891677 1.0 1.0
239.29308660891678 0.0 0.0
240.15022860891676 0.0 0.0
241.00737060891677 1.0 1.0
241.86451260891675 0.0 0.0
242.72165460891677 1.0 0.0
243.57879660891678 0.0 0.0
244.43593860891679 1.0 1.0
245.29308060891677 0.0 0.0
246.15022260891678 1.0 0.0
247.00736460891676 0.0 0.0
247.86450660891677 1.0 1.0
248.72164860891678 0.0 0.0
249.57879060891676 1.0 0.0
250.43593260891677 0.0 0.0
251.29307460891675 1.0 1.0
252.15021660891676 0.0 0.0
253.00735860891677 1.0 0.0
253.86450060891679 0.0 0.0
254.72164260891677 1.0 1.0
255.57878460891678 0.0 0.0
256.43592660891676 1.0 0.0
257.29306860891677 0.0 0.0
258.1502106089168 1.0 1.0
259.0073526089168 0.0 0.0
259.8644946089168 1.0 0.0
260.72163660891675 0.0 0.0
261.57877860891676 1.0 1.0
262.4359206089168 0.0 0.0
263.2930626089168 1.0 0.0
264.1502046089168 0.0 0.0
265.0073466089168 1.0 1.0
265.86448860891676 0.0 0.0
266.72163060891677 1.0 0.0
267.5787726089168 0.0 0.0
268.4359146089168 1.0 0.0