0.0 0.0 0.0
0.542985 1.0 0.0
1.08597 0.0 0.0
1.6289550000000002 1.0 1.0
2.17194 0.0 0.0
2.7149250000000005 1.0 0.0
3.2579100000000003 0.0 0.0
3.8008950000000006 1.0 1.0
4.34388 0.0 0.0
4.886865 1.0 0.0
5.429850000000001 0.0 0.0
5.972835000000001 1.0 1.0
6.515820000000001 0.0 0.0
7.058805 1.0 0.0
7.601790000000001 0.0 0.0
8.144775000000001 1.0 1.0
8.68776 0.0 0.0
9.230745 1.0 0.0
9.77373 0.0 0.0
10.316715000000002 1.0 1.0
10.859700000000002 0.0 0.0
11.402685000000002 1.0 0.0
11.945670000000002 0.0 0.0
12.488655000000001 1.0 1.0
13.031640000000001 0.0 0.0
13.574697012500003 0.0 0.0
14.120151012500003 1.0 1.0
14.665605012500002 0.0 0.0
15.211059012500003 1.0 0.0
15.756513012500003 0.0 0.0
16.301967012500004 1.0 1.0
16.847421012500003 0.0 0.0
17.392875012500003 1.0 0.0
17.938329012500002 0.0 0.0
18.483783012500005 1.0 1.0
19.029237012500005 0.0 0.0
19.574691012500004 1.0 0.0
20.120145012500004 0.0 0.0
20.663294612500003 1.0 1.0
21.206279612500005 0.0 0.0
21.749264612500003 1.0 0.0
22.292249612500004 0.0 0.0
22.835234612500003 1.0 1.0
23.378219612500004 0.0 0.0
23.921204612500006 1.0 0.0
24.464189612500004 0.0 0.0
25.007174612500005 1.0 1.0
25.550159612500003 0.0 0.0
26.093144612500005 1.0 0.0
26.636129612500003 0.0 0.0
27.179114612500005 1.0 1.0
27.722099612500003 0.0 0.0
28.265084612500004 1.0 0.0
28.808069612500006 0.0 0.0
29.351054612500004 1.0 1.0
29.896498325000003 0.0 0.0
30.441952325000003 1.0 0.0
30.987406325000002 0.0 0.0
31.532860325 1.0 1.0
32.078314325 0.0 0.0
32.623768325 1.0 0.0
33.16922232500001 0.0 0.0
33.714676325000006 1.0 1.0
34.260130325000006 0.0 0.0
34.803115325 1.0 0.0
35.346100325 0.0 0.0
35.889085325 1.0 1.0
36.432070325000005 0.0 0.0
36.975055325 1.0 0.0
37.518040325 0.0 0.0
38.061025325 1.0 1.0
38.604010325000004 0.0 0.0
39.146995325000006 1.0 0.0
39.689980325 0.0 0.0
40.232965325 1.0 1.0
40.775950325000004 0.0 0.0
41.318935325000005 1.0 0.0
41.861920325 0.0 0.0
42.404905325 1.0 1.0
42.947890325 0.0 0.0
43.490875325000005 1.0 0.0
44.033860325000006 0.0 0.0
44.57684532500001 1.0 1.0
45.119830325 0.0 0.0
45.662815325000004 1.0 0.0
46.205800325000006 0.0 0.0
46.748785325 1.0 1.0
47.29188863125 0.0 0.0
47.83734263125 1.0 0.0
48.38279663125 0.0 0.0
48.92825063125 1.0 1.0
49.47370463125 0.0 0.0
50.01915863125001 1.0 0.0
50.56461263125001 0.0 0.0
51.11006663125001 1.0 1.0
51.655520631250006 0.0 0.0
52.200974631250006 1.0 0.0
52.746428631250005 0.0 0.0
53.291882631250004 1.0 1.0
53.837336631250004 0.0 0.0
54.38279063125 1.0 0.0
54.92824463125 0.0 0.0
55.47369863125 1.0 1.0
56.01915263125001 0.0 0.0
56.56460663125 1.0 0.0
57.11006063125001 0.0 0.0
57.65551463125001 1.0 1.0
58.20096863125001 0.0 0.0
58.746422631250006 1.0 0.0
59.291876631250005 0.0 0.0
59.837330631250005 1.0 1.0
60.382784631250004 0.0 0.0
60.928238631250004 1.0 0.0
61.47369263125 0.0 0.0
62.01914663125001 1.0 1.0
62.56460063125 0.0 0.0
63.11005463125001 1.0 0.0
63.65550863125 0.0 0.0
64.20096263125001 1.0 1.0
64.74641663125 0.0 0.0
65.28695663125 1.0 0.0
65.82749663125 0.0 0.0
66.36803663124999 1.0 1.0
66.90857663125 0.0 0.0
67.44911663125 1.0 0.0
67.98965663125 0.0 0.0
68.53019663124999 1.0 1.0
69.07073663125 0.0 0.0
69.61372163125 1.0 0.0
70.15670663125 0.0 0.0
70.69969163125 1.0 1.0
71.24267663125 0.0 0.0
71.78566163125 1.0 0.0
72.32864663125 0.0 0.0
72.87163163125 1.0 1.0
73.41461663125 0.0 0.0
73.95760163125 1.0 0.0
74.50058663125 0.0 0.0
75.04357163125 1.0 1.0
75.58655663125 0.0 0.0
76.12954163125 1.0 0.0
76.67252663125001 0.0 0.0
77.21551163125 1.0 1.0
77.75849663125 0.0 0.0
78.30148163125 1.0 0.0
78.84446663125 0.0 0.0
79.38745163125 1.0 1.0
79.93043663125 0.0 0.0
80.47342163125 1.0 0.0
81.01640663125 0.0 0.0
81.55939163125001 1.0 1.0
82.10237663125 0.0 0.0
82.64536163125 1.0 0.0
83.18834663125 0.0 0.0
83.73133163125 1.0 1.0
84.27431663125 0.0 0.0
84.81730163125 1.0 0.0
85.36028663125 0.0 0.0
85.90327163125 1.0 1.0
86.44625663125001 0.0 0.0
86.98924163125 1.0 0.0
87.53222663125 0.0 0.0
88.07521163125 1.0 1.0
88.61819663125 0.0 0.0
89.16118163125 1.0 0.0
89.70416663125 0.0 0.0
90.24715163125 1.0 1.0
90.79013663125001 0.0 0.0
91.33312163125001 1.0 0.0
91.87610663125 0.0 0.0
92.41909163125 1.0 1.0
92.96207663125 0.0 0.0
93.50513364375 1.0 0.0
94.05058764375 0.0 0.0
94.59604164375 1.0 1.0
95.14149564375 0.0 0.0
95.68694964375001 1.0 1.0
96.23240364375 0.0 0.0
96.77785764375001 1.0 0.0
97.32331164375 0.0 0.0
97.86876564375001 1.0 1.0
98.41421964375 0.0 0.0
98.95967364375001 1.0 0.0
99.50512764375 0.0 0.0
100.05058164375001 1.0 1.0
100.59603564375 0.0 0.0
101.14148964375 1.0 0.0
101.68694364375 0.0 0.0
102.23239764375 1.0 1.0
102.77785164375001 0.0 0.0
103.32330564375 1.0 0.0
103.86875964375 0.0 0.0
104.41421364375 1.0 0.0
104.95966764375001 0.0 0.0
105.50512164375 1.0 1.0
106.05057564375001 0.0 0.0
106.59602964375 1.0 0.0
107.14148364375 0.0 0.0
107.68693764375 1.0 1.0
108.23239164375 0.0 0.0
108.77660864375001 1.0 0.0
109.32082564375001 0.0 0.0
109.86504264375 1.0 1.0
110.40925964375 0.0 0.0
110.95347664375001 1.0 0.0
111.49769364375001 0.0 0.0
112.04191064375 1.0 1.0
112.58612764375 0.0 0.0
113.13034464375 1.0 0.0
113.67456164375001 0.0 0.0
114.21877864375001 1.0 1.0
114.76299564375 0.0 0.0
115.30721264375 1.0 0.0
115.85142964375001 0.0 0.0
116.39564664375001 1.0 1.0
116.93986364375 0.0 0.0
117.48408064375 1.0 0.0
118.02829764375001 0.0 0.0
118.57251464375001 1.0 1.0
119.11673164375 0.0 0.0
119.66094864375 1.0 0.0
120.20516564375001 0.0 0.0
120.74938264375001 1.0 1.0
121.28992264375 0.0 0.0
121.83046264375001 1.0 0.0
122.37100264375002 0.0 0.0
122.91154264375001 1.0 1.0
123.45208264375 0.0 0.0
123.99262264375001 1.0 0.0
124.53316264375002 0.0 0.0
125.07370264375001 1.0 1.0
125.61424264375 0.0 0.0
126.15478264375001 1.0 0.0
126.69532264375002 0.0 0.0
127.2359315875 1.0 1.0
127.78014858750001 0.0 0.0
128.3243655875 1.0 0.0
128.86858258750001 0.0 0.0
129.41279958750002 1.0 1.0
129.95701658750002 0.0 0.0
130.50123358750002 1.0 0.0
131.0454505875 0.0 0.0
131.5896675875 1.0 1.0
132.1338845875 0.0 0.0
132.6781015875 1.0 0.0
133.2223185875 0.0 0.0
133.76653558750002 1.0 1.0
134.31075258750002 0.0 0.0
134.85496958750002 1.0 0.0
135.39918658750003 0.0 0.0
135.9434035875 1.0 1.0
136.4876205875 0.0 0.0
137.0318375875 1.0 0.0
137.5760545875 0.0 0.0
138.1202715875 1.0 1.0
138.66448858750002 0.0 0.0
139.20870558750002 1.0 0.0
139.75292258750002 0.0 0.0
140.29713958750003 1.0 1.0
140.8413565875 0.0 0.0
141.3855735875 1.0 0.0
141.9297905875 0.0 0.0
142.4740075875 1.0 1.0
143.01822458750001 0.0 0.0
143.56244158750002 1.0 0.0
144.10665858750002 0.0 0.0
144.65087558750002 1.0 1.0
145.19509258750003 0.0 0.0
145.7393095875 1.0 0.0
146.2835265875 0.0 0.0
146.8277435875 1.0 1.0
147.3719605875 0.0 0.0
147.91617758750002 1.0 0.0
148.46039458750002 0.0 0.0
149.00461158750002 1.0 1.0
149.54882858750003 0.0 0.0
150.09304558750003 1.0 0.0
150.6372625875 0.0 0.0
151.1814795875 1.0 1.0
151.7256965875 0.0 0.0
152.2699135875 1.0 0.0
152.81413058750002 0.0 0.0
153.35834758750002 1.0 1.0
153.90256458750002 0.0 0.0
154.44678158750003 1.0 0.0
154.99099858750003 0.0 0.0
155.53521558750003 1.0 1.0
156.0794325875 0.0 0.0
156.6236495875 1.0 0.0
157.16786658750001 0.0 0.0
157.71208358750002 1.0 1.0
158.25630058750002 0.0 0.0
158.80051758750002 1.0 0.0
159.34473458750003 0.0 0.0
159.8889515875 1.0 1.0
160.4331685875 0.0 0.0
160.9773855875 1.0 0.0
161.5216025875 0.0 0.0
162.06581958750002 1.0 1.0
162.61003658750002 0.0 0.0
163.15425358750002 1.0 0.0
163.69847058750003 0.0 0.0
164.24268758750003 1.0 1.0
164.78690458750003 0.0 0.0
165.33112158750004 1.0 0.0
165.8753385875 0.0 0.0
166.4195555875 1.0 1.0
166.96377258750002 0.0 0.0
167.50798958750002 1.0 0.0
168.05220658750002 0.0 0.0
168.59642358750003 1.0 1.0
169.14064058750003 0.0 0.0
169.68448049583336 1.0 0.0
170.22380549583335 0.0 0.0
170.76313049583334 1.0 1.0
171.30245549583336 0.0 0.0
171.84178049583335 1.0 0.0
172.38110549583334 0.0 0.0
172.92043049583336 1.0 1.0
173.45975549583335 0.0 0.0
173.99908049583334 1.0 0.0
174.53840549583336 0.0 0.0
175.07773049583335 1.0 1.0
175.61705549583334 0.0 0.0
176.15638049583333 1.0 0.0
176.69570549583335 0.0 0.0
177.23503049583334 1.0 1.0
177.77441649583335 0.0 0.0
178.31740149583334 1.0 0.0
178.86038649583335 0.0 0.0
179.40337149583334 1.0 1.0
179.94635649583333 0.0 0.0
180.48934149583334 1.0 0.0
181.03232649583333 0.0 0.0
181.57531149583335 1.0 1.0
182.11829649583333 0.0 0.0
182.66128149583335 1.0 0.0
183.20426649583334 0.0 0.0
183.74725149583335 1.0 1.0
184.29023649583334 0.0 0.0
184.83322149583333 1.0 0.0
185.37620649583334 0.0 0.0
185.91919149583333 1.0 1.0
186.46255713333332 0.0 0.0
187.00801113333333 1.0 0.0
187.55346513333333 0.0 0.0
188.09891913333334 1.0 1.0
188.64437313333332 0.0 0.0
189.18982713333332 1.0 0.0
189.73528113333333 0.0 0.0
190.28073513333334 1.0 1.0
190.82618913333334 0.0 0.0
191.37164313333332 1.0 0.0
191.91709713333333 0.0 0.0
192.46255113333333 1.0 1.0
193.00800513333334 0.0 0.0
193.55345913333332 1.0 0.0
194.09891313333333 0.0 0.0
194.64436713333333 1.0 1.0
195.18982113333334 0.0 0.0
195.73527513333332 1.0 0.0
196.28072913333332 0.0 0.0
196.82618313333333 1.0 1.0
197.37163713333334 0.0 0.0
197.91709113333332 1.0 0.0
198.46254513333332 0.0 0.0
199.00799913333333 1.0 1.0
199.55345313333333 0.0 0.0
200.09890713333334 1.0 0.0
200.64436113333332 0.0 0.0
201.18981513333333 1.0 1.0
201.73526913333333 0.0 0.0
202.28072313333334 1.0 0.0
202.82617713333332 0.0 0.0
203.37163113333332 1.0 1.0
203.91708513333333 0.0 0.0
204.46253913333334 1.0 0.0
205.00799313333334 0.0 0.0
205.55344713333332 1.0 1.0
206.09890113333333 0.0 0.0
206.64435513333333 1.0 0.0
207.1898091333333 0.0 0.0
207.73526313333332 1.0 1.0
208.28071713333333 0.0 0.0
208.82617113333333 1.0 0.0
209.37162513333334 0.0 0.0
209.91707913333332 1.0 1.0
210.46253313333332 0.0 0.0
211.00798713333333 1.0 0.0
211.55344113333334 0.0 0.0
212.09889513333331 1.0 1.0
212.64434913333332 0.0 0.0
213.18980313333333 1.0 0.0
213.73525713333333 0.0 0.0
214.28071113333334 1.0 1.0
214.82616513333332 0.0 0.0
215.37161913333333 1.0 0.0
215.91707313333333 0.0 0.0
216.46252713333334 1.0 1.0
217.00798113333332 0.0 0.0
217.55343513333332 1.0 0.0
218.09888913333333 0.0 0.0
218.64434313333334 1.0 1.0
219.18979713333334 0.0 0.0
219.73525113333332 1.0 0.0
220.28070513333333 0.0 0.0
220.82615913333333 1.0 1.0
221.3716131333333 0.0 0.0
221.91706713333332 1.0 0.0
222.46252113333333 0.0 0.0
223.00797513333333 1.0 1.0
223.55342913333334 0.0 0.0
224.09888313333335 1.0 0.0
224.64433713333332 0.0 0.0
225.18979113333333 1.0 1.0
225.73524513333334 0.0 0.0
226.28069913333331 1.0 0.0
226.82615313333332 0.0 0.0
227.37160713333333 1.0 1.0
227.91706113333333 0.0 0.0
228.46251513333334 1.0 0.0
229.00796913333332 0.0 0.0
229.55342313333333 1.0 0.0
230.09887713333333 0.0 0.0
230.64433113333334 1.0 1.0
231.18978513333332 0.0 0.0
231.73523913333332 1.0 0.0
232.28069313333333 0.0 0.0
232.82614713333334 1.0 1.0
233.37160113333334 0.0 0.0
233.91705513333332 1.0 0.0
234.46250913333333 0.0 0.0