0.19634793499999997 0.0 0.0
1.039042935 1.0 0.0
1.881737935 0.0 0.0
2.724432935 1.0 1.0
3.5671279349999994 0.0 0.0
4.409822934999999 1.0 0.0
5.252517934999999 0.0 0.0
6.095212934999999 1.0 1.0
6.937907934999999 0.0 0.0
7.780602934999999 1.0 0.0
8.623297935 0.0 0.0
9.465992935 1.0 1.0
10.308687935 0.0 0.0
11.151382934999999 1.0 0.0
11.994077935 0.0 0.0
12.836772934999999 1.0 1.0
13.679467935 0.0 0.0
14.522162934999999 1.0 0.0
15.364857935 0.0 0.0
16.207552935 1.0 1.0
17.050247934999998 0.0 0.0
17.89811035075 1.0 0.0
18.74616435075 0.0 0.0
19.594218350749998 1.0 1.0
20.4440830165 0.0 0.0
21.2951460165 1.0 0.0
22.1462090165 0.0 0.0
22.9972720165 1.0 1.0
23.846775100749998 0.0 0.0
24.69482910075 1.0 0.0
25.54288310075 0.0 0.0
26.390937100749998 1.0 1.0
27.23638145291666 0.0 0.0
28.07554145291666 1.0 0.0
28.914701452916663 0.0 0.0
29.753861452916663 1.0 1.0
30.593021452916663 0.0 0.0
31.432181452916662 1.0 0.0
32.27134145291666 0.0 0.0
33.110501452916665 1.0 1.0
33.949661452916665 0.0 0.0
34.788821452916665 1.0 0.0
35.62798145291666 0.0 0.0
36.467141452916664 1.0 1.0
37.31065737074999 0.0 0.0
38.155726370749996 1.0 0.0
39.00079537075 0.0 0.0
39.84586437074999 1.0 1.0
40.690933370749995 0.0 0.0
41.53600237075 1.0 0.0
42.38107137074999 0.0 0.0
43.226140370749995 1.0 1.0
44.06881445874999 0.0 0.0
44.910919458749994 1.0 0.0
45.75302445874999 0.0 0.0
46.595129458749994 1.0 1.0
47.43723445875 0.0 0.0
48.279339458749995 1.0 0.0
49.12144445874999 0.0 0.0
49.96483642574999 1.0 1.0
50.81289042574999 0.0 0.0
51.660944425749996 1.0 0.0
52.50899842574999 0.0 0.0
53.35705242574999 1.0 1.0
54.20287753375 0.0 0.0
55.04498253375 1.0 0.0
55.88708753375 0.0 0.0
56.72919253375 1.0 1.0
57.57129753375 0.0 0.0
58.41340253375 1.0 0.0
59.25550753375 0.0 0.0
60.09761253375 1.0 1.0
60.93971753375 0.0 0.0
61.78182253375 1.0 0.0
62.62392753375 0.0 0.0
63.466032533749996 1.0 1.0
64.30908132075 0.0 0.0
65.15415032075 1.0 0.0
65.99921932075 0.0 0.0
66.84428832075 1.0 1.0
67.68935732075 0.0 0.0
68.53442632075 1.0 0.0
69.37949532075001 0.0 0.0
70.22456432075 1.0 1.0
71.06963332075 0.0 0.0
71.91470232075 1.0 0.0
72.75977132075 0.0 0.0
73.60484032075 1.0 1.0
74.44990932075001 0.0 0.0
75.29497832075 1.0 0.0
76.14004732075 0.0 0.0
76.98511632075 1.0 1.0
77.83018532075 0.0 0.0
78.67525432075 1.0 0.0
79.52032332075001 0.0 0.0
80.36539232075 1.0 1.0
81.21046132075 0.0 0.0
82.05553032075 1.0 0.0
82.90059932075 0.0 0.0
83.74566832075 1.0 1.0
84.59073732075001 0.0 0.0
85.43580632075 1.0 0.0
86.28087532075 0.0 0.0
87.12594432075 1.0 1.0
87.97101332075 0.0 0.0
88.81608232075 1.0 0.0
89.66115132075001 0.0 0.0
90.50622032075 1.0 1.0
91.35128932075 0.0 0.0
92.19635832075 1.0 0.0
93.04142732075 0.0 0.0
93.88649632075 1.0 1.0
94.73156532075001 0.0 0.0
95.57663432075 1.0 0.0
96.42170332075 0.0 0.0
97.26677232075 1.0 1.0
98.11021828375 0.0 0.0
98.95232328375 1.0 0.0
99.79442828375001 0.0 0.0
100.63653328375 1.0 1.0
101.47863828375 0.0 0.0
102.32350869575001 1.0 0.0
103.16857769575 0.0 0.0
104.01364669575 1.0 1.0
104.85871569575 0.0 0.0
105.70378469575 1.0 0.0
106.54885369575001 0.0 0.0
107.39392269575 1.0 1.0
108.23899169575 0.0 0.0
109.08336390875002 1.0 0.0
109.92546890875002 0.0 0.0
110.76757390875001 1.0 1.0
111.60967890875001 0.0 0.0
112.45178390875002 1.0 0.0
113.29388890875 0.0 0.0
114.13599390875001 1.0 1.0
114.97809890875001 0.0 0.0
115.82020390875002 1.0 0.0
116.66484584575001 0.0 0.0
117.50991484575002 1.0 1.0
118.35498384575001 0.0 0.0
119.20005284575001 1.0 0.0
120.04512184575002 0.0 0.0
120.89019084575001 1.0 1.0
121.73525984575001 0.0 0.0
122.58032884575002 1.0 0.0
123.42539784575001 0.0 0.0
124.27046684575001 1.0 1.0
125.11553584575002 0.0 0.0
125.96060484575001 1.0 0.0
126.80567384575001 0.0 0.0
127.65074284575002 1.0 1.0
128.49581184575 0.0 0.0
129.34088084575 1.0 0.0
130.18602277275002 0.0 0.0
131.03708577275003 1.0 1.0
131.88814877275001 0.0 0.0
132.73656468375 1.0 0.0
133.57866968375 0.0 0.0
134.42077468375 1.0 1.0
135.26287968375001 0.0 0.0
136.10498468375002 1.0 0.0
136.94708968375002 0.0 0.0
137.78919468375003 1.0 1.0
138.63129968375 0.0 0.0
139.47340468375 1.0 0.0
140.31550968375 0.0 0.0
141.15761468375 1.0 1.0
141.99971968375002 0.0 0.0
142.84182468375002 1.0 0.0
143.68392968375002 0.0 0.0
144.52603468375003 1.0 1.0
145.36813968375 0.0 0.0
146.21024468375 1.0 0.0
147.05234968375 0.0 0.0
147.89445468375 1.0 1.0
148.73655968375002 0.0 0.0
149.57866468375002 1.0 0.0
150.42076968375002 0.0 0.0
151.26287468375 1.0 1.0
152.10497968375 0.0 0.0
152.94708468375 1.0 0.0
153.78918968375 0.0 0.0
154.63129468375 1.0 1.0
155.47339968375002 0.0 0.0
156.31550468375002 1.0 0.0
157.15760968375002 0.0 0.0
157.99971468375003 1.0 1.0
158.84181968375 0.0 0.0
159.68392468375 1.0 0.0
160.52602968375 0.0 0.0
161.36734160950002 1.0 1.0
162.2035756095 0.0 0.0
163.0398096095 1.0 0.0
163.878610215 0.0 0.0
164.720715215 1.0 1.0
165.56282021500002 0.0 0.0
166.41257385400002 1.0 0.0
167.263636854 0.0 0.0
168.114699854 1.0 1.0
168.96576285400002 0.0 0.0
169.816825854 1.0 0.0
170.667888854 0.0 0.0
171.51895185400002 1.0 1.0
172.370014854 0.0 0.0
173.22107785400001 1.0 0.0
174.072140854 0.0 0.0
174.923203854 1.0 1.0
175.77426685400002 0.0 0.0
176.625329854 1.0 0.0
177.4760826645 0.0 0.0
178.3211516645 1.0 1.0
179.1662206645 0.0 0.0
180.01128966450003 1.0 0.0
180.85635866450002 0.0 0.0
181.70142766450002 1.0 1.0
182.5464966645 0.0 0.0
183.3915656645 1.0 0.0
184.2366346645 0.0 0.0
185.07570617200003 1.0 1.0
185.91194017200002 0.0 0.0
186.748174172 1.0 0.0
187.58440817200002 0.0 0.0
188.42266391450002 1.0 1.0
189.26773291450002 0.0 0.0
190.11280191450004 1.0 0.0
190.95787091450003 0.0 0.0
191.80293991450003 1.0 1.0
192.64800891450002 0.0 0.0
193.49279485250003 1.0 0.0
194.33489985250003 0.0 0.0
195.17700485250003 1.0 1.0
196.0191098525 0.0 0.0
196.8612148525 1.0 0.0
197.70331985250002 0.0 0.0
198.54542485250002 1.0 1.0
199.38752985250002 0.0 0.0
200.22963485250003 1.0 0.0
201.07173985250003 0.0 0.0
201.91384485250003 1.0 1.0
202.7559498525 0.0 0.0
203.5980548525 1.0 0.0
204.44015985250002 0.0 0.0
205.28226485250002 1.0 1.0
206.12436985250002 0.0 0.0
206.96647485250003 1.0 0.0
207.80857985250003 0.0 0.0
208.6506848525 1.0 1.0
209.4927898525 0.0 0.0
210.3319876466667 1.0 0.0
211.1711476466667 0.0 0.0
212.0103076466667 1.0 1.0
212.85391168200005 0.0 0.0
213.70196568200004 1.0 0.0
214.55001968200006 0.0 0.0
215.39807368200005 1.0 1.0
216.24612768200004 0.0 0.0
217.09418168200006 1.0 0.0
217.94223568200005 0.0 0.0
218.79028968200004 1.0 1.0
219.63834368200006 0.0 0.0
220.48571800875004 1.0 0.0
221.32782300875004 0.0 0.0
222.16992800875005 1.0 1.0
223.01203300875005 0.0 0.0
223.85413800875003 1.0 0.0
224.69959973200005 0.0 0.0
225.54765373200004 1.0 1.0
226.3965850884167 0.0 0.0
227.2506760884167 1.0 0.0
228.1047670884167 0.0 0.0
228.95885808841672 1.0 1.0
229.80988167125005 0.0 0.0
230.65198667125003 1.0 0.0
231.49409167125003 0.0 0.0
232.33619667125004 1.0 1.0
233.17830167125004 0.0 0.0
234.02040667125004 1.0 0.0
234.86251167125005 0.0 0.0
235.70461667125005 1.0 1.0
236.54672167125005 0.0 0.0
237.38882667125003 1.0 0.0
238.23093167125003 0.0 0.0
239.07303667125004 1.0 1.0
239.91514167125004 0.0 0.0
240.75724667125004 1.0 0.0
241.59935167125005 0.0 0.0
242.44145667125005 1.0 1.0
243.28356167125003 0.0 0.0
244.12566667125003 1.0 0.0
244.96777167125003 0.0 0.0
245.80987667125004 1.0 1.0
246.65198167125004 0.0 0.0
247.49408667125005 1.0 0.0
248.33619167125005 0.0 0.0
249.17829667125005 1.0 1.0
250.02040167125006 0.0 0.0
250.86250667125003 1.0 0.0
251.70461167125003 0.0 0.0
252.54671667125004 1.0 1.0
253.38882167125004 0.0 0.0
254.23092667125005 1.0 0.0
255.07303167125005 0.0 0.0
255.91513667125005 1.0 1.0
256.75724167125003 0.0 0.0
257.59934667125003 1.0 0.0
258.44145167125004 0.0 0.0
259.28355667125004 1.0 1.0
260.12566167125004 0.0 0.0
260.96776667125005 1.0 0.0
261.80987167125005 0.0 0.0
262.65197667125005 1.0 0.0
263.49408167125006 0.0 0.0