0.10151871999999998 1.0 0.0
0.9008787199999998 0.0 0.0
1.7002387199999993 1.0 1.0
2.499598719999999 0.0 0.0
3.298958719999999 1.0 0.0
4.098318719999999 0.0 0.0
4.897678719999999 1.0 1.0
5.697038719999998 0.0 0.0
6.496398719999999 1.0 0.0
7.2957587199999985 0.0 0.0
8.095118719999999 1.0 1.0
8.894478719999997 0.0 0.0
9.693838719999997 1.0 0.0
10.493198719999997 0.0 0.0
11.292558719999997 1.0 1.0
12.091918719999997 0.0 0.0
12.891278719999995 1.0 0.0
13.690638719999995 0.0 0.0
14.489998719999996 1.0 1.0
15.289358719999994 0.0 0.0
16.088718719999996 1.0 0.0
16.888078719999996 0.0 0.0
17.687438719999992 1.0 1.0
18.486798719999992 0.0 0.0
19.286158719999992 1.0 0.0
20.085518719999992 0.0 0.0
20.884878719999993 1.0 1.0
21.684238719999993 0.0 0.0
22.483598719999993 1.0 0.0
23.282958719999993 0.0 0.0
24.082318719999993 1.0 1.0
24.881678719999993 0.0 0.0
25.681038719999997 1.0 0.0
26.480398719999993 0.0 0.0
27.279758719999993 1.0 1.0
28.079118719999997 0.0 0.0
28.878478719999997 1.0 0.0
29.677838719999997 0.0 0.0
30.477198719999997 1.0 1.0
31.276558719999997 0.0 0.0
32.07591872 1.0 0.0
32.87527872 0.0 0.0
33.67463872 1.0 1.0
34.47399872 0.0 0.0
35.27335872 1.0 0.0
36.07271872 0.0 0.0
36.87207872 1.0 1.0
37.67143872 0.0 0.0
38.47079872 1.0 0.0
39.27015872 0.0 0.0
40.06951871999999 1.0 1.0
40.86887871999999 0.0 0.0
41.66823871999999 1.0 0.0
42.46759871999999 0.0 0.0
43.26695871999999 1.0 1.0
44.06631871999999 0.0 0.0
44.86567871999999 1.0 0.0
45.66503871999999 0.0 0.0
46.46439871999999 1.0 1.0
47.26375871999999 0.0 0.0
48.06311871999999 1.0 0.0
48.86247871999999 0.0 0.0
49.66183871999999 1.0 1.0
50.46119871999999 0.0 0.0
51.260558719999985 1.0 0.0
52.059918719999985 0.0 0.0
52.859278719999985 1.0 1.0
53.658638719999985 0.0 0.0
54.457998719999985 1.0 0.0
55.257358719999985 0.0 0.0
56.056718719999985 1.0 1.0
56.856078719999985 0.0 0.0
57.655438719999985 1.0 0.0
58.454798719999985 0.0 0.0
59.254158719999985 1.0 1.0
60.053518719999985 0.0 0.0
60.852878719999985 1.0 0.0
61.652238719999986 0.0 0.0
62.451598719999986 1.0 1.0
63.25095871999998 0.0 0.0
64.05031871999998 1.0 0.0
64.84967871999999 0.0 0.0
65.64903871999998 1.0 1.0
66.44839871999999 0.0 0.0
67.24775871999998 1.0 0.0
68.04711871999999 0.0 0.0
68.84647871999998 1.0 1.0
69.64583871999999 0.0 0.0
70.44519871999998 1.0 0.0
71.24455871999999 0.0 0.0
72.04391871999998 1.0 1.0
72.84327871999997 0.0 0.0
73.64263871999998 1.0 0.0
74.44199871999997 0.0 0.0
75.24135871999998 1.0 1.0
76.04071871999997 0.0 0.0
76.84007871999998 1.0 0.0
77.63943871999997 0.0 0.0
78.43879871999998 1.0 1.0
79.23815871999997 0.0 0.0
80.03751871999998 1.0 0.0
80.83687871999997 0.0 0.0
81.63623871999998 1.0 1.0
82.43559871999997 0.0 0.0
83.23495871999998 1.0 0.0
84.03431871999997 0.0 0.0
84.83367871999998 1.0 1.0
85.63303871999997 0.0 0.0
86.43239871999998 1.0 0.0
87.23175871999997 0.0 0.0
88.03111871999998 1.0 1.0
88.83047871999997 0.0 0.0
89.62983871999998 1.0 0.0
90.42919871999997 0.0 0.0
91.22855871999998 1.0 1.0
92.02791871999997 0.0 0.0
92.82727871999997 1.0 0.0
93.62663871999997 0.0 0.0
94.42599871999997 1.0 1.0
95.22535871999997 0.0 0.0
96.02471871999997 1.0 0.0
96.82407871999997 0.0 0.0
97.62343871999997 1.0 1.0
98.42279871999997 0.0 0.0
99.22215871999997 1.0 0.0
100.02151871999997 0.0 0.0
100.82087871999997 1.0 1.0
101.62023871999997 0.0 0.0
102.41959871999998 1.0 0.0
103.21895871999999 0.0 0.0
104.01831871999998 1.0 1.0
104.81767871999999 0.0 0.0
105.61703871999998 1.0 0.0
106.41639871999999 0.0 0.0
107.21575871999998 1.0 1.0
108.01511871999998 0.0 0.0
108.81447871999998 1.0 0.0
109.61383871999998 0.0 0.0
110.41319871999998 1.0 1.0
111.21255871999998 0.0 0.0
112.01191871999998 1.0 0.0
112.81127871999998 0.0 0.0
113.61063871999998 1.0 1.0
114.40999871999998 0.0 0.0
115.20935871999998 1.0 0.0
116.00871871999998 0.0 0.0
116.80807871999998 1.0 1.0
117.60743871999998 0.0 0.0
118.40679871999998 1.0 0.0
119.20615871999998 0.0 0.0
120.00551871999998 1.0 1.0
120.80487871999998 0.0 0.0
121.60423871999998 1.0 0.0
122.40359871999998 0.0 0.0
123.20295871999998 1.0 1.0
124.00231871999998 0.0 0.0
124.80167871999998 1.0 0.0
125.60103871999998 0.0 0.0
126.40039871999998 1.0 1.0
127.19975871999998 0.0 0.0
127.99911871999997 1.0 0.0
128.79847871999996 0.0 0.0
129.59783871999997 1.0 1.0
130.39719871999998 0.0 0.0
131.19655871999998 1.0 0.0
131.99591871999996 0.0 0.0
132.79527871999997 1.0 1.0
133.59463871999998 0.0 0.0
134.39399871999998 1.0 0.0
135.19335871999996 0.0 0.0
135.99271871999997 1.0 1.0
136.79207871999998 0.0 0.0
137.59143871999999 1.0 0.0
138.39079871999996 0.0 0.0
139.19015871999997 1.0 1.0
139.98951871999998 0.0 0.0
140.78887871999999 1.0 0.0
141.58823871999996 0.0 0.0
142.38759871999997 1.0 1.0
143.18695871999998 0.0 0.0
143.98631871999999 1.0 0.0
144.78567871999996 0.0 0.0
145.58503871999997 1.0 1.0
146.38439871999998 0.0 0.0
147.18375871999996 1.0 0.0
147.98311871999996 0.0 0.0
148.78247871999997 1.0 1.0
149.58183871999998 0.0 0.0
150.38119871999996 1.0 0.0
151.18055871999996 0.0 0.0
151.97991871999997 1.0 1.0
152.77927871999998 0.0 0.0
153.57863871999996 1.0 0.0
154.37799871999997 0.0 0.0
155.17735871999997 1.0 1.0
155.97671871999998 0.0 0.0
156.77607871999996 1.0 0.0
157.57543871999997 0.0 0.0
158.37479871999997 1.0 1.0
159.17415871999998 0.0 0.0
159.97351871999996 1.0 0.0
160.77287871999997 0.0 0.0
161.57223871999997 1.0 1.0
162.37159871999998 0.0 0.0
163.17095871999996 1.0 0.0
163.97031871999997 0.0 0.0
164.76967871999997 1.0 1.0
165.56903871999998 0.0 0.0
166.36839871999996 1.0 0.0
167.16775871999997 0.0 0.0
167.96711871999997 1.0 1.0
168.76647871999995 0.0 0.0
169.56583871999996 1.0 0.0
170.36519871999997 0.0 0.0
171.16455871999997 1.0 1.0
171.96391871999995 0.0 0.0
172.76327871999996 1.0 0.0
173.56263871999997 0.0 0.0
174.36199871999997 1.0 1.0
175.16135871999995 0.0 0.0
175.96071871999996 1.0 0.0
176.76007871999997 0.0 0.0
177.55943871999997 1.0 1.0
178.35879871999995 0.0 0.0
179.15815871999996 1.0 0.0
179.95751871999997 0.0 0.0
180.75687871999997 1.0 1.0
181.55623871999995 0.0 0.0
182.35559871999996 1.0 0.0
183.15495871999997 0.0 0.0
183.95431871999997 1.0 1.0
184.75367871999995 0.0 0.0
185.55303871999996 1.0 0.0
186.35239871999997 0.0 0.0
187.15175871999998 1.0 1.0
187.95111871999995 0.0 0.0
188.75047871999996 1.0 0.0
189.54983871999997 0.0 0.0
190.34919871999995 1.0 1.0
191.14855871999995 0.0 0.0
191.94791871999996 1.0 0.0
192.74727871999997 0.0 0.0
193.54663871999995 1.0 1.0
194.34599871999995 0.0 0.0
195.14535871999996 1.0 0.0
195.94471871999997 0.0 0.0
196.74407871999995 1.0 1.0
197.54343871999995 0.0 0.0
198.34279871999996 1.0 0.0
199.14215871999997 0.0 0.0
199.94151871999995 1.0 1.0
200.74087871999996 0.0 0.0
201.54023871999996 1.0 0.0
202.33959871999997 0.0 0.0
203.13895871999995 1.0 1.0
203.93831871999996 0.0 0.0
204.73767871999996 1.0 0.0
205.53703871999997 0.0 0.0
206.33639871999995 1.0 1.0
207.13575871999996 0.0 0.0
207.93511871999996 1.0 0.0
208.75019077899992 0.0 0.0
209.68303699999993 1.0 1.0
210.65900986999995 0.0 0.0
211.46981986999992 1.0 0.0
212.28062986999993 0.0 0.0
213.09143986999993 1.0 1.0
213.90087699999992 0.0 0.0
214.70087699999993 1.0 0.0
215.50087699999992 0.0 0.0
216.30087699999993 1.0 1.0
217.1008769999999 0.0 0.0
217.90087699999992 1.0 0.0
218.70087699999993 0.0 0.0
219.50087699999992 1.0 1.0
220.30087699999993 0.0 0.0
221.1008769999999 1.0 0.0
221.90087699999992 0.0 0.0
222.70087699999993 1.0 1.0
223.50087699999992 0.0 0.0
224.30087699999993 1.0 0.0
225.1008769999999 0.0 0.0
225.90087699999992 1.0 1.0
226.70087699999993 0.0 0.0
227.50087699999992 1.0 0.0
228.30087699999993 0.0 0.0
229.1008769999999 1.0 1.0
229.90087699999992 0.0 0.0
230.70087699999993 1.0 0.0
231.50087699999992 0.0 0.0
232.30087699999993 1.0 1.0
233.1008769999999 0.0 0.0
233.90087699999992 1.0 0.0
234.70087699999993 0.0 0.0
235.50087699999992 1.0 1.0
236.30080918199994 0.0 0.0
237.10027518199993 1.0 0.0
237.89974118199993 0.0 0.0
238.69920718199992 1.0 1.0
239.49867318199992 0.0 0.0
240.29813918199994 1.0 0.0
241.09760518199994 0.0 0.0
241.89707118199993 1.0 1.0
242.69653718199993 0.0 0.0
243.49600318199992 1.0 0.0
244.29546918199992 0.0 0.0
245.09493518199992 1.0 1.0
245.89440118199994 0.0 0.0
246.69386718199993 1.0 0.0
247.49333318199993 0.0 0.0
248.29279918199992 1.0 1.0
249.09226518199992 0.0 0.0
249.89173118199992 1.0 0.0
250.69119718199994 0.0 0.0
251.49066318199993 1.0 1.0
252.29012918199993 0.0 0.0
253.08959518199993 1.0 0.0
253.88906118199992 0.0 0.0
254.68852718199992 1.0 1.0
255.48799318199994 0.0 0.0
256.2874591819999 1.0 0.0
257.0869251819999 0.0 0.0
257.88639118199995 1.0 1.0
258.68585718199995 0.0 0.0
259.48532318199995 1.0 0.0
260.28478918199994 0.0 0.0
261.08425518199994 1.0 1.0
261.88372118199993 0.0 0.0
262.6831871819999 1.0 0.0
263.4826531819999 0.0 0.0
264.2821191819999 1.0 1.0
265.0815851819999 0.0 0.0
265.8810511819999 1.0 0.0
266.6805171819999 0.0 0.0
267.47998318199996 1.0 1.0
268.27944918199995 0.0 0.0
269.07891518199995 1.0 0.0
269.87838118199994 0.0 0.0
270.67784718199994 1.0 1.0
271.47731318199993 0.0 0.0
272.2767791819999 1.0 0.0
273.0762451819999 0.0 0.0
273.8757111819999 1.0 1.0
274.6751771819999 0.0 0.0
275.4746431819999 1.0 0.0
276.2741091819999 0.0 0.0
277.0735751819999 1.0 0.0
277.87304118199995 0.0 0.0