0.04285710000000004 1.0 0.0
0.8999991 0.0 0.0
1.7571411 1.0 1.0
2.6142831 0.0 0.0
3.4714251000000003 1.0 0.0
4.3285671 0.0 0.0
5.1857091 1.0 1.0
6.0428511 0.0 0.0
6.899993100000001 1.0 0.0
7.7571351 0.0 0.0
8.6142771 1.0 1.0
9.4714191 0.0 0.0
10.3285611 1.0 0.0
11.185703100000001 0.0 0.0
12.042845100000001 1.0 1.0
12.8999871 0.0 0.0
13.7571291 1.0 0.0
14.614271100000002 0.0 0.0
15.471413100000001 1.0 1.0
16.3285551 0.0 0.0
17.185697100000002 1.0 0.0
18.042839100000002 0.0 0.0
18.8999811 1.0 1.0
19.7571231 0.0 0.0
20.6142651 1.0 0.0
21.4714071 0.0 0.0
22.3285491 1.0 1.0
23.1856911 0.0 0.0
24.042833100000003 1.0 0.0
24.899975100000002 0.0 0.0
25.757117100000002 1.0 1.0
26.6142591 0.0 0.0
27.471401099999998 1.0 0.0
28.328543099999997 0.0 0.0
29.185685099999997 1.0 1.0
30.0428271 0.0 0.0
30.8999691 1.0 0.0
31.757111100000003 0.0 0.0
32.6142531 1.0 1.0
33.4713951 0.0 0.0
34.3285371 1.0 0.0
35.1856791 0.0 0.0
36.042821100000005 1.0 1.0
36.8999631 0.0 0.0
37.757105100000004 1.0 0.0
38.6142471 0.0 0.0
39.4713891 1.0 1.0
40.3285311 0.0 0.0
41.1856731 1.0 0.0
42.042815100000006 0.0 0.0
42.8999571 1.0 1.0
43.757099100000005 0.0 0.0
44.6142411 1.0 0.0
45.471383100000004 0.0 0.0
46.3285251 1.0 1.0
47.1856671 0.0 0.0
48.0428091 1.0 0.0
48.8999511 0.0 0.0
49.757093100000006 1.0 1.0
50.6142351 0.0 0.0
51.471377100000005 1.0 0.0
52.3285191 0.0 0.0
53.185661100000004 1.0 1.0
54.0428031 0.0 0.0
54.899945100000004 1.0 0.0
55.7570871 0.0 0.0
56.6142291 1.0 1.0
57.471371100000006 0.0 0.0
58.3285131 1.0 0.0
59.185655100000005 0.0 0.0
60.0427971 1.0 1.0
60.899939100000005 0.0 0.0
61.7570811 1.0 0.0
62.614223100000004 0.0 0.0
63.4713651 1.0 1.0
64.32850710000001 0.0 0.0
65.1856491 1.0 0.0
66.0427911 0.0 0.0
66.8999331 1.0 1.0
67.75707510000001 0.0 0.0
68.6142171 1.0 0.0
69.4713591 0.0 0.0
70.3285011 1.0 1.0
71.18564310000001 0.0 0.0
72.0427851 1.0 0.0
72.8999271 0.0 0.0
73.75706910000001 1.0 1.0
74.6142111 0.0 0.0
75.4713531 1.0 0.0
76.3284951 0.0 0.0
77.18563710000001 1.0 1.0
78.0427791 0.0 0.0
78.8999211 1.0 0.0
79.75706310000001 0.0 0.0
80.6142051 1.0 1.0
81.4713471 0.0 0.0
82.3284891 1.0 0.0
83.18563110000001 0.0 0.0
84.0427731 1.0 1.0
84.8999151 0.0 0.0
85.75705710000001 1.0 0.0
86.61419910000001 0.0 0.0
87.4713411 1.0 1.0
88.3284831 0.0 0.0
89.18562510000001 1.0 0.0
90.0427671 0.0 0.0
90.8999091 1.0 1.0
91.7570511 0.0 0.0
92.61419310000001 1.0 0.0
93.4713351 0.0 0.0
94.3284771 1.0 1.0
95.18561910000001 0.0 0.0
96.0427611 1.0 0.0
96.8999031 0.0 0.0
97.7570451 1.0 1.0
98.61418710000001 0.0 0.0
99.4713291 1.0 0.0
100.3284711 0.0 0.0
101.18561310000001 1.0 1.0
102.04275510000001 0.0 0.0
102.8998971 1.0 0.0
103.7570391 0.0 0.0
104.61418110000001 1.0 1.0
105.4713231 0.0 0.0
106.3284651 1.0 0.0
107.1856071 0.0 0.0
108.04274910000001 1.0 1.0
108.8998911 0.0 0.0
109.75703310000002 1.0 0.0
110.61417510000003 0.0 0.0
111.47131710000002 1.0 1.0
112.32845910000002 0.0 0.0
113.18560110000001 1.0 0.0
114.04274310000002 0.0 0.0
114.89988510000002 1.0 1.0
115.75702710000002 0.0 0.0
116.61416910000001 1.0 0.0
117.47131110000001 0.0 0.0
118.3284531 1.0 1.0
119.1855951 0.0 0.0
120.04273710000001 1.0 0.0
120.8998791 0.0 0.0
121.7570211 1.0 1.0
122.61416310000001 0.0 0.0
123.47130510000001 1.0 0.0
124.3284471 0.0 0.0
125.1855891 1.0 1.0
126.04273110000001 0.0 0.0
126.89987310000001 1.0 0.0
127.7570151 0.0 0.0
128.6141571 1.0 1.0
129.4712991 0.0 0.0
130.32844110000002 1.0 0.0
131.1855831 0.0 0.0
132.0427251 1.0 1.0
132.8998671 0.0 0.0
133.7570091 1.0 0.0
134.61415110000002 0.0 0.0
135.4712931 1.0 1.0
136.3284351 0.0 0.0
137.18557710000002 1.0 0.0
138.0427191 0.0 0.0
138.8998611 1.0 1.0
139.75700310000002 0.0 0.0
140.6141451 1.0 0.0
141.4712871 0.0 0.0
142.3284291 1.0 1.0
143.1855711 0.0 0.0
144.04271310000001 1.0 0.0
144.8998551 0.0 0.0
145.7569971 1.0 1.0
146.61413910000002 0.0 0.0
147.4712811 1.0 0.0
148.3284231 0.0 0.0
149.18556510000002 1.0 1.0
150.0427071 0.0 0.0
150.8998491 1.0 0.0
151.75699110000002 0.0 0.0
152.6141331 1.0 1.0
153.4712751 0.0 0.0
154.3284171 1.0 0.0
155.1855591 0.0 0.0
156.04270110000002 1.0 1.0
156.8998431 0.0 0.0
157.7569851 1.0 0.0
158.61412710000002 0.0 0.0
159.4712691 1.0 1.0
160.3284111 0.0 0.0
161.18555310000002 1.0 0.0
162.0426951 0.0 0.0
162.8998371 1.0 1.0
163.7569791 0.0 0.0
164.6141211 1.0 0.0
165.47126310000002 0.0 0.0
166.3284051 1.0 1.0
167.1855471 0.0 0.0
168.04268910000002 1.0 0.0
168.8998311 0.0 0.0
169.7569731 1.0 1.0
170.61411510000002 0.0 0.0
171.4712571 1.0 0.0
172.3283991 0.0 0.0
173.18554110000002 1.0 1.0
174.0426831 0.0 0.0
174.89982510000002 1.0 0.0
175.7569671 0.0 0.0
176.6141091 1.0 1.0
177.47125110000002 0.0 0.0
178.3283931 1.0 0.0
179.1855351 0.0 0.0
180.04267710000002 1.0 1.0
180.8998191 0.0 0.0
181.7569611 1.0 0.0
182.61410310000002 0.0 0.0
183.4712451 1.0 1.0
184.32838710000001 0.0 0.0
185.1855291 1.0 0.0
186.0426711 0.0 0.0
186.89981310000002 1.0 1.0
187.7569551 0.0 0.0
188.6140971 1.0 0.0
189.47123910000002 0.0 0.0
190.3283811 1.0 1.0
191.1855231 0.0 0.0
192.04266510000002 1.0 0.0
192.8998071 0.0 0.0
193.7569491 1.0 1.0
194.6140911 0.0 0.0
195.4712331 1.0 0.0
196.32837510000002 0.0 0.0
197.1855171 1.0 1.0
198.0426591 0.0 0.0
198.89980110000002 1.0 0.0
199.7569431 0.0 0.0
200.6140851 1.0 1.0
201.47122710000002 0.0 0.0
202.3283691 1.0 0.0
203.1855111 0.0 0.0
204.04265310000002 1.0 1.0
204.8997951 0.0 0.0
205.75693710000002 1.0 0.0
206.6140791 0.0 0.0
207.4712211 1.0 1.0
208.32836310000002 0.0 0.0
209.1855051 1.0 0.0
210.0426471 0.0 0.0
210.89978910000002 1.0 1.0
211.7569311 0.0 0.0
212.6140731 1.0 0.0
213.47121510000002 0.0 0.0
214.3283571 1.0 1.0
215.18549910000002 0.0 0.0
216.0426411 1.0 0.0
216.8997831 0.0 0.0
217.75692510000002 1.0 1.0
218.6140671 0.0 0.0
219.4712091 1.0 0.0
220.32835110000002 0.0 0.0
221.1854931 1.0 1.0
222.0426351 0.0 0.0
222.89977710000002 1.0 0.0
223.7569191 0.0 0.0
224.61406110000001 1.0 1.0
225.47120310000003 0.0 0.0
226.3283451 1.0 0.0
227.18548710000002 0.0 0.0
228.0426291 1.0 1.0
228.8997711 0.0 0.0
229.75691310000002 1.0 0.0
230.6140551 0.0 0.0
231.4711971 1.0 1.0
232.32833910000002 0.0 0.0
233.1854811 1.0 0.0
234.04262310000001 0.0 0.0
234.89976510000002 1.0 1.0
235.7569071 0.0 0.0
236.61404910000002 1.0 0.0
237.4711911 0.0 0.0
238.3283331 1.0 1.0
239.18547510000002 0.0 0.0
240.0426171 1.0 0.0
240.8997591 0.0 0.0
241.75690110000002 1.0 1.0
242.6140431 0.0 0.0
243.4711851 1.0 0.0
244.32832710000002 0.0 0.0
245.1854691 1.0 1.0
246.04261110000002 0.0 0.0
246.89975310000003 1.0 0.0
247.7568951 0.0 0.0
248.61403710000002 1.0 1.0
249.4711791 0.0 0.0
250.33024010000003 1.0 0.0
251.22576210000003 0.0 0.0
252.12128410000003 1.0 1.0
253.01680610000003 0.0 0.0
253.91232810000002 1.0 0.0
254.80785010000002 0.0 0.0
255.70337210000002 1.0 1.0
256.59889410000005 0.0 0.0
257.4944161 1.0 0.0
258.38993810000005 0.0 0.0
259.2854601 1.0 1.0
260.18098210000005 0.0 0.0
261.0765041 0.0 0.0