0.13623522600000004 1.0 1.0
0.8421172259999999 0.0 0.0
1.5479992260000002 1.0 0.0
2.2538812260000003 0.0 0.0
2.9597632259999997 1.0 1.0
3.6656452259999996 0.0 0.0
4.3715272259999995 1.0 0.0
5.077409225999999 0.0 0.0
5.783291225999999 1.0 1.0
6.489173225999999 0.0 0.0
7.195055225999999 1.0 0.0
7.900937225999999 0.0 0.0
8.606819225999999 1.0 1.0
9.312701226 0.0 0.0
10.018583225999999 1.0 0.0
10.724465226 0.0 0.0
11.430347226 1.0 1.0
12.136229226000001 0.0 0.0
12.842111226000002 1.0 0.0
13.547993226 0.0 0.0
14.253875226000002 1.0 1.0
14.959757226 0.0 0.0
15.665639226000001 1.0 0.0
16.371521226000002 0.0 0.0
17.077403226 1.0 1.0
17.783285226 0.0 0.0
18.489167226000003 1.0 0.0
19.195049226000002 0.0 0.0
19.900931226 1.0 1.0
20.606813226 0.0 0.0
21.312695226000002 1.0 0.0
22.018577226 0.0 0.0
22.724459226 1.0 1.0
23.430341226 0.0 0.0
24.136223226 1.0 0.0
24.842105225999997 0.0 0.0
25.547987226 1.0 1.0
26.253869226 0.0 0.0
26.959751225999998 1.0 0.0
27.665633225999997 0.0 0.0
28.371515226 1.0 1.0
29.077397226 0.0 0.0
29.783279225999998 1.0 0.0
30.489161226 0.0 0.0
31.195043226 1.0 1.0
31.900925226 0.0 0.0
32.606807226 1.0 0.0
33.312689225999996 0.0 0.0
34.018571226 1.0 1.0
34.724453226 0.0 0.0
35.430335226 1.0 0.0
36.136217226 0.0 0.0
36.842099226 1.0 1.0
37.547981226 0.0 0.0
38.253863226 1.0 0.0
38.959745225999995 0.0 0.0
39.665627226 1.0 1.0
40.371509226 0.0 0.0
41.077391225999996 1.0 0.0
41.783273226 0.0 0.0
42.489155226 1.0 1.0
43.195037226 0.0 0.0
43.900919226 1.0 0.0
44.606801226 0.0 0.0
45.312683226 1.0 1.0
46.018565226 0.0 0.0
46.724447225999995 1.0 0.0
47.430329226 0.0 0.0
48.136211226 1.0 1.0
48.842093225999996 0.0 0.0
49.547975226 1.0 0.0
50.253857226 0.0 0.0
50.959739225999996 1.0 1.0
51.665621226 0.0 0.0
52.371503226 1.0 0.0
53.077385226 0.0 0.0
53.783267226 1.0 1.0
54.489149225999995 0.0 0.0
55.195031226 1.0 0.0
55.900913226 0.0 0.0
56.606795225999996 1.0 1.0
57.312677226 0.0 0.0
58.018559226 1.0 0.0
58.724441225999996 0.0 0.0
59.430323226 1.0 1.0
60.136205226 0.0 0.0
60.842087226 1.0 0.0
61.547969226 0.0 0.0
62.253851225999995 1.0 1.0
62.959733226 0.0 0.0
63.665615226 1.0 0.0
64.371497226 0.0 0.0
65.077379226 1.0 1.0
65.783261226 0.0 0.0
66.489143226 1.0 0.0
67.195025226 0.0 0.0
67.900907226 1.0 1.0
68.606789226 0.0 0.0
69.31267122599999 1.0 0.0
70.018553226 0.0 0.0
70.724435226 1.0 1.0
71.430317226 0.0 0.0
72.136199226 1.0 0.0
72.842081226 0.0 0.0
73.547963226 1.0 1.0
74.253845226 0.0 0.0
74.959727226 1.0 0.0
75.665609226 0.0 0.0
76.371491226 1.0 1.0
77.07737322599999 0.0 0.0
77.783255226 1.0 0.0
78.489137226 0.0 0.0
79.195019226 1.0 1.0
79.900901226 0.0 0.0
80.606783226 1.0 0.0
81.312665226 0.0 0.0
82.018547226 1.0 1.0
82.724429226 0.0 0.0
83.430311226 1.0 0.0
84.136193226 0.0 0.0
84.84207522599999 1.0 1.0
85.547957226 0.0 0.0
86.253839226 1.0 0.0
86.959721226 0.0 0.0
87.665603226 1.0 1.0
88.371485226 0.0 0.0
89.07736722599999 1.0 0.0
89.783249226 0.0 0.0
90.48913122600001 1.0 1.0
91.19501322600001 0.0 0.0
91.900895226 1.0 0.0
92.606777226 0.0 0.0
93.31265922600001 1.0 1.0
94.01854122600001 0.0 0.0
94.72442322600001 1.0 0.0
95.430305226 0.0 0.0
96.136187226 1.0 1.0
96.84206922599999 0.0 0.0
97.547951226 1.0 0.0
98.253833226 0.0 0.0
98.959715226 1.0 1.0
99.665597226 0.0 0.0
100.37147922599999 1.0 0.0
101.077361226 0.0 0.0
101.783243226 1.0 1.0
102.489125226 0.0 0.0
103.195007226 1.0 0.0
103.900889226 0.0 0.0
104.60677122599999 1.0 1.0
105.312653226 0.0 0.0
106.018535226 1.0 0.0
106.724417226 0.0 0.0
107.430299226 1.0 1.0
108.13618122599999 0.0 0.0
108.842063226 1.0 0.0
109.547945226 0.0 0.0
110.253827226 1.0 1.0
110.959709226 0.0 0.0
111.665591226 1.0 0.0
112.37147322599999 0.0 0.0
113.077355226 1.0 1.0
113.783237226 0.0 0.0
114.489119226 1.0 0.0
115.195001226 0.0 0.0
115.90088322599999 1.0 1.0
116.606765226 0.0 0.0
117.312647226 1.0 0.0
118.018529226 0.0 0.0
118.724411226 1.0 1.0
119.430293226 0.0 0.0
120.13617522599999 1.0 0.0
120.842057226 0.0 0.0
121.547939226 1.0 1.0
122.253821226 0.0 0.0
122.959703226 1.0 0.0
123.66558522599999 0.0 0.0
124.371467226 1.0 1.0
125.077349226 0.0 0.0
125.783231226 1.0 0.0
126.489113226 0.0 0.0
127.194995226 1.0 1.0
127.90087722599999 0.0 0.0
128.606759226 1.0 0.0
129.312641226 0.0 0.0
130.01852322599999 1.0 1.0
130.724405226 0.0 0.0
131.430287226 1.0 0.0
132.136169226 0.0 0.0
132.842051226 1.0 1.0
133.547933226 0.0 0.0
134.253815226 1.0 0.0
134.959697226 0.0 0.0
135.665579226 1.0 1.0
136.371461226 0.0 0.0
137.077343226 1.0 0.0
137.78322522599998 0.0 0.0
138.489107226 1.0 1.0
139.194989226 0.0 0.0
139.900871226 1.0 0.0
140.606753226 0.0 0.0
141.312635226 1.0 1.0
142.018517226 0.0 0.0
142.724399226 1.0 0.0
143.430281226 0.0 0.0
144.136163226 1.0 1.0
144.842045226 0.0 0.0
145.54792722599998 1.0 0.0
146.253809226 0.0 0.0
146.959691226 1.0 1.0
147.665573226 0.0 0.0
148.371455226 1.0 0.0
149.077337226 0.0 0.0
149.783219226 1.0 1.0
150.489101226 0.0 0.0
151.194983226 1.0 0.0
151.900865226 0.0 0.0
152.606747226 1.0 1.0
153.31262922599998 0.0 0.0
154.018511226 1.0 0.0
154.724393226 0.0 0.0
155.430275226 1.0 1.0
156.136157226 0.0 0.0
156.842039226 1.0 0.0
157.547921226 0.0 0.0
158.253803226 1.0 1.0
158.959685226 0.0 0.0
159.665567226 1.0 0.0
160.371449226 0.0 0.0
161.07733122599998 1.0 1.0
161.783213226 0.0 0.0
162.489095226 1.0 0.0
163.194977226 0.0 0.0
163.900859226 1.0 1.0
164.606741226 0.0 0.0
165.312623226 1.0 0.0
166.018505226 0.0 0.0
166.724387226 1.0 1.0
167.430269226 0.0 0.0
168.136151226 1.0 0.0
168.84203322599998 0.0 0.0
169.547915226 1.0 1.0
170.253797226 0.0 0.0
170.959679226 1.0 0.0
171.665561226 0.0 0.0
172.371443226 1.0 1.0
173.077325226 0.0 0.0
173.783207226 1.0 0.0
174.489089226 0.0 0.0
175.194971226 1.0 1.0
175.900853226 0.0 0.0
176.60673522599998 1.0 0.0
177.312617226 0.0 0.0
178.018499226 1.0 1.0
178.724381226 0.0 0.0
179.430263226 1.0 0.0
180.136145226 0.0 0.0
180.84202722599997 1.0 1.0
181.54790922599997 0.0 0.0
182.25379122599998 1.0 0.0
182.95967322599998 0.0 0.0
183.66555522599998 1.0 1.0
184.37143722599998 0.0 0.0
185.077319226 1.0 0.0
185.78320122599996 0.0 0.0
186.48908322599996 1.0 1.0
187.19496522599997 0.0 0.0
187.90084722599997 1.0 0.0
188.60672922599997 0.0 0.0
189.31261122599997 1.0 1.0
190.01849322599998 0.0 0.0
190.72437522599998 1.0 0.0
191.43025722599998 0.0 0.0
192.13613922599998 1.0 1.0
192.84202122599999 0.0 0.0
193.54790322599996 1.0 0.0
194.25378522599996 0.0 0.0
194.95966722599997 1.0 1.0
195.66554922599997 0.0 0.0
196.37143122599997 1.0 0.0
197.07731322599997 0.0 0.0
197.78319522599998 1.0 1.0
198.48907722599998 0.0 0.0
199.19495922599998 1.0 0.0
199.90084122599998 0.0 0.0
200.60672322599999 1.0 1.0
201.312605226 0.0 0.0
202.01848722599996 1.0 0.0
202.72436922599996 0.0 0.0
203.43025122599997 1.0 1.0
204.13613322599997 0.0 0.0
204.84201522599997 1.0 0.0
205.54789722599998 0.0 0.0
206.25377922599998 1.0 1.0
206.95966122599998 0.0 0.0
207.66554322599998 1.0 0.0
208.37142522599999 0.0 0.0
209.077307226 1.0 1.0
209.78318922599996 0.0 0.0
210.48907122599996 1.0 0.0
211.19495322599997 0.0 0.0
211.90083522599997 1.0 1.0
212.60671722599997 0.0 0.0
213.31259922599997 1.0 0.0
214.01848122599998 0.0 0.0
214.72436322599998 1.0 1.0
215.43024522599998 0.0 0.0
216.13612722599999 1.0 0.0
216.842009226 0.0 0.0
217.54789122599996 1.0 1.0
218.25377322599996 0.0 0.0
218.95965522599997 1.0 0.0
219.66553722599997 0.0 0.0
220.37141922599997 1.0 1.0
221.07730122599997 0.0 0.0
221.78318322599998 1.0 0.0
222.48906522599998 0.0 0.0
223.19494722599998 1.0 1.0
223.90082922599998 0.0 0.0
224.606711226 1.0 0.0
225.31259322599996 0.0 0.0
226.01847522599996 1.0 1.0
226.72435722599997 0.0 0.0
227.43023922599997 1.0 0.0
228.13612122599997 0.0 0.0
228.84200322599997 1.0 1.0
229.54788522599998 0.0 0.0
230.25376722599998 1.0 0.0
230.95964922599998 0.0 0.0
231.66553122599998 1.0 1.0
232.371413226 0.0 0.0
233.07729522599996 1.0 0.0
233.78317722599996 0.0 0.0
234.48905922599997 1.0 1.0
235.19494122599997 0.0 0.0
235.90082322599997 1.0 1.0
236.60670522599997 0.0 0.0
237.31258722599998 0.0 0.0
238.01846922599998 1.0 1.0