0.662727339 0.0 0.0
1.571818339 1.0 1.0
2.5395505638333336 0.0 0.0
3.5072925638333334 1.0 0.0
4.4028266005 0.0 0.0
5.298348600500001 1.0 1.0
6.2983311875 0.0 0.0
7.235841604166667 1.0 0.0
8.173341604166666 0.0 0.0
9.141078563833332 1.0 1.0
10.064163007999998 0.0 0.0
10.987240007999999 1.0 0.0
11.910317007999998 0.0 0.0
12.875323600499998 1.0 1.0
13.798396007999997 0.0 0.0
14.781992919666664 1.0 0.0
15.664361795499996 0.0 0.0
16.5598816005 1.0 1.0
17.497374604166662 0.0 0.0
18.480973919666663 1.0 0.0
19.44871856383333 0.0 0.0
20.357819339 1.0 1.0
21.266910339 0.0 0.0
22.176001339 1.0 0.0
23.14373356383333 0.0 0.0
24.11147556383333 1.0 1.0
25.079217563833332 0.0 0.0
26.002302007999997 1.0 0.0
26.925379007999997 0.0 0.0
28.036458668999995 1.0 1.0
28.906062926833332 0.0 0.0
29.775626926833333 1.0 0.0
30.64519092683333 0.0 0.0
31.597558123999995 1.0 1.0
32.520640007999994 0.0 0.0
33.36572200933333 1.0 0.0
34.333443563833335 0.0 0.0
35.31704791966667 1.0 1.0
36.30065491966667 0.0 0.0
37.28426191966667 1.0 0.0
38.193365338999996 0.0 0.0
39.102456339 1.0 1.0
40.011547338999996 0.0 0.0
40.97927956383333 1.0 0.0
41.962883919666666 0.0 0.0
42.87198733899999 1.0 1.0
43.781078339 0.0 0.0
44.733452123999996 1.0 0.0
45.685833124 0.0 0.0
46.669434919666664 1.0 1.0
47.57853833899999 0.0 0.0
48.44810892683333 1.0 0.0
49.31767292683333 0.0 0.0
50.33459636283333 1.0 1.0
51.30234656383333 0.0 0.0
52.225431008 1.0 0.0
53.177807124 0.0 0.0
54.130188124 1.0 1.0
55.053270008 0.0 0.0
55.99076760416666 1.0 0.0
56.913847008 0.0 0.0
57.836924008 1.0 1.0
58.760001007999996 0.0 0.0
59.683078007999995 1.0 0.0
60.606155007999995 0.0 0.0
61.58975191966667 1.0 1.0
62.57335891966667 0.0 0.0
63.510866604166665 1.0 0.0
64.44836660416667 0.0 0.0
65.34389560049999 1.0 1.0
66.31162556383333 0.0 0.0
67.20715960049999 1.0 0.0
68.14194592683333 0.0 0.0
69.07943460416666 1.0 1.0
70.01693460416666 0.0 0.0
70.95443460416666 1.0 0.0
71.89193460416666 0.0 0.0
72.82943460416666 1.0 1.0
73.81303391966667 0.0 0.0
74.75054160416667 1.0 0.0
75.68804160416667 0.0 0.0
76.62554160416667 1.0 1.0
77.56304160416667 0.0 0.0
78.4585706005 1.0 0.0
79.39606360416667 0.0 0.0
80.33356360416667 1.0 1.0
81.27106360416667 0.0 0.0
82.20856360416667 1.0 0.0
83.14606360416667 0.0 0.0
84.08356360416667 1.0 1.0
85.02106360416667 0.0 0.0
85.95856360416667 1.0 0.0
86.89606360416667 0.0 0.0
87.83356360416667 1.0 1.0
88.77106360416667 0.0 0.0
89.73880056383334 1.0 0.0
90.67630560416667 0.0 0.0
91.61380560416667 1.0 1.0
92.536885008 0.0 0.0
93.459962008 1.0 0.0
94.47689436283333 0.0 0.0
95.34648292683333 1.0 1.0
96.255567339 0.0 0.0
97.164658339 1.0 0.0
98.1991194405 0.0 0.0
99.13663560416667 1.0 1.0
100.045731339 0.0 0.0
100.954822339 1.0 0.0
101.86391333899999 0.0 0.0
102.773004339 1.0 1.0
103.78993436283334 0.0 0.0
104.699043339 1.0 0.0
105.5813997955 0.0 0.0
106.54912756383334 1.0 1.0
107.51686956383334 0.0 0.0
108.5168641875 1.0 0.0
109.45437460416667 0.0 0.0
110.39187460416667 1.0 1.0
111.2874036005 0.0 0.0
112.1829256005 1.0 0.0
113.135297124 0.0 0.0
114.087678124 1.0 1.0
115.02518060416668 0.0 0.0
115.96268060416668 1.0 0.0
116.90018060416668 0.0 0.0
117.90017018750001 1.0 1.0
118.75733599716668 0.0 0.0
119.74092191966668 1.0 0.0
120.72452891966668 0.0 0.0
121.67691512400003 1.0 1.0
122.57244660050003 0.0 0.0
123.46796860050003 1.0 0.0
124.42034012400003 0.0 0.0
125.32943833900003 1.0 1.0
126.25972450800003 0.0 0.0
127.18280150800004 1.0 0.0
128.13517762400002 0.0 0.0
129.08755862400002 1.0 1.0
130.03993962400003 0.0 0.0
130.96302150800003 1.0 0.0
131.88609850800003 0.0 0.0
132.80917550800004 1.0 1.0
133.7466731041667 0.0 0.0
134.6841731041667 1.0 0.0
135.65191006383336 0.0 0.0
136.61965206383334 1.0 1.0
137.58739406383336 0.0 0.0
138.496494839 1.0 0.0
139.405585839 0.0 0.0
140.37331806383335 1.0 1.0
141.34106006383334 0.0 0.0
142.2785651041667 1.0 0.0
143.2160651041667 0.0 0.0
144.1535651041667 1.0 1.0
145.0910651041667 0.0 0.0
146.0285651041667 1.0 0.0
146.9660651041667 0.0 0.0
147.9035651041667 1.0 1.0
148.8410651041667 0.0 0.0
149.7785651041667 1.0 0.0
150.7160651041667 0.0 0.0
151.58564042683335 1.0 1.0
152.55336606383335 0.0 0.0
153.52110806383334 1.0 0.0
154.48885006383335 0.0 0.0
155.3222044655 1.0 1.0
156.31892779549997 0.0 0.0
157.24199800799997 1.0 0.0
158.16507500799997 0.0 0.0
159.08815200799998 1.0 1.0
160.01122900799996 0.0 0.0
160.93430600799996 1.0 0.0
161.91790291966663 0.0 0.0
162.85541060416665 1.0 1.0
163.79291060416665 0.0 0.0
164.74528912399998 1.0 0.0
165.69767012399998 0.0 0.0
166.650051124 1.0 1.0
167.57313300799999 0.0 0.0
168.496210008 1.0 0.0
169.400966624 0.0 0.0
170.38456841966666 1.0 1.0
171.2801051005 0.0 0.0
172.23247662400001 1.0 0.0
173.155558508 0.0 0.0
174.07863550800002 1.0 1.0
175.03101162400003 0.0 0.0
175.99875106383337 1.0 0.0
176.96649306383335 0.0 0.0
177.93423506383337 1.0 1.0
178.85731950800002 0.0 0.0
179.78039650800002 1.0 0.0
180.70347350800003 0.0 0.0
181.626550508 1.0 1.0
182.59428506383335 0.0 0.0
183.517369508 1.0 0.0
184.3997282955 0.0 0.0
185.33721910416668 1.0 1.0
186.289597624 0.0 0.0
187.241978624 1.0 0.0
188.19435962400001 0.0 0.0
189.14674062400002 1.0 1.0
190.09912162400002 0.0 0.0
190.9562794971667 1.0 0.0
191.87934550800003 0.0 0.0
192.83172162400004 1.0 1.0
193.75480350800004 0.0 0.0
194.7384004196667 1.0 0.0
195.7220074196667 0.0 0.0
196.65951510416673 1.0 1.0
197.59701510416673 0.0 0.0
198.49254410050006 1.0 0.0
199.38806610050005 0.0 0.0
200.32555910416673 1.0 1.0
201.32554868750006 0.0 0.0
202.26305910416673 1.0 0.0
203.20055910416673 0.0 0.0
204.10965483900006 1.0 1.0
205.06202862400005 0.0 0.0
206.01440962400005 1.0 0.0
206.96679062400005 0.0 0.0
207.91917162400006 1.0 1.0
208.87155262400006 0.0 0.0
209.75391629550006 1.0 0.0
210.70628562400006 0.0 0.0
211.65866662400006 1.0 1.0
212.61104762400007 0.0 0.0
213.50657910050006 1.0 0.0
214.40210110050006 0.0 0.0
215.33959410416674 1.0 1.0
216.3073310638334 0.0 0.0
217.2750730638334 1.0 0.0
218.17060710050006 0.0 0.0
219.06612910050006 1.0 1.0
220.04972141966672 0.0 0.0
221.03332841966673 1.0 0.0
221.98571462400008 0.0 0.0
222.88124610050008 1.0 1.0
223.80431850800008 0.0 0.0
224.7273955080001 1.0 0.0
225.6504725080001 0.0 0.0
226.57354950800007 1.0 1.0
227.59048186283343 0.0 0.0
228.5428736240001 1.0 0.0
229.4519718390001 0.0 0.0
230.36106283900008 1.0 1.0
231.3134366240001 0.0 0.0
232.2658176240001 1.0 0.0
233.2181986240001 0.0 0.0
234.06328550933344 1.0 1.0
235.0156486240001 0.0 0.0
235.9680296240001 1.0 0.0
236.9204106240001 0.0 0.0
237.87279162400012 1.0 1.0
238.82517262400012 0.0 0.0
239.7626751041668 1.0 0.0
240.70017510416676 0.0 0.0
241.63767510416676 1.0 1.0
242.57517510416676 0.0 0.0
243.51267510416676 1.0 0.0
244.45017510416676 0.0 0.0
245.38767510416676 1.0 1.0
246.32517510416676 0.0 0.0
247.26267510416676 1.0 0.0
248.20017510416676 0.0 0.0
249.13767510416676 1.0 1.0
250.0607545080001 0.0 0.0
250.9838315080001 1.0 0.0
251.9362076240001 0.0 0.0
252.8885886240001 1.0 1.0
253.8116705080001 0.0 0.0
254.7347475080001 1.0 0.0
255.65782450800012 0.0 0.0
256.5809015080001 1.0 1.0
257.5183991041668 0.0 0.0
258.5528649405001 1.0 0.0
259.46197683900016 0.0 0.0
260.37106783900015 1.0 1.0
261.33880006383345 0.0 0.0
262.3065420638335 1.0 0.0
263.22962650800014 0.0 0.0
264.1527035080001 1.0 1.0
265.0757805080001 0.0 0.0
265.9988575080001 1.0 0.0
266.9219345080001 0.0 0.0
267.84501150800014 1.0 1.0
268.7680885080001 0.0 0.0
269.6911655080001 1.0 0.0
270.6911526875001 0.0 0.0
271.6911526875001 1.0 1.0
272.61424250800013 0.0 0.0
273.49057910050004 1.0 0.0
274.38610110050007 0.0 0.0
275.38608368750005 1.0 1.0
276.3091735080001 0.0 0.0
277.23225050800005 1.0 0.0
278.2158474196667 0.0 0.0
279.15335510416674 1.0 1.0
280.09085510416674 0.0 0.0
281.02835510416674 1.0 0.0
281.96585510416674 0.0 0.0
282.90335510416674 1.0 1.0
283.84085510416674 0.0 0.0
284.77835510416674 1.0 0.0
285.71585510416674 0.0 0.0
286.65335510416674 1.0 1.0
287.59085510416674 0.0 0.0
288.52835510416674 1.0 0.0
289.46585510416674 0.0 0.0
290.40335510416674 1.0 1.0
291.34085510416674 0.0 0.0
292.27835510416674 1.0 0.0
293.21585510416674 0.0 0.0
294.15335510416674 1.0 1.0
295.09085510416674 0.0 0.0
296.02835510416674 1.0 0.0
296.96585510416674 0.0 0.0
297.90335510416674 1.0 1.0
298.84085510416674 0.0 0.0
299.77835510416674 1.0 0.0
300.71585510416674 0.0 0.0
301.62495083900006 1.0 1.0
302.5624461041667 0.0 0.0
303.4999461041667 1.0 0.0
304.4374461041667 0.0 0.0
305.3749461041667 1.0 1.0
306.3124461041667 0.0 0.0
307.2499461041667 1.0 0.0
308.1874461041667 0.0 0.0
309.1249461041667 1.0 1.0
310.0624461041667 0.0 0.0
310.9999461041667 1.0 0.0
311.9374461041667 0.0 0.0
312.8749461041667 1.0 1.0
313.8124461041667 0.0 0.0
314.7499461041667 1.0 0.0
315.6874461041667 0.0 0.0
316.6249461041667 1.0 1.0
317.5624461041667 0.0 0.0
318.4999461041667 1.0 0.0
319.4374461041667 0.0 0.0
320.3749461041667 1.0 1.0
321.3124461041667 0.0 0.0
322.13438236800005 0.0 0.0
322.9562993680001 1.0 1.0
323.8518091005 0.0 0.0
324.74733110050005 1.0 0.0
325.6428531005 0.0 0.0
326.53837510050005 1.0 1.0
327.4338971005 0.0 0.0
328.32941910050005 1.0 0.0
329.2249411005 0.0 0.0
330.2418688628333 1.0 1.0
331.1374111005 0.0 0.0
332.03293310050003 1.0 0.0
332.9284551005 0.0 0.0
333.91204741966664 1.0 1.0
334.89565441966664 0.0 0.0
335.9301279405 1.0 0.0
336.9646099405 0.0 0.0
337.917004624 1.0 1.0
338.869385624 0.0 0.0
339.821766624 1.0 0.0
340.774147624 0.0 0.0
341.72652862399997 1.0 1.0
342.67890962399997 0.0 0.0
343.631290624 1.0 0.0