0.19375 0.0 0.0
0.8187500000000001 1.0 1.0
1.4437499999999999 0.0 0.0
2.06875 1.0 0.0
2.69375 0.0 0.0
3.31875 1.0 1.0
3.94375 0.0 0.0
4.5687500000000005 1.0 0.0
5.1937500000000005 0.0 0.0
5.8187500000000005 1.0 0.0
6.4437500000000005 0.0 0.0
7.0687500000000005 1.0 1.0
7.6937500000000005 0.0 0.0
8.31875 1.0 0.0
8.94375 0.0 0.0
9.56875 1.0 1.0
10.19375 0.0 0.0
10.81875 1.0 0.0
11.44375 0.0 0.0
12.06875 1.0 1.0
12.69375 0.0 0.0
13.31875 1.0 0.0
13.94375 0.0 0.0
14.56875 1.0 1.0
15.19375 0.0 0.0
15.81875 1.0 0.0
16.443749999999998 0.0 0.0
17.068749999999998 1.0 1.0
17.693749999999998 0.0 0.0
18.318749999999998 1.0 0.0
18.943749999999998 0.0 0.0
19.568749999999998 1.0 1.0
20.19375 0.0 0.0
20.81875 1.0 0.0
21.443750000000005 0.0 0.0
22.068750000000005 1.0 1.0
22.693750000000005 0.0 0.0
23.318750000000005 1.0 0.0
23.943750000000005 0.0 0.0
24.568750000000005 1.0 1.0
25.193750000000005 0.0 0.0
25.818750000000005 1.0 0.0
26.443750000000005 0.0 0.0
27.068750000000005 1.0 1.0
27.693750000000005 0.0 0.0
28.318750000000005 1.0 0.0
28.943750000000005 0.0 0.0
29.568750000000005 1.0 1.0
30.193750000000005 0.0 0.0
30.818750000000005 1.0 0.0
31.443750000000005 0.0 0.0
32.06875 1.0 1.0
32.69375 0.0 0.0
33.31875 1.0 0.0
33.94375 0.0 0.0
34.56875 1.0 1.0
35.19375 0.0 0.0
35.81875 1.0 0.0
36.44375 0.0 0.0
37.06875 1.0 1.0
37.69375 0.0 0.0
38.31875 1.0 0.0
38.94375 0.0 0.0
39.56875 1.0 1.0
40.19375 0.0 0.0
40.81875 1.0 0.0
41.44375 0.0 0.0
42.06875 1.0 1.0
42.69375 0.0 0.0
43.31875 1.0 0.0
43.94375 0.0 0.0
44.56875 1.0 1.0
45.19375 0.0 0.0
45.81875 1.0 0.0
46.44375 0.0 0.0
47.06875 1.0 1.0
47.69375 0.0 0.0
48.31875 1.0 0.0
48.94375 0.0 0.0
49.56875 1.0 1.0
50.19375 0.0 0.0
50.81875 1.0 0.0
51.44375 0.0 0.0
52.06875 1.0 1.0
52.69375 0.0 0.0
53.31875 1.0 0.0
53.94375 0.0 0.0
54.56875 1.0 1.0
55.19375 0.0 0.0
55.81875 1.0 0.0
56.44375 0.0 0.0
57.06875 1.0 1.0
57.69375 0.0 0.0
58.31875 1.0 0.0
58.94375 0.0 0.0
59.56875 1.0 1.0
60.19375 0.0 0.0
60.81875 1.0 0.0
61.44375 0.0 0.0
62.06875 1.0 1.0
62.69375 0.0 0.0
63.31875 1.0 0.0
63.94375 0.0 0.0
64.56875000000001 1.0 1.0
65.19375000000001 0.0 0.0
65.81875000000001 1.0 0.0
66.44375000000001 0.0 0.0
67.06875000000001 1.0 1.0
67.69375000000001 0.0 0.0
68.31875000000001 1.0 0.0
68.94375000000001 0.0 0.0
69.56875000000001 1.0 1.0
70.19375000000001 0.0 0.0
70.81875000000001 1.0 0.0
71.44375000000001 0.0 0.0
72.06875000000001 1.0 1.0
72.69375000000001 0.0 0.0
73.31875000000001 1.0 0.0
73.94375000000001 0.0 0.0
74.56875000000001 1.0 1.0
75.19375000000001 0.0 0.0
75.81875000000001 1.0 0.0
76.44375000000001 0.0 0.0
77.06875000000001 1.0 1.0
77.69375000000001 0.0 0.0
78.31875000000001 1.0 0.0
78.94375000000001 0.0 0.0
79.56875000000001 1.0 1.0
80.19375000000001 0.0 0.0
80.81875000000001 1.0 0.0
81.44375000000001 0.0 0.0
82.06875000000001 1.0 1.0
82.69375000000001 0.0 0.0
83.31875000000001 1.0 0.0
83.94375000000001 0.0 0.0
84.56875000000001 1.0 1.0
85.19375000000001 0.0 0.0
85.81875000000001 1.0 0.0
86.44375000000001 0.0 0.0
87.06875000000001 1.0 1.0
87.69375000000001 0.0 0.0
88.31875000000001 1.0 0.0
88.94375000000001 0.0 0.0
89.56875000000001 1.0 1.0
90.19375000000001 0.0 0.0
90.81875000000001 1.0 0.0
91.44375000000001 0.0 0.0
92.06875000000001 1.0 1.0
92.69375000000001 0.0 0.0
93.31875000000001 1.0 0.0
93.94375000000001 0.0 0.0
94.56875000000001 1.0 1.0
95.19375000000001 0.0 0.0
95.81875000000001 1.0 0.0
96.44375000000001 0.0 0.0
97.06875000000001 1.0 1.0
97.69375000000001 0.0 0.0
98.31875000000001 1.0 0.0
98.94375000000001 0.0 0.0
99.56875000000001 1.0 1.0
100.19375000000001 0.0 0.0
100.81875000000001 1.0 0.0
101.44375000000001 0.0 0.0
102.06875000000001 1.0 1.0
102.69375000000001 0.0 0.0
103.31875000000001 1.0 0.0
103.94375000000001 0.0 0.0
104.56875000000001 1.0 1.0
105.19375000000001 0.0 0.0
105.81875000000001 1.0 0.0
106.44375000000001 0.0 0.0
107.06875000000001 1.0 1.0
107.69375000000001 0.0 0.0
108.31875000000001 1.0 0.0
108.94375000000001 0.0 0.0
109.56875000000001 1.0 1.0
110.19375000000001 0.0 0.0
110.81875000000001 1.0 0.0
111.44375000000001 0.0 0.0
112.06875000000001 1.0 1.0
112.69375000000001 0.0 0.0
113.31875000000001 1.0 0.0
113.94375000000001 0.0 0.0
114.56875000000001 1.0 1.0
115.19375000000001 0.0 0.0
115.81875000000001 1.0 0.0
116.44375000000001 0.0 0.0
117.06875000000001 1.0 1.0
117.69375000000001 0.0 0.0
118.31875000000001 1.0 0.0
118.94375000000001 0.0 0.0
119.56875000000001 1.0 1.0
120.19375000000001 0.0 0.0
120.81875000000001 1.0 0.0
121.44375000000001 0.0 0.0
122.06875000000001 1.0 1.0
122.69375000000001 0.0 0.0
123.31875000000001 1.0 0.0
123.94375000000001 0.0 0.0
124.56875000000001 1.0 1.0
125.19375000000001 0.0 0.0
125.81875000000001 1.0 0.0
126.44375000000001 0.0 0.0
127.06875000000001 1.0 1.0
127.69375000000001 0.0 0.0
128.31875 1.0 0.0
128.94375 0.0 0.0
129.56875 1.0 1.0
130.19375 0.0 0.0
130.81875 1.0 0.0
131.44375 0.0 0.0
132.06875 1.0 1.0
132.69375 0.0 0.0
133.31875 1.0 0.0
133.94375 0.0 0.0
134.56875 1.0 1.0
135.19375 0.0 0.0
135.81875 1.0 0.0
136.44375 0.0 0.0
137.06875 1.0 1.0
137.69375 0.0 0.0
138.31875 1.0 0.0
138.94375 0.0 0.0
139.56875 1.0 1.0
140.19375 0.0 0.0
140.81875 1.0 0.0
141.44375 0.0 0.0
142.06875 1.0 1.0
142.69375 0.0 0.0
143.31875 1.0 0.0
143.94375 0.0 0.0
144.56875 1.0 1.0
145.19375 0.0 0.0
145.81875 1.0 1.0
146.44375 0.0 0.0
147.06875 0.0 0.0
147.69375 1.0 0.0
148.31875 0.0 0.0
148.94375 1.0 1.0
149.56875 0.0 0.0
150.19375 1.0 0.0
150.81875 0.0 0.0
151.44375 1.0 0.0
152.06875 0.0 0.0
152.69375 1.0 1.0
153.31875 0.0 0.0
153.94375 1.0 0.0
154.56875 0.0 0.0
155.19375 1.0 1.0
155.81875 0.0 0.0
156.44375 1.0 0.0
157.06875 0.0 0.0
157.69375 1.0 1.0
158.31875 0.0 0.0
158.94375 1.0 0.0
159.56875 0.0 0.0
160.19375 1.0 1.0
160.81875 0.0 0.0
161.44375 1.0 0.0
162.06875 0.0 0.0
162.69375 1.0 1.0
163.31875 0.0 0.0
163.94375 1.0 0.0
164.56875 0.0 0.0
165.19375 1.0 1.0
165.81875 0.0 0.0
166.44375 1.0 0.0
167.06875 0.0 0.0
167.69375 1.0 1.0
168.31875 0.0 0.0
168.94375 1.0 0.0
169.56875 0.0 0.0
170.19375 1.0 1.0
170.81875 0.0 0.0
171.44375 1.0 0.0
172.06875 0.0 0.0
172.69375 1.0 1.0
173.31875 0.0 0.0
173.94375 1.0 0.0
174.56875 0.0 0.0
175.19375 1.0 1.0
175.81875 0.0 0.0
176.44375 1.0 0.0
177.06875 0.0 0.0
177.69375 1.0 1.0
178.31875 0.0 0.0
178.94375 1.0 0.0
179.56875 0.0 0.0
180.19375 1.0 1.0
180.81875 0.0 0.0
181.44375 1.0 0.0
182.06875 0.0 0.0
182.69375 1.0 1.0
183.31875 0.0 0.0
183.94375 1.0 0.0
184.56875 0.0 0.0
185.19375 1.0 1.0
185.81875 0.0 0.0
186.44375 1.0 0.0
187.06875 0.0 0.0
187.69375 1.0 1.0
188.31875 0.0 0.0
188.94375 1.0 0.0
189.56875 0.0 0.0
190.19375 1.0 1.0
190.81875 0.0 0.0
191.44375 1.0 0.0
192.06875 0.0 0.0
192.69375 1.0 1.0
193.31875 0.0 0.0
193.94375 1.0 0.0
194.56875 0.0 0.0
195.19375 1.0 1.0
195.81875 0.0 0.0
196.44375 1.0 0.0
197.06875 0.0 0.0
197.69375 1.0 1.0
198.31875 0.0 0.0
198.94375 1.0 0.0
199.56875 0.0 0.0
200.19375 1.0 1.0
200.81875 0.0 0.0
201.44375 1.0 0.0
202.06875 0.0 0.0
202.69375 1.0 1.0
203.31875 0.0 0.0
203.94375 1.0 0.0
204.56875 0.0 0.0
205.19375 1.0 1.0
205.81875 0.0 0.0
206.44375 1.0 0.0
207.06875 0.0 0.0
207.69375 1.0 1.0
208.31875 0.0 0.0
208.94375 1.0 0.0
209.56875 0.0 0.0
210.19375 1.0 1.0
210.81875 0.0 0.0
211.44375 1.0 0.0
212.06875 0.0 0.0
212.69375 1.0 1.0
213.31875 0.0 0.0
213.94375 1.0 0.0
214.56875 0.0 0.0
215.19375 1.0 1.0
215.81875 0.0 0.0
216.44375 1.0 0.0
217.06875 0.0 0.0
217.69375 1.0 1.0
218.31875 0.0 0.0
218.94375 1.0 0.0
219.56875 0.0 0.0
220.19375 1.0 1.0
220.81875 0.0 0.0
221.44375 1.0 0.0
222.06875 0.0 0.0
222.69375 1.0 1.0
223.31875 0.0 0.0
223.94375 1.0 0.0
224.56875 0.0 0.0
225.19375 1.0 1.0
225.81875 0.0 0.0
226.44375 1.0 0.0
227.06875 0.0 0.0
227.69375 1.0 1.0
228.31875 0.0 0.0
228.94375 1.0 0.0
229.56875 0.0 0.0
230.19375 1.0 1.0
230.81875 0.0 0.0
231.44375 1.0 0.0
232.06875 0.0 0.0
232.69375 1.0 1.0
233.31875 0.0 0.0
233.94375 1.0 0.0
234.56875 0.0 0.0
235.19375 1.0 1.0
235.81875 0.0 0.0
236.44375 1.0 0.0
237.06875 0.0 0.0
237.69375 1.0 1.0
238.31875 0.0 0.0
238.94375 1.0 0.0
239.56875 0.0 0.0
240.19375 1.0 1.0
240.81875 0.0 0.0
241.44375 1.0 1.0
242.06875 0.0 0.0
242.69375 1.0 0.0
243.31875 0.0 0.0
243.94375 1.0 1.0
244.56875 0.0 0.0
245.19375 1.0 0.0
245.81875 0.0 0.0
246.44375 1.0 1.0
247.06875 0.0 0.0
247.69375 1.0 0.0
248.31875 0.0 0.0
248.94375 1.0 1.0
249.56875 0.0 0.0
250.19375 1.0 0.0
250.81875 0.0 0.0
251.44375 1.0 1.0
252.06875 0.0 0.0
252.69375 1.0 0.0
253.31875 0.0 0.0
253.94375 1.0 1.0
254.56875 0.0 0.0
255.19375 1.0 0.0
255.81875 0.0 0.0
256.44374999999997 1.0 1.0
257.06874999999997 0.0 0.0
257.69374999999997 1.0 0.0
258.31874999999997 0.0 0.0
258.94374999999997 1.0 0.0
259.56874999999997 0.0 0.0
260.19374999999997 1.0 1.0
260.81874999999997 0.0 0.0
261.44374999999997 1.0 0.0
262.06874999999997 0.0 0.0
262.69374999999997 1.0 1.0
263.31874999999997 0.0 0.0
263.94374999999997 1.0 0.0
264.56874999999997 0.0 0.0
265.19374999999997 1.0 1.0
265.81874999999997 0.0 0.0
266.44374999999997 1.0 0.0
267.06874999999997 0.0 0.0
267.69374999999997 1.0 1.0
268.31874999999997 0.0 0.0
268.94374999999997 1.0 0.0
269.56874999999997 0.0 0.0
270.19374999999997 1.0 1.0
270.81874999999997 0.0 0.0
271.44374999999997 1.0 0.0
272.06874999999997 0.0 0.0
272.69374999999997 1.0 1.0
273.31874999999997 0.0 0.0
273.94374999999997 1.0 0.0
274.56874999999997 0.0 0.0
275.19374999999997 1.0 1.0
275.81874999999997 0.0 0.0
276.44374999999997 1.0 0.0
277.06874999999997 0.0 0.0
277.69374999999997 1.0 1.0
278.31874999999997 0.0 0.0
278.94374999999997 1.0 0.0
279.56874999999997 0.0 0.0
280.19374999999997 1.0 1.0
280.81874999999997 0.0 0.0
281.44374999999997 1.0 0.0
282.06874999999997 0.0 0.0
282.69374999999997 1.0 1.0
283.31874999999997 0.0 0.0
283.94374999999997 1.0 0.0
284.56874999999997 0.0 0.0
285.19374999999997 1.0 1.0
285.81874999999997 0.0 0.0
286.44374999999997 1.0 0.0
287.06874999999997 0.0 0.0
287.69374999999997 1.0 1.0
288.31874999999997 0.0 0.0
288.94374999999997 1.0 0.0
289.56874999999997 0.0 0.0
290.19374999999997 1.0 0.0
290.81874999999997 0.0 0.0
291.44374999999997 1.0 1.0
292.06874999999997 0.0 0.0
292.69374999999997 1.0 0.0
293.31874999999997 0.0 0.0
293.94374999999997 1.0 1.0
294.56874999999997 0.0 0.0
295.19374999999997 1.0 0.0
295.81874999999997 0.0 0.0
296.44374999999997 1.0 1.0
297.06874999999997 0.0 0.0
297.69374999999997 1.0 0.0
298.31874999999997 0.0 0.0
298.94374999999997 1.0 1.0
299.56874999999997 0.0 0.0
300.19374999999997 1.0 0.0
300.81874999999997 0.0 0.0
301.44374999999997 1.0 1.0
302.06874999999997 0.0 0.0
302.69374999999997 1.0 0.0
303.31874999999997 0.0 0.0
303.94374999999997 1.0 1.0
304.56874999999997 0.0 0.0
305.19374999999997 1.0 0.0
305.81874999999997 0.0 0.0
306.44374999999997 1.0 1.0
307.06874999999997 0.0 0.0
307.69374999999997 1.0 0.0
308.31874999999997 0.0 0.0