0.13645162200000002 1.0 0.0
1.1041936220000002 0.0 0.0
2.0719356220000003 1.0 1.0
3.0396776220000006 0.0 0.0
4.0074196220000005 1.0 0.0
4.975161622 0.0 0.0
5.942903622 1.0 1.0
6.9106456220000005 0.0 0.0
7.878387622000001 1.0 0.0
8.846129622000001 0.0 0.0
9.813871622000002 1.0 1.0
10.781613622000002 0.0 0.0
11.749355622000001 1.0 0.0
12.717097622000002 0.0 0.0
13.684839622000002 1.0 1.0
14.652581622000001 0.0 0.0
15.620323622 1.0 0.0
16.588065622 0.0 0.0
17.555807622 1.0 1.0
18.523549621999997 0.0 0.0
19.491291622 1.0 0.0
20.459033622 0.0 0.0
21.426775621999997 1.0 1.0
22.394517622 0.0 0.0
23.362259622 1.0 0.0
24.330001622 0.0 0.0
25.297743622 1.0 1.0
26.265485622 0.0 0.0
27.233227622 1.0 0.0
28.200969622 0.0 0.0
29.168711622 1.0 1.0
30.136453622 0.0 0.0
31.104195622 1.0 0.0
32.071937622 0.0 0.0
33.039679622 1.0 1.0
34.007421622 0.0 0.0
34.975163622000004 1.0 0.0
35.942905622000005 0.0 0.0
36.910647622000006 1.0 1.0
37.87838962200001 0.0 0.0
38.846131622 1.0 0.0
39.813873622 0.0 0.0
40.781615622000004 1.0 1.0
41.749357622000005 0.0 0.0
42.717099622000006 1.0 0.0
43.68484162200001 0.0 0.0
44.65258362200001 1.0 1.0
45.620325622 0.0 0.0
46.588067622000004 1.0 0.0
47.555809622000005 0.0 0.0
48.52355162200001 1.0 1.0
49.49129362200001 0.0 0.0
50.45903562200001 1.0 0.0
51.426777622 0.0 0.0
52.394519622000004 1.0 1.0
53.362261622000005 0.0 0.0
54.33000362200001 1.0 0.0
55.29774562200001 0.0 0.0
56.26548762200001 1.0 1.0
57.233229622 0.0 0.0
58.200971622000004 1.0 0.0
59.168713622000006 0.0 0.0
60.13645562200001 1.0 1.0
61.10419762200001 0.0 0.0
62.071939622000016 1.0 0.0
63.03968162200002 0.0 0.0
64.00742362200002 1.0 1.0
64.97516562200002 0.0 0.0
65.94290762200002 1.0 0.0
66.91064962200001 0.0 0.0
67.87839162200001 1.0 1.0
68.84613362200001 0.0 0.0
69.81387562200001 1.0 0.0
70.78161762200001 0.0 0.0
71.74935962200001 1.0 1.0
72.717101622 0.0 0.0
73.684843622 1.0 0.0
74.652585622 0.0 0.0
75.620327622 1.0 1.0
76.588069622 0.0 0.0
77.55581162200001 1.0 0.0
78.52355362200001 0.0 0.0
79.49129562200001 1.0 1.0
80.45903762200001 0.0 0.0
81.42677962200001 1.0 0.0
82.39452162200001 0.0 0.0
83.36226362200001 1.0 1.0
84.33000562200002 0.0 0.0
85.297747622 1.0 0.0
86.265489622 0.0 0.0
87.233231622 1.0 1.0
88.200973622 0.0 0.0
89.16871562200001 1.0 0.0
90.13645762200001 0.0 0.0
91.10419962200001 1.0 1.0
92.07194162200001 0.0 0.0
93.03968362200001 1.0 0.0
94.00742562200001 0.0 0.0
94.97516762200001 1.0 1.0
95.94290962200002 0.0 0.0
96.91065162200002 1.0 0.0
97.878393622 0.0 0.0
98.846135622 1.0 1.0
99.813877622 0.0 0.0
100.78161962200001 1.0 0.0
101.74936162200001 0.0 0.0
102.71710362200001 1.0 1.0
103.68484562200001 0.0 0.0
104.65258762200001 1.0 0.0
105.62032962200001 0.0 0.0
106.58807162200002 1.0 1.0
107.55581362200002 0.0 0.0
108.52355562200002 1.0 0.0
109.49129762200002 0.0 0.0
110.459039622 1.0 1.0
111.42678162200001 0.0 0.0
112.39452362200001 1.0 0.0
113.36226562200001 0.0 0.0
114.33000762200001 1.0 1.0
115.29774962200001 0.0 0.0
116.26549162200001 1.0 0.0
117.23323362200001 0.0 0.0
118.20097562200002 1.0 1.0
119.16871762200002 0.0 0.0
120.13645962200002 1.0 0.0
121.10420162200002 0.0 0.0
122.071943622 1.0 1.0
123.03968562200001 0.0 0.0
124.007427622 1.0 0.0
124.97673158 0.0 0.0
125.94603658000001 1.0 1.0
126.91534158 0.0 0.0
127.88464658000001 1.0 0.0
128.85395158 0.0 0.0
129.82325658000002 1.0 1.0
130.79256158 0.0 0.0
131.76186658 1.0 0.0
132.73117158 0.0 0.0
133.70047658000001 1.0 1.0
134.66978158 0.0 0.0
135.63908658 1.0 0.0
136.60839158000002 0.0 0.0
137.57769658 1.0 1.0
138.54700158 0.0 0.0
139.51630658000002 1.0 0.0
140.48561158 0.0 0.0
141.45491658 1.0 1.0
142.42422158 0.0 0.0
143.39352658 1.0 0.0
144.36283158 0.0 0.0
145.33213658 1.0 1.0
146.30144158000002 0.0 0.0
147.27074658 1.0 0.0
148.24005158 0.0 0.0
149.20935658000002 1.0 1.0
150.17866158 0.0 0.0
151.14796658 1.0 0.0
152.11727158000002 0.0 0.0
153.08657658 1.0 1.0
154.05588158 0.0 0.0
155.02518658000002 1.0 0.0
155.99449158000002 0.0 0.0
156.96379658 1.0 1.0
157.93310158000003 0.0 0.0
158.90240658000002 1.0 0.0
159.87171158 0.0 0.0
160.84101658 1.0 1.0
161.81032158 0.0 0.0
162.77962658 1.0 0.0
163.74893158 0.0 0.0
164.71823658 1.0 1.0
165.68754158000002 0.0 0.0
166.65684658 1.0 0.0
167.62615158 0.0 0.0
168.59545658000002 1.0 1.0
169.56476158 0.0 0.0
170.53406658 1.0 0.0
171.50337158000002 0.0 0.0
172.47267658 1.0 1.0
173.44198158 0.0 0.0
174.41128658000002 1.0 0.0
175.38059158000002 0.0 0.0
176.34989658 1.0 1.0
177.31920158000003 0.0 0.0
178.28850658000002 1.0 0.0
179.25781158 0.0 0.0
180.22711658000003 1.0 1.0
181.19642158000002 0.0 0.0
182.16572658 1.0 0.0
183.13503158 0.0 0.0
184.10433658 1.0 1.0
185.07364158000001 0.0 0.0
186.04294658 1.0 0.0
187.010689622 0.0 0.0
187.97843162200002 1.0 1.0
188.946173622 0.0 0.0
189.91391562200002 1.0 0.0
190.881657622 0.0 0.0
191.84939962200002 1.0 1.0
192.817141622 0.0 0.0
193.78488362200002 1.0 0.0
194.752625622 0.0 0.0
195.72036762200003 1.0 1.0
196.688109622 0.0 0.0
197.655851622 1.0 0.0
198.62359362200002 0.0 0.0
199.591335622 1.0 1.0
200.55907762200002 0.0 0.0
201.526819622 1.0 0.0
202.49456162200002 0.0 0.0
203.462303622 1.0 1.0
204.43004562200002 0.0 0.0
205.397787622 1.0 0.0
206.36552962200003 0.0 0.0
207.333271622 1.0 1.0
208.30101362200003 0.0 0.0
209.26875562200001 1.0 0.0
210.236497622 0.0 0.0
211.20423962200002 1.0 1.0
212.171981622 0.0 0.0
213.13972362200002 1.0 0.0
214.107465622 0.0 0.0
215.07520762200002 1.0 1.0
216.042949622 0.0 0.0
217.01069162200002 1.0 0.0
217.978433622 0.0 0.0
218.946175622 1.0 1.0
219.913917622 0.0 0.0
220.88165962200003 1.0 0.0
221.84940162200002 0.0 0.0
222.817143622 1.0 1.0
223.78488562200002 0.0 0.0
224.75262762200003 1.0 0.0
225.72036962200002 0.0 0.0
226.688111622 1.0 1.0
227.65585362200002 0.0 0.0
228.623595622 1.0 0.0
229.59133762200003 0.0 0.0
230.559079622 1.0 1.0
231.526821622 0.0 0.0
232.49456362200002 1.0 0.0
233.46230562200003 0.0 0.0
234.43004762200002 1.0 1.0
235.397789622 0.0 0.0
236.36553162200002 1.0 0.0
237.33327362200004 0.0 0.0
238.30101562200002 1.0 1.0
239.268757622 0.0 0.0
240.23649962200003 1.0 0.0
241.204241622 0.0 0.0
242.17198362200003 1.0 1.0
243.13972562200001 0.0 0.0
244.107467622 1.0 0.0
245.07520962200002 0.0 0.0
246.04295162200003 1.0 1.0
247.01069362200002 0.0 0.0
247.97843562200003 1.0 0.0
248.94617762200005 0.0 0.0
249.91391962200004 1.0 1.0
250.88166162200002 0.0 0.0
251.84940362200004 1.0 0.0
252.81714562200006 0.0 0.0
253.78488762200004 1.0 1.0
254.75262962200003 0.0 0.0
255.72037162200004 1.0 0.0
256.68811362200006 0.0 0.0
257.65585562200005 1.0 1.0
258.62359762200003 0.0 0.0
259.5913396220001 1.0 0.0
260.559081622 0.0 0.0
261.52682362200005 1.0 1.0
262.49456562200004 0.0 0.0
263.462307622 1.0 0.0
264.43004962200007 0.0 0.0
265.39779162200006 1.0 1.0
266.36553362200004 0.0 0.0
267.33327562200003 1.0 0.0
268.301017622 0.0 0.0
269.26875962200006 1.0 1.0
270.23650162200005 0.0 0.0
271.20424362200004 1.0 1.0
272.171985622 0.0 0.0
273.139727622 0.0 0.0
274.10746962200005 1.0 1.0
275.07521162200004 0.0 0.0