0.13278681000000003 1.0 0.0
1.11639281 0.0 0.0
2.09999881 1.0 1.0
3.08360481 0.0 0.0
4.067210810000001 1.0 0.0
5.050816810000001 0.0 0.0
6.034422810000001 1.0 1.0
7.018028810000001 0.0 0.0
8.00163481 1.0 0.0
8.985240810000002 0.0 0.0
9.968846810000002 1.0 1.0
10.952452810000002 0.0 0.0
11.936058810000002 1.0 0.0
12.919664810000002 0.0 0.0
13.903270810000002 1.0 1.0
14.886876810000002 0.0 0.0
15.870482810000004 1.0 0.0
16.854088810000004 0.0 0.0
17.837694810000006 1.0 1.0
18.821300810000004 0.0 0.0
19.804906810000006 1.0 0.0
20.788512810000004 0.0 0.0
21.772118810000006 1.0 1.0
22.755724810000004 0.0 0.0
23.739330810000006 1.0 0.0
24.722936810000007 0.0 0.0
25.706542810000006 1.0 1.0
26.690148810000007 0.0 0.0
27.673754810000005 1.0 0.0
28.657360810000007 0.0 0.0
29.640966810000005 1.0 1.0
30.624572810000007 0.0 0.0
31.608178810000002 1.0 0.0
32.59178481 0.0 0.0
33.57539081 1.0 1.0
34.558996810000004 0.0 0.0
35.542602810000005 1.0 0.0
36.52620881000001 0.0 0.0
37.50981481 1.0 1.0
38.49342081 0.0 0.0
39.477026810000005 1.0 0.0
40.46063281000001 0.0 0.0
41.44423881 1.0 1.0
42.42784481 0.0 0.0
43.411450810000005 1.0 0.0
44.39505681000001 0.0 0.0
45.37866281 1.0 1.0
46.36226881 0.0 0.0
47.345874810000005 1.0 0.0
48.32948081000001 0.0 0.0
49.31308681000001 1.0 0.0
50.29669281 0.0 0.0
51.280298810000005 1.0 1.0
52.26390481000001 0.0 0.0
53.24751081000001 1.0 0.0
54.23111681 0.0 0.0
55.214722810000005 1.0 1.0
56.19832881000001 0.0 0.0
57.18193481000001 1.0 0.0
58.16554081000001 0.0 0.0
59.149146810000005 1.0 1.0
60.13275281000001 0.0 0.0
61.11635881000001 1.0 0.0
62.09996481000001 0.0 0.0
63.08357081000001 1.0 1.0
64.06717681000002 0.0 0.0
65.05078281000002 1.0 0.0
66.03438881000001 0.0 0.0
67.01799481000002 1.0 1.0
68.00160081000001 0.0 0.0
68.98520681000002 1.0 0.0
69.96881281000002 0.0 0.0
70.95241881000001 1.0 1.0
71.93602481000002 0.0 0.0
72.91963081000002 1.0 0.0
73.90323681000001 0.0 0.0
74.88684281000002 1.0 1.0
75.87044881000001 0.0 0.0
76.85405481000002 1.0 0.0
77.83766081000002 0.0 0.0
78.82126681000001 1.0 1.0
79.80487281000002 0.0 0.0
80.78847881000002 1.0 0.0
81.77208481000002 0.0 0.0
82.75569081000002 1.0 1.0
83.73929681000001 0.0 0.0
84.72290281000002 1.0 0.0
85.70650881000002 0.0 0.0
86.69011481000001 1.0 1.0
87.67372081000002 0.0 0.0
88.65732681000001 1.0 0.0
89.64093281000002 0.0 0.0
90.62453881000002 1.0 1.0
91.60814481000001 0.0 0.0
92.59175081000002 1.0 0.0
93.57535681000002 0.0 0.0
94.55896281000003 1.0 1.0
95.54256881000002 0.0 0.0
96.52617481000001 1.0 0.0
97.50978081000002 0.0 0.0
98.49338681000002 1.0 1.0
99.47699281000003 0.0 0.0
100.46059881000002 1.0 0.0
101.44420481000002 0.0 0.0
102.42781081000003 1.0 1.0
103.41141681000002 0.0 0.0
104.39502281000001 1.0 0.0
105.37862881000002 0.0 0.0
106.36223481000002 1.0 1.0
107.34584081000003 0.0 0.0
108.32944681000002 1.0 0.0
109.31305281000002 0.0 0.0
110.29665881000003 1.0 1.0
111.28026481000002 0.0 0.0
112.26387081000003 1.0 0.0
113.24747681000002 0.0 0.0
114.23108281000002 1.0 1.0
115.21468881000003 0.0 0.0
116.19829481000002 1.0 0.0
117.18190081000002 0.0 0.0
118.16550681000002 1.0 1.0
119.14911281000002 0.0 0.0
120.13271881000003 1.0 0.0
121.11632481000002 0.0 0.0
122.09993081000002 1.0 1.0
123.08353681000003 0.0 0.0
124.06714281000002 1.0 0.0
125.05074881000003 0.0 0.0
126.03435481000001 1.0 1.0
127.01796081 0.0 0.0
128.00156681 1.0 0.0
128.98517281000002 0.0 0.0
129.96877881 1.0 1.0
130.95238481 0.0 0.0
131.93599081000002 1.0 0.0
132.91959681 0.0 0.0
133.90320281 1.0 1.0
134.88680881 0.0 0.0
135.87041481 1.0 0.0
136.85402081 0.0 0.0
137.83762681 1.0 1.0
138.82123281 0.0 0.0
139.80483881 1.0 0.0
140.78844481 0.0 0.0
141.77205081 1.0 1.0
142.75565681 0.0 0.0
143.73926280999999 1.0 0.0
144.72286881 0.0 0.0
145.70647481 1.0 1.0
146.69008080999998 0.0 0.0
147.67368681 1.0 1.0
148.65729281 0.0 0.0
149.64089881 1.0 0.0
150.62450481 0.0 0.0
151.60811081 1.0 1.0
152.59171681 0.0 0.0
153.57532281 1.0 0.0
154.55892881 0.0 0.0
155.54253481 1.0 1.0
156.52614081 0.0 0.0
157.50974681 1.0 0.0
158.49335281 0.0 0.0
159.47695880999999 1.0 1.0
160.46056481 0.0 0.0
161.44417081 1.0 0.0
162.42777681 0.0 0.0
163.41138281 1.0 1.0
164.39498881 0.0 0.0
165.37859481 1.0 0.0
166.36220081 0.0 0.0
167.34580681 1.0 1.0
168.32941281 0.0 0.0
169.31301881 1.0 0.0
170.29662481 0.0 0.0
171.28023081 1.0 1.0
172.26383681 0.0 0.0
173.24744281 1.0 0.0
174.23104881 0.0 0.0
175.21465481 1.0 1.0
176.19826081 0.0 0.0
177.18186681 1.0 0.0
178.16547281 0.0 0.0
179.14907881 1.0 1.0
180.13268481 0.0 0.0
181.11629081 1.0 0.0
182.09989681 0.0 0.0
183.08350281 1.0 1.0
184.06710881 0.0 0.0
185.05071481000002 1.0 0.0
186.03432081 0.0 0.0
187.01792681 1.0 1.0
188.00153281000001 0.0 0.0
188.98513881 1.0 0.0
189.96874481 0.0 0.0
190.95235081 1.0 1.0
191.93595681 0.0 0.0
192.91956281 1.0 0.0
193.90316881 0.0 0.0
194.88677481 1.0 1.0
195.87038081 0.0 0.0
196.85398681 1.0 0.0
197.83759281000002 0.0 0.0
198.82119881 1.0 1.0
199.80480481 0.0 0.0
200.78841081000002 1.0 0.0
201.77201681 0.0 0.0
202.75562281 1.0 1.0
203.73922881000001 0.0 0.0
204.72283481 1.0 0.0
205.70644081 0.0 0.0
206.69004681 1.0 1.0
207.67365281 0.0 0.0
208.65725881 1.0 0.0
209.64086481 0.0 0.0
210.62447081000002 1.0 1.0
211.60807681 0.0 0.0
212.59168281 1.0 0.0
213.57528881000002 0.0 0.0
214.55889481 1.0 1.0
215.54250081 0.0 0.0
216.52610681000002 1.0 0.0
217.50971281 0.0 0.0
218.49331881 1.0 1.0
219.47692481 0.0 0.0
220.46053081 1.0 0.0
221.44413681 0.0 0.0
222.42774281 1.0 1.0
223.41134881000002 0.0 0.0
224.39495481 1.0 0.0
225.37856081 0.0 0.0
226.36216681000002 1.0 1.0
227.34577281 0.0 0.0
228.32937881 1.0 0.0
229.31298481000002 0.0 0.0
230.29659081 1.0 1.0
231.28019681 0.0 0.0
232.26380281000002 1.0 0.0
233.24740881 0.0 0.0
234.23101481 1.0 1.0
235.21462081 0.0 0.0
236.19822681000002 1.0 0.0
237.18183281 0.0 0.0
238.16543881 1.0 1.0
239.14904481000002 0.0 0.0
240.13265081 1.0 0.0
241.11625681 0.0 0.0
242.09986281000002 1.0 1.0
243.08346881 0.0 0.0
244.06707481 1.0 0.0
245.05068081000002 0.0 0.0