0.40552701 0.0 0.0
1.4043620100000003 1.0 1.0
2.40319701 0.0 0.0
3.40203201 1.0 0.0
4.400867009999999 0.0 0.0
5.3997020099999995 1.0 1.0
6.398537009999999 0.0 0.0
7.397372009999999 1.0 0.0
8.39620701 0.0 0.0
9.39504201 1.0 1.0
10.39387701 0.0 0.0
11.39271201 1.0 0.0
12.39154701 0.0 0.0
13.39038201 1.0 1.0
14.38921701 0.0 0.0
15.38805201 1.0 0.0
16.38688701 0.0 0.0
17.38572201 1.0 1.0
18.384557009999998 0.0 0.0
19.383392009999998 1.0 0.0
20.382227009999998 0.0 0.0
21.381062009999997 1.0 1.0
22.379897009999997 0.0 0.0
23.378732009999997 1.0 0.0
24.377567009999996 0.0 0.0
25.376402009999996 1.0 1.0
26.37523701 0.0 0.0
27.37407201 1.0 0.0
28.37290701 0.0 0.0
29.37174201 1.0 1.0
30.370577009999998 0.0 0.0
31.369412009999998 1.0 0.0
32.36824701 0.0 0.0
33.36708201 1.0 1.0
34.365917010000004 0.0 0.0
35.364752010000004 1.0 0.0
36.36358701 0.0 0.0
37.36242201 1.0 1.0
38.36125701 0.0 0.0
39.36009201 1.0 0.0
40.35892701 0.0 0.0
41.35776201 1.0 1.0
42.35659701 0.0 0.0
43.35543201 1.0 0.0
44.35426701 0.0 0.0
45.35310201 1.0 1.0
46.35193701 0.0 0.0
47.35077201 1.0 0.0
48.34960701 0.0 0.0
49.34844201 1.0 1.0
50.34727701 0.0 0.0
51.34611201 1.0 1.0
52.34494701 0.0 0.0
53.34378201 1.0 0.0
54.34261701 0.0 0.0
55.34145201 1.0 1.0
56.34028701 0.0 0.0
57.33912201 1.0 0.0
58.337957010000004 0.0 0.0
59.33679201 1.0 1.0
60.33562701 0.0 0.0
61.33446201 1.0 0.0
62.33329701 0.0 0.0
63.33213201 1.0 1.0
64.33096701000001 0.0 0.0
65.32980201000001 1.0 0.0
66.32863701000001 0.0 0.0
67.32747201000001 1.0 1.0
68.32630701000001 0.0 0.0
69.32514201000001 1.0 0.0
70.32397701000001 0.0 0.0
71.32281201 1.0 1.0
72.32164701 0.0 0.0
73.32048201 1.0 0.0
74.31931701 0.0 0.0
75.31815201 1.0 1.0
76.31698701 0.0 0.0
77.31582201 1.0 0.0
78.31465701 0.0 0.0
79.31349201 1.0 1.0
80.31232701 0.0 0.0
81.31116201 1.0 0.0
82.30999701 0.0 0.0
83.30883201 1.0 1.0
84.30766701 0.0 0.0
85.30650201 1.0 0.0
86.30533701 0.0 0.0
87.30417201 1.0 1.0
88.30300701 0.0 0.0
89.30184201 1.0 0.0
90.30067701 0.0 0.0
91.29951201 1.0 1.0
92.29834701 0.0 0.0
93.29718201 1.0 0.0
94.29601701 0.0 0.0
95.29485201000001 1.0 1.0
96.29368701000001 0.0 0.0
97.29252201000001 1.0 0.0
98.29135701000001 0.0 0.0
99.29019201000001 1.0 1.0
100.28902701000001 0.0 0.0
101.28786201000001 1.0 1.0
102.28669701000001 0.0 0.0
103.28553201000001 1.0 0.0
104.28436701000001 0.0 0.0
105.28320201000001 1.0 1.0
106.28203701000001 0.0 0.0
107.28087201000001 1.0 0.0
108.27970701000001 0.0 0.0
109.27854201000001 1.0 1.0
110.27737701000001 0.0 0.0
111.27621201000001 1.0 0.0
112.27504701000001 0.0 0.0
113.27388201000001 1.0 1.0
114.27271701000001 0.0 0.0
115.27155201000001 1.0 0.0
116.27038701000001 0.0 0.0
117.26922201000001 1.0 1.0
118.26805701 0.0 0.0
119.26689201 1.0 0.0
120.26572701 0.0 0.0
121.26456201 1.0 1.0
122.26339701 0.0 0.0
123.26223201 1.0 0.0
124.26106701 0.0 0.0
125.25990201 1.0 1.0
126.25873701 0.0 0.0
127.25757201 1.0 0.0
128.25640701 0.0 0.0
129.25524201000002 1.0 1.0
130.25407701 0.0 0.0
131.25291201000002 1.0 0.0
132.25174701 0.0 0.0
133.25058201000002 1.0 1.0
134.24941701 0.0 0.0
135.24825201000002 1.0 0.0
136.24708701 0.0 0.0
137.24592201000002 1.0 1.0
138.24475701 0.0 0.0
139.24359201000001 1.0 0.0
140.24242701 0.0 0.0
141.24126201 1.0 1.0
142.24009701 0.0 0.0
143.23893201 1.0 0.0
144.23776701 0.0 0.0
145.23660201 1.0 1.0
146.23543701 0.0 0.0
147.23427201 1.0 0.0
148.23310701 0.0 0.0
149.23194201 1.0 1.0
150.23077701 0.0 0.0
151.22961201 1.0 1.0
152.22844701 0.0 0.0
153.22728201 1.0 0.0
154.22611701 0.0 0.0
155.22495201 1.0 1.0
156.22378701 0.0 0.0
157.22262201 1.0 0.0
158.22145701 0.0 0.0
159.22029201 1.0 1.0
160.21912701 0.0 0.0
161.21796201 1.0 0.0
162.21679701 0.0 0.0
163.21563201 1.0 1.0
164.21446701 0.0 0.0
165.21330201 1.0 0.0
166.21213701 0.0 0.0
167.21097201 1.0 1.0
168.20980701 0.0 0.0
169.20864201 1.0 0.0
170.20747701 0.0 0.0
171.20631201 1.0 1.0
172.20514701000002 0.0 0.0
173.20398201 1.0 0.0
174.20281701000002 0.0 0.0
175.20165201 1.0 1.0
176.20048701000002 0.0 0.0
177.19932201 1.0 0.0
178.19815701000002 0.0 0.0
179.19699201 1.0 1.0
180.19582701000002 0.0 0.0
181.19466201 1.0 0.0
182.19349701000002 0.0 0.0
183.19233201 1.0 1.0
184.19116701000002 0.0 0.0
185.19000201 1.0 0.0
186.18883701000001 0.0 0.0
187.18767201 1.0 1.0
188.18650701 0.0 0.0
189.18534201 1.0 0.0
190.18417701 0.0 0.0
191.18301201 1.0 1.0
192.18184701 0.0 0.0
193.18068201 1.0 0.0
194.17951701 0.0 0.0
195.17835201 1.0 1.0
196.17718701 0.0 0.0
197.17602201 1.0 0.0
198.17485701 0.0 0.0
199.17369201 1.0 1.0
200.17252701 0.0 0.0
201.17136201 1.0 0.0
202.17019701 0.0 0.0
203.16903201 1.0 1.0
204.16786701 0.0 0.0
205.16670201 1.0 0.0
206.16553701 0.0 0.0
207.16437201 1.0 1.0
208.16320701 0.0 0.0
209.16204201 1.0 0.0
210.16087701 0.0 0.0
211.15971201 1.0 1.0
212.15854701 0.0 0.0
213.15738201 1.0 0.0
214.15621701 0.0 0.0
215.15505201 1.0 1.0
216.15388701 0.0 0.0
217.15272201 1.0 0.0
218.15155701 0.0 0.0
219.15039201 1.0 1.0
220.14922701 0.0 0.0
221.14806201 1.0 0.0
222.14689701 0.0 0.0
223.14573201 1.0 1.0
224.14456701 0.0 0.0
225.14340201000002 1.0 0.0
226.14223701 0.0 0.0
227.14107201000002 1.0 1.0
228.13990701 0.0 0.0
229.13874201000002 1.0 0.0
230.13757701 0.0 0.0
231.13641201000002 1.0 1.0
232.13524701 0.0 0.0
233.13408201000001 1.0 0.0
234.13291701 0.0 0.0
235.13175201 1.0 1.0
236.13058701 0.0 0.0
237.12942201 1.0 0.0
238.12825701 0.0 0.0
239.12709201 1.0 1.0
240.12592701 0.0 0.0
241.12476201 1.0 0.0
242.12359701 0.0 0.0
243.12243201 1.0 1.0
244.12126701 0.0 0.0
245.12010201 1.0 0.0
246.11893701 0.0 0.0
247.11777201 1.0 1.0
248.11660701 0.0 0.0
249.11544201 1.0 0.0
250.11427701 0.0 0.0
251.11311201 1.0 1.0
252.11194701 0.0 0.0
253.11078201 1.0 0.0
254.10961701 0.0 0.0
255.10845201 1.0 1.0
256.10728701 0.0 0.0
257.10612201 1.0 0.0
258.10495701 0.0 0.0
259.10379201 1.0 1.0
260.10262701 0.0 0.0
261.10146201 1.0 0.0
262.10029701 0.0 0.0
263.09913201 1.0 1.0
264.09796701 0.0 0.0
265.09680201 1.0 0.0
266.09563701 0.0 0.0
267.09447201 1.0 1.0
268.09330701 0.0 0.0
269.09214201 1.0 0.0
270.09097701 0.0 0.0
271.08981201 1.0 1.0
272.08864701 0.0 0.0
273.08748201 1.0 0.0
274.08631701 0.0 0.0
275.08515201 1.0 0.0
276.08398701 0.0 0.0