0.26516130800000004 1.0 1.0
1.232903308 0.0 0.0
2.2006453080000004 1.0 0.0
3.1683873080000002 0.0 0.0
4.136129308 1.0 1.0
5.103871308 0.0 0.0
6.071613308000001 1.0 0.0
7.039355308000001 0.0 0.0
8.007097308000002 1.0 1.0
8.974839308000002 0.0 0.0
9.942581308000001 1.0 0.0
10.910323308000002 0.0 0.0
11.878065308000002 1.0 1.0
12.845807308000003 0.0 0.0
13.813549308000002 1.0 0.0
14.781291308000002 0.0 0.0
15.749033308000003 1.0 1.0
16.716775308000003 0.0 0.0
17.684517308000004 1.0 0.0
18.652259308 0.0 0.0
19.620001308000003 1.0 1.0
20.587743308000004 0.0 0.0
21.555485308 1.0 0.0
22.523227308000003 0.0 0.0
23.490969308000004 1.0 1.0
24.458711308000005 0.0 0.0
25.426453308000003 1.0 0.0
26.394195308000004 0.0 0.0
27.361937308000005 1.0 1.0
28.329679308000003 0.0 0.0
29.297421308000004 1.0 0.0
30.265163308000005 0.0 0.0
31.232905308000003 1.0 1.0
32.20064730800001 0.0 0.0
33.168389308 1.0 0.0
34.136131308 0.0 0.0
35.103873308000004 1.0 1.0
36.071615308000005 0.0 0.0
37.03935730800001 1.0 0.0
38.00709930800001 0.0 0.0
38.974841308 1.0 1.0
39.942583308 0.0 0.0
40.910325308000004 1.0 0.0
41.878067308000006 0.0 0.0
42.84580930800001 1.0 1.0
43.81355130800001 0.0 0.0
44.781293308 1.0 0.0
45.749035308 0.0 0.0
46.716777308000005 1.0 1.0
47.684519308000006 0.0 0.0
48.65226130800001 1.0 0.0
49.62000330800001 0.0 0.0
50.58774530800001 1.0 1.0
51.555487308000004 0.0 0.0
52.523229308000005 1.0 0.0
53.490971308000006 0.0 0.0
54.45871330800001 1.0 1.0
55.42645530800001 0.0 0.0
56.39419730800001 1.0 0.0
57.361939308000004 0.0 0.0
58.329681308000005 1.0 1.0
59.297423308000006 0.0 0.0
60.26516530800001 1.0 0.0
61.23290730800001 0.0 0.0
62.20064930800001 1.0 1.0
63.16839130800001 0.0 0.0
64.14961575200002 1.0 0.0
65.16656375200002 0.0 0.0
66.18351175200002 1.0 1.0
67.20045975200001 0.0 0.0
68.21740775200001 1.0 0.0
69.23435575200001 0.0 0.0
70.25130375200001 1.0 1.0
71.26825175200003 0.0 0.0
72.28519975200001 1.0 0.0
73.30214775200002 0.0 0.0
74.31909575200002 1.0 1.0
75.33604375200002 0.0 0.0
76.35299175200002 1.0 0.0
77.36993975200002 0.0 0.0
78.38688775200002 1.0 1.0
79.40383575200002 0.0 0.0
80.42078375200002 1.0 0.0
81.43867979200003 0.0 0.0
82.45908779200003 1.0 1.0
83.47949579200002 0.0 0.0
84.49990379200003 1.0 0.0
85.52031179200003 0.0 0.0
86.54071979200003 1.0 1.0
87.56112779200002 0.0 0.0
88.58153579200003 1.0 0.0
89.60194379200003 0.0 0.0
90.62235179200003 1.0 1.0
91.64275979200002 0.0 0.0
92.66702406800002 1.0 0.0
93.70150606800001 0.0 0.0
94.73598806800003 1.0 1.0
95.79146641400003 0.0 0.0
96.90257741400004 1.0 0.0
98.01368841400003 0.0 0.0
99.09435500000002 1.0 1.0
100.09435500000002 0.0 0.0
101.09435500000002 1.0 0.0
102.09435500000002 0.0 0.0
103.09435500000002 1.0 1.0
104.09435500000002 0.0 0.0
105.09435500000002 1.0 0.0
106.09435500000002 0.0 0.0
107.08986331800003 1.0 1.0
108.07347031800002 0.0 0.0
109.05707731800003 1.0 0.0
110.04068431800002 0.0 0.0
111.02429131800002 1.0 1.0
112.00789831800002 0.0 0.0
112.99150531800002 1.0 0.0
113.97511231800001 0.0 0.0
114.95437230800002 1.0 1.0
115.92211430800002 0.0 0.0
116.88985630800002 1.0 0.0
117.85759830800002 0.0 0.0
118.82534030800001 1.0 1.0
119.79308230800001 0.0 0.0
120.76082430800001 1.0 0.0
121.72856630800001 0.0 0.0
122.69630830800001 1.0 1.0
123.66405030800001 0.0 0.0
124.63179230800002 1.0 0.0
125.59953430800002 0.0 0.0
126.56727630800002 1.0 1.0
127.53501830800002 0.0 0.0
128.51159900000002 1.0 0.0
129.516242752 0.0 0.0
130.52854700000003 1.0 1.0
131.53319075200002 0.0 0.0
132.55013875200004 1.0 0.0
133.56708675200002 0.0 0.0
134.58403475200004 1.0 1.0
135.60098275200002 0.0 0.0
136.61793075200003 1.0 0.0
137.63487875200002 0.0 0.0
138.65182675200003 1.0 1.0
139.66877475200005 0.0 0.0
140.68572275200003 1.0 0.0
141.70267075200005 0.0 0.0
142.71961875200003 1.0 1.0
143.73656675200004 0.0 0.0
144.75351475200003 1.0 0.0
145.771410792 0.0 0.0
146.79181879200002 1.0 1.0
147.81222679200002 0.0 0.0
148.83263479200002 1.0 0.0
149.85304279200002 0.0 0.0
150.87345079200003 1.0 1.0
151.89385879200003 0.0 0.0
152.91426679200003 1.0 0.0
153.934674792 0.0 0.0
154.955082792 1.0 1.0
155.97549079200002 0.0 0.0
156.99975506800004 1.0 0.0
158.03423706800004 0.0 0.0
159.06871906800004 1.0 1.0
160.10320106800003 0.0 0.0
161.14265589400003 1.0 0.0
162.19528689400002 0.0 0.0
163.247917894 1.0 1.0
164.28612800000002 0.0 0.0
165.28612800000002 1.0 0.0
166.28612800000002 0.0 0.0
167.28612800000002 1.0 1.0
168.28612800000002 0.0 0.0
169.28612800000002 1.0 0.0
170.28612800000002 0.0 0.0
171.28612800000002 1.0 1.0
172.28612800000002 0.0 0.0
173.28612800000002 1.0 0.0
174.28612800000002 0.0 0.0
175.28612800000002 1.0 1.0
176.28612800000002 0.0 0.0
177.28612800000002 1.0 0.0
178.29557606800003 0.0 0.0
179.33005806800003 1.0 1.0
180.36454006800003 0.0 0.0
181.39902206800002 1.0 0.0
182.43350406800002 0.0 0.0
183.46798606800002 1.0 1.0
184.49302000000003 0.0 0.0
185.49302000000003 1.0 0.0
186.48418130800002 0.0 0.0
187.45192330800003 1.0 1.0
188.42850400000003 0.0 0.0
189.43795206800004 1.0 0.0
190.47243406800004 0.0 0.0
191.50691606800004 1.0 1.0
192.54139806800003 0.0 0.0
193.57588006800003 1.0 0.0
194.61036206800003 0.0 0.0
195.64484406800003 1.0 1.0
196.67932606800002 0.0 0.0
197.71878089400005 1.0 0.0
198.77141189400004 0.0 0.0
199.82404289400003 1.0 1.0
200.87667389400005 0.0 0.0
201.92930489400004 1.0 0.0
202.98193589400003 0.0 0.0
204.02959406800005 1.0 1.0
205.06407606800005 0.0 0.0
206.09375375200003 1.0 0.0
207.11070175200004 0.0 0.0
208.12764975200002 1.0 1.0
209.14459775200004 0.0 0.0
210.16154575200002 1.0 0.0
211.17849375200004 0.0 0.0
212.19544175200002 1.0 1.0
213.21238975200004 0.0 0.0
214.22933775200005 1.0 0.0
215.24628575200003 0.0 0.0
216.27816154600004 1.0 1.0
217.34959054600003 0.0 0.0
218.426357066 1.0 0.0
219.51726606600002 0.0 0.0
220.60817506600003 1.0 1.0
221.699084066 0.0 0.0
222.78999306600002 1.0 0.0
223.88090206600003 0.0 0.0
224.97181106600001 1.0 1.0
226.06272006600003 0.0 0.0
227.153629066 1.0 0.0
228.24453806600002 0.0 0.0
229.33544706600003 1.0 1.0
230.426356066 0.0 0.0
231.51726506600002 1.0 1.0
232.60817406600003 0.0 0.0
233.69908306600001 0.0 0.0
234.78999206600002 0.0 0.0