0.46069762500000006 0.0 0.0
1.143212625 1.0 1.0
1.825727625 0.0 0.0
2.5082426250000003 1.0 0.0
3.1907576250000003 0.0 0.0
3.8732726250000002 1.0 1.0
4.555787625000001 0.0 0.0
5.238302625 1.0 0.0
5.920817625000001 0.0 0.0
6.603332625 1.0 1.0
7.285847625000001 0.0 0.0
7.968362625000001 1.0 0.0
8.650877625000001 0.0 0.0
9.333392625 1.0 1.0
10.015907625 0.0 0.0
10.698422625000001 1.0 0.0
11.380937625000001 0.0 0.0
12.063452625 1.0 1.0
12.745967625 0.0 0.0
13.428482625000001 1.0 0.0
14.110997625000001 0.0 0.0
14.793512625000002 1.0 1.0
15.476027625 0.0 0.0
16.158542625000003 1.0 0.0
16.841057625 0.0 0.0
17.523572625 1.0 1.0
18.206087625000002 0.0 0.0
18.888602625 1.0 0.0
19.571117625000003 0.0 0.0
20.253632625 1.0 1.0
20.936147625 0.0 0.0
21.618662625000002 1.0 0.0
22.301177624999998 0.0 0.0
22.983692625 1.0 1.0
23.666207625000002 0.0 0.0
24.348722625 1.0 0.0
25.031237625000003 0.0 0.0
25.713752625 1.0 1.0
26.396267625000004 0.0 0.0
27.078782625000002 1.0 0.0
27.761297625 0.0 0.0
28.443812625000003 1.0 1.0
29.126327625000002 0.0 0.0
29.808842625 1.0 0.0
30.491357625000003 0.0 0.0
31.173872625 1.0 1.0
31.856387625000004 0.0 0.0
32.538902625000006 1.0 0.0
33.221417625 0.0 0.0
33.903932625 1.0 1.0
34.586447625000005 0.0 0.0
35.268962625 1.0 0.0
35.951477625 0.0 0.0
36.633992625000005 1.0 1.0
37.316507625 0.0 0.0
37.999022625 1.0 0.0
38.681537625000004 0.0 0.0
39.36405262500001 1.0 1.0
40.046567625 0.0 0.0
40.729082625000004 1.0 0.0
41.411597625000006 0.0 0.0
42.094112625 1.0 1.0
42.776627625 0.0 0.0
43.459142625000005 1.0 0.0
44.141657625 0.0 0.0
44.824172625 1.0 1.0
45.506687625000005 0.0 0.0
46.189202625 1.0 0.0
46.871717625 0.0 0.0
47.554232625000004 1.0 1.0
48.23674762500001 0.0 0.0
48.919262625 1.0 0.0
49.601777625000004 0.0 0.0
50.284292625000006 1.0 1.0
50.966807625 0.0 0.0
51.649322625 1.0 0.0
52.331837625000006 0.0 0.0
53.014352625 1.0 1.0
53.696867625 0.0 0.0
54.379382625000005 1.0 0.0
55.06189762500001 0.0 0.0
55.744412625 1.0 1.0
56.426927625000005 0.0 0.0
57.10944262500001 1.0 0.0
57.791957625 0.0 0.0
58.474472625000004 1.0 1.0
59.156987625000006 0.0 0.0
59.839502625 1.0 0.0
60.522017625000004 0.0 0.0
61.204532625000006 1.0 1.0
61.88704762500001 0.0 0.0
62.569562625 1.0 0.0
63.252077625000005 0.0 0.0
63.93459262500001 1.0 1.0
64.617107625 0.0 0.0
65.299622625 1.0 0.0
65.98213762500001 0.0 0.0
66.664652625 1.0 1.0
67.34716762500001 0.0 0.0
68.029682625 1.0 0.0
68.712197625 0.0 0.0
69.39471262500001 1.0 1.0
70.077227625 0.0 0.0
70.759742625 1.0 0.0
71.44225762500001 0.0 0.0
72.124772625 1.0 1.0
72.807287625 0.0 0.0
73.48980262500001 1.0 0.0
74.172317625 0.0 0.0
74.854832625 1.0 1.0
75.53734762500001 0.0 0.0
76.219862625 1.0 0.0
76.902377625 0.0 0.0
77.58489262500001 1.0 1.0
78.267407625 0.0 0.0
78.949922625 1.0 0.0
79.63243762500001 0.0 0.0
80.314952625 1.0 1.0
80.99746762500001 0.0 0.0
81.67998262500001 1.0 0.0
82.362497625 0.0 0.0
83.04501262500001 1.0 1.0
83.72752762500001 0.0 0.0
84.410042625 1.0 0.0
85.09255762500001 0.0 0.0
85.775072625 1.0 1.0
86.457587625 0.0 0.0
87.14010262500001 1.0 0.0
87.82261762500002 0.0 0.0
88.50513262500002 1.0 1.0
89.18764762500001 0.0 0.0
89.87016262500002 1.0 0.0
90.55267762500002 0.0 0.0
91.23519262500001 1.0 1.0
91.91770762500002 0.0 0.0
92.60022262500001 1.0 0.0
93.28273762500001 0.0 0.0
93.965252625 1.0 1.0
94.647767625 0.0 0.0
95.33028262500001 1.0 0.0
96.012797625 0.0 0.0
96.69531262500001 1.0 1.0
97.37782762500001 0.0 0.0
98.060342625 1.0 0.0
98.74285762500001 0.0 0.0
99.42537262500001 1.0 1.0
100.107887625 0.0 0.0
100.79040262500001 1.0 0.0
101.47291762500001 0.0 0.0
102.155432625 1.0 1.0
102.83794762500001 0.0 0.0
103.52046262500001 1.0 0.0
104.202977625 0.0 0.0
104.88549262500001 1.0 1.0
105.568007625 0.0 0.0
106.250522625 1.0 0.0
106.93303762500001 0.0 0.0
107.615552625 1.0 1.0
108.298067625 0.0 0.0
108.98058262500001 1.0 0.0
109.663097625 0.0 0.0
110.34561262500002 1.0 1.0
111.02812762500001 0.0 0.0
111.710642625 1.0 0.0
112.39315762500001 0.0 0.0
113.07567262500001 1.0 1.0
113.758187625 0.0 0.0
114.44070262500001 1.0 0.0
115.12321762500001 0.0 0.0
115.805732625 1.0 1.0
116.48824762500001 0.0 0.0
117.17076262500001 1.0 0.0
117.853277625 0.0 0.0
118.53579262500001 1.0 1.0
119.21830762500001 0.0 0.0
119.900822625 1.0 0.0
120.58333762500001 0.0 0.0
121.26585262500001 1.0 1.0
121.948367625 0.0 0.0
122.63088262500001 1.0 0.0
123.31339762500001 0.0 0.0
123.995912625 1.0 1.0
124.67842762500001 0.0 0.0
125.360942625 1.0 0.0
126.04345762500002 0.0 0.0
126.72597262500001 1.0 1.0
127.408487625 0.0 0.0
128.09100262500002 1.0 0.0
128.773517625 0.0 0.0
129.456032625 1.0 1.0
130.138547625 0.0 0.0
130.821062625 1.0 0.0
131.50357762500002 0.0 0.0
132.18609262500001 1.0 1.0
132.868607625 0.0 0.0
133.551122625 1.0 0.0
134.233637625 0.0 0.0
134.91615262500002 1.0 1.0
135.59866762500002 0.0 0.0
136.281182625 1.0 0.0
136.963697625 0.0 0.0
137.646212625 1.0 1.0
138.328727625 0.0 0.0
139.01124262500002 1.0 0.0
139.69375762500002 0.0 0.0
140.376272625 1.0 1.0
141.058787625 0.0 0.0
141.741302625 1.0 0.0
142.423817625 0.0 0.0
143.10633262500002 1.0 1.0
143.78884762500002 0.0 0.0
144.471362625 1.0 0.0
145.153877625 0.0 0.0
145.836392625 1.0 1.0
146.518907625 0.0 0.0
147.20142262500002 1.0 0.0
147.88393762500002 0.0 0.0
148.566452625 1.0 1.0
149.248967625 0.0 0.0
149.931482625 1.0 0.0
150.61399762500002 0.0 0.0
151.29651262500002 1.0 1.0
151.97902762500001 0.0 0.0
152.661542625 1.0 0.0
153.344057625 0.0 0.0
154.026572625 1.0 1.0
154.70908762500002 0.0 0.0
155.39160262500002 1.0 0.0
156.074117625 0.0 0.0
156.756632625 1.0 1.0
157.439147625 0.0 0.0
158.121662625 1.0 0.0
158.80417762500002 0.0 0.0
159.48669262500002 1.0 1.0
160.169207625 0.0 0.0
160.851722625 1.0 0.0
161.534237625 0.0 0.0
162.216752625 1.0 1.0
162.89926762500002 0.0 0.0
163.58178262500002 1.0 0.0
164.264297625 0.0 0.0
164.946812625 1.0 1.0
165.629327625 0.0 0.0
166.31184262500003 1.0 0.0
166.99435762500002 0.0 0.0
167.67687262500002 1.0 1.0
168.359387625 0.0 0.0
169.041902625 1.0 0.0
169.724417625 0.0 0.0
170.40693262500002 1.0 1.0
171.08944762500002 0.0 0.0
171.77196262500001 1.0 0.0
172.454477625 0.0 0.0
173.136992625 1.0 1.0
173.819507625 0.0 0.0
174.50202262500002 1.0 0.0
175.18453762500002 0.0 0.0
175.867052625 1.0 1.0
176.549567625 0.0 0.0
177.232082625 1.0 0.0
177.91459762500003 0.0 0.0
178.59711262500002 1.0 1.0
179.27962762500002 0.0 0.0
179.962142625 1.0 0.0
180.644657625 0.0 0.0
181.327172625 1.0 1.0
182.00968762500003 0.0 0.0
182.69220262500002 1.0 0.0
183.37471762500002 0.0 0.0
184.057232625 1.0 1.0
184.739747625 0.0 0.0
185.422262625 1.0 0.0
186.10477762500003 0.0 0.0
186.78729262500002 1.0 1.0
187.46980762500002 0.0 0.0
188.152322625 1.0 0.0
188.834837625 0.0 0.0
189.517352625 1.0 1.0
190.19986762500002 0.0 0.0
190.88238262500002 1.0 0.0
191.56489762500001 0.0 0.0
192.247412625 1.0 1.0
192.929927625 0.0 0.0
193.61244262500003 1.0 0.0
194.29495762500002 0.0 0.0
194.97747262500002 1.0 1.0
195.659987625 0.0 0.0
196.342502625 1.0 0.0
197.025017625 0.0 0.0
197.70753262500003 1.0 1.0
198.39004762500002 0.0 0.0
199.07256262500002 1.0 0.0
199.755077625 0.0 0.0
200.437592625 1.0 1.0
201.120107625 0.0 0.0
201.80262262500003 1.0 0.0
202.48513762500002 0.0 0.0
203.16765262500002 1.0 1.0
203.850167625 0.0 0.0
204.532682625 1.0 0.0
205.215197625 0.0 0.0
205.89771262500003 1.0 1.0
206.58022762500002 0.0 0.0
207.26274262500002 1.0 0.0
207.945257625 0.0 0.0
208.627772625 1.0 1.0
209.31028762500003 0.0 0.0
209.99280262500002 1.0 0.0
210.67531762500002 0.0 0.0
211.35783262500001 1.0 1.0
212.040347625 0.0 0.0
212.722862625 1.0 0.0
213.40537762500003 0.0 0.0
214.08789262500002 1.0 1.0
214.77040762500002 0.0 0.0
215.452922625 1.0 0.0
216.135437625 0.0 0.0
216.817952625 1.0 1.0
217.50046762500003 0.0 0.0
218.18298262500002 1.0 0.0
218.86549762500002 0.0 0.0
219.548012625 1.0 1.0
220.230527625 0.0 0.0
220.913042625 1.0 0.0
221.59555762500003 0.0 0.0
222.27807262500002 1.0 1.0
222.96058762500002 0.0 0.0
223.643102625 1.0 0.0
224.325617625 0.0 0.0
225.00813262500003 1.0 1.0
225.69064762500003 0.0 0.0
226.37316262500002 1.0 0.0
227.05567762500002 0.0 0.0
227.738192625 1.0 1.0
228.420707625 0.0 0.0
229.10322262500003 1.0 0.0
229.78573762500002 0.0 0.0
230.46825262500002 1.0 1.0
231.15076762500001 0.0 0.0
231.833282625 1.0 0.0
232.515797625 0.0 0.0
233.19831262500003 1.0 1.0
233.88082762500002 0.0 0.0
234.56334262500002 1.0 0.0
235.245857625 0.0 0.0
235.928372625 1.0 1.0
236.610887625 0.0 0.0
237.29340262500003 1.0 0.0
237.97591762500002 0.0 0.0
238.65843262500002 1.0 1.0
239.340947625 0.0 0.0
240.023462625 1.0 0.0
240.70597762500003 0.0 0.0
241.38849262500003 1.0 1.0
242.07100762500002 0.0 0.0
242.75352262500002 1.0 0.0
243.436037625 0.0 0.0
244.118552625 1.0 1.0
244.80106762500003 0.0 0.0
245.48358262500003 1.0 0.0
246.16609762500002 0.0 0.0
246.84861262500002 1.0 1.0
247.531127625 0.0 0.0
248.213642625 1.0 0.0
248.89615762500003 0.0 0.0
249.57867262500002 1.0 1.0
250.26118762500002 0.0 0.0
250.94370262500001 1.0 0.0
251.626217625 0.0 0.0
252.308732625 1.0 1.0
252.99124762500003 0.0 0.0
253.67376262500002 1.0 0.0
254.35627762500002 0.0 0.0
255.038792625 1.0 1.0
255.721307625 0.0 0.0
256.40382262500003 1.0 0.0
257.086337625 0.0 0.0
257.768852625 1.0 1.0
258.45136762500005 0.0 0.0