0.09599990399999998 1.0 1.0
0.953141904 0.0 0.0
1.810283904 1.0 0.0
2.667425904 0.0 0.0
3.524567904 1.0 1.0
4.381709904000001 0.0 0.0
5.238851904000001 1.0 0.0
6.095993904000001 0.0 0.0
6.953135904000001 1.0 1.0
7.810277904000001 0.0 0.0
8.667419904 1.0 0.0
9.524561904 0.0 0.0
10.381703904 1.0 1.0
11.238845904000001 0.0 0.0
12.095987904000001 1.0 0.0
12.953129904 0.0 0.0
13.810271903999999 1.0 1.0
14.667413903999998 0.0 0.0
15.524555903999998 1.0 0.0
16.381697904 0.0 0.0
17.238839904 1.0 1.0
18.095981904 0.0 0.0
18.953123903999998 1.0 0.0
19.810265903999998 0.0 0.0
20.667407903999997 1.0 1.0
21.524549903999997 0.0 0.0
22.381691903999997 1.0 0.0
23.238833904 0.0 0.0
24.095975904 1.0 1.0
24.953117904 0.0 0.0
25.810259904 1.0 0.0
26.667401904 0.0 0.0
27.524543904 1.0 1.0
28.381685904 0.0 0.0
29.238827904 1.0 0.0
30.095969904000004 0.0 0.0
30.953111904000004 1.0 1.0
31.810253904000007 0.0 0.0
32.667395904 1.0 0.0
33.524537904000006 0.0 0.0
34.381679904 1.0 1.0
35.238821904000005 0.0 0.0
36.09596390400001 1.0 0.0
36.953105904000005 0.0 0.0
37.81024790400001 1.0 1.0
38.667389904000004 0.0 0.0
39.52453190400001 1.0 0.0
40.381673904 0.0 0.0
41.238815904000006 1.0 1.0
42.095957904 0.0 0.0
42.953099904000005 1.0 1.0
43.81024190400001 0.0 0.0
44.667383904000005 1.0 0.0
45.52452590400001 0.0 0.0
46.381667904000004 1.0 1.0
47.23880990400001 0.0 0.0
48.095951904 1.0 0.0
48.953093904000006 0.0 0.0
49.81023590400001 1.0 1.0
50.667377904000006 0.0 0.0
51.52451990400001 1.0 0.0
52.381661904000005 0.0 0.0
53.23880390400001 1.0 1.0
54.095945904000004 0.0 0.0
54.953087904 1.0 0.0
55.810229904 0.0 0.0
56.667371904 1.0 1.0
57.524513904 0.0 0.0
58.381655904 1.0 0.0
59.238797903999995 0.0 0.0
60.09593990399999 1.0 1.0
60.953081903999994 0.0 0.0
61.810223904 1.0 0.0
62.66736590399999 0.0 0.0
63.524507904 1.0 1.0
64.381649904 0.0 0.0
65.238791904 1.0 0.0
66.09593390399999 0.0 0.0
66.95307590399999 1.0 1.0
67.810217904 0.0 0.0
68.667359904 1.0 0.0
69.52450190399999 0.0 0.0
70.381643904 1.0 1.0
71.238785904 0.0 0.0
72.09592790399999 1.0 0.0
72.95306990399999 0.0 0.0
73.810211904 1.0 1.0
74.667353904 0.0 0.0
75.52449590399999 1.0 0.0
76.381637904 0.0 0.0
77.238779904 1.0 1.0
78.095921904 0.0 0.0
78.95306390399999 1.0 0.0
79.810205904 0.0 0.0
80.667347904 1.0 1.0
81.52448990399999 0.0 0.0
82.38163190399999 1.0 0.0
83.238773904 0.0 0.0
84.095915904 1.0 1.0
84.95305790399999 0.0 0.0
85.810199904 1.0 0.0
86.667341904 0.0 0.0
87.524483904 1.0 1.0
88.38162590399999 0.0 0.0
89.238767904 1.0 0.0
90.095909904 0.0 0.0
90.95305190399999 1.0 1.0
91.810193904 0.0 0.0
92.667335904 1.0 0.0
93.524477904 0.0 0.0
94.38161990399999 1.0 1.0
95.238761904 0.0 0.0
96.095903904 1.0 0.0
96.95304590399999 0.0 0.0
97.81018790399999 1.0 1.0
98.667329904 0.0 0.0
99.524471904 1.0 0.0
100.38161390399999 0.0 0.0
101.238755904 1.0 1.0
102.095897904 0.0 0.0
102.953039904 1.0 0.0
103.81018190399999 0.0 0.0
104.667323904 1.0 1.0
105.524465904 0.0 0.0
106.38160790399999 1.0 0.0
107.238749904 0.0 0.0
108.095891904 1.0 1.0
108.953033904 0.0 0.0
109.81017590399999 1.0 0.0
110.667317904 0.0 0.0
111.524459904 1.0 1.0
112.381601904 0.0 0.0
113.238743904 1.0 0.0
114.095885904 0.0 0.0
114.953027904 1.0 1.0
115.81016990399999 0.0 0.0
116.667311904 1.0 0.0
117.524453904 0.0 0.0
118.381595904 1.0 1.0
119.23873790399999 0.0 0.0
120.095879904 1.0 0.0
120.953021904 0.0 0.0
121.81016390399999 1.0 1.0
122.667305904 0.0 0.0
123.524447904 1.0 0.0
124.381589904 0.0 0.0
125.23873190399999 1.0 1.0
126.095873904 0.0 0.0
126.953015904 1.0 0.0
127.810157904 0.0 0.0
128.667299904 1.0 1.0
129.52444190399999 0.0 0.0
130.381583904 1.0 0.0
131.238725904 0.0 0.0
132.095867904 1.0 1.0
132.953009904 0.0 0.0
133.810151904 1.0 0.0
134.667293904 0.0 0.0
135.524435904 1.0 1.0
136.381577904 0.0 0.0
137.238719904 1.0 0.0
138.095861904 0.0 0.0
138.95300390399998 1.0 1.0
139.810145904 0.0 0.0
140.667287904 1.0 0.0
141.524429904 0.0 0.0
142.381571904 1.0 1.0
143.238713904 0.0 0.0
144.095855904 1.0 0.0
144.952997904 0.0 0.0
145.810139904 1.0 1.0
146.667281904 0.0 0.0
147.524423904 1.0 0.0
148.38156590399998 0.0 0.0
149.238707904 1.0 1.0
150.095849904 0.0 0.0
150.952991904 1.0 0.0
151.810133904 0.0 0.0
152.667275904 1.0 1.0
153.524417904 0.0 0.0
154.381559904 1.0 0.0
155.238701904 0.0 0.0
156.095843904 1.0 1.0
156.952985904 0.0 0.0
157.810127904 1.0 0.0
158.667269904 0.0 0.0
159.524411904 1.0 1.0
160.381553904 0.0 0.0
161.238695904 1.0 0.0
162.095837904 0.0 0.0
162.952979904 1.0 1.0
163.810121904 0.0 0.0
164.667263904 1.0 0.0
165.524405904 0.0 0.0
166.381547904 1.0 1.0
167.238689904 0.0 0.0
168.095831904 1.0 0.0
168.952973904 0.0 0.0