0.526955784 1.0 1.0
1.3965197839999999 0.0 0.0
2.266083784 1.0 0.0
3.135647784 0.0 0.0
4.005211784 1.0 1.0
4.8747757840000006 0.0 0.0
5.744339784 1.0 0.0
6.613903784000001 0.0 0.0
7.483467784000001 1.0 1.0
8.353031784 0.0 0.0
9.222595784000001 1.0 0.0
10.092159784000001 0.0 0.0
10.961723784 1.0 1.0
11.831287784 0.0 0.0
12.700851784000001 1.0 0.0
13.570415784000001 0.0 0.0
14.439979784000002 1.0 1.0
15.309543784000002 0.0 0.0
16.179107784000003 1.0 0.0
17.048671784000003 0.0 0.0
17.918235784000004 1.0 1.0
18.787799784000004 0.0 0.0
19.657363784 1.0 0.0
20.526927784 0.0 0.0
21.396491784000002 1.0 1.0
22.266055784000002 0.0 0.0
23.135619784000003 1.0 0.0
24.005183784000003 0.0 0.0
24.874747784000004 1.0 1.0
25.744311784000004 0.0 0.0
26.613875784000005 1.0 0.0
27.483439784 0.0 0.0
28.353003784000002 1.0 1.0
29.222567784000002 0.0 0.0
30.092131784000003 1.0 0.0
30.961695784000003 0.0 0.0
31.831259784000004 1.0 1.0
32.700823784 0.0 0.0
33.570387784000005 1.0 0.0
34.439951784 0.0 0.0
35.309515784000006 1.0 1.0
36.179079784 0.0 0.0
37.04864378400001 1.0 0.0
37.918207784 0.0 0.0
38.787771784 1.0 1.0
39.657335784000004 0.0 0.0
40.526899784 1.0 0.0
41.396463784000005 0.0 0.0
42.266027784 1.0 1.0
43.135591784000006 0.0 0.0
44.005155784 1.0 0.0
44.87471978400001 0.0 0.0
45.744283784000004 1.0 1.0
46.613847784 0.0 0.0
47.483411784000005 1.0 0.0
48.352975784 0.0 0.0
49.222539784000006 1.0 1.0
50.092103784 0.0 0.0
50.96166778400001 1.0 0.0
51.831231784 0.0 0.0
52.70079578400001 1.0 1.0
53.570359784000004 0.0 0.0
54.439923784 1.0 0.0
55.309487784000005 0.0 0.0
56.179051783999995 1.0 1.0
57.048615784 0.0 0.0
57.918179783999996 1.0 0.0
58.787743784 0.0 0.0
59.657307784 1.0 1.0
60.526871784 0.0 0.0
61.396435784 1.0 0.0
62.265999784 0.0 0.0
63.135563784 1.0 1.0
64.005127784 0.0 0.0
64.87469178399999 1.0 0.0
65.744255784 0.0 0.0
66.613819784 1.0 1.0
67.483383784 0.0 0.0
68.352947784 1.0 0.0
69.222511784 0.0 0.0
70.092075784 1.0 1.0
70.961639784 0.0 0.0
71.831203784 1.0 0.0
72.70076778399999 0.0 0.0
73.570331784 1.0 1.0
74.439895784 0.0 0.0
75.309459784 1.0 0.0
76.179023784 0.0 0.0
77.048587784 1.0 1.0
77.918151784 0.0 0.0
78.787715784 1.0 0.0
79.657279784 0.0 0.0
80.526843784 1.0 1.0
81.396407784 0.0 0.0
82.265971784 1.0 0.0
83.135535784 0.0 0.0
84.005099784 1.0 1.0
84.874663784 0.0 0.0
85.744227784 1.0 0.0
86.613791784 0.0 0.0
87.483355784 1.0 1.0
88.352919784 0.0 0.0
89.222483784 1.0 0.0
90.092047784 0.0 0.0
90.961611784 1.0 1.0
91.831175784 0.0 0.0
92.700739784 1.0 0.0
93.570303784 0.0 0.0
94.439867784 1.0 1.0
95.309431784 0.0 0.0
96.178995784 1.0 0.0
97.048559784 0.0 0.0
97.918123784 1.0 1.0
98.787687784 0.0 0.0
99.657251784 1.0 0.0
100.52681578400001 0.0 0.0
101.396379784 1.0 1.0
102.265943784 0.0 0.0
103.135507784 1.0 0.0
104.005071784 0.0 0.0
104.874635784 1.0 1.0
105.744199784 0.0 0.0
106.613763784 1.0 0.0
107.483327784 0.0 0.0
108.35289178400001 1.0 1.0
109.222455784 0.0 0.0
110.092019784 1.0 0.0
110.961583784 0.0 0.0
111.831147784 1.0 1.0
112.700711784 0.0 0.0
113.570275784 1.0 0.0
114.439839784 0.0 0.0
115.309403784 1.0 1.0
116.17896778400001 0.0 0.0
117.048531784 1.0 0.0
117.918095784 0.0 0.0
118.78765978400001 1.0 1.0
119.65722378400001 0.0 0.0
120.52678778400002 1.0 0.0
121.39635178400002 0.0 0.0
122.26591578400001 1.0 1.0
123.13547978400001 0.0 0.0
124.00504378400001 1.0 0.0
124.87460778400002 0.0 0.0
125.74417178400002 1.0 1.0
126.61373578400001 0.0 0.0
127.48329978400001 1.0 0.0
128.35286378400002 0.0 0.0
129.22242778400002 1.0 1.0
130.09199178400002 0.0 0.0
130.961555784 1.0 0.0
131.831119784 0.0 0.0
132.700683784 1.0 1.0
133.570247784 0.0 0.0
134.43981178400003 1.0 0.0
135.30937578400003 0.0 0.0
136.17893978400002 1.0 1.0
137.04850378400002 0.0 0.0
137.91806778400002 1.0 0.0
138.787631784 0.0 0.0
139.657195784 1.0 1.0
140.526759784 0.0 0.0
141.396323784 1.0 0.0
142.26588778400003 0.0 0.0
143.13545178400003 1.0 1.0
144.00501578400002 0.0 0.0
144.87457978400002 1.0 0.0
145.74414378400002 0.0 0.0
146.613707784 1.0 1.0
147.483271784 0.0 0.0
148.352835784 1.0 0.0
149.222399784 0.0 0.0
150.09196378400003 1.0 1.0
150.96152778400003 0.0 0.0
151.83109178400002 1.0 0.0
152.70065578400002 0.0 0.0
153.57021978400002 1.0 1.0
154.439783784 0.0 0.0
155.309347784 1.0 0.0
156.178911784 0.0 0.0
157.048475784 1.0 1.0
157.91803978400003 0.0 0.0
158.78760378400003 1.0 0.0
159.65716778400002 0.0 0.0
160.52673178400002 1.0 1.0
161.39629578400002 0.0 0.0
162.265859784 1.0 0.0
163.135423784 0.0 0.0
164.004987784 1.0 1.0
164.874551784 0.0 0.0
165.74411578400003 1.0 0.0
166.61367978400003 0.0 0.0
167.48324378400002 1.0 1.0
168.35280778400002 0.0 0.0
169.22237178400002 1.0 0.0
170.09193578400001 0.0 0.0
170.961499784 1.0 1.0
171.831063784 0.0 0.0
172.700627784 1.0 0.0
173.57019178400003 0.0 0.0
174.43975578400003 1.0 1.0
175.30931978400002 0.0 0.0
176.17888378400002 1.0 0.0
177.04844778400002 0.0 0.0
177.91801178400002 1.0 1.0
178.787575784 0.0 0.0
179.657139784 1.0 0.0
180.526703784 0.0 0.0
181.39626778400003 1.0 1.0
182.26583178400003 0.0 0.0
183.13539578400002 1.0 0.0
184.00495978400002 0.0 0.0
184.87452378400002 1.0 1.0
185.74408778400002 0.0 0.0
186.613651784 1.0 0.0
187.483215784 0.0 0.0
188.352779784 1.0 1.0
189.22234378400003 0.0 0.0
190.09190778400003 1.0 0.0
190.96147178400003 0.0 0.0
191.83103578400002 1.0 1.0
192.70059978400002 0.0 0.0
193.57016378400002 1.0 0.0
194.439727784 0.0 0.0
195.309291784 1.0 1.0
196.178855784 0.0 0.0
197.04841978400003 1.0 0.0
197.91798378400003 0.0 0.0
198.78754778400003 1.0 1.0
199.65711178400002 0.0 0.0
200.52667578400002 1.0 0.0
201.39623978400002 0.0 0.0
202.265803784 1.0 1.0
203.135367784 0.0 0.0
204.004931784 1.0 0.0
204.87449578400003 0.0 0.0
205.74405978400003 1.0 1.0
206.61362378400003 0.0 0.0
207.48318778400002 1.0 0.0
208.35275178400002 0.0 0.0
209.22231578400002 1.0 1.0
210.091879784 0.0 0.0
210.961443784 1.0 0.0
211.831007784 0.0 0.0
212.70057178400003 1.0 1.0
213.57013578400003 0.0 0.0
214.43969978400003 1.0 0.0
215.30926378400002 0.0 0.0
216.17882778400002 1.0 1.0
217.04839178400002 0.0 0.0
217.91795578400001 1.0 0.0
218.787519784 0.0 0.0
219.657083784 1.0 1.0
220.52664778400003 0.0 0.0
221.39621178400003 1.0 0.0
222.26577578400003 0.0 0.0
223.13533978400002 1.0 1.0
224.00490378400002 0.0 0.0
224.87446778400002 1.0 0.0
225.74403178400001 0.0 0.0
226.613595784 1.0 1.0
227.483159784 0.0 0.0
228.35272378400003 1.0 0.0
229.22228778400003 0.0 0.0
230.09185178400003 1.0 1.0
230.96141578400002 0.0 0.0
231.83097978400002 0.0 0.0