0.34956379 0.0 0.0
0.8713007899999998 1.0 1.0
1.39303779 0.0 0.0
1.9147747899999998 1.0 0.0
2.43651179 0.0 0.0
2.95824879 1.0 1.0
3.4799857899999997 0.0 0.0
4.00172279 1.0 0.0
4.52345979 0.0 0.0
5.04519679 1.0 1.0
5.56693379 0.0 0.0
6.08867079 1.0 0.0
6.61040779 0.0 0.0
7.13214479 1.0 1.0
7.65388179 0.0 0.0
8.17561879 1.0 1.0
8.69735579 0.0 0.0
9.21909279 0.0 0.0
9.738209705000001 1.0 1.0
10.255448705000001 0.0 0.0
10.777974475 1.0 0.0
11.304289475000001 0.0 0.0
11.830604475000001 1.0 1.0
12.356919475000002 0.0 0.0
12.883234475000002 1.0 0.0
13.409549475000002 0.0 0.0
13.935864475 1.0 1.0
14.462179475000001 0.0 0.0
14.988494475000001 1.0 0.0
15.514809475000002 0.0 0.0
16.04659881 1.0 1.0
16.58231181 0.0 0.0
17.112550475 1.0 0.0
17.638865475 0.0 0.0
18.165180475 1.0 1.0
18.691495475 0.0 0.0
19.217810475 1.0 0.0
19.744125475 0.0 0.0
20.270440475 1.0 1.0
20.796755474999998 0.0 0.0
21.323070475 1.0 0.0
21.849385475 0.0 0.0
22.375700475 1.0 1.0
22.902015475 0.0 0.0
23.428330475 1.0 0.0
23.954645475 0.0 0.0
24.480960475 1.0 1.0
25.007275475 0.0 0.0
25.536303177500002 1.0 0.0
26.0672751775 0.0 0.0
26.5982471775 1.0 1.0
27.1292191775 0.0 0.0
27.649617055 1.0 0.0
28.162436055 0.0 0.0
28.675255055 1.0 1.0
29.188074055 0.0 0.0
29.708754475 1.0 0.0
30.235069475 0.0 0.0
30.761384475 1.0 1.0
31.287699475 0.0 0.0
31.814014475 1.0 0.0
32.340329475 0.0 0.0
32.8749305375 1.0 1.0
33.4154705375 0.0 0.0
33.9560105375 1.0 0.0
34.4965505375 0.0 0.0
35.0370905375 1.0 1.0
35.5776305375 0.0 0.0
36.1125971775 1.0 0.0
36.6435691775 0.0 0.0
37.174541177500004 1.0 1.0
37.7055131775 0.0 0.0
38.2364851775 1.0 0.0
38.7674571775 0.0 0.0
39.298429177500005 1.0 1.0
39.8294011775 0.0 0.0
40.3472680925 1.0 0.0
40.8557420925 0.0 0.0
41.3642160925 1.0 1.0
41.8726900925 0.0 0.0
42.38888979 1.0 0.0
42.91062679 0.0 0.0
43.432363790000004 1.0 1.0
43.95410079 0.0 0.0
44.47583779 1.0 0.0
44.99757479 0.0 0.0
45.51931179 1.0 1.0
46.041048790000005 0.0 0.0
46.56278579 1.0 0.0
47.08452279 0.0 0.0
47.608926475000004 1.0 1.0
48.135241475 0.0 0.0
48.6642691775 1.0 0.0
49.1952411775 0.0 0.0
49.72621317750001 1.0 1.0
50.257185177500006 0.0 0.0
50.79442820416667 1.0 0.0
51.33496820416667 0.0 0.0
51.87269647666667 1.0 1.0
52.40840947666666 0.0 0.0
52.93078672166667 1.0 0.0
53.44360572166667 0.0 0.0
53.95642472166667 1.0 1.0
54.46924372166667 0.0 0.0
54.99539847666667 1.0 0.0
55.531111476666666 0.0 0.0
56.06682447666667 1.0 1.0
56.60253747666667 0.0 0.0
57.13825047666667 1.0 0.0
57.67396347666667 0.0 0.0
58.20153545666667 1.0 1.0
58.72327245666667 0.0 0.0
59.24500945666667 1.0 0.0
59.76674645666667 0.0 0.0
60.28848345666667 1.0 1.0
60.81022045666667 0.0 0.0
61.33195745666667 1.0 0.0
61.85369445666667 0.0 0.0
62.37543145666667 1.0 1.0
62.89716845666667 0.0 0.0
63.41890545666667 1.0 0.0
63.94878347666667 0.0 0.0
64.48449647666666 1.0 1.0
65.01206845666667 0.0 0.0
65.53380545666667 1.0 0.0
66.05554245666667 0.0 0.0
66.57727945666667 1.0 1.0
67.09901645666667 0.0 0.0
67.62075345666666 1.0 0.0
68.14249045666666 0.0 0.0
68.66422745666667 1.0 1.0
69.18596445666667 0.0 0.0
69.70770145666665 1.0 0.0
70.22943845666666 0.0 0.0
70.75117545666666 1.0 1.0
71.27291245666666 0.0 0.0
71.79464945666666 1.0 0.0
72.32176584416666 0.0 0.0
72.85273784416665 1.0 1.0
73.38370984416666 0.0 0.0
73.92025520416666 1.0 0.0
74.46079520416666 0.0 0.0
75.00133520416666 1.0 1.0
75.54187520416666 0.0 0.0
76.07146245666667 1.0 0.0
76.59319945666665 0.0 0.0
77.11493645666665 1.0 1.0
77.63667345666666 0.0 0.0
78.15841045666666 1.0 0.0
78.68014745666666 0.0 0.0
79.20188445666666 1.0 1.0
79.72362145666666 0.0 0.0
80.25073784416666 1.0 0.0
80.78170984416666 0.0 0.0
81.31268184416666 1.0 1.0
81.84365384416665 0.0 0.0
82.36924645666666 1.0 0.0
82.89098345666665 0.0 0.0
83.41272045666665 1.0 1.0
83.93445745666665 0.0 0.0
84.45619445666665 1.0 0.0
84.97793145666665 0.0 0.0
85.50504784416665 1.0 1.0
86.03601984416665 0.0 0.0
86.56699184416665 1.0 0.0
87.09796384416664 0.0 0.0
87.62893584416665 1.0 1.0
88.15990784416665 0.0 0.0
88.68288037166666 1.0 0.0
89.20011937166666 0.0 0.0
89.71735837166665 1.0 1.0
90.23202272166665 0.0 0.0
90.76098920416665 1.0 0.0
91.30152920416664 0.0 0.0
91.84206920416665 1.0 1.0
92.38260920416664 0.0 0.0
92.91219645666665 1.0 0.0
93.43393345666664 0.0 0.0
93.95567045666664 1.0 1.0
94.47740745666664 0.0 0.0
94.99394972166665 1.0 0.0
95.50676872166665 0.0 0.0
96.02744914166665 1.0 1.0
96.55376414166665 0.0 0.0
97.08007914166664 1.0 0.0
97.60639414166666 0.0 0.0
98.13270914166665 1.0 1.0
98.65902414166665 0.0 0.0
99.18533914166665 1.0 0.0
99.71165414166666 0.0 0.0
100.23796914166665 1.0 1.0
100.76428414166665 0.0 0.0
101.29059914166665 1.0 0.0
101.81691414166666 0.0 0.0
102.34322914166665 1.0 1.0
102.86954414166665 0.0 0.0
103.39585914166665 1.0 0.0
103.92217414166666 0.0 0.0
104.44848914166666 1.0 1.0
104.97480414166665 0.0 0.0
105.50111914166665 1.0 0.0
106.02743414166665 0.0 0.0
106.55374914166666 1.0 1.0
107.08006414166665 0.0 0.0
107.61185347666665 1.0 0.0
108.14756647666665 0.0 0.0
108.68327947666666 1.0 1.0
109.21899247666666 0.0 0.0
109.74923114166666 1.0 0.0
110.27554614166665 0.0 0.0
110.80186114166665 1.0 1.0
111.32817614166666 0.0 0.0
111.85449114166666 1.0 0.0
112.38080614166665 0.0 0.0
112.90712114166665 1.0 1.0
113.43343614166666 0.0 0.0
113.95975114166666 1.0 0.0
114.48606614166665 0.0 0.0
115.01238114166665 1.0 1.0
115.53869614166666 0.0 0.0
116.06501114166666 1.0 0.0
116.59132614166666 0.0 0.0
117.11764114166665 1.0 1.0
117.64395614166665 0.0 0.0
118.17027114166666 1.0 0.0
118.69658614166666 0.0 0.0
119.22290114166665 1.0 1.0
119.74921614166665 0.0 0.0
120.27553114166666 1.0 0.0
120.80184614166666 0.0 0.0
121.32816114166665 1.0 1.0
121.85447614166665 0.0 0.0
122.38079114166666 1.0 0.0
122.90710614166666 0.0 0.0
123.43342114166666 1.0 1.0
123.95973614166665 0.0 0.0
124.48605114166665 1.0 0.0
125.01236614166666 0.0 0.0
125.53868114166666 1.0 1.0
126.06499614166665 0.0 0.0
126.59131114166667 1.0 0.0
127.11762614166666 0.0 0.0
127.64394114166666 1.0 1.0
128.17025614166667 0.0 0.0
128.69657114166665 1.0 0.0
129.22288614166666 0.0 0.0
129.74920114166665 1.0 1.0
130.27551614166666 0.0 0.0
130.80183114166667 1.0 0.0
131.32814614166665 0.0 0.0
131.85446114166666 1.0 1.0
132.38077614166667 0.0 0.0
132.90709114166665 1.0 0.0
133.43340614166667 0.0 0.0
133.95972114166665 1.0 1.0
134.48603614166666 0.0 0.0
135.01235114166667 1.0 0.0
135.53866614166668 0.0 0.0
136.06498114166666 1.0 1.0
136.59129614166667 0.0 0.0
137.11761114166669 1.0 0.0
137.64392614166667 0.0 0.0
138.17024114166668 1.0 1.0
138.6965561416667 0.0 0.0
139.22287114166667 1.0 0.0
139.74918614166668 0.0 0.0
140.27550114166667 1.0 1.0
140.80181614166668 0.0 0.0
141.3281311416667 1.0 0.0
141.85444614166667 0.0 0.0
142.38076114166668 1.0 1.0
142.90707614166666 0.0 0.0
143.43339114166668 1.0 0.0
143.9597061416667 0.0 0.0
144.48602114166667 1.0 1.0
145.01233614166668 0.0 0.0
145.53865114166666 1.0 0.0
146.06496614166667 0.0 0.0
146.59128114166668 1.0 1.0
147.11759614166667 0.0 0.0
147.64391114166668 1.0 0.0
148.17022614166666 0.0 0.0
148.69654114166667 1.0 1.0
149.22285614166668 0.0 0.0
149.7491711416667 1.0 0.0
150.27548614166668 0.0 0.0
150.8018011416667 1.0 1.0
151.32811614166667 0.0 0.0
151.85443114166668 1.0 0.0
152.3807461416667 0.0 0.0
152.90706114166667 1.0 1.0
153.43337614166668 0.0 0.0
153.95969114166667 1.0 0.0
154.48600614166668 0.0 0.0
155.0123211416667 1.0 1.0
155.53863614166667 0.0 0.0
156.06495114166668 1.0 0.0
156.59126614166667 0.0 0.0
157.11758114166668 1.0 1.0
157.6438961416667 0.0 0.0
158.17021114166667 1.0 0.0
158.69652614166668 0.0 0.0
159.22284114166666 1.0 1.0
159.74915614166667 0.0 0.0
160.27547114166669 1.0 0.0
160.80178614166667 0.0 0.0
161.32810114166668 1.0 1.0
161.85441614166666 0.0 0.0
162.38073114166667 1.0 0.0
162.90704614166668 0.0 0.0
163.4333611416667 1.0 1.0
163.95967614166668 0.0 0.0
164.4859911416667 1.0 0.0
165.01230614166667 0.0 0.0
165.53862114166668 1.0 1.0
166.0649361416667 0.0 0.0
166.59125114166667 1.0 0.0
167.12027884416668 0.0 0.0
167.6512508441667 1.0 1.0
168.1822228441667 0.0 0.0
168.7104821416667 1.0 0.0
169.2367971416667 0.0 0.0
169.76311214166668 1.0 1.0
170.2894271416667 0.0 0.0
170.81045537166668 1.0 0.0
171.32769437166667 0.0 0.0
171.84493337166668 1.0 1.0
172.36217237166667 0.0 0.0
172.88469814166666 1.0 0.0
173.41101314166667 0.0 0.0
173.93732814166665 1.0 1.0
174.46364314166667 0.0 0.0
174.98995814166668 1.0 0.0
175.51627314166666 0.0 0.0
176.04258814166667 1.0 1.0
176.56890314166665 0.0 0.0
177.09521814166666 1.0 0.0
177.62153314166667 0.0 0.0
178.14784814166666 1.0 1.0
178.67416314166667 0.0 0.0
179.20047814166665 1.0 0.0
179.72679314166666 0.0 0.0
180.25310814166667 1.0 1.0
180.77942314166665 0.0 0.0
181.30573814166667 1.0 0.0
181.83205314166668 0.0 0.0
182.35836814166666 1.0 1.0
182.88468314166667 0.0 0.0
183.41099814166665 1.0 0.0
183.93731314166666 0.0 0.0
184.46362814166667 1.0 1.0
184.98994314166666 0.0 0.0
185.51625814166667 1.0 0.0
186.04257314166665 0.0 0.0
186.56888814166666 1.0 1.0
187.09520314166667 0.0 0.0
187.62151814166666 1.0 0.0
188.14783314166667 0.0 0.0
188.67414814166665 1.0 1.0
189.20046314166666 0.0 0.0
189.72677814166667 1.0 0.0
190.25309314166665 0.0 0.0
190.77940814166666 1.0 1.0
191.30572314166668 0.0 0.0
191.83203814166666 1.0 0.0
192.35835314166667 0.0 0.0
192.88466814166668 1.0 1.0
193.41098314166666 0.0 0.0
193.93729814166667 1.0 0.0
194.46361314166666 0.0 0.0
194.98992814166667 1.0 1.0
195.51624314166668 0.0 0.0
196.04255814166666 1.0 0.0
196.56887314166667 0.0 0.0
197.09518814166665 1.0 1.0
197.62150314166666 0.0 0.0
198.14781814166668 1.0 0.0
198.67413314166666 0.0 0.0
199.20044814166667 1.0 1.0
199.72676314166665 0.0 0.0
200.25307814166666 1.0 0.0
200.77939314166667 0.0 0.0
201.30570814166666 1.0 1.0
201.83202314166667 0.0 0.0
202.35833814166668 1.0 0.0
202.88465314166666 0.0 0.0
203.41096814166667 1.0 1.0
203.93728314166668 0.0 0.0
204.46359814166667 1.0 0.0
204.98991314166668 0.0 0.0
205.51622814166666 1.0 1.0
206.04254314166667 0.0 0.0
206.56885814166668 1.0 0.0
207.09517314166666 0.0 0.0
207.62148814166667 1.0 1.0
208.14780314166666 0.0 0.0
208.67411814166667 1.0 0.0
209.20043314166668 0.0 0.0
209.72674814166666 1.0 1.0
210.25306314166667 0.0 0.0
210.78209084416665 1.0 0.0
211.31306284416667 0.0 0.0
211.84403484416666 1.0 1.0
212.37500684416665 0.0 0.0
212.90326614166665 1.0 0.0
213.42958114166666 0.0 0.0
213.95589614166664 1.0 0.0
214.48221114166665 0.0 0.0
215.00852614166666 1.0 1.0
215.53484114166665 0.0 0.0
216.06115614166666 1.0 0.0
216.58747114166664 0.0 0.0
217.11378614166665 1.0 1.0
217.64010114166666 0.0 0.0
218.16641614166664 1.0 0.0
218.69273114166666 0.0 0.0
219.21118472166663 1.0 1.0
219.72400372166663 0.0 0.0
220.23682272166664 1.0 1.0
220.74964172166665 0.0 0.0
221.27032214166664 1.0 0.0
221.79663714166665 0.0 0.0
222.32295214166663 1.0 1.0
222.84926714166664 0.0 0.0
223.37558214166665 1.0 0.0
223.90189714166664 0.0 0.0
224.42821214166665 1.0 1.0
224.95452714166663 0.0 0.0
225.48084214166664 1.0 0.0
226.00715714166665 0.0 0.0
226.53347214166664 1.0 1.0
227.05978714166665 0.0 0.0
227.58610214166663 1.0 0.0
228.11241714166664 0.0 0.0
228.63873214166665 1.0 1.0
229.16504714166663 0.0 0.0
229.69136214166664 1.0 0.0
230.21767714166663 0.0 0.0
230.74399214166664 1.0 1.0
231.27030714166665 0.0 0.0
231.79662214166663 1.0 0.0
232.32293714166664 0.0 0.0
232.84925214166665 1.0 1.0
233.37556714166664 0.0 0.0
233.90188214166665 1.0 0.0
234.42819714166663 0.0 0.0
234.95451214166664 1.0 1.0
235.48082714166665 0.0 0.0
236.00714214166663 1.0 0.0
236.53345714166664 0.0 0.0
237.05977214166666 1.0 1.0
237.58608714166664 0.0 0.0
238.11240214166665 1.0 0.0
238.63871714166663 0.0 0.0
239.16503214166664 1.0 1.0
239.69134714166665 0.0 0.0
240.21766214166664 1.0 0.0
240.74397714166665 0.0 0.0
241.27029214166663 1.0 1.0
241.79660714166664 0.0 0.0
242.32292214166665 1.0 0.0
242.84923714166663 0.0 0.0
243.37555214166665 1.0 1.0
243.90186714166666 0.0 0.0
244.42818214166664 1.0 0.0
244.95449714166665 0.0 0.0
245.48081214166666 1.0 1.0
246.00712714166664 0.0 0.0
246.53344214166665 1.0 0.0
247.05975714166664 0.0 0.0
247.58607214166665 1.0 1.0
248.11238714166666 0.0 0.0
248.63870214166664 1.0 0.0
249.16501714166665 0.0 0.0
249.69133214166663 1.0 1.0
250.21764714166665 0.0 0.0
250.74396214166666 1.0 0.0
251.27027714166664 0.0 0.0
251.79659214166665 1.0 1.0
252.32290714166663 0.0 0.0
252.84922214166664 1.0 0.0
253.37553714166665 0.0 0.0
253.90185214166664 1.0 1.0
254.42816714166665 0.0 0.0
254.95448214166663 1.0 0.0
255.48079714166664 0.0 0.0
256.00711214166665 1.0 0.0
256.53342714166666 0.0 0.0
257.0597421416667 1.0 1.0
257.58605714166663 0.0 0.0
258.11237214166664 1.0 1.0
258.63868714166665 0.0 0.0
259.16500214166666 0.0 0.0
259.6913171416667 1.0 0.0
260.2176321416666 0.0 0.0
260.74394714166664 1.0 0.0
261.27026214166665 0.0 0.0
261.79657714166666 1.0 1.0
262.32289214166667 0.0 0.0
262.8492071416666 1.0 0.0
263.37552214166664 0.0 0.0
263.90183714166665 1.0 1.0
264.42815214166666 0.0 0.0
264.95446714166667 1.0 0.0
265.4807821416666 0.0 0.0
266.00709714166663 1.0 1.0
266.53341214166664 0.0 0.0
267.05972714166666 1.0 0.0
267.58604214166667 0.0 0.0