0.349741441 0.0 0.0
0.7918924409999999 1.0 1.0
1.234043441 0.0 0.0
1.676194441 1.0 0.0
2.118345441 0.0 0.0
2.560496441 1.0 1.0
3.002647441 0.0 0.0
3.444798441 1.0 0.0
3.886949441 0.0 0.0
4.3291004410000005 1.0 1.0
4.771251441 0.0 0.0
5.213402441 1.0 0.0
5.655553441 0.0 0.0
6.097704441 1.0 1.0
6.539855441 0.0 0.0
6.982006441 1.0 0.0
7.424157441 0.0 0.0
7.866308441 1.0 1.0
8.308459441 0.0 0.0
8.750610441000001 1.0 0.0
9.192761441 0.0 0.0
9.634912441 1.0 1.0
10.077063441 0.0 0.0
10.519214441 1.0 0.0
10.961365441 0.0 0.0
11.403516441 1.0 1.0
11.845667441 0.0 0.0
12.287818441 1.0 0.0
12.729969441 0.0 0.0
13.172120441 1.0 1.0
13.614271441 0.0 0.0
14.056422441 1.0 0.0
14.498573440999998 0.0 0.0
14.940724440999999 1.0 1.0
15.382875441 0.0 0.0
15.825026441 1.0 0.0
16.267177441 0.0 0.0
16.709328441 1.0 1.0
17.151479441 0.0 0.0
17.593630441 1.0 0.0
18.035781441 0.0 0.0
18.477932441 1.0 1.0
18.920083441 0.0 0.0
19.362234441000002 1.0 0.0
19.804385441 0.0 0.0
20.246536441 1.0 1.0
20.688687441 0.0 0.0
21.130838441 1.0 0.0
21.572989441 0.0 0.0
22.015140441 1.0 1.0
22.457291441 0.0 0.0
22.899442441 1.0 1.0
23.341593441 0.0 0.0
23.783744441 1.0 0.0
24.225645813916664 0.0 0.0
24.667471813916666 1.0 1.0
25.109297813916665 0.0 0.0
25.551123813916664 1.0 0.0
25.992949813916667 0.0 0.0
26.434775813916666 1.0 1.0
26.876079538916667 0.0 0.0
27.317255538916665 1.0 0.0
27.758431538916668 0.0 0.0
28.199607538916666 1.0 1.0
28.640783538916665 0.0 0.0
29.081959538916667 1.0 0.0
29.523135538916666 0.0 0.0
29.964311538916665 1.0 1.0
30.405487538916667 0.0 0.0
30.846663538916665 1.0 0.0
31.287839538916668 0.0 0.0
31.729015538916666 1.0 1.0
32.17019153891667 0.0 0.0
32.61136753891667 1.0 0.0
33.052543538916666 0.0 0.0
33.493719538916665 1.0 1.0
33.93489553891666 0.0 0.0
34.37607153891667 1.0 0.0
34.81724753891667 0.0 0.0
35.25842353891667 1.0 1.0
35.699599538916665 0.0 0.0
36.140775538916664 1.0 0.0
36.58195153891667 0.0 0.0
37.02312753891667 1.0 1.0
37.46430353891667 0.0 0.0
37.905479538916666 1.0 0.0
38.346655538916664 0.0 0.0
38.78783153891666 1.0 1.0
39.22900753891667 0.0 0.0
39.67018353891667 1.0 0.0
40.111359538916666 0.0 0.0
40.552535538916665 1.0 1.0
40.99371153891667 0.0 0.0
41.43488753891667 1.0 0.0
41.87606353891667 0.0 0.0
42.31723953891667 1.0 1.0
42.758415538916665 0.0 0.0
43.199591538916664 1.0 0.0
43.64076753891666 0.0 0.0
44.08194353891666 1.0 1.0
44.52311953891667 0.0 0.0
44.964295538916666 1.0 0.0
45.40547153891667 0.0 0.0
45.84664753891667 1.0 1.0
46.28782353891667 0.0 0.0
46.72899953891667 1.0 0.0
47.170175538916666 0.0 0.0
47.611351538916665 1.0 1.0
48.052527538916664 0.0 0.0
48.49370353891666 1.0 0.0
48.93487953891667 0.0 0.0
49.37605553891667 1.0 1.0
49.817231538916666 0.0 0.0
50.25840753891667 1.0 0.0
50.69958353891667 0.0 0.0
51.14075953891667 1.0 1.0
51.58193553891667 0.0 0.0
52.023111538916666 1.0 0.0
52.464287538916665 0.0 0.0
52.90546353891666 1.0 1.0
53.34663953891666 0.0 0.0
53.78781553891667 1.0 0.0
54.22899153891667 0.0 0.0
54.670167538916665 1.0 1.0
55.11134353891667 0.0 0.0
55.55251953891667 1.0 0.0
55.99369553891667 0.0 0.0
56.43487153891667 1.0 1.0
56.876047538916666 0.0 0.0
57.317223538916664 1.0 0.0
57.75839953891666 0.0 0.0
58.19957553891666 1.0 1.0
58.64075153891667 0.0 0.0
59.081927538916666 1.0 0.0
59.523103538916665 0.0 0.0
59.964279538916664 1.0 1.0
60.40545553891667 0.0 0.0
60.84663153891667 1.0 0.0
61.28780753891667 0.0 0.0
61.728983538916665 1.0 1.0
62.170159538916664 0.0 0.0
62.61133553891667 1.0 0.0
63.05251153891667 0.0 0.0
63.49368753891667 1.0 1.0
63.934863538916666 0.0 0.0
64.37603953891667 1.0 0.0
64.81721553891666 0.0 0.0
65.25839153891667 1.0 1.0
65.69956753891667 0.0 0.0
66.14074353891667 1.0 0.0
66.58191953891667 0.0 0.0
67.02309553891666 1.0 1.0
67.46427153891668 0.0 0.0
67.90544753891666 1.0 0.0
68.34662353891667 0.0 0.0
68.78779953891666 1.0 1.0
69.22897553891667 0.0 0.0
69.67015153891667 1.0 0.0
70.11132753891667 0.0 0.0
70.55250353891667 1.0 1.0
70.99367953891667 0.0 0.0
71.43485553891666 1.0 0.0
71.87603153891666 0.0 0.0
72.31720753891668 1.0 1.0
72.75967467858332 0.0 0.0
73.20247867858333 1.0 0.0
73.64528267858333 0.0 0.0
74.08808667858332 1.0 1.0
74.53089067858333 0.0 0.0
74.97369467858333 1.0 0.0
75.41649867858332 0.0 0.0
75.85930267858333 1.0 1.0
76.30210667858333 0.0 0.0
76.74491067858332 1.0 0.0
77.18771467858333 0.0 0.0
77.63051867858333 1.0 1.0
78.07332267858332 0.0 0.0
78.51612667858333 1.0 0.0
78.95893067858333 0.0 0.0
79.40173467858332 1.0 1.0
79.84453867858333 0.0 0.0
80.28734267858333 1.0 0.0
80.73014667858332 0.0 0.0
81.17295067858333 1.0 1.0
81.61575467858333 0.0 0.0
82.05855867858332 1.0 0.0
82.50136267858333 0.0 0.0
82.94416667858333 1.0 1.0
83.38697067858332 0.0 0.0
83.82977467858333 1.0 0.0
84.27257867858333 0.0 0.0
84.71538267858332 1.0 1.0
85.15818667858333 0.0 0.0
85.60099067858333 1.0 0.0
86.04379467858332 0.0 0.0
86.48659867858333 1.0 1.0
86.92811493058333 0.0 0.0
87.36929093058333 1.0 0.0
87.81046693058333 0.0 0.0
88.25164293058333 1.0 1.0
88.69281893058333 0.0 0.0
89.13399493058333 1.0 0.0
89.57517093058334 0.0 0.0
90.01634693058334 1.0 1.0
90.45752293058334 0.0 0.0
90.89869893058334 1.0 0.0
91.33987493058333 0.0 0.0
91.78105093058333 1.0 1.0
92.22222693058333 0.0 0.0
92.66340293058333 1.0 0.0
93.10457893058333 0.0 0.0
93.54575493058333 1.0 1.0
93.98693093058334 0.0 0.0
94.42810693058334 1.0 0.0
94.86928293058334 0.0 0.0
95.31045893058334 1.0 1.0
95.75163493058334 0.0 0.0
96.19281093058333 1.0 0.0
96.63398693058333 0.0 0.0
97.07516293058333 1.0 1.0
97.51633893058333 0.0 0.0
97.95751493058333 1.0 0.0
98.39869093058334 0.0 0.0
98.83986693058334 1.0 1.0
99.28104293058334 0.0 0.0
99.72221893058334 1.0 0.0
100.16339493058334 0.0 0.0
100.60457093058334 1.0 1.0
101.04574693058333 0.0 0.0
101.48692293058333 1.0 0.0
101.92809893058333 0.0 0.0
102.36927493058333 1.0 1.0
102.81045093058333 0.0 0.0
103.25162693058334 1.0 0.0
103.69280293058334 0.0 0.0
104.13397893058334 1.0 1.0
104.57515493058334 0.0 0.0
105.01633093058334 1.0 0.0
105.45750693058334 0.0 0.0
105.89868293058333 1.0 1.0
106.33985893058333 0.0 0.0
106.78103493058333 1.0 0.0
107.22221093058334 0.0 0.0
107.66338693058333 1.0 1.0
108.10456293058334 0.0 0.0
108.54573893058334 1.0 0.0
108.98691493058334 0.0 0.0
109.42809093058334 1.0 1.0
109.86926693058334 0.0 0.0
110.31044293058333 1.0 0.0
110.75161893058333 0.0 0.0
111.19279493058333 1.0 1.0
111.63397093058333 0.0 0.0
112.07514693058334 1.0 0.0
112.51632293058333 0.0 0.0
112.95749893058334 1.0 1.0
113.39867493058334 0.0 0.0
113.83985093058334 1.0 0.0
114.28102693058334 0.0 0.0
114.72220293058334 1.0 1.0
115.16337893058333 0.0 0.0
115.60455493058333 1.0 0.0
116.04573093058333 0.0 0.0
116.48690693058333 1.0 1.0
116.92808293058334 0.0 0.0
117.36925893058333 1.0 0.0
117.81043493058334 0.0 0.0
118.25161093058334 1.0 1.0
118.69278693058334 0.0 0.0
119.13396293058334 1.0 0.0
119.57513893058334 0.0 0.0
120.01631493058333 1.0 1.0
120.45749093058333 0.0 0.0
120.89866693058335 1.0 0.0
121.33984293058333 0.0 0.0
121.78101893058334 1.0 1.0
122.22219493058333 0.0 0.0
122.66337093058334 1.0 0.0
123.10454693058334 0.0 0.0
123.54572293058334 1.0 1.0
123.98689893058334 0.0 0.0
124.42807493058334 1.0 0.0
124.86925093058333 0.0 0.0
125.31042693058333 1.0 1.0
125.75160293058335 0.0 0.0
126.19277893058333 1.0 0.0
126.63395493058334 0.0 0.0
127.07513093058333 1.0 1.0
127.51630693058334 0.0 0.0
127.95748293058334 1.0 0.0
128.39865893058334 0.0 0.0
128.83983493058332 1.0 1.0
129.28101093058334 0.0 0.0
129.72218693058335 1.0 0.0
130.16336293058333 0.0 0.0
130.60453893058335 1.0 1.0
131.04571493058333 0.0 0.0
131.48689093058334 1.0 0.0
131.92806693058333 0.0 0.0
132.36924293058334 1.0 1.0
132.81041893058335 0.0 0.0
133.25159493058334 1.0 0.0
133.69277093058332 0.0 0.0
134.13394693058333 1.0 1.0
134.57512293058335 0.0 0.0
135.01629893058333 1.0 0.0
135.45747493058334 0.0 0.0
135.89865093058333 1.0 1.0
136.33982693058334 0.0 0.0
136.78100293058333 1.0 0.0
137.22217893058334 0.0 0.0
137.66335493058335 1.0 1.0
138.10453093058334 0.0 0.0
138.54570693058332 1.0 0.0
138.98688293058333 0.0 0.0
139.42805893058335 1.0 1.0
139.86923493058333 0.0 0.0
140.31041093058334 1.0 0.0
140.75158693058333 0.0 0.0
141.19276293058334 1.0 1.0
141.63393893058333 0.0 0.0
142.07511493058334 1.0 0.0
142.51629093058335 0.0 0.0
142.95746693058334 1.0 1.0
143.39864293058332 0.0 0.0
143.83981893058333 1.0 0.0
144.28099493058335 0.0 0.0
144.72217093058333 1.0 1.0
145.16334693058334 0.0 0.0
145.60452293058333 1.0 0.0
146.04569893058334 0.0 0.0
146.48687493058333 1.0 1.0
146.92805093058334 0.0 0.0
147.36922693058332 1.0 0.0
147.81040293058334 0.0 0.0
148.25157893058332 1.0 1.0
148.69275493058333 0.0 0.0
149.13393093058335 1.0 0.0
149.57510693058333 0.0 0.0
150.01628293058332 1.0 1.0
150.45745893058333 0.0 0.0
150.89863493058334 1.0 0.0
151.33981093058333 0.0 0.0
151.7809869305833 1.0 1.0
152.22216293058332 0.0 0.0
152.66333893058334 1.0 0.0
153.10451493058332 0.0 0.0
153.54569093058333 1.0 1.0
153.98686693058335 0.0 0.0
154.42804293058333 1.0 0.0
154.86921893058332 0.0 0.0
155.31039493058333 1.0 1.0
155.75157093058334 0.0 0.0
156.19274693058333 1.0 0.0
156.6339229305833 0.0 0.0
157.07509893058335 1.0 1.0
157.51627493058334 0.0 0.0
157.95745093058332 1.0 0.0
158.39862693058333 0.0 0.0
158.83980293058335 1.0 1.0
159.28097893058333 0.0 0.0
159.72215493058332 1.0 0.0
160.16333093058333 0.0 0.0
160.60450693058334 1.0 1.0
161.04568293058333 0.0 0.0
161.4868589305833 1.0 0.0
161.92803493058335 0.0 0.0
162.36921093058334 1.0 1.0
162.81038693058332 0.0 0.0
163.25156293058333 1.0 0.0
163.69273893058335 0.0 0.0
164.13391493058333 1.0 1.0
164.57509093058331 0.0 0.0
165.01626693058333 1.0 0.0
165.45744293058334 0.0 0.0
165.89861893058332 1.0 1.0
166.3397949305833 0.0 0.0
166.78097093058335 1.0 0.0
167.22214693058334 0.0 0.0
167.66332293058332 1.0 1.0
168.10449893058333 0.0 0.0
168.54567493058335 1.0 0.0
168.98685093058333 0.0 0.0
169.42802693058331 1.0 1.0
169.86920293058333 0.0 0.0
170.31037893058334 1.0 0.0
170.75155493058332 0.0 0.0
171.1927309305833 1.0 1.0
171.63390693058335 0.0 0.0
172.07508293058333 1.0 0.0
172.51625893058332 0.0 0.0
172.95743493058333 1.0 1.0
173.39861093058335 0.0 0.0
173.83978693058333 1.0 0.0
174.2809629305833 0.0 0.0
174.72213893058333 1.0 0.0
175.16331493058334 0.0 0.0
175.60449093058332 1.0 1.0
176.04566693058334 0.0 0.0