0.29081542500000007 0.0 0.0
0.9030584250000001 1.0 1.0
1.5153014250000003 0.0 0.0
2.1275444250000004 1.0 0.0
2.7397874250000007 0.0 0.0
3.3520304250000006 1.0 1.0
3.964273425000001 0.0 0.0
4.576516425000001 1.0 0.0
5.188759425000001 0.0 0.0
5.801002425000001 1.0 1.0
6.413245425000001 0.0 0.0
7.025488425000002 0.0 0.0
7.637731425000001 1.0 1.0
8.249974425000001 0.0 0.0
8.862217425 1.0 0.0
9.474460425000002 0.0 0.0
10.086703425000003 1.0 0.0
10.698946425000003 0.0 0.0
11.311189425000002 1.0 1.0
11.923432425000001 0.0 0.0
12.535675425000003 1.0 0.0
13.147918425000002 0.0 0.0
13.760161425000003 1.0 1.0
14.372404425000003 0.0 0.0
14.984647425000002 1.0 0.0
15.596890425000003 0.0 0.0
16.209133425000005 1.0 1.0
16.821376425000004 0.0 0.0
17.433619425000003 1.0 0.0
18.045862425000003 0.0 0.0
18.658105425000002 1.0 1.0
19.270348425000005 0.0 0.0
19.882591425000005 1.0 0.0
20.494834425000004 0.0 0.0
21.107077425000004 1.0 1.0
21.719320425000003 0.0 0.0
22.331563425000002 1.0 0.0
22.943806425000005 0.0 0.0
23.556049425000005 1.0 1.0
24.168292425000004 0.0 0.0
24.780535425000004 1.0 0.0
25.392778425000003 0.0 0.0
26.005021425000006 1.0 1.0
26.617264425000005 0.0 0.0
27.229507425000005 1.0 0.0
27.841750425000004 0.0 0.0
28.453993425000004 1.0 1.0
29.066236425000007 0.0 0.0
29.678479425000006 1.0 0.0
30.29024998333334 0.0 0.0
30.901246983333337 1.0 1.0
31.512243983333338 0.0 0.0
32.12324098333334 1.0 0.0
32.73423798333334 0.0 0.0
33.34523498333334 1.0 1.0
33.95623198333334 0.0 0.0
34.56722898333334 1.0 0.0
35.17822598333334 0.0 0.0
35.78913630208334 1.0 1.0
36.39951230208334 0.0 0.0
37.00988830208334 1.0 0.0
37.62026430208334 0.0 0.0
38.23064030208334 1.0 1.0
38.84101630208334 0.0 0.0
39.451392302083335 1.0 0.0
40.06176830208334 0.0 0.0
40.67214430208334 1.0 1.0
41.282520302083334 0.0 0.0
41.89289630208334 1.0 0.0
42.50327230208333 0.0 0.0
43.113648302083334 1.0 1.0
43.724024302083336 0.0 0.0
44.33440030208334 1.0 0.0
44.94477630208333 0.0 0.0
45.555152302083336 1.0 1.0
46.16552830208333 0.0 0.0
46.77590430208333 1.0 0.0
47.386280302083335 0.0 0.0
47.99665630208334 1.0 1.0
48.60703230208333 0.0 0.0
49.217408302083335 1.0 0.0
49.82778430208333 0.0 0.0
50.43816030208333 1.0 1.0
51.048536302083335 0.0 0.0
51.65891230208334 1.0 0.0
52.26928830208334 0.0 0.0
52.879664302083334 1.0 1.0
53.49004030208333 0.0 0.0
54.10041630208333 1.0 0.0
54.710792302083334 0.0 0.0
55.321168302083336 1.0 1.0
55.93154430208334 0.0 0.0
56.541920302083334 1.0 0.0
57.152296302083336 0.0 0.0
57.76267230208333 1.0 1.0
58.37304830208333 0.0 0.0
58.983424302083336 1.0 0.0
59.59380030208334 0.0 0.0
60.20417630208333 1.0 1.0
60.814552302083335 0.0 0.0
61.42492830208333 1.0 0.0
62.03530430208333 0.0 0.0
62.645680302083335 1.0 1.0
63.25605630208334 0.0 0.0
63.86643230208334 1.0 0.0
64.47680830208333 0.0 0.0
65.08718430208333 1.0 1.0
65.69756030208333 0.0 0.0
66.30793630208333 1.0 0.0
66.91831230208334 0.0 0.0
67.52868830208334 1.0 1.0
68.14027396249999 0.0 0.0
68.7525169625 1.0 0.0
69.3647599625 0.0 0.0
69.9770029625 1.0 1.0
70.5892459625 0.0 0.0
71.2014889625 1.0 0.0
71.8137319625 0.0 0.0
72.42597496249999 1.0 1.0
73.0382179625 0.0 0.0
73.65046096249999 1.0 0.0
74.2627039625 0.0 0.0
74.87494696249999 1.0 1.0
75.48810303125 0.0 0.0
76.10222703125 1.0 0.0
76.71635103125 0.0 0.0
77.33047503125 1.0 1.0
77.94459903125001 0.0 0.0
78.55872303125 1.0 0.0
79.17099511458332 0.0 0.0
79.78261511458332 1.0 1.0
80.39423511458332 0.0 0.0
81.00585511458333 1.0 0.0
81.61747511458333 0.0 0.0
82.22909511458333 1.0 1.0
82.84071511458333 0.0 0.0
83.45233511458332 1.0 0.0
84.06395511458332 0.0 0.0
84.67557511458332 1.0 1.0
85.28719511458333 0.0 0.0
85.89881511458333 1.0 0.0
86.51043511458333 0.0 0.0
87.12205511458333 1.0 1.0
87.73367511458332 0.0 0.0
88.34529511458332 1.0 0.0
88.95691511458332 0.0 0.0
89.56853511458333 1.0 1.0
90.18015511458333 0.0 0.0
90.79177511458333 1.0 0.0
91.40339511458333 0.0 0.0
92.01501511458332 1.0 1.0
92.62663511458332 0.0 0.0
93.23825511458332 1.0 0.0
93.84987511458333 0.0 0.0
94.46149511458333 1.0 1.0
95.07311511458333 0.0 0.0
95.68473511458333 1.0 0.0
96.29635511458332 0.0 0.0
96.90797511458334 1.0 1.0
97.51959511458332 0.0 0.0
98.13121511458333 1.0 0.0
98.74283511458333 0.0 0.0
99.35445511458333 1.0 1.0
99.96607511458333 0.0 0.0
100.57769511458334 1.0 0.0
101.18931511458334 0.0 0.0
101.80093511458333 1.0 1.0
102.41255511458333 0.0 0.0
103.02417511458333 1.0 0.0
103.63579511458333 0.0 0.0
104.24741511458333 1.0 1.0
104.85903511458334 0.0 0.0
105.47065511458334 1.0 0.0
106.08227511458333 0.0 0.0
106.69389511458333 1.0 1.0
107.30551511458333 0.0 0.0
107.91713511458333 1.0 0.0
108.52875511458333 0.0 0.0
109.14037511458334 1.0 1.0
109.75199511458334 0.0 0.0
110.36361511458333 1.0 0.0
110.97523511458334 0.0 0.0
111.58685511458333 1.0 1.0
112.19847511458333 0.0 0.0
112.81009511458333 1.0 0.0
113.42171511458334 0.0 0.0
114.03333511458334 1.0 1.0
114.64495511458333 0.0 0.0
115.25657511458334 1.0 0.0
115.86819511458333 0.0 0.0
116.47981511458333 1.0 1.0
117.09143511458333 0.0 0.0
117.70305511458334 1.0 0.0
118.31467511458334 0.0 0.0
118.92629511458333 1.0 1.0
119.53791511458334 0.0 0.0
120.14953511458333 1.0 0.0
120.76115511458333 0.0 0.0
121.37277511458333 1.0 1.0
121.98439511458334 0.0 0.0
122.59601511458334 1.0 0.0
123.20763511458333 0.0 0.0
123.81925511458334 1.0 1.0
124.43087511458333 0.0 0.0
125.04249511458333 1.0 0.0
125.65411511458333 0.0 0.0
126.26573511458334 1.0 1.0
126.87735511458334 0.0 0.0
127.48897511458333 1.0 0.0
128.10059511458334 0.0 0.0
128.71221511458333 1.0 1.0
129.32383511458335 0.0 0.0
129.93545511458333 1.0 0.0
130.54707511458332 0.0 0.0
131.15869511458334 1.0 1.0
131.77031511458333 0.0 0.0
132.38193511458334 1.0 0.0
132.99355511458333 0.0 0.0
133.60517511458335 1.0 1.0
134.21679511458333 0.0 0.0
134.82841511458332 1.0 0.0
135.44003511458334 0.0 0.0
136.05165511458333 1.0 1.0
136.66327511458334 0.0 0.0
137.27489511458333 1.0 0.0
137.88651511458335 0.0 0.0
138.49813511458333 1.0 1.0
139.10975511458332 0.0 0.0
139.72137511458334 1.0 0.0
140.33299511458333 0.0 0.0
140.94461511458334 1.0 1.0
141.55623511458333 0.0 0.0
142.16785511458335 1.0 0.0
142.77947511458333 0.0 0.0
143.39109511458332 1.0 1.0
144.00271511458334 0.0 0.0
144.61433511458335 1.0 0.0
145.22595511458334 0.0 0.0
145.83757511458333 1.0 1.0
146.44919511458335 0.0 0.0
147.06081511458333 1.0 0.0
147.67243511458332 0.0 0.0
148.28405511458334 1.0 1.0
148.89567511458336 0.0 0.0
149.50729511458334 1.0 0.0
150.11891511458333 0.0 0.0
150.73053511458335 1.0 1.0
151.34215511458333 0.0 0.0
151.95377511458332 1.0 0.0
152.56539511458334 0.0 0.0
153.17701511458336 1.0 1.0
153.78863511458334 0.0 0.0
154.40025511458333 1.0 0.0
155.01187511458335 0.0 0.0
155.62349511458333 1.0 1.0
156.23511511458332 0.0 0.0
156.84673511458334 1.0 0.0
157.45835511458336 0.0 0.0
158.06997511458337 1.0 1.0
158.68159511458336 0.0 0.0
159.29321511458335 1.0 0.0
159.90483511458336 0.0 0.0
160.51645511458335 1.0 1.0
161.12807511458334 0.0 0.0
161.73969511458336 1.0 0.0
162.35131511458334 0.0 0.0
162.96293511458333 1.0 1.0
163.57455511458335 0.0 0.0
164.18617511458336 1.0 0.0
164.79779511458335 0.0 0.0
165.40941511458334 1.0 1.0
166.02103511458336 0.0 0.0
166.63155883958336 1.0 0.0
167.24193483958337 0.0 0.0
167.85231083958337 1.0 1.0
168.46268683958337 0.0 0.0
169.07306283958337 1.0 0.0
169.68343883958335 0.0 0.0
170.29381483958335 1.0 1.0
170.90419083958335 0.0 0.0
171.51456683958335 1.0 0.0
172.12494283958335 0.0 0.0
172.73531883958336 1.0 1.0
173.34569483958336 0.0 0.0
173.95607083958336 1.0 0.0
174.56644683958336 0.0 0.0
175.17682283958337 1.0 1.0
175.78719883958337 0.0 0.0
176.39757483958337 1.0 0.0
177.00795083958337 0.0 0.0
177.61832683958335 1.0 1.0
178.22870283958335 0.0 0.0
178.83907883958335 1.0 0.0
179.44945483958335 0.0 0.0
180.05983083958336 1.0 1.0
180.67020683958336 0.0 0.0
181.28058283958336 1.0 0.0
181.89095883958336 0.0 0.0
182.50133483958336 1.0 1.0
183.11171083958337 0.0 0.0
183.72208683958337 1.0 0.0
184.33246283958337 0.0 0.0
184.94283883958337 1.0 1.0
185.55321483958335 0.0 0.0
186.16359083958335 1.0 0.0
186.77396683958335 0.0 0.0
187.38434283958335 1.0 1.0
187.99471883958336 0.0 0.0
188.60509483958336 1.0 0.0
189.21547083958336 0.0 0.0
189.82584683958336 1.0 1.0
190.43622283958337 0.0 0.0
191.04659883958337 1.0 0.0
191.65697483958337 0.0 0.0
192.26735083958334 1.0 1.0
192.87772683958337 0.0 0.0
193.48810283958335 1.0 0.0
194.09847883958335 0.0 0.0
194.70885483958335 1.0 1.0
195.31923083958335 0.0 0.0
195.92960683958336 1.0 0.0
196.53998283958336 0.0 0.0
197.15035883958336 1.0 1.0
197.76073483958336 0.0 0.0
198.37111083958337 1.0 0.0
198.98148683958337 0.0 0.0
199.59186283958337 1.0 1.0
200.20223883958334 0.0 0.0
200.81261483958338 1.0 0.0
201.42299083958335 0.0 0.0
202.03336683958335 1.0 1.0
202.64374283958335 0.0 0.0
203.25411883958336 1.0 0.0
203.86449483958336 0.0 0.0
204.47487083958336 1.0 1.0
205.08524683958336 0.0 0.0
205.69562283958336 1.0 0.0
206.30599883958337 0.0 0.0
206.91637483958334 1.0 1.0
207.52675083958337 0.0 0.0
208.13712683958337 1.0 0.0
208.74750283958338 0.0 0.0
209.35787883958335 1.0 1.0
209.96825483958338 0.0 0.0
210.57863083958335 1.0 0.0
211.18900683958336 0.0 0.0
211.79938283958336 1.0 1.0
212.40975883958336 0.0 0.0
213.02013483958336 1.0 0.0
213.63051083958337 0.0 0.0
214.24088683958337 1.0 1.0
214.85126283958337 0.0 0.0