0.6068132040000002 0.0 0.0
1.5152162040000003 1.0 0.0
2.4236192040000004 0.0 0.0
3.3320222040000007 1.0 1.0
4.240425204 0.0 0.0
5.148828204000001 1.0 0.0
6.057231204000001 0.0 0.0
6.9656342040000006 1.0 1.0
7.874037204 0.0 0.0
8.782440204 1.0 0.0
9.690843204 0.0 0.0
10.599246204 1.0 1.0
11.507649204000002 0.0 0.0
12.416052204000001 1.0 0.0
13.324455204000001 0.0 0.0
14.232858204000001 1.0 1.0
15.141261204000001 0.0 0.0
16.049664204000003 1.0 0.0
16.958067204000002 0.0 0.0
17.866470204000002 1.0 1.0
18.774873204000002 0.0 0.0
19.683276204000002 1.0 0.0
20.591679204000002 0.0 0.0
21.500082204 1.0 1.0
22.408485204 0.0 0.0
23.316888204 1.0 0.0
24.225291204 0.0 0.0
25.133694204000005 1.0 1.0
26.042097204000004 0.0 0.0
26.950500204000004 1.0 0.0
27.858903204000004 0.0 0.0
28.767306204000004 1.0 1.0
29.675709204000004 0.0 0.0
30.584112204000004 1.0 0.0
31.492515204000004 0.0 0.0
32.40091820400001 1.0 1.0
33.30932120400001 0.0 0.0
34.21772420400001 1.0 0.0
35.12612720400001 0.0 0.0
36.034530204000006 1.0 1.0
36.942933204000006 0.0 0.0
37.851336204000006 1.0 0.0
38.759739204000006 0.0 0.0
39.668142204000006 1.0 1.0
40.576545204000006 0.0 0.0
41.484948204000005 1.0 0.0
42.393351204000005 0.0 0.0
43.301754204000005 1.0 1.0
44.210157204000005 0.0 0.0
45.118560204000005 1.0 0.0
46.026963204000005 0.0 0.0
46.935366204000005 1.0 1.0
47.843769204000004 0.0 0.0
48.752172204000004 1.0 0.0
49.660575204000004 0.0 0.0
50.568978204000004 1.0 1.0
51.477381204000004 0.0 0.0
52.38578420400001 1.0 0.0
53.29418720400001 0.0 0.0
54.20259020400001 1.0 1.0
55.11099320400001 0.0 0.0
56.01939620400001 1.0 0.0
56.92779920400001 0.0 0.0
57.83620220400001 1.0 1.0
58.74460520400002 0.0 0.0
59.65300820400002 1.0 0.0
60.56141120400002 0.0 0.0
61.469814204000016 1.0 1.0
62.37821720400001 0.0 0.0
63.28662020400001 1.0 0.0
64.19502320400001 0.0 0.0
65.10342620400002 1.0 1.0
66.01182920400001 0.0 0.0
66.92023220400002 1.0 0.0
67.82863520400001 0.0 0.0
68.73703820400002 1.0 1.0
69.64544120400001 0.0 0.0
70.55384420400001 1.0 0.0
71.46224720400001 0.0 0.0
72.37065020400001 1.0 1.0
73.27905320400001 0.0 0.0
74.18745620400001 1.0 0.0
75.095859204 0.0 0.0
76.00426220400001 1.0 1.0
76.912665204 0.0 0.0
77.82106820400001 1.0 0.0
78.729471204 0.0 0.0
79.63787420400001 1.0 1.0
80.546277204 0.0 0.0
81.45468020400001 1.0 0.0
82.363083204 0.0 0.0
83.27148620400001 1.0 1.0
84.179889204 0.0 0.0
85.08829220400001 1.0 0.0
85.99669520400002 0.0 0.0
86.90509820400001 1.0 1.0
87.81350120400002 0.0 0.0
88.72190420400001 1.0 0.0
89.63030720400002 0.0 0.0
90.53871020400001 1.0 1.0
91.44711320400002 0.0 0.0
92.35551620400001 1.0 0.0
93.26391920400002 0.0 0.0
94.17232220400001 1.0 1.0
95.08072520400002 0.0 0.0
95.98912820400001 1.0 0.0
96.89753120400002 0.0 0.0
97.80593420400001 1.0 1.0
98.71433720400002 0.0 0.0
99.62274020400001 1.0 0.0
100.53114320400002 0.0 0.0
101.43954620400001 1.0 1.0
102.34794920400002 0.0 0.0
103.25635220400001 1.0 0.0
104.16475520400002 0.0 0.0
105.07315820400001 1.0 1.0
105.98156120400002 0.0 0.0
106.88996420400002 1.0 0.0
107.79882678800003 0.0 0.0
108.71255304000003 1.0 1.0
109.62858304000004 0.0 0.0
110.54461304000003 1.0 0.0
111.46064304000004 0.0 0.0
112.37667304000003 1.0 1.0
113.29270304000003 0.0 0.0
114.20873304000003 1.0 0.0
115.12476304000003 0.0 0.0
116.03615778800003 1.0 1.0
116.94524878800003 0.0 0.0
117.85433978800003 1.0 0.0
118.76343078800002 0.0 0.0
119.67252178800003 1.0 1.0
120.58161278800003 0.0 0.0
121.49070378800002 1.0 0.0
122.39979478800002 0.0 0.0
123.30888578800003 1.0 1.0
124.21797678800003 0.0 0.0
125.12706778800002 1.0 0.0
126.03615878800002 0.0 0.0
126.94524978800003 1.0 1.0
127.85434078800003 0.0 0.0
128.76343178800002 1.0 0.0
129.67252278800004 0.0 0.0
130.58161378800003 1.0 1.0
131.49070478800002 0.0 0.0
132.39979578800003 1.0 0.0
133.30888678800002 0.0 0.0
134.21797778800004 1.0 1.0
135.12706878800003 0.0 0.0
136.03615978800002 1.0 0.0
136.94525078800004 0.0 0.0
137.85434178800003 1.0 1.0
138.76343278800002 0.0 0.0
139.67252378800003 1.0 0.0
140.58161478800002 0.0 0.0
141.490705788 1.0 1.0
142.39979678800003 0.0 0.0
143.30888778800002 1.0 0.0
144.21797878800004 0.0 0.0
145.12706978800003 1.0 1.0
146.03616078800002 0.0 0.0
146.94525178800004 1.0 0.0
147.85434278800003 0.0 0.0
148.76343378800004 1.0 1.0
149.67252478800003 0.0 0.0
150.58161578800002 1.0 0.0
151.490706788 0.0 0.0
152.39979778800003 1.0 1.0
153.30888878800002 0.0 0.0
154.21797978800004 1.0 0.0
155.12707078800003 0.0 0.0
156.03616178800002 1.0 1.0
156.94525278800003 0.0 0.0
157.85434378800002 1.0 0.0
158.76343478800004 0.0 0.0
159.67252578800003 1.0 1.0
160.58161678800002 0.0 0.0
161.490707788 1.0 0.0
162.39979878800003 0.0 0.0
163.30888978800002 1.0 1.0
164.21798078800003 0.0 0.0
165.12707178800002 1.0 0.0
166.036162788 0.0 0.0
166.94525378800003 1.0 1.0
167.85434478800002 0.0 0.0
168.76343578800004 1.0 0.0
169.67252678800003 0.0 0.0
170.58161778800002 1.0 1.0
171.49070878800003 0.0 0.0
172.39979978800002 1.0 0.0
173.30889078800004 0.0 0.0
174.21798178800003 1.0 1.0
175.12707278800002 0.0 0.0
176.036163788 1.0 0.0
176.94525478800003 0.0 0.0
177.85434578800002 1.0 1.0
178.76343678800004 0.0 0.0
179.67252778800002 0.0 0.0
180.58161878800001 1.0 0.0
181.490709788 0.0 0.0
182.39980078800002 1.0 1.0
183.30889178800004 0.0 0.0
184.21798278800003 1.0 0.0
185.12707378800002 0.0 0.0
186.036164788 1.0 1.0
186.945255788 0.0 0.0
187.85434678800002 1.0 0.0
188.76343778800003 0.0 0.0
189.67252878800002 1.0 1.0
190.581619788 0.0 0.0
191.490710788 1.0 0.0
192.39980178800002 0.0 0.0
193.30889278800004 1.0 1.0
194.21798378800003 0.0 0.0
195.12707478800002 1.0 0.0
196.036165788 0.0 0.0
196.94525678800002 1.0 1.0
197.854347788 0.0 0.0
198.76343878800003 1.0 0.0
199.67252978800002 0.0 0.0
200.581620788 1.0 0.0
201.490711788 0.0 0.0
202.39980278800002 1.0 1.0
203.30889378800003 0.0 0.0
204.21798478800002 1.0 0.0
205.127075788 0.0 0.0
206.036166788 1.0 1.0
206.94525778800002 0.0 0.0
207.85434878800004 1.0 0.0
208.76343978800003 0.0 0.0
209.67253078800002 1.0 1.0
210.581621788 0.0 0.0
211.49071278800002 1.0 0.0
212.399803788 0.0 0.0
213.30889478800003 1.0 1.0
214.21798578800002 0.0 0.0
215.127076788 1.0 0.0
216.036167788 0.0 0.0
216.94525878800002 1.0 1.0
217.85434978800004 0.0 0.0
218.76344078800003 1.0 0.0
219.67253178800001 0.0 0.0
220.581622788 1.0 1.0
221.49071378800002 0.0 0.0
222.399804788 1.0 0.0
223.30889578800003 0.0 0.0
224.21798678800002 1.0 1.0
225.127077788 0.0 0.0
226.036168788 1.0 0.0
226.94525978800002 0.0 0.0
227.85435078800003 1.0 1.0
228.76344178800002 0.0 0.0
229.672532788 1.0 0.0
230.581623788 0.0 0.0
231.49071478800002 1.0 1.0
232.39980578800004 0.0 0.0
233.30889678800003 1.0 0.0
234.21798778800002 0.0 0.0
235.127078788 1.0 1.0
236.03616978800002 0.0 0.0
236.945260788 1.0 0.0
237.85435178800003 0.0 0.0
238.76344278800002 1.0 1.0
239.672533788 0.0 0.0
240.581624788 1.0 0.0
241.49071578800002 0.0 0.0
242.39980678800003 1.0 1.0
243.30889778800002 0.0 0.0
244.217988788 1.0 0.0
245.127079788 0.0 0.0
246.036170788 1.0 1.0
246.94526178800004 0.0 0.0
247.85435278800003 1.0 0.0
248.76344378800002 0.0 0.0
249.672534788 1.0 1.0
250.581625788 0.0 0.0
251.49071678800004 1.0 0.0
252.39980778800003 0.0 0.0
253.30889878800002 1.0 1.0
254.217989788 0.0 0.0