0.14789423400000004 0.0 0.0
0.6742082340000002 1.0 0.0
1.2005222340000004 0.0 0.0
1.7268362340000003 1.0 1.0
2.253150234 0.0 0.0
2.779464234 1.0 0.0
3.3057782340000004 0.0 0.0
3.832092234 1.0 1.0
4.358406234000001 0.0 0.0
4.884720234000001 1.0 0.0
5.411034234000001 0.0 0.0
5.937348234000001 1.0 1.0
6.463662234000001 0.0 0.0
6.989976234000001 1.0 0.0
7.516290234000001 0.0 0.0
8.042604234 1.0 1.0
8.568918234 0.0 0.0
9.095232234000001 1.0 1.0
9.621546234 0.0 0.0
10.147860234000001 0.0 0.0
10.674174234 1.0 1.0
11.200488234000002 0.0 0.0
11.726802234 1.0 0.0
12.253116234000002 0.0 0.0
12.779430234000001 1.0 1.0
13.305744234 0.0 0.0
13.832058234000002 1.0 0.0
14.358372234 0.0 0.0
14.884686234000002 1.0 1.0
15.411000234000001 0.0 0.0
15.937314234000002 1.0 0.0
16.463628234 0.0 0.0
16.989942234 1.0 1.0
17.516256234000004 0.0 0.0
18.042570234000003 1.0 0.0
18.568884234000006 0.0 0.0
19.095198234000005 1.0 1.0
19.621512234000004 0.0 0.0
20.147826234000004 1.0 0.0
20.674140234000003 0.0 0.0
21.200454234000006 1.0 1.0
21.726768234000005 0.0 0.0
22.253082234000004 1.0 0.0
22.779396234000004 0.0 0.0
23.305710234000006 1.0 1.0
23.832024234000006 0.0 0.0
24.358338234000005 1.0 0.0
24.884652234000004 0.0 0.0
25.410966234000004 1.0 1.0
25.937280234000006 0.0 0.0
26.463594234000006 1.0 0.0
26.989908234000005 0.0 0.0
27.516222234000004 1.0 1.0
28.042536234000007 0.0 0.0
28.568850234000006 1.0 0.0
29.095164234000006 0.0 0.0
29.621478234000005 1.0 1.0
30.147792234000008 0.0 0.0
30.674106234000007 1.0 0.0
31.200420234000006 0.0 0.0
31.726734234000006 1.0 1.0
32.253048234000005 0.0 0.0
32.779362234000004 1.0 0.0
33.305676234 0.0 0.0
33.83199023400001 1.0 1.0
34.35830423400001 0.0 0.0
34.88461823400001 1.0 0.0
35.41093223400001 0.0 0.0
35.937246234000014 1.0 1.0
36.46356023400001 0.0 0.0
36.98987423400001 1.0 0.0
37.51618823400001 0.0 0.0
38.04250223400001 1.0 1.0
38.56881623400001 0.0 0.0
39.09513023400001 1.0 0.0
39.62144423400001 0.0 0.0
40.14775823400001 1.0 1.0
40.674072234000015 0.0 0.0
41.200386234000014 1.0 0.0
41.72670023400001 0.0 0.0
42.25301423400001 1.0 1.0
42.77932823400001 0.0 0.0
43.30564223400001 1.0 0.0
43.83195623400001 0.0 0.0
44.35827023400001 1.0 1.0
44.88458423400001 0.0 0.0
45.410898234000015 1.0 0.0
45.937212234000015 0.0 0.0
46.463526234000014 1.0 1.0
46.98984023400001 0.0 0.0
47.51615423400001 1.0 0.0
48.04246823400001 0.0 0.0
48.56878223400001 1.0 1.0
49.09509623400001 0.0 0.0
49.62141023400002 1.0 0.0
50.147724234000016 0.0 0.0
50.674038234000015 1.0 1.0
51.200352234000015 0.0 0.0
51.726666234000014 1.0 0.0
52.25298023400001 0.0 0.0
52.77929423400001 1.0 1.0
53.30560823400001 0.0 0.0
53.83192223400001 1.0 0.0
54.35823623400002 0.0 0.0
54.88455023400002 1.0 1.0
55.410864234000016 0.0 0.0
55.937178234000015 1.0 0.0
56.463492234000014 0.0 0.0
56.989806234000014 1.0 1.0
57.51612023400001 0.0 0.0
58.04243423400001 1.0 0.0
58.56874823400001 0.0 0.0
59.09506223400002 1.0 1.0
59.62137623400002 0.0 0.0
60.14769023400002 1.0 0.0
60.674004234000016 0.0 0.0
61.200318234000015 1.0 1.0
61.726632234000014 0.0 0.0
62.252946234000014 1.0 0.0
62.77926023400001 0.0 0.0
63.30557423400001 1.0 1.0
63.83188823400002 0.0 0.0
64.35820223400002 1.0 0.0
64.88451623400002 0.0 0.0
65.41083023400002 1.0 1.0
65.93714423400002 0.0 0.0
66.46345823400002 1.0 0.0
66.98977223400001 0.0 0.0
67.51608623400001 1.0 1.0
68.04240023400001 0.0 0.0
68.56871423400001 1.0 0.0
69.09502823400001 0.0 0.0
69.62134223400001 1.0 1.0
70.14765623400001 0.0 0.0
70.67397023400002 1.0 0.0
71.20028423400002 0.0 0.0
71.72659823400002 1.0 1.0
72.25291223400002 0.0 0.0
72.77922623400002 1.0 0.0
73.30554023400002 0.0 0.0
73.83185423400002 1.0 1.0
74.35816823400002 0.0 0.0
74.88448223400002 1.0 0.0
75.41079623400002 0.0 0.0
75.93711023400002 1.0 1.0
76.46342423400002 0.0 0.0
76.98973823400001 1.0 0.0
77.51605223400001 0.0 0.0
78.04236623400001 1.0 1.0
78.56868023400001 0.0 0.0
79.09499423400001 1.0 0.0
79.62130823400001 0.0 0.0
80.14762223400002 1.0 1.0
80.67393623400002 0.0 0.0
81.20025023400002 1.0 0.0
81.72656423400002 0.0 0.0
82.25287823400002 1.0 1.0
82.77919223400002 0.0 0.0
83.30550623400002 1.0 0.0
83.83182023400002 0.0 0.0
84.35813423400002 1.0 1.0
84.88444823400002 0.0 0.0
85.41076223400002 1.0 0.0
85.93707623400002 0.0 0.0
86.46339023400002 1.0 1.0
86.98970423400002 0.0 0.0
87.51601823400001 1.0 0.0
88.04233223400001 0.0 0.0
88.56864623400001 1.0 1.0
89.09496023400003 0.0 0.0
89.62127423400003 1.0 0.0
90.14758823400003 0.0 0.0
90.67390223400002 1.0 1.0
91.20021623400002 0.0 0.0
91.72653023400002 1.0 0.0
92.25284423400002 0.0 0.0
92.77915823400002 1.0 1.0
93.30547223400002 0.0 0.0
93.83178623400002 1.0 0.0
94.35810023400002 0.0 0.0
94.88441423400002 1.0 1.0
95.41072823400002 0.0 0.0
95.93704223400002 1.0 0.0
96.46335623400002 0.0 0.0
96.98967023400002 1.0 1.0
97.51598423400002 0.0 0.0
98.04229823400001 1.0 0.0
98.56861223400003 0.0 0.0
99.09492623400003 1.0 1.0
99.62124023400003 0.0 0.0
100.14755423400003 1.0 0.0
100.67386823400003 0.0 0.0
101.20018223400002 1.0 1.0
101.72649623400002 0.0 0.0
102.25281023400002 1.0 0.0
102.77912423400002 0.0 0.0
103.30543823400002 1.0 1.0
103.83175223400002 0.0 0.0
104.35806623400002 1.0 0.0
104.88438023400002 0.0 0.0
105.41069423400002 1.0 1.0
105.93700823400002 0.0 0.0
106.46332223400002 1.0 0.0
106.98963623400002 0.0 0.0
107.51595023400002 1.0 1.0
108.04226423400003 0.0 0.0
108.56857823400003 1.0 0.0
109.09489223400003 0.0 0.0
109.62120623400003 1.0 1.0
110.14752023400003 0.0 0.0
110.67383423400003 1.0 0.0
111.20014823400003 0.0 0.0
111.72646223400002 1.0 1.0
112.25277623400002 0.0 0.0
112.77909023400002 1.0 0.0
113.30540423400002 0.0 0.0
113.83171823400002 1.0 1.0
114.35803223400002 0.0 0.0
114.88434623400002 1.0 0.0
115.41066023400002 0.0 0.0
115.93697423400002 1.0 1.0
116.46328823400002 0.0 0.0
116.98960223400003 1.0 0.0
117.51591623400003 0.0 0.0
118.04223023400003 1.0 1.0
118.56854423400003 0.0 0.0
119.09485823400003 1.0 0.0
119.62117223400003 0.0 0.0
120.14748623400003 1.0 1.0
120.67380023400003 0.0 0.0
121.20011423400003 1.0 0.0
121.72642823400002 0.0 0.0
122.25274223400002 1.0 1.0
122.77905623400002 0.0 0.0
123.30537023400002 1.0 0.0
123.83168423400002 0.0 0.0
124.35799823400002 1.0 1.0
124.88431223400002 0.0 0.0
125.41062623400002 1.0 0.0
125.93694023400002 0.0 0.0
126.46325423400003 1.0 1.0
126.98956823400003 0.0 0.0
127.51588223400003 1.0 0.0
128.04219623400002 0.0 0.0
128.56851023400003 1.0 1.0
129.09482423400001 0.0 0.0
129.62113823400003 1.0 0.0
130.147452234 0.0 0.0
130.67376623400003 1.0 1.0
131.20008023400004 0.0 0.0
131.72639423400003 1.0 0.0
132.25270823400004 0.0 0.0
132.77902223400002 1.0 1.0
133.30533623400004 0.0 0.0
133.83165023400002 1.0 0.0
134.35796423400004 0.0 0.0
134.88427823400002 1.0 1.0
135.41059223400003 0.0 0.0
135.93690623400002 1.0 0.0
136.46322023400003 0.0 0.0
136.98953423400002 1.0 1.0
137.51584823400003 0.0 0.0
138.04216223400002 1.0 0.0
138.56847623400003 0.0 0.0
139.09479023400002 1.0 1.0
139.62110423400003 0.0 0.0
140.147418234 1.0 0.0
140.67373223400003 0.0 0.0
141.20004623400004 1.0 1.0
141.72636023400003 0.0 0.0
142.25267423400004 1.0 0.0
142.77898823400002 0.0 0.0
143.30530223400004 1.0 1.0
143.83161623400002 0.0 0.0
144.35793023400004 1.0 0.0
144.88424423400002 0.0 0.0
145.41055823400004 1.0 1.0
145.93687223400002 0.0 0.0
146.46318623400003 1.0 0.0
146.98950023400002 0.0 0.0
147.51581423400003 1.0 1.0
148.04212823400002 0.0 0.0
148.56844223400003 1.0 0.0
149.09475623400002 0.0 0.0
149.62107023400003 1.0 1.0
150.14738423400004 0.0 0.0
150.67369823400003 1.0 0.0
151.20001223400004 0.0 0.0
151.72632623400003 1.0 1.0
152.25264023400004 0.0 0.0
152.77895423400003 1.0 0.0
153.30526823400004 0.0 0.0
153.83158223400002 1.0 1.0
154.35789623400004 0.0 0.0
154.88421023400002 1.0 0.0
155.41052423400004 0.0 0.0
155.93683823400002 1.0 1.0
156.46315223400003 0.0 0.0
156.98946623400002 1.0 0.0
157.51578023400003 0.0 0.0
158.04209423400002 1.0 1.0
158.56840823400003 0.0 0.0
159.09472223400005 1.0 0.0
159.62103623400003 0.0 0.0
160.14735023400004 1.0 1.0
160.67366423400003 0.0 0.0
161.19997823400004 1.0 0.0
161.72629223400003 0.0 0.0
162.25260623400004 1.0 1.0
162.77892023400003 0.0 0.0
163.30523423400004 1.0 0.0
163.83154823400002 0.0 0.0
164.35786223400004 1.0 1.0
164.88417623400002 0.0 0.0
165.41049023400004 1.0 0.0
165.93680423400002 0.0 0.0
166.46311823400004 1.0 1.0
166.98943223400002 0.0 0.0
167.51574623400003 1.0 0.0
168.04206023400002 0.0 0.0
168.56837423400003 1.0 1.0
169.09468823400005 0.0 0.0
169.62100223400003 1.0 0.0
170.14731623400004 0.0 0.0
170.67363023400003 1.0 1.0
171.19994423400004 0.0 0.0
171.72625823400003 1.0 0.0
172.25257223400004 0.0 0.0
172.77888623400003 1.0 1.0
173.30520023400004 0.0 0.0
173.83151423400002 1.0 0.0
174.35782823400004 0.0 0.0
174.88414223400002 1.0 1.0
175.41045623400004 0.0 0.0
175.93677023400002 1.0 0.0
176.46308423400004 0.0 0.0
176.98939823400002 1.0 1.0
177.51571223400003 0.0 0.0
178.04202623400005 1.0 0.0
178.56834023400003 0.0 0.0
179.09465423400005 1.0 1.0
179.62096823400003 0.0 0.0
180.14728223400004 1.0 0.0
180.67359623400003 0.0 0.0
181.19991023400004 1.0 1.0
181.72622423400003 0.0 0.0
182.25253823400004 1.0 0.0
182.77885223400003 0.0 0.0
183.30516623400004 1.0 1.0
183.83148023400003 0.0 0.0
184.35779423400004 1.0 0.0
184.88410823400002 0.0 0.0
185.41042223400004 1.0 1.0
185.93673623400002 0.0 0.0
186.46305023400004 1.0 0.0
186.98936423400005 0.0 0.0
187.51567823400003 1.0 1.0
188.04199223400005 0.0 0.0
188.56830623400003 1.0 0.0
189.09462023400005 0.0 0.0
189.62093423400003 1.0 1.0
190.14724823400005 0.0 0.0
190.67356223400003 1.0 0.0
191.19987623400004 0.0 0.0
191.72619023400003 1.0 1.0
192.25250423400004 0.0 0.0
192.77881823400003 1.0 0.0
193.30513223400004 0.0 0.0
193.83144623400003 1.0 1.0
194.35776023400004 0.0 0.0
194.88407423400002 1.0 0.0
195.41038823400004 0.0 0.0
195.93670223400002 1.0 1.0
196.46301623400004 0.0 0.0
196.98933023400005 1.0 0.0
197.51564423400004 0.0 0.0
198.04195823400005 1.0 1.0
198.56827223400003 0.0 0.0
199.09458623400005 1.0 0.0
199.62090023400003 0.0 0.0
200.14721423400005 1.0 1.0
200.67352823400003 0.0 0.0
201.19984223400004 1.0 0.0
201.72615623400003 0.0 0.0
202.25247023400004 1.0 1.0
202.77878423400003 0.0 0.0
203.30509823400004 1.0 0.0
203.83141223400003 0.0 0.0
204.35772623400004 1.0 1.0
204.88404023400003 0.0 0.0
205.41035423400004 1.0 0.0
205.93666823400005 0.0 0.0
206.46298223400004 1.0 1.0
206.98929623400005 0.0 0.0
207.51561023400004 1.0 0.0
208.04192423400005 0.0 0.0
208.56823823400003 1.0 1.0
209.09455223400005 0.0 0.0
209.62086623400003 1.0 0.0
210.14718023400005 0.0 0.0
210.67349423400003 1.0 1.0
211.19980823400005 0.0 0.0
211.72612223400003 1.0 0.0
212.25243623400004 0.0 0.0
212.77875023400003 1.0 1.0
213.30506423400004 0.0 0.0
213.83137823400003 1.0 0.0
214.35769223400004 0.0 0.0
214.88400623400005 1.0 1.0
215.41032023400004 0.0 0.0
215.93663423400005 1.0 0.0
216.46294823400004 0.0 0.0
216.98926223400005 1.0 1.0
217.51557623400004 0.0 0.0
218.04189023400005 1.0 0.0
218.56820423400004 0.0 0.0
219.09451823400005 1.0 1.0
219.62083223400003 0.0 0.0
220.14714623400005 1.0 0.0
220.67346023400003 0.0 0.0
221.19977423400005 1.0 1.0
221.72608823400003 0.0 0.0
222.25240223400004 1.0 0.0
222.77871623400003 0.0 0.0
223.30503023400004 1.0 1.0
223.83134423400003 0.0 0.0
224.35765823400004 1.0 0.0
224.88397223400005 0.0 0.0
225.41028623400004 1.0 1.0
225.93660023400005 0.0 0.0
226.46291423400004 1.0 0.0
226.98922823400005 0.0 0.0
227.51554223400004 1.0 1.0
228.04185623400005 0.0 0.0
228.56817023400004 1.0 0.0
229.09448423400005 0.0 0.0
229.62079823400003 1.0 1.0
230.14711223400005 0.0 0.0
230.67342623400003 1.0 0.0
231.19974023400005 0.0 0.0
231.72605423400003 1.0 1.0
232.25236823400004 0.0 0.0
232.77868223400003 1.0 0.0
233.30499623400004 0.0 0.0
233.83131023400006 1.0 0.0
234.35762423400004 0.0 0.0
234.88393823400006 1.0 1.0
235.41025223400004 0.0 0.0
235.93656623400005 1.0 0.0
236.46288023400004 0.0 0.0