1.65	4.0
2.18	1.0
2.71	2.0
3.24	3.0
3.76	4.0
4.29	1.0
4.81	2.0
5.34	3.0
5.87	4.0
6.39	1.0
6.92	2.0
7.45	3.0
7.97	4.0
8.5	1.0
9.02	2.0
9.55	3.0
10.08	4.0
10.6	1.0
11.12	2.0
11.65	3.0
12.18	4.0
12.7	1.0
13.24	2.0
13.76	3.0
14.29	4.0
14.81	1.0
15.34	2.0
15.86	3.0
16.39	4.0
16.92	1.0
17.44	2.0
17.96	3.0
18.5	4.0
19.03	1.0
19.55	2.0
20.08	3.0
20.6	4.0
21.13	1.0
21.66	2.0
22.18	3.0
22.71	4.0
23.23	1.0
23.76	2.0
24.29	3.0
24.81	4.0
25.34	1.0
25.87	2.0
26.39	3.0
26.92	4.0
27.45	1.0
27.97	2.0
28.5	3.0
29.02	4.0
29.55	1.0
30.08	2.0
30.6	3.0
31.13	4.0
31.66	1.0
32.18	2.0
32.71	3.0
33.23	4.0
33.76	1.0
34.29	2.0
34.81	3.0
35.34	4.0
35.86	1.0
36.39	2.0
36.92	3.0
37.44	4.0
37.97	1.0
38.5	2.0
39.03	3.0
39.55	4.0
40.08	1.0
40.6	2.0
41.13	3.0
41.66	4.0
42.18	1.0
42.71	2.0
43.24	3.0
43.76	4.0
44.29	1.0
44.81	2.0
45.34	3.0
45.87	4.0
46.39	1.0
46.92	2.0
47.45	3.0
47.97	4.0
48.5	1.0
49.02	2.0
49.55	3.0
50.08	4.0
50.6	1.0
51.13	2.0
51.66	3.0
52.18	4.0
52.71	1.0
53.24	2.0
53.76	3.0
54.29	4.0
54.81	1.0
55.34	2.0
55.85	3.0
56.39	4.0
56.92	1.0
57.45	2.0
57.97	3.0
58.5	4.0
59.02	1.0
59.55	2.0
60.08	3.0
60.6	4.0
61.13	1.0
61.66	2.0
62.18	3.0
62.71	4.0
63.24	1.0
63.76	2.0
64.28	3.0
64.81	4.0
65.34	1.0
65.87	2.0
66.4	3.0
66.92	4.0
67.44	1.0
67.97	2.0
68.5	3.0
69.03	4.0
69.55	1.0
70.08	2.0
70.61	3.0
71.13	4.0
71.66	1.0
72.18	2.0
72.71	3.0
73.23	4.0
73.76	1.0
74.29	2.0
74.82	3.0
75.34	4.0
75.87	1.0
76.39	2.0
76.92	3.0
77.45	4.0
77.97	1.0
78.5	2.0
79.03	3.0
79.55	4.0
80.08	1.0
80.6	2.0
81.13	3.0
81.66	4.0
82.18	1.0
82.71	2.0
83.24	3.0
83.76	4.0
84.29	1.0
84.82	2.0
85.34	3.0
85.87	4.0
86.4	1.0
86.92	2.0
87.45	3.0
87.97	4.0
88.5	1.0
89.03	2.0
89.55	3.0
90.08	4.0
90.61	1.0
91.12	2.0
91.66	3.0
92.18	4.0
92.71	1.0
93.23	2.0
93.76	3.0
94.29	4.0
94.81	1.0
95.34	2.0
95.87	3.0
96.39	4.0
96.92	1.0
97.44	2.0
97.97	3.0
98.5	4.0
99.03	1.0
99.55	2.0
100.07	3.0
100.6	4.0
101.13	1.0
101.65	2.0
102.19	3.0
102.71	4.0
103.24	1.0
103.76	2.0
104.29	3.0
104.81	4.0
105.34	1.0
105.87	2.0
106.39	3.0
106.92	4.0
107.44	1.0
107.97	2.0
108.5	3.0
109.02	4.0
109.55	1.0
110.07	2.0
110.6	3.0
111.13	4.0
111.65	1.0
112.18	2.0
112.71	3.0
113.24	4.0
113.76	1.0
114.29	2.0
114.82	3.0
115.34	4.0
115.87	1.0
116.39	2.0
116.92	3.0
117.43	4.0
117.96	1.0
118.49	2.0
119.02	3.0
119.55	4.0
120.07	1.0
120.6	2.0
121.13	3.0
121.65	4.0
122.18	1.0
122.71	2.0
123.24	3.0
123.77	4.0
124.29	1.0
124.82	2.0
125.34	3.0
125.87	4.0
126.39	1.0
126.92	2.0
127.45	3.0
127.97	4.0
128.5	1.0
129.03	2.0
129.55	3.0
130.08	4.0
130.6	1.0
131.13	2.0
131.66	3.0
132.18	4.0
132.71	1.0
133.24	2.0
133.76	3.0
134.29	4.0
134.82	1.0
135.34	2.0
135.87	3.0
136.39	4.0
136.92	1.0
137.44	2.0
137.97	3.0
138.5	4.0
139.03	1.0
139.55	2.0
140.08	3.0
140.6	4.0
141.13	1.0
141.66	2.0
142.16	3.0
142.71	4.0
143.24	1.0
143.76	2.0
144.29	3.0
144.82	4.0
145.34	1.0
145.87	2.0
146.39	3.0
146.92	4.0
147.44	1.0
147.97	2.0
148.5	3.0
149.03	4.0
149.55	1.0
150.08	2.0
150.6	3.0
151.13	4.0
151.66	1.0
152.18	2.0
152.71	3.0
153.24	4.0
153.76	1.0
154.29	2.0
154.82	3.0
155.34	4.0
155.87	1.0
156.39	2.0
156.92	3.0
157.45	4.0
157.97	1.0
158.5	2.0
159.03	3.0
159.55	4.0
160.08	1.0
160.61	2.0
161.13	3.0
161.66	4.0
162.19	1.0
162.71	2.0
163.24	3.0
163.76	4.0
164.29	1.0
164.82	2.0
165.34	3.0
165.87	4.0
166.39	1.0
166.92	2.0
167.44	3.0
167.97	4.0
168.5	1.0
169.03	2.0
169.56	3.0
170.08	4.0
170.61	1.0
171.13	2.0
171.66	3.0
172.18	4.0
172.71	1.0
173.24	2.0
173.76	3.0
174.29	4.0
174.81	1.0
175.34	2.0
175.86	3.0
176.39	4.0
176.92	1.0
177.44	2.0
177.97	3.0
178.5	4.0
179.03	1.0
179.55	2.0
180.08	3.0
180.61	4.0
181.13	1.0
181.66	2.0
182.18	3.0
182.71	4.0
183.24	1.0
183.76	2.0
184.28	3.0
184.81	4.0
185.34	1.0
185.87	2.0
186.4	3.0
186.92	4.0
187.44	1.0
187.97	2.0
188.5	3.0
189.03	4.0
189.55	1.0
190.08	2.0
190.61	3.0
191.12	4.0
191.65	1.0
192.19	2.0
192.71	3.0
193.24	4.0
193.76	1.0
194.29	2.0
194.82	3.0
195.34	4.0
195.87	1.0
196.39	2.0
196.92	3.0
197.44	4.0
197.97	1.0
198.5	2.0
199.03	3.0
199.55	4.0
200.08	1.0
200.61	2.0
201.13	3.0
201.66	4.0
202.18	1.0
202.71	2.0
203.24	3.0
203.76	4.0
204.29	1.0
204.81	2.0
205.34	3.0
205.87	4.0
206.39	1.0
206.92	2.0
207.45	3.0
207.97	4.0
208.5	1.0
209.03	2.0
209.55	3.0
210.08	4.0
210.61	1.0
211.13	2.0
211.66	3.0
212.18	4.0
212.71	1.0
213.24	2.0
213.76	3.0
214.3	4.0
214.82	1.0
215.34	2.0
215.87	3.0
216.39	4.0
216.92	1.0
217.45	2.0
217.97	3.0
218.5	4.0
219.02	1.0
219.55	2.0
220.08	3.0
220.61	4.0
221.13	1.0
221.66	2.0
222.18	3.0
222.71	4.0
223.24	1.0
223.76	2.0
224.29	3.0
224.81	4.0
225.33	1.0
225.87	2.0
226.39	3.0
226.92	4.0
227.44	1.0
227.97	2.0
228.49	3.0
229.02	4.0
229.55	1.0
230.07	2.0
230.6	3.0
231.13	4.0
231.65	1.0
232.16	2.0
232.64	3.0
233.11	4.0
233.57	1.0
234.02	2.0
234.48	3.0
234.95	4.0
235.39	1.0
235.86	2.0
