0.26999971200000006 0.0 0.0
1.152351712 1.0 1.0
2.034703712 0.0 0.0
2.9170557120000002 1.0 0.0
3.7994077120000003 0.0 0.0
4.681759712 1.0 1.0
5.564111712 0.0 0.0
6.446463712 1.0 0.0
7.328815712000001 0.0 0.0
8.211167712 1.0 1.0
9.093519712 0.0 0.0
9.975871712 1.0 0.0
10.858223712000001 0.0 0.0
11.740575712 1.0 1.0
12.622927712000001 0.0 0.0
13.505279712 1.0 0.0
14.387631712000001 0.0 0.0
15.269983712000002 1.0 1.0
16.152335712000003 0.0 0.0
17.034687712000004 1.0 0.0
17.917039712 0.0 0.0
18.799391712000002 1.0 1.0
19.681743712000003 0.0 0.0
20.564095712 1.0 0.0
21.446447712 0.0 0.0
22.328799712000002 1.0 1.0
23.211151712000003 0.0 0.0
24.093503712 1.0 0.0
24.975855712 0.0 0.0
25.858207712000002 1.0 1.0
26.740559712000003 0.0 0.0
27.622911712 1.0 0.0
28.505263711999998 0.0 0.0
29.387615712 1.0 1.0
30.269967711999996 0.0 0.0
31.152644877999997 1.0 0.0
32.06638173333334 0.0 0.0
33.00388173333334 1.0 1.0
33.94138173333334 0.0 0.0
34.87888173333334 1.0 0.0
35.81638173333333 0.0 0.0
36.75388173333333 1.0 1.0
37.69138173333333 0.0 0.0
38.62888173333333 1.0 0.0
39.56638173333333 0.0 0.0
40.50388173333333 1.0 1.0
41.44138173333333 0.0 0.0
42.37888173333333 1.0 0.0
43.31638173333333 0.0 0.0
44.25388173333333 1.0 1.0
45.19138173333333 0.0 0.0
46.12888173333333 1.0 0.0
47.06638173333333 0.0 0.0
48.00388173333333 1.0 1.0
48.94138173333333 0.0 0.0
49.87888173333333 1.0 0.0
50.81638173333333 0.0 0.0
51.75388173333333 1.0 1.0
52.69138173333333 0.0 0.0
53.62888173333333 1.0 0.0
54.56638173333333 0.0 0.0
55.50388173333333 1.0 1.0
56.44138173333333 0.0 0.0
57.37888173333333 1.0 0.0
58.31638173333333 0.0 0.0
59.25388173333333 1.0 1.0
60.19138173333333 0.0 0.0
61.12888173333333 1.0 0.0
62.06638173333333 0.0 0.0
63.00388173333333 1.0 1.0
63.94138173333334 0.0 0.0
64.87888173333334 1.0 0.0
65.81638173333334 0.0 0.0
66.75388173333334 1.0 1.0
67.69138173333334 0.0 0.0
68.62888173333334 1.0 0.0
69.56638173333334 0.0 0.0
70.50388173333334 1.0 1.0
71.44138173333334 0.0 0.0
72.37888173333334 1.0 0.0
73.31638173333334 0.0 0.0
74.25388173333334 1.0 1.0
75.19138173333334 0.0 0.0
76.12888173333334 1.0 0.0
77.06638173333334 0.0 0.0
78.00388173333334 1.0 1.0
78.94138173333334 0.0 0.0
79.87888173333334 1.0 0.0
80.81638173333334 0.0 0.0
81.75388173333334 1.0 1.0
82.69138173333334 0.0 0.0
83.62888173333334 1.0 0.0
84.56638173333334 0.0 0.0
85.50388173333334 1.0 1.0
86.44138173333334 0.0 0.0
87.37888173333334 1.0 0.0
88.31638173333334 0.0 0.0
89.25388173333334 1.0 1.0
90.19138173333334 0.0 0.0
91.12888173333334 1.0 1.0
92.06638173333334 0.0 0.0
93.00388173333334 1.0 0.0
93.94138173333334 0.0 0.0
94.87888173333334 1.0 1.0
95.81638173333334 0.0 0.0
96.75388173333334 1.0 0.0
97.69138173333334 0.0 0.0
98.62888173333334 1.0 1.0
99.56262882916668 0.0 0.0
100.48570382916668 1.0 0.0
101.40877882916668 0.0 0.0
102.33185382916668 1.0 1.0
103.25492882916667 0.0 0.0
104.17800382916668 1.0 0.0
105.10107882916668 0.0 0.0
106.02415382916668 1.0 1.0
106.94722882916668 0.0 0.0
107.87030382916667 1.0 0.0
108.79337882916667 0.0 0.0
109.71645382916668 1.0 1.0
110.63952882916668 0.0 0.0
111.56260382916668 1.0 0.0
112.48567882916667 0.0 0.0
113.40875382916668 1.0 1.0
114.33182882916668 0.0 0.0
115.25490382916668 1.0 0.0
116.17797882916668 0.0 0.0
117.10105382916669 1.0 1.0
118.0241288291667 0.0 0.0
118.9472038291667 1.0 0.0
119.8702788291667 0.0 0.0
120.79335382916669 1.0 1.0
121.71642882916669 0.0 0.0
122.63525355458334 1.0 0.0
123.54005041325001 0.0 0.0
124.43557241325001 1.0 1.0
125.33109441325001 0.0 0.0
126.22661641325001 1.0 0.0
127.12213841325001 0.0 0.0
128.01766041325 1.0 1.0
128.91318241325 0.0 0.0
129.80870441325 1.0 0.0
130.69655366108336 0.0 0.0
131.56611766108335 1.0 1.0
132.43568166108335 0.0 0.0
133.30524566108335 1.0 0.0
134.17480966108334 0.0 0.0
135.04437366108334 1.0 1.0
135.91393766108334 0.0 0.0
136.78350166108336 1.0 0.0
137.65306566108336 0.0 0.0
138.52262966108336 1.0 1.0
139.39219366108335 0.0 0.0
140.26175766108335 1.0 0.0
141.13132166108335 0.0 0.0
142.00088566108334 1.0 1.0
142.87044966108334 0.0 0.0
143.74774049241668 1.0 0.0
144.64326249241668 0.0 0.0
145.53878449241668 1.0 1.0
146.4425655041667 0.0 0.0
147.3656405041667 1.0 0.0
148.2887155041667 0.0 0.0
149.2117905041667 1.0 1.0
150.1348655041667 0.0 0.0
151.0579405041667 1.0 0.0
151.9810155041667 0.0 0.0
152.9040905041667 1.0 1.0
153.8271655041667 0.0 0.0
154.7502405041667 1.0 0.0
155.6733155041667 0.0 0.0
156.5963905041667 1.0 1.0
157.5194655041667 0.0 0.0
158.4425405041667 1.0 0.0
159.3656155041667 0.0 0.0
160.2886905041667 1.0 1.0
161.2117655041667 0.0 0.0
162.1348405041667 1.0 0.0
163.05791550416671 0.0 0.0
163.9809905041667 1.0 1.0
164.9040655041667 0.0 0.0
165.8271405041667 1.0 0.0
166.7502155041667 0.0 0.0
167.6732905041667 1.0 1.0
168.5963655041667 0.0 0.0
169.5194405041667 1.0 0.0
170.4425155041667 0.0 0.0
171.3655905041667 1.0 1.0
172.28866550416672 0.0 0.0
173.2117405041667 1.0 0.0
174.1348155041667 0.0 0.0
175.0578905041667 1.0 1.0
175.9809655041667 0.0 0.0
176.9040405041667 1.0 0.0
177.8271155041667 0.0 0.0
178.7501905041667 1.0 1.0
179.6732655041667 0.0 0.0
180.5963405041667 1.0 0.0
181.51941550416672 0.0 0.0
182.43832763583336 1.0 1.0
183.34741763583335 0.0 0.0
184.25650763583337 1.0 0.0
185.16559763583336 0.0 0.0
186.07468763583336 1.0 1.0
186.98377763583335 0.0 0.0
187.89286763583337 1.0 0.0
188.80658667083335 0.0 0.0
189.72966167083337 1.0 1.0
190.65273667083335 0.0 0.0
191.57581167083336 1.0 0.0
192.50366134583334 0.0 0.0
193.44116134583334 1.0 1.0
194.37866134583334 0.0 0.0
195.31616134583334 1.0 0.0
196.25366134583334 0.0 0.0
197.19116134583334 1.0 1.0
198.12866134583334 0.0 0.0
199.06616134583334 1.0 0.0
200.00366134583334 0.0 0.0
200.94116134583334 1.0 1.0
201.87866134583334 0.0 0.0
202.81616134583334 1.0 0.0
203.75366134583334 0.0 0.0
204.69116134583334 1.0 1.0
205.62866134583334 0.0 0.0
206.56616134583334 1.0 0.0
207.50366134583334 0.0 0.0
208.44116134583334 1.0 1.0
209.37866134583334 0.0 0.0
210.31616134583334 1.0 0.0
211.248946775 0.0 0.0
212.17202177500002 1.0 1.0
213.095096775 0.0 0.0
214.018171775 1.0 0.0
214.94124677500002 0.0 0.0
215.864321775 1.0 1.0
216.78739677500002 0.0 0.0
217.710471775 1.0 0.0
218.633546775 0.0 0.0
219.55662177500002 1.0 1.0
220.479696775 0.0 0.0
221.40277177500002 1.0 0.0
222.325846775 0.0 0.0
223.248921775 1.0 1.0
224.17199677500003 0.0 0.0
225.095071775 1.0 0.0
226.01814677500002 0.0 0.0
226.941221775 1.0 1.0
227.864296775 0.0 0.0
228.78737177500003 1.0 0.0
229.710446775 0.0 0.0
230.63352177500002 1.0 1.0
231.56119113750003 0.0 0.0
232.49869113750003 1.0 0.0
233.43619113750003 0.0 0.0
234.37369113750003 1.0 1.0
235.30683719166666 0.0 0.0
236.22991219166664 1.0 0.0
237.15298719166665 0.0 0.0
238.07606219166664 1.0 1.0
238.99913719166665 0.0 0.0
239.92221219166666 1.0 0.0
240.84528719166664 0.0 0.0
241.76836219166665 1.0 1.0
242.69143719166664 0.0 0.0
243.61451219166665 1.0 0.0
244.53758719166666 0.0 0.0
245.46066219166664 1.0 1.0
246.38373719166665 0.0 0.0
247.30681219166664 1.0 0.0
248.22988719166665 0.0 0.0
249.15296219166666 1.0 1.0
250.07603719166664 0.0 0.0
250.99911219166665 1.0 0.0
251.92218719166664 0.0 0.0
252.84526219166665 1.0 1.0
253.76833719166666 0.0 0.0
254.69141219166664 1.0 0.0
255.61448719166665 0.0 0.0
256.53756219166667 1.0 1.0
257.46063719166665 0.0 0.0
258.38371219166663 1.0 0.0
259.3067871916667 0.0 0.0
260.22986219166665 1.0 1.0
261.15293719166664 0.0 0.0
262.0760121916667 1.0 0.0
262.99908719166666 0.0 0.0
263.92216219166664 1.0 1.0
264.8452371916666 0.0 0.0
265.76831219166667 1.0 0.0
266.69138719166665 0.0 0.0
267.61446219166663 1.0 1.0
268.5375371916667 0.0 0.0
269.46061219166666 1.0 0.0
270.38368719166664 0.0 0.0
271.3067621916666 1.0 1.0
272.2215207778333 0.0 0.0
273.1170427778333 1.0 0.0
274.00847988283334 0.0 0.0
274.8908318828333 1.0 1.0
275.77318388283334 0.0 0.0
276.6555358828333 1.0 0.0
277.53788788283333 0.0 0.0
278.4202398828333 1.0 1.0
279.3025918828333 0.0 0.0
280.1849438828333 1.0 0.0
281.0672958828333 0.0 0.0
281.9496478828333 1.0 1.0
282.8319998828333 0.0 0.0
283.71435188283334 1.0 0.0
284.5967038828333 0.0 0.0
285.47905588283334 1.0 1.0
286.3614078828333 0.0 0.0
287.24375988283333 1.0 1.0
288.1261118828333 0.0 0.0
289.0084638828333 0.0 0.0