0.7161531299999998 1.0 1.0
1.4853831299999996 0.0 0.0
2.2546131299999996 1.0 0.0
3.0238431299999995 0.0 0.0
3.7930731299999993 1.0 1.0
4.562303129999999 0.0 0.0
5.331533129999999 1.0 0.0
6.100763129999999 0.0 0.0
6.869993129999998 1.0 1.0
7.639223129999999 0.0 0.0
8.408453129999998 1.0 0.0
9.177683129999998 0.0 0.0
9.946913129999997 1.0 1.0
10.716143129999997 0.0 0.0
11.485373129999997 1.0 0.0
12.254603129999998 0.0 0.0
13.023833129999996 1.0 1.0
13.793063129999998 0.0 0.0
14.562293129999999 1.0 0.0
15.331523129999997 0.0 0.0
16.100753129999998 1.0 1.0
16.869983129999998 0.0 0.0
17.639213129999998 1.0 0.0
18.40844313 0.0 0.0
19.177673129999995 1.0 1.0
19.946903129999995 0.0 0.0
20.716133129999996 1.0 0.0
21.485363129999996 0.0 0.0
22.254593129999996 1.0 1.0
23.023823129999997 0.0 0.0
23.793053129999997 1.0 0.0
24.562283129999994 0.0 0.0
25.331513129999994 1.0 1.0
26.10074312999999 0.0 0.0
26.869973129999988 1.0 0.0
27.639203129999988 0.0 0.0
28.408433129999988 1.0 1.0
29.17766312999999 0.0 0.0
29.94689312999999 1.0 0.0
30.71612312999999 0.0 0.0
31.48535312999999 1.0 1.0
32.254583129999986 0.0 0.0
33.023813129999986 1.0 0.0
33.79304312999999 0.0 0.0
34.56227312999999 1.0 1.0
35.33150312999999 0.0 0.0
36.10073312999999 1.0 0.0
36.86996312999999 0.0 0.0
37.63919312999999 1.0 1.0
38.40842312999999 0.0 0.0
39.17765312999999 1.0 0.0
39.94688312999999 0.0 0.0
40.71611312999998 1.0 1.0
41.48534312999998 0.0 0.0
42.25457312999998 1.0 0.0
43.02380312999998 0.0 0.0
43.79303312999998 1.0 1.0
44.562263129999984 0.0 0.0
45.331493129999984 1.0 0.0
46.100723129999984 0.0 0.0
46.869953129999985 1.0 1.0
47.639183129999985 0.0 0.0
48.408413129999985 1.0 0.0
49.177643129999986 0.0 0.0
49.946873129999986 1.0 1.0
50.716103129999986 0.0 0.0
51.48533312999998 1.0 0.0
52.25456312999998 0.0 0.0
53.02379312999998 1.0 1.0
53.79302312999998 0.0 0.0
54.56225312999998 1.0 0.0
55.33148312999998 0.0 0.0
56.10071312999998 1.0 1.0
56.86994312999998 0.0 0.0
57.63917312999998 1.0 0.0
58.40840312999998 0.0 0.0
59.17763312999998 1.0 1.0
59.94686312999998 0.0 0.0
60.71609312999998 1.0 0.0
61.48532312999998 0.0 0.0
62.254553129999984 1.0 1.0
63.02378312999998 0.0 0.0
63.79301312999998 1.0 0.0
64.56224312999998 0.0 0.0
65.33147312999998 1.0 1.0
66.10070312999999 0.0 0.0
66.86993312999998 1.0 0.0
67.63916312999999 0.0 0.0
68.40839312999998 1.0 1.0
69.17762312999997 0.0 0.0
69.94685312999998 1.0 0.0
70.71608312999997 0.0 0.0
71.48531312999998 1.0 1.0
72.25454312999997 0.0 0.0
73.02377312999998 1.0 0.0
73.79300312999997 0.0 0.0
74.56223312999998 1.0 1.0
75.33146312999997 0.0 0.0
76.10069312999998 1.0 0.0
76.86992312999998 0.0 0.0
77.63915312999998 1.0 1.0
78.40838312999998 0.0 0.0
79.17761312999997 1.0 0.0
79.94684312999998 0.0 0.0
80.71607312999997 1.0 1.0
81.48530312999998 0.0 0.0
82.25453312999997 1.0 0.0
83.02376312999998 0.0 0.0
83.79299312999997 1.0 1.0
84.56222312999998 0.0 0.0
85.33145312999997 1.0 0.0
86.10068312999998 0.0 0.0
86.86991312999997 1.0 1.0
87.63914312999998 0.0 0.0
88.40837312999997 1.0 0.0
89.17760312999998 0.0 0.0
89.94683312999997 1.0 1.0
90.71606312999997 0.0 0.0
91.48529312999997 1.0 0.0
92.25452312999997 0.0 0.0
93.02375312999997 1.0 1.0
93.79298312999997 0.0 0.0
94.56221312999998 1.0 0.0
95.33144312999997 0.0 0.0
96.10067312999998 1.0 1.0
96.86990312999997 0.0 0.0
97.63913312999998 1.0 0.0
98.40836312999997 0.0 0.0
99.17759312999998 1.0 1.0
99.94682312999998 0.0 0.0
100.71605312999998 1.0 0.0
101.48528312999998 0.0 0.0
102.25451312999998 1.0 1.0
103.02374312999999 0.0 0.0
103.79297312999998 1.0 0.0
104.56220312999999 0.0 0.0
105.33143312999998 1.0 1.0
106.10066312999999 0.0 0.0
106.86989312999998 1.0 0.0
107.63912312999999 0.0 0.0
108.40835312999998 1.0 1.0
109.17758312999997 0.0 0.0
109.94681312999998 1.0 0.0
110.71604312999997 0.0 0.0
111.48527312999998 1.0 1.0
112.25450312999997 0.0 0.0
113.02373312999998 1.0 0.0
113.79296312999998 0.0 0.0
114.56219312999998 1.0 1.0
115.33142312999998 0.0 0.0
116.10065312999998 1.0 0.0
116.86988312999998 0.0 0.0
117.63911312999998 1.0 1.0
118.40834312999998 0.0 0.0
119.17757312999997 1.0 0.0
119.94680312999998 0.0 0.0
120.71603312999997 1.0 1.0
121.48526312999998 0.0 0.0
122.25449312999997 1.0 0.0
123.02372312999998 0.0 0.0
123.79295312999997 1.0 1.0
124.56218312999998 0.0 0.0
125.33141312999997 1.0 0.0
126.10064312999998 0.0 0.0
126.86987312999997 1.0 1.0
127.63910312999998 0.0 0.0
128.40833313 1.0 0.0
129.17756312999998 0.0 0.0
129.94679312999997 1.0 1.0
130.71602312999997 0.0 0.0
131.48525312999996 1.0 0.0
132.25448312999998 0.0 0.0
133.02371312999998 1.0 1.0
133.79294312999997 0.0 0.0
134.56217312999996 1.0 0.0
135.33140312999998 0.0 0.0
136.10063312999998 1.0 1.0
136.86986312999997 0.0 0.0
137.63909312999996 1.0 0.0
138.40832312999999 0.0 0.0
139.17755312999998 1.0 1.0
139.94678312999997 0.0 0.0
140.71601312999996 1.0 0.0
141.48524312999996 0.0 0.0
142.25447312999998 1.0 1.0
143.02370312999997 0.0 0.0
143.79293312999997 1.0 0.0
144.56216312999996 0.0 0.0
145.33139312999998 1.0 1.0
146.10062312999997 0.0 0.0
146.86985312999997 1.0 0.0
147.63908312999996 0.0 0.0
148.40831312999998 1.0 1.0
149.17754312999998 0.0 0.0
149.94677312999997 1.0 0.0
150.71600312999996 0.0 0.0
151.48523312999998 1.0 1.0
152.25446312999998 0.0 0.0
153.02369312999997 1.0 0.0
153.79292312999996 0.0 0.0
154.56215312999996 1.0 1.0
155.33138312999998 0.0 0.0
156.10061312999997 1.0 0.0
156.86984312999996 0.0 0.0
157.63907312999996 1.0 1.0
158.40830312999998 0.0 0.0
159.17753312999997 1.0 0.0
159.94676312999997 0.0 0.0
160.71599312999996 1.0 1.0
161.48522312999998 0.0 0.0
162.25445312999997 1.0 0.0
163.02368312999997 0.0 0.0
163.79291312999996 1.0 1.0
164.56214312999995 0.0 0.0
165.33137312999997 1.0 0.0
166.10060312999997 0.0 0.0
166.86983312999996 1.0 1.0
167.63906312999995 0.0 0.0
168.40829312999998 1.0 0.0
169.17752312999997 0.0 0.0
169.94675312999996 1.0 1.0
170.71598312999996 0.0 0.0
171.48521312999998 1.0 0.0
172.25444312999997 0.0 0.0
173.02367312999996 1.0 1.0
173.79290312999996 0.0 0.0
174.56213312999995 1.0 0.0
175.33136312999997 0.0 0.0
176.10059312999996 1.0 1.0
176.86982312999996 0.0 0.0
177.63905312999995 1.0 0.0
178.40828312999997 0.0 0.0
179.17751312999997 1.0 1.0
179.94674312999996 0.0 0.0
180.71597312999995 1.0 0.0
181.48520312999997 0.0 0.0
182.25443312999997 1.0 1.0
183.02366312999996 0.0 0.0
183.79289312999995 1.0 0.0
184.56212312999997 0.0 0.0
185.33135312999997 1.0 1.0
186.10058312999996 0.0 0.0
186.86981312999995 1.0 0.0
187.63904312999995 0.0 0.0
188.40827312999997 1.0 1.0
189.17750312999996 0.0 0.0
189.94673312999996 1.0 0.0
190.71596312999995 0.0 0.0
191.48519312999997 1.0 1.0
192.25442312999996 0.0 0.0
193.02365312999996 1.0 0.0
193.79288312999995 0.0 0.0
194.56211312999997 1.0 1.0
195.33134312999996 0.0 0.0
196.10057312999996 1.0 0.0
196.86980312999995 0.0 0.0
197.63903312999994 1.0 1.0
198.40826312999994 0.0 0.0
199.17749312999993 1.0 0.0
199.94672312999992 0.0 0.0
200.71595312999995 1.0 1.0
201.48518312999994 0.0 0.0
202.25441312999993 1.0 0.0
203.02364312999993 0.0 0.0
203.79287312999995 1.0 1.0
204.56210312999994 0.0 0.0
205.33133312999993 1.0 0.0
206.10056312999993 0.0 0.0
206.86979312999992 1.0 1.0
207.63902312999994 0.0 0.0
208.40825312999993 0.0 0.0
209.17748312999993 1.0 1.0
209.94671312999992 0.0 0.0