0.251506602 1.0 1.0
1.0734236019999999 0.0 0.0
1.895340602 1.0 0.0
2.717257602 0.0 0.0
3.539174602 1.0 1.0
4.361091602 0.0 0.0
5.183008602 1.0 0.0
6.004925602 0.0 0.0
6.826842602 1.0 1.0
7.648759601999999 0.0 0.0
8.470676602 1.0 0.0
9.292593602 0.0 0.0
10.114510602 1.0 1.0
10.936427602 0.0 0.0
11.758344602 1.0 0.0
12.580261602 0.0 0.0
13.402178602 1.0 1.0
14.224095602 0.0 0.0
15.046012602000001 1.0 0.0
15.867929602 0.0 0.0
16.689846602 1.0 1.0
17.511763602000002 0.0 0.0
18.333680602 1.0 0.0
19.155597602 0.0 0.0
19.977514602 1.0 1.0
20.799431602000002 0.0 0.0
21.621348602 1.0 0.0
22.443265602 0.0 0.0
23.265182602 1.0 1.0
24.087099602 0.0 0.0
24.909016602 1.0 0.0
25.730933602 0.0 0.0
26.552850601999996 1.0 1.0
27.374767602 0.0 0.0
28.196684601999994 1.0 0.0
29.018601601999993 0.0 0.0
29.840518601999992 1.0 1.0
30.662435601999995 0.0 0.0
31.484352601999994 1.0 0.0
32.30626960199999 0.0 0.0
33.12818660199999 1.0 1.0
33.95010360199999 0.0 0.0
34.77202060199999 1.0 0.0
35.59393760199999 0.0 0.0
36.415854601999996 1.0 1.0
37.237771601999995 0.0 0.0
38.059688601999994 1.0 0.0
38.88160560199999 0.0 0.0
39.70352260199999 1.0 1.0
40.52543960199999 0.0 0.0
41.34735660199999 1.0 1.0
42.16927360199999 0.0 0.0
42.991190601999996 1.0 0.0
43.813107601999995 0.0 0.0
44.635024601999994 1.0 1.0
45.45694160199999 0.0 0.0
46.27885860199999 1.0 0.0
47.10077560199999 0.0 0.0
47.92269260199999 1.0 1.0
48.74460960199999 0.0 0.0
49.56652660199999 1.0 0.0
50.388443601999995 0.0 0.0
51.210360601999994 1.0 1.0
52.03227760199999 0.0 0.0
52.85419460199999 1.0 0.0
53.67611160199999 0.0 0.0
54.49802860199999 1.0 1.0
55.31994560199999 0.0 0.0
56.14186260199999 1.0 0.0
56.963779601999995 0.0 0.0
57.785696601999994 1.0 1.0
58.607613601999994 0.0 0.0
59.42953060199999 1.0 0.0
60.25144760199999 0.0 0.0
61.07336460199999 1.0 1.0
61.89528160199999 0.0 0.0
62.71719860199999 1.0 0.0
63.53911560199999 0.0 0.0
64.361032602 1.0 1.0
65.182949602 0.0 0.0
66.00486660199999 1.0 0.0
66.82678360199999 0.0 0.0
67.64870060199999 1.0 1.0
68.47061760199999 0.0 0.0
69.29253460199999 1.0 0.0
70.11445160199999 0.0 0.0
70.93636860199999 1.0 1.0
71.75828560199999 0.0 0.0
72.58020260199999 1.0 0.0
73.40211960199998 0.0 0.0
74.22403660199998 1.0 1.0
75.045953602 0.0 0.0
75.867870602 1.0 0.0
76.689787602 0.0 0.0
77.511704602 1.0 1.0
78.333621602 0.0 0.0
79.155538602 1.0 0.0
79.97745560199999 0.0 0.0
80.79937260199999 1.0 1.0
81.62128960199999 0.0 0.0
82.44320660199999 1.0 1.0
83.26512360199999 0.0 0.0
84.08704060199999 1.0 0.0
84.90895760199999 0.0 0.0
85.73087460199999 1.0 1.0
86.55279160199999 0.0 0.0
87.37470860199998 1.0 0.0
88.19662560199998 0.0 0.0
89.018542602 1.0 1.0
89.840459602 0.0 0.0
90.662376602 1.0 0.0
91.484293602 0.0 0.0
92.306210602 1.0 1.0
93.12812760199999 0.0 0.0
93.95004460199999 1.0 0.0
94.77196160199999 0.0 0.0
95.59387860199999 1.0 1.0
96.41579560199999 0.0 0.0
97.23771260199999 1.0 0.0
98.05962960199999 0.0 0.0
98.88154660199999 1.0 1.0
99.70346360199999 0.0 0.0
100.52538060199998 1.0 0.0
101.34729760199998 0.0 0.0
102.16921460199998 1.0 1.0
102.991131602 0.0 0.0
103.813048602 1.0 0.0
104.634965602 0.0 0.0
105.45688260200001 1.0 1.0
106.278799602 0.0 0.0
107.100716602 1.0 0.0
107.922633602 0.0 0.0
108.744550602 1.0 1.0
109.566467602 0.0 0.0
110.388384602 1.0 0.0
111.210301602 0.0 0.0
112.032218602 1.0 1.0
112.854135602 0.0 0.0
113.676052602 1.0 0.0
114.497969602 0.0 0.0
115.319886602 1.0 1.0
116.141803602 0.0 0.0
116.963720602 1.0 0.0
117.785637602 0.0 0.0
118.607554602 1.0 1.0
119.429471602 0.0 0.0
120.251388602 1.0 0.0
121.073305602 0.0 0.0
121.895222602 1.0 1.0
122.717139602 0.0 0.0
123.539056602 1.0 1.0
124.360973602 0.0 0.0
125.182890602 1.0 0.0
126.004807602 0.0 0.0
126.826724602 1.0 1.0
127.648641602 0.0 0.0
128.470558602 1.0 0.0
129.292475602 0.0 0.0
130.114392602 1.0 1.0
130.936309602 0.0 0.0
131.758226602 1.0 0.0
132.580143602 0.0 0.0
133.402060602 1.0 1.0
134.223977602 0.0 0.0
135.045894602 1.0 0.0
135.867811602 0.0 0.0
136.689728602 1.0 1.0
137.511645602 0.0 0.0
138.333562602 1.0 0.0
139.15547960199999 0.0 0.0
139.977396602 1.0 1.0
140.799313602 0.0 0.0
141.621230602 1.0 0.0
142.443147602 0.0 0.0
143.265064602 1.0 1.0
144.086981602 0.0 0.0
144.908898602 1.0 0.0
145.730815602 0.0 0.0
146.552732602 1.0 1.0
147.374649602 0.0 0.0
148.196566602 1.0 0.0
149.018483602 0.0 0.0
149.840400602 1.0 1.0
150.662317602 0.0 0.0
151.484234602 1.0 0.0
152.306151602 0.0 0.0
153.12806860199998 1.0 1.0
153.949985602 0.0 0.0
154.771902602 1.0 0.0
155.593819602 0.0 0.0
156.415736602 1.0 1.0
157.237653602 0.0 0.0
158.059570602 1.0 0.0
158.881487602 0.0 0.0
159.703404602 1.0 1.0
160.525321602 0.0 0.0
161.347238602 1.0 0.0
162.169155602 0.0 0.0
162.991072602 1.0 1.0
163.812989602 0.0 0.0
164.634906602 1.0 1.0
165.456823602 0.0 0.0
166.278740602 1.0 0.0
167.10065760199998 0.0 0.0
167.922574602 1.0 1.0
168.744491602 0.0 0.0
169.566408602 1.0 0.0
170.388325602 0.0 0.0
171.210242602 1.0 1.0
172.032159602 0.0 0.0
172.854076602 1.0 0.0
173.675993602 0.0 0.0
174.497910602 1.0 1.0
175.319827602 0.0 0.0
176.141744602 1.0 0.0
176.963661602 0.0 0.0
177.785578602 1.0 1.0
178.607495602 0.0 0.0
179.42941260199999 1.0 0.0
180.251329602 0.0 0.0
181.07324660199998 1.0 1.0
181.895163602 0.0 0.0
182.717080602 1.0 0.0
183.538997602 0.0 0.0
184.360914602 1.0 1.0
185.182831602 0.0 0.0
186.004748602 1.0 0.0
186.826665602 0.0 0.0
187.648582602 1.0 1.0
188.470499602 0.0 0.0
189.292416602 1.0 0.0
190.114333602 0.0 0.0
190.936250602 1.0 1.0
191.758167602 0.0 0.0
192.580084602 1.0 0.0
193.40200160199998 0.0 0.0
194.223918602 1.0 1.0
195.04583560199998 0.0 0.0
195.867752602 1.0 0.0
196.689669602 0.0 0.0
197.511586602 1.0 1.0
198.333503602 0.0 0.0
199.155420602 1.0 0.0
199.977337602 0.0 0.0
200.799254602 1.0 1.0
201.621171602 0.0 0.0
202.443088602 1.0 0.0
203.265005602 0.0 0.0
204.086922602 1.0 1.0
204.908839602 0.0 0.0
205.73075660199999 1.0 0.0
206.552673602 0.0 0.0
207.37459060199998 1.0 1.0
208.196507602 0.0 0.0
209.01842460199998 1.0 0.0
209.840341602 0.0 0.0
210.66225860199998 1.0 1.0
211.48417560199997 0.0 0.0
212.30609260199998 1.0 0.0
213.12800960199996 0.0 0.0
213.94992660199998 1.0 1.0
214.77184360199996 0.0 0.0
215.59376060199997 1.0 0.0
216.41567760199996 0.0 0.0
217.23759460199997 1.0 1.0
218.05951160199996 0.0 0.0
218.88142860199997 1.0 0.0
219.70334560199996 0.0 0.0
220.52526260199997 1.0 1.0
221.34717960199998 0.0 0.0
222.16909660199997 1.0 0.0
222.99101360199998 0.0 0.0
223.81293060199997 1.0 1.0
224.634847602 0.0 0.0
225.456764602 1.0 0.0
226.278681602 0.0 0.0
227.100598602 1.0 1.0
227.922515602 0.0 0.0
228.744432602 1.0 0.0
229.566349602 0.0 0.0
230.388266602 1.0 1.0
231.210183602 0.0 0.0
232.03210060199999 1.0 0.0
232.854017602 0.0 0.0
233.67593460199998 1.0 1.0
234.497851602 0.0 0.0
235.31976860199998 1.0 0.0
236.141685602 0.0 0.0
236.96360260199998 1.0 1.0
237.785519602 0.0 0.0
238.60743660199998 1.0 0.0
239.429353602 0.0 0.0
240.251270602 1.0 1.0
241.073187602 0.0 0.0
241.895104602 1.0 0.0
242.717021602 0.0 0.0
243.538938602 1.0 1.0
244.360855602 0.0 0.0
245.182772602 1.0 0.0
246.00468960199998 0.0 0.0
246.826606602 1.0 1.0
247.64852360199998 0.0 0.0
248.470440602 1.0 0.0
249.29235760199998 0.0 0.0
250.114274602 1.0 1.0
250.93619160199998 0.0 0.0
251.758108602 1.0 0.0
252.58002560199998 0.0 0.0
253.401942602 1.0 0.0
254.223859602 0.0 0.0