0.5273686320000001 1.0 1.0
1.3168426320000002 0.0 0.0
2.106316632 1.0 0.0
2.895790632 0.0 0.0
3.6852646319999995 1.0 1.0
4.474738631999999 0.0 0.0
5.264212632 1.0 0.0
6.053686632 0.0 0.0
6.843160631999998 1.0 1.0
7.6326346319999985 0.0 0.0
8.422108631999999 1.0 0.0
9.211582631999999 0.0 0.0
10.001056632 1.0 1.0
10.790530631999998 0.0 0.0
11.580004631999998 1.0 0.0
12.369478631999998 0.0 0.0
13.158952631999998 1.0 1.0
13.948426631999999 0.0 0.0
14.737900631999999 1.0 0.0
15.527374631999997 0.0 0.0
16.316848632 1.0 1.0
17.106322631999998 0.0 0.0
17.895796632 1.0 0.0
18.685270631999998 0.0 0.0
19.474744631999997 1.0 1.0
20.264218632 0.0 0.0
21.053692631999997 1.0 0.0
21.843166632 0.0 0.0
22.632640631999998 1.0 1.0
23.422114631999996 0.0 0.0
24.211588631999998 1.0 0.0
25.001062631999996 0.0 0.0
25.790536632 1.0 1.0
26.580010631999997 0.0 0.0
27.369484632 1.0 0.0
28.158958631999997 0.0 0.0
28.948432631999996 1.0 1.0
29.737906631999998 0.0 0.0
30.527380631999996 1.0 0.0
31.316854632 0.0 0.0
32.106328632 1.0 1.0
32.895802632 0.0 0.0
33.685276632 1.0 0.0
34.474750631999996 0.0 0.0
35.264224631999994 1.0 1.0
36.053698632 0.0 0.0
36.843172632 1.0 0.0
37.632646632 0.0 0.0
38.422120631999995 1.0 1.0
39.21159463199999 0.0 0.0
40.001068632 1.0 0.0
40.790542632 0.0 0.0
41.580016631999996 1.0 1.0
42.369490631999994 0.0 0.0
43.158964632 1.0 0.0
43.948438632 0.0 0.0
44.737912632 1.0 1.0
45.527386631999995 0.0 0.0
46.316860631999994 1.0 0.0
47.106334632 0.0 0.0
47.895808632 1.0 1.0
48.685282631999996 0.0 0.0
49.474756631999995 1.0 0.0
50.26423063199999 0.0 0.0
51.053704632 1.0 1.0
51.843178632000004 0.0 0.0
52.632652632 1.0 0.0
53.422126632 0.0 0.0
54.21160063199999 1.0 1.0
55.001074632 0.0 0.0
55.790548632 1.0 0.0
56.580022631999995 0.0 0.0
57.36949663199999 1.0 1.0
58.158970632 0.0 0.0
58.948444632 1.0 0.0
59.737918631999996 0.0 0.0
60.527392631999994 1.0 1.0
61.31686663199999 0.0 0.0
62.106340632 1.0 0.0
62.895814632 0.0 0.0
63.685288631999995 1.0 1.0
64.474762632 0.0 0.0
65.26423663199999 1.0 0.0
66.05371063199999 0.0 0.0
66.84318463199999 1.0 1.0
67.632658632 0.0 0.0
68.422132632 1.0 0.0
69.211606632 0.0 0.0
70.001080632 1.0 1.0
70.790554632 0.0 0.0
71.580028632 1.0 0.0
72.36950263199999 0.0 0.0
73.15897663199999 1.0 1.0
73.94845063199999 0.0 0.0
74.73792463199999 1.0 0.0
75.527398632 0.0 0.0
76.316872632 1.0 1.0
77.106346632 0.0 0.0
77.895820632 1.0 0.0
78.685294632 0.0 0.0
79.47476863199999 1.0 1.0
80.26424263199999 0.0 0.0
81.05371663199999 1.0 0.0
81.84319063199999 0.0 0.0
82.632664632 1.0 1.0
83.422138632 0.0 0.0
84.211612632 1.0 0.0
85.001086632 0.0 0.0
85.790560632 1.0 1.0
86.580034632 0.0 0.0
87.36950863199999 1.0 0.0
88.15898263199999 0.0 0.0
88.94845663199999 1.0 1.0
89.73793063199999 0.0 0.0
90.527404632 1.0 0.0
91.316878632 0.0 0.0
92.106352632 1.0 0.0
92.895826632 0.0 0.0
93.685300632 1.0 1.0
94.47477463199999 0.0 0.0
95.26424863199999 1.0 0.0
96.05372263199999 0.0 0.0
96.84319663199999 1.0 1.0
97.632670632 0.0 0.0
98.422144632 1.0 0.0
99.211618632 0.0 0.0
100.001092632 1.0 1.0
100.790566632 0.0 0.0
101.58004063199999 1.0 0.0
102.36951463199999 0.0 0.0
103.15898863199999 1.0 1.0
103.94846263199999 0.0 0.0
104.73793663199999 1.0 0.0
105.527410632 0.0 0.0
106.316884632 1.0 1.0
107.106358632 0.0 0.0
107.895832632 1.0 0.0
108.68530663199999 0.0 0.0
109.47478063199999 1.0 1.0
110.26425463199999 0.0 0.0
111.05372863199999 1.0 0.0
111.84320263199999 0.0 0.0
112.632676632 1.0 1.0
113.422150632 0.0 0.0
114.211624632 1.0 0.0
115.001098632 0.0 0.0
115.79057263199999 1.0 1.0
116.58004663199999 0.0 0.0
117.36952063199999 1.0 0.0
118.15899463199999 0.0 0.0
118.94846863199999 1.0 1.0
119.73794263199999 0.0 0.0
120.527416632 1.0 0.0
121.316890632 0.0 0.0
122.106364632 1.0 1.0
122.895838632 0.0 0.0
123.68531263199999 1.0 0.0
124.47478663199999 0.0 0.0
125.26426063199999 1.0 1.0
126.05373463199999 0.0 0.0
126.84320863199999 1.0 0.0
127.632682632 0.0 0.0
128.422156632 1.0 1.0
129.21163063199998 0.0 0.0
130.001104632 1.0 0.0
130.79057863199998 0.0 0.0
131.580052632 1.0 1.0
132.369526632 0.0 0.0
133.159000632 1.0 0.0
133.948474632 0.0 0.0
134.73794863199998 1.0 1.0
135.527422632 0.0 0.0
136.31689663199998 1.0 0.0
137.106370632 0.0 0.0
137.89584463199998 1.0 1.0
138.685318632 0.0 0.0
139.474792632 1.0 0.0
140.264266632 0.0 0.0
141.053740632 1.0 1.0
141.84321463199998 0.0 0.0
142.632688632 1.0 0.0
143.42216263199998 0.0 0.0
144.211636632 1.0 1.0
145.00111063199998 0.0 0.0
145.790584632 1.0 0.0
146.580058632 0.0 0.0
147.369532632 1.0 1.0
148.159006632 0.0 0.0
148.94848063199998 1.0 0.0
149.737954632 0.0 0.0
150.52742863199998 1.0 1.0
151.316902632 0.0 0.0
152.10637663199998 1.0 0.0
152.895850632 0.0 0.0
153.685324632 1.0 1.0
154.474798632 0.0 0.0
155.264272632 1.0 0.0
156.05374663199999 0.0 0.0
156.843220632 1.0 1.0
157.63269463199998 0.0 0.0
158.422168632 1.0 0.0
159.21164263199998 0.0 0.0
160.001116632 1.0 1.0
160.79059063199998 0.0 0.0
161.580064632 1.0 0.0
162.369538632 0.0 0.0
163.15901263199999 1.0 1.0
163.948486632 0.0 0.0
164.73796063199998 1.0 0.0
165.527434632 0.0 0.0
166.31690863199998 1.0 1.0
167.106382632 0.0 0.0
167.89585663199998 1.0 0.0
168.685330632 0.0 0.0
169.474804632 1.0 1.0
170.26427863199999 0.0 0.0
171.053752632 1.0 0.0
171.84322663199998 0.0 0.0
172.632700632 1.0 1.0
173.42217463199998 0.0 0.0
174.211648632 1.0 0.0
175.00112263199998 0.0 0.0
175.790596632 1.0 1.0
176.580070632 0.0 0.0
177.369544632 1.0 0.0
178.159018632 0.0 0.0
178.94849263199998 1.0 1.0
179.737966632 0.0 0.0
180.52744063199998 1.0 0.0
181.316914632 0.0 0.0
182.10638863199998 1.0 0.0
182.895862632 0.0 0.0
183.685336632 1.0 1.0
184.474810632 0.0 0.0
185.264284632 1.0 0.0
186.05375863199998 0.0 0.0
186.843232632 1.0 1.0
187.63270663199998 0.0 0.0
188.422180632 1.0 0.0
189.21165463199998 0.0 0.0
190.001128632 1.0 1.0
190.79060263199997 0.0 0.0
191.580076632 1.0 0.0
192.369550632 0.0 0.0
193.15902463199998 1.0 1.0
193.948498632 0.0 0.0
194.73797263199998 1.0 0.0
195.527446632 0.0 0.0
196.31692063199998 1.0 1.0
197.106394632 0.0 0.0
197.89586863199997 1.0 0.0
198.685342632 0.0 0.0
199.474816632 1.0 1.0
200.26429063199998 0.0 0.0
201.053764632 1.0 0.0
201.84323863199998 0.0 0.0
202.632712632 1.0 1.0
203.42218663199998 0.0 0.0
204.211660632 1.0 0.0
205.00113463199997 0.0 0.0
205.790608632 1.0 1.0
206.580082632 0.0 0.0
207.36955663199998 1.0 0.0
208.159030632 0.0 0.0
208.94850463199998 1.0 1.0
209.737978632 0.0 0.0
210.52745263199998 1.0 1.0
211.316926632 0.0 0.0
212.10640063199997 0.0 0.0
212.895874632 1.0 0.0
213.685348632 0.0 0.0
214.47482263199998 1.0 1.0
215.264296632 0.0 0.0
216.053770632 1.0 0.0
216.84324463200002 0.0 0.0
217.632718632 1.0 1.0
218.42219263200002 0.0 0.0
219.211666632 1.0 0.0
220.00114063200002 0.0 0.0
220.790614632 1.0 1.0
221.580088632 0.0 0.0
222.369562632 1.0 0.0
223.159036632 0.0 0.0
223.94851063200002 1.0 1.0
224.737984632 0.0 0.0
225.52745863200002 1.0 0.0
226.316932632 0.0 0.0
227.10640663200002 1.0 1.0
227.895880632 0.0 0.0
228.685354632 1.0 0.0