0.393190952 1.0 1.0
1.031487952 0.0 0.0
1.669784952 1.0 0.0
2.308081952 0.0 0.0
2.946378952 1.0 1.0
3.5846759519999996 0.0 0.0
4.222972951999999 1.0 0.0
4.861269952 0.0 0.0
5.499566952 1.0 1.0
6.137863952 0.0 0.0
6.776160952000001 1.0 0.0
7.414457952 0.0 0.0
8.052754952 1.0 1.0
8.691051952 0.0 0.0
9.329348952 1.0 0.0
9.967645952 0.0 0.0
10.605942952 1.0 1.0
11.244239952 0.0 0.0
11.882536952 1.0 0.0
12.520833952 0.0 0.0
13.159130952 1.0 1.0
13.797427952 0.0 0.0
14.435724952 1.0 0.0
15.074021952 0.0 0.0
15.712318952 1.0 1.0
16.350615952 0.0 0.0
16.988912952 1.0 0.0
17.627209952 0.0 0.0
18.265506952 1.0 1.0
18.903803952 0.0 0.0
19.542100952 1.0 0.0
20.180397952 0.0 0.0
20.818694952 1.0 1.0
21.456991952 0.0 0.0
22.095288952 1.0 0.0
22.733585952 0.0 0.0
23.371882952 1.0 1.0
24.010179951999998 0.0 0.0
24.648476952 1.0 0.0
25.286773952 0.0 0.0
25.925070952 1.0 1.0
26.563367952 0.0 0.0
27.201664951999998 1.0 0.0
27.839961952 0.0 0.0
28.478258952 1.0 1.0
29.116555952 0.0 0.0
29.754852952 1.0 0.0
30.393149951999998 0.0 0.0
31.031446952 1.0 1.0
31.669743951999997 0.0 0.0
32.308040952 1.0 0.0
32.946337952 0.0 0.0
33.584634952 1.0 1.0
34.222931951999996 0.0 0.0
34.861228952 1.0 0.0
35.499525952 0.0 0.0
36.137822952 1.0 1.0
36.776119952 0.0 0.0
37.414416951999996 1.0 0.0
38.052713952 0.0 0.0
38.691010952 1.0 1.0
39.329307952 0.0 0.0
39.967604952 1.0 0.0
40.605901951999996 0.0 0.0
41.244198952 1.0 1.0
41.882495952 0.0 0.0
42.520792952 1.0 0.0
43.159089952 0.0 0.0
43.797386952 1.0 1.0
44.435683952 0.0 0.0
45.073980952 1.0 0.0
45.712277952 0.0 0.0
46.350574951999995 1.0 1.0
46.988871952 0.0 0.0
47.627168952 1.0 0.0
48.265465952 0.0 0.0
48.903762952 1.0 1.0
49.542059951999995 0.0 0.0
50.180356952 1.0 0.0
50.818653952 0.0 0.0
51.456950952 1.0 1.0
52.095247952 0.0 0.0
52.733544951999995 1.0 0.0
53.371841952 0.0 0.0
54.010138952 1.0 1.0
54.648435952 0.0 0.0
55.286732952 1.0 0.0
55.925029951999996 0.0 0.0
56.563326952 1.0 1.0
57.201623952 0.0 0.0
57.839920952 1.0 0.0
58.478217952 0.0 0.0
59.116514951999996 1.0 1.0
59.754811952 0.0 0.0
60.393108952 1.0 0.0
61.031405952 0.0 0.0
61.669702952 1.0 1.0
62.307999951999996 0.0 0.0
62.946296952 1.0 0.0
63.584593952 0.0 0.0
64.222890952 1.0 1.0
64.861187952 0.0 0.0
65.499484952 1.0 0.0
66.137781952 0.0 0.0
66.77607895199999 1.0 1.0
67.414375952 0.0 0.0
68.052672952 1.0 0.0
68.690969952 0.0 0.0
69.329266952 1.0 1.0
69.96756395199999 0.0 0.0
70.605860952 1.0 0.0
71.244157952 0.0 0.0
71.882454952 1.0 1.0
72.520751952 0.0 0.0
73.15904895199999 1.0 0.0
73.797345952 0.0 0.0
74.435642952 1.0 1.0
75.073939952 0.0 0.0
75.712236952 1.0 0.0
76.35053395199999 0.0 0.0
76.988830952 1.0 1.0
77.627127952 0.0 0.0
78.265424952 1.0 0.0
78.903721952 0.0 0.0
79.54201895199999 1.0 1.0
80.180315952 0.0 0.0
80.818612952 1.0 0.0
81.456909952 0.0 0.0
82.09520695200001 1.0 1.0
82.733503952 0.0 0.0
83.371800952 1.0 0.0
84.01009795200001 0.0 0.0
84.648394952 1.0 1.0
85.28669195200001 0.0 0.0
85.924988952 1.0 0.0
86.563285952 0.0 0.0
87.20158295200001 1.0 1.0
87.839879952 0.0 0.0
88.47817695200001 1.0 0.0
89.116473952 0.0 0.0
89.754770952 1.0 1.0
90.39306795200001 0.0 0.0
91.031364952 1.0 0.0
91.66966195200001 0.0 0.0
92.307958952 1.0 1.0
92.946255952 0.0 0.0
93.58455295200001 1.0 0.0
94.222849952 0.0 0.0
94.86114695200001 1.0 1.0
95.49944395200001 0.0 0.0
96.137740952 1.0 1.0
96.77603795200001 0.0 0.0
97.414334952 1.0 0.0
98.05263195200001 0.0 0.0
98.69092895200001 1.0 1.0
99.329225952 0.0 0.0
99.96752295200001 1.0 0.0
100.605819952 0.0 0.0
101.24411695200001 1.0 1.0
101.88241395200001 0.0 0.0
102.520710952 1.0 0.0
103.15900795200001 0.0 0.0
103.797304952 1.0 1.0
104.43560195200001 0.0 0.0
105.07389895200001 1.0 0.0
105.712195952 0.0 0.0
106.35049295200001 1.0 1.0
106.988789952 0.0 0.0
107.627086952 1.0 0.0
108.26538395200001 0.0 0.0
108.903680952 1.0 1.0
109.54197795200001 0.0 0.0
110.180274952 1.0 0.0
110.818571952 0.0 0.0
111.45686895200001 1.0 1.0
112.095165952 0.0 0.0
112.73346295200001 1.0 0.0
113.371759952 0.0 0.0
114.010056952 1.0 1.0
114.64835395200001 0.0 0.0
115.286650952 1.0 0.0
115.92494795200001 0.0 0.0
116.563244952 1.0 1.0
117.201541952 0.0 0.0
117.83983895200001 1.0 0.0
118.478135952 0.0 0.0
119.11643295200001 1.0 1.0
119.754729952 0.0 0.0
120.393026952 1.0 0.0
121.03132395200001 0.0 0.0
121.669620952 1.0 1.0
122.30791795200001 0.0 0.0
122.946214952 1.0 0.0
123.584511952 0.0 0.0
124.22280895200001 1.0 1.0
124.861105952 0.0 0.0
125.49940295200001 1.0 0.0
126.137699952 0.0 0.0
126.775996952 1.0 1.0
127.41429395200001 0.0 0.0
128.052590952 1.0 0.0
128.690887952 0.0 0.0
129.329184952 1.0 1.0
129.967481952 0.0 0.0
130.605778952 1.0 0.0
131.244075952 0.0 0.0
131.882372952 1.0 1.0
132.520669952 0.0 0.0
133.15896695200001 1.0 0.0
133.797263952 0.0 0.0
134.435560952 1.0 1.0
135.073857952 0.0 0.0
135.712154952 1.0 0.0
136.35045195200001 0.0 0.0
136.988748952 1.0 1.0
137.627045952 0.0 0.0
138.265342952 1.0 0.0
138.903639952 0.0 0.0
139.54193695200001 1.0 1.0
140.180233952 0.0 0.0
140.818530952 1.0 0.0
141.456827952 0.0 0.0
142.095124952 1.0 1.0
142.73342195200001 0.0 0.0
143.371718952 1.0 0.0
144.010015952 0.0 0.0
144.648312952 1.0 1.0
145.286609952 0.0 0.0
145.92490695200001 1.0 0.0
146.563203952 0.0 0.0
147.201500952 1.0 1.0
147.839797952 0.0 0.0
148.478094952 1.0 0.0
149.11639195200001 0.0 0.0
149.754688952 1.0 1.0
150.392985952 0.0 0.0
151.031282952 1.0 0.0
151.669579952 0.0 0.0
152.30787695200002 1.0 1.0
152.946173952 0.0 0.0
153.584470952 1.0 0.0
154.222767952 0.0 0.0
154.861064952 1.0 1.0
155.49936195200002 0.0 0.0
156.137658952 1.0 0.0
156.775955952 0.0 0.0
157.414252952 1.0 1.0
158.052549952 0.0 0.0
158.69084695200002 1.0 0.0
159.329143952 0.0 0.0
159.967440952 1.0 1.0
160.605737952 0.0 0.0
161.244034952 1.0 0.0
161.88233195200002 0.0 0.0
162.520628952 1.0 1.0
163.158925952 0.0 0.0
163.797222952 1.0 0.0
164.435519952 0.0 0.0
165.073816952 1.0 1.0
165.71211395199998 0.0 0.0
166.35041095199998 1.0 0.0
166.988707952 0.0 0.0
167.627004952 1.0 1.0
168.265301952 0.0 0.0
168.90359895199998 1.0 0.0
169.54189595199998 0.0 0.0
170.18019295199997 1.0 1.0
170.818489952 0.0 0.0
171.456786952 1.0 0.0
172.09508395199998 0.0 0.0
172.73338095199998 1.0 1.0
173.37167795199997 0.0 0.0
174.009974952 1.0 0.0
174.648271952 0.0 0.0
175.28656895199998 1.0 0.0
175.92486595199998 0.0 0.0
176.56316295199997 1.0 1.0
177.201459952 0.0 0.0
177.839756952 1.0 0.0
178.47805395199998 0.0 0.0
179.11635095199998 1.0 1.0
179.75464795199997 0.0 0.0
180.392944952 1.0 0.0
181.031241952 0.0 0.0
181.66953895199998 1.0 1.0
182.30783595199998 0.0 0.0
182.94613295199997 1.0 0.0
183.584429952 0.0 0.0
184.222726952 1.0 1.0
184.86102395199998 0.0 0.0
185.49932095199998 1.0 0.0
186.13761795199997 0.0 0.0
186.775914952 1.0 1.0
187.414211952 0.0 0.0
188.05250895199998 1.0 0.0
188.69080595199998 0.0 0.0
189.32910295199997 1.0 1.0
189.967399952 0.0 0.0
190.605696952 1.0 0.0
191.24399395199998 0.0 0.0
191.88229095199998 1.0 1.0
192.52058795199997 0.0 0.0
193.158884952 1.0 0.0
193.797181952 0.0 0.0
194.43547895199998 1.0 1.0
195.07377595199998 0.0 0.0
195.71207295199997 1.0 0.0
196.350369952 0.0 0.0
196.988666952 1.0 1.0
197.62696395199998 0.0 0.0
198.26526095199998 1.0 0.0
198.90355795199997 0.0 0.0
199.541854952 1.0 1.0
200.180151952 0.0 0.0
200.81844895199998 1.0 0.0
201.45674595199998 0.0 0.0
202.09504295199997 1.0 1.0
202.733339952 0.0 0.0
203.371636952 1.0 0.0
204.00993395199998 0.0 0.0
204.64823095199998 1.0 1.0
205.28652795199997 0.0 0.0
205.924824952 1.0 0.0
206.563121952 0.0 0.0
207.20141895199998 1.0 1.0
207.83971595199998 0.0 0.0
208.47801295199997 1.0 0.0
209.116309952 0.0 0.0
209.754606952 1.0 1.0
210.39290395199998 0.0 0.0
211.03120095199998 1.0 0.0
211.66949795199997 0.0 0.0
212.307794952 1.0 1.0
212.946091952 0.0 0.0
213.58438895199998 1.0 1.0
214.22268595199998 0.0 0.0
214.86098295199997 0.0 0.0
215.499279952 1.0 0.0
216.137576952 0.0 0.0
216.77587395199998 1.0 1.0
217.41417095199998 0.0 0.0
218.05246795199997 1.0 0.0
218.690764952 0.0 0.0
219.329061952 1.0 1.0