0.07980000000000001 1.0 1.0
0.6798000000000001 0.0 0.0
1.2798 1.0 0.0
1.8798 0.0 0.0
2.4798 1.0 1.0
3.0798 0.0 0.0
3.6798 1.0 0.0
4.2798 0.0 0.0
4.8797999999999995 1.0 1.0
5.479799999999999 0.0 0.0
6.079799999999999 1.0 0.0
6.679799999999999 0.0 0.0
7.279799999999999 1.0 1.0
7.8797999999999995 0.0 0.0
8.4798 1.0 0.0
9.079799999999999 0.0 0.0
9.679799999999998 1.0 1.0
10.2798 0.0 0.0
10.8798 1.0 0.0
11.479800000000001 0.0 0.0
12.0798 1.0 1.0
12.6798 0.0 0.0
13.2798 1.0 0.0
13.8798 0.0 0.0
14.479800000000001 1.0 1.0
15.0798 0.0 0.0
15.6798 1.0 0.0
16.2798 0.0 0.0
16.8798 1.0 1.0
17.4798 0.0 0.0
18.0798 1.0 0.0
18.6798 0.0 0.0
19.2798 1.0 1.0
19.879800000000003 0.0 0.0
20.4798 1.0 0.0
21.0798 0.0 0.0
21.6798 1.0 1.0
22.2798 0.0 0.0
22.8798 1.0 0.0
23.4798 0.0 0.0
24.0798 1.0 1.0
24.6798 0.0 0.0
25.2798 1.0 0.0
25.8798 0.0 0.0
26.4798 1.0 1.0
27.0798 0.0 0.0
27.6798 1.0 0.0
28.2798 0.0 0.0
28.8798 1.0 1.0
29.4798 0.0 0.0
30.0798 1.0 1.0
30.6798 0.0 0.0
31.2798 1.0 0.0
31.8798 0.0 0.0
32.4798 1.0 1.0
33.0798 0.0 0.0
33.6798 1.0 0.0
34.2798 0.0 0.0
34.8798 1.0 1.0
35.4798 0.0 0.0
36.0798 1.0 0.0
36.6798 0.0 0.0
37.2798 1.0 1.0
37.8798 0.0 0.0
38.4798 1.0 0.0
39.0798 0.0 0.0
39.67979999999999 1.0 1.0
40.279799999999994 0.0 0.0
40.879799999999996 1.0 0.0
41.4798 0.0 0.0
42.0798 1.0 0.0
42.67979999999999 0.0 0.0
43.279799999999994 1.0 1.0
43.879799999999996 0.0 0.0
44.4798 1.0 0.0
45.0798 0.0 0.0
45.67979999999999 1.0 1.0
46.279799999999994 0.0 0.0
46.879799999999996 1.0 0.0
47.4798 0.0 0.0
48.0798 1.0 1.0
48.67979999999999 0.0 0.0
49.279799999999994 1.0 0.0
49.879799999999996 0.0 0.0
50.4798 1.0 1.0
51.0798 0.0 0.0
51.67979999999999 1.0 0.0
52.279799999999994 0.0 0.0
52.879799999999996 1.0 1.0
53.4798 0.0 0.0
54.0798 1.0 0.0
54.67979999999999 0.0 0.0
55.279799999999994 1.0 1.0
55.879799999999996 0.0 0.0
56.4798 1.0 0.0
57.0798 0.0 0.0
57.67979999999999 1.0 1.0
58.279799999999994 0.0 0.0
58.879799999999996 1.0 0.0
59.4798 0.0 0.0
60.0798 1.0 1.0
60.67979999999999 0.0 0.0
61.279799999999994 1.0 0.0
61.879799999999996 0.0 0.0
62.4798 1.0 1.0
63.0798 0.0 0.0
63.67979999999999 1.0 0.0
64.2798 0.0 0.0
64.87979999999999 1.0 1.0
65.4798 0.0 0.0
66.07979999999999 1.0 0.0
66.6798 0.0 0.0
67.2798 1.0 1.0
67.87979999999999 0.0 0.0
68.4798 1.0 0.0
69.07979999999999 0.0 0.0
69.6798 1.0 1.0
70.2798 0.0 0.0
70.87979999999999 1.0 0.0
71.4798 0.0 0.0
72.07979999999999 1.0 1.0
72.6798 0.0 0.0
73.2798 1.0 0.0
73.87979999999999 0.0 0.0
74.4798 1.0 1.0
75.07979999999999 0.0 0.0
75.6798 1.0 0.0
76.2798 0.0 0.0
76.8798 1.0 1.0
77.47980000000001 0.0 0.0
78.0798 1.0 0.0
78.6798 0.0 0.0
79.27980000000001 1.0 1.0
79.8798 0.0 0.0
80.47980000000001 1.0 0.0
81.0798 0.0 0.0
81.6798 1.0 1.0
82.27980000000001 0.0 0.0
82.87980000000002 1.0 0.0
83.47980000000001 0.0 0.0
84.07980000000002 1.0 1.0
84.67980000000001 0.0 0.0
85.27980000000001 1.0 0.0
85.87980000000002 0.0 0.0
86.47980000000001 1.0 1.0
87.07980000000002 0.0 0.0
87.67980000000001 1.0 0.0
88.27980000000001 0.0 0.0
88.87980000000002 1.0 1.0
89.47980000000001 0.0 0.0
90.07980000000002 1.0 0.0
90.67980000000001 0.0 0.0
91.27980000000001 1.0 1.0
91.87980000000002 0.0 0.0
92.47980000000001 1.0 0.0
93.07980000000002 0.0 0.0
93.67980000000001 1.0 1.0
94.27980000000001 0.0 0.0
94.87980000000002 1.0 0.0
95.47980000000001 0.0 0.0
96.07980000000002 1.0 1.0
96.67980000000001 0.0 0.0
97.27980000000001 1.0 0.0
97.87980000000002 0.0 0.0
98.47980000000001 1.0 1.0
99.07980000000002 0.0 0.0
99.67980000000001 1.0 0.0
100.27980000000001 0.0 0.0
100.87980000000002 1.0 1.0
101.47980000000001 0.0 0.0
102.07980000000002 1.0 0.0
102.67980000000001 0.0 0.0
103.27980000000001 1.0 1.0
103.87980000000002 0.0 0.0
104.47980000000001 1.0 0.0
105.07980000000002 0.0 0.0
105.67980000000001 1.0 1.0
106.27980000000001 0.0 0.0
106.87980000000002 1.0 0.0
107.47980000000001 0.0 0.0
108.07980000000002 1.0 1.0
108.67980000000001 0.0 0.0
109.27980000000001 1.0 0.0
109.87980000000002 0.0 0.0
110.47980000000001 1.0 1.0
111.07980000000002 0.0 0.0
111.67980000000001 1.0 0.0
112.27980000000001 0.0 0.0
112.87980000000002 1.0 1.0
113.47980000000001 0.0 0.0
114.07980000000002 1.0 0.0
114.67980000000001 0.0 0.0
115.27980000000001 1.0 1.0
115.87980000000002 0.0 0.0
116.47980000000001 1.0 0.0
117.07980000000002 0.0 0.0
117.67980000000001 1.0 1.0
118.27980000000001 0.0 0.0
118.87980000000002 1.0 0.0
119.47980000000001 0.0 0.0
120.07980000000002 1.0 1.0
120.67980000000001 0.0 0.0
121.27980000000001 1.0 0.0
121.87980000000002 0.0 0.0
122.47980000000001 1.0 0.0
123.07980000000002 0.0 0.0
123.67980000000001 1.0 1.0
124.27980000000001 0.0 0.0
124.87980000000002 1.0 0.0
125.47980000000001 0.0 0.0
126.07980000000002 1.0 1.0
126.67980000000001 0.0 0.0
127.27980000000001 1.0 0.0
127.87980000000002 0.0 0.0
128.4798 1.0 1.0
129.0798 0.0 0.0
129.6798 1.0 0.0
130.27980000000002 0.0 0.0
130.87980000000002 1.0 1.0
131.4798 0.0 0.0
132.0798 1.0 0.0
132.6798 0.0 0.0
133.27980000000002 1.0 1.0
133.87980000000002 0.0 0.0
134.4798 1.0 0.0
135.0798 0.0 0.0
135.6798 1.0 1.0
136.27980000000002 0.0 0.0
136.87980000000002 1.0 0.0
137.4798 0.0 0.0
138.0798 1.0 1.0
138.6798 0.0 0.0
139.27980000000002 1.0 0.0
139.87980000000002 0.0 0.0
140.4798 1.0 1.0
141.0798 0.0 0.0
141.6798 1.0 1.0
142.27980000000002 0.0 0.0
142.87980000000002 0.0 0.0
143.4798 1.0 0.0
144.0798 0.0 0.0
144.6798 1.0 1.0
145.27980000000002 0.0 0.0
145.87980000000002 1.0 0.0
146.4798 0.0 0.0
147.0798 1.0 1.0
147.6798 0.0 0.0
148.27980000000002 1.0 0.0
148.87980000000002 0.0 0.0
149.4798 1.0 1.0
150.0798 0.0 0.0
150.6798 1.0 0.0
151.27980000000002 0.0 0.0
151.87980000000002 1.0 1.0
152.4798 0.0 0.0
153.0798 1.0 0.0
153.6798 0.0 0.0
154.2798 1.0 1.0
154.8798 0.0 0.0
155.47979999999998 1.0 0.0
156.0798 0.0 0.0
156.6798 1.0 1.0
157.2798 0.0 0.0
157.8798 1.0 0.0
158.47979999999998 0.0 0.0
159.0798 1.0 1.0
159.6798 0.0 0.0
160.2798 1.0 0.0
160.8798 0.0 0.0
161.47979999999998 1.0 1.0
162.0798 0.0 0.0
162.6798 1.0 0.0
163.2798 0.0 0.0
163.8798 1.0 1.0
164.47979999999998 0.0 0.0
165.0798 1.0 0.0
165.6798 0.0 0.0
166.2798 1.0 1.0
166.8798 0.0 0.0
167.47979999999998 1.0 0.0
168.0798 0.0 0.0
168.6798 1.0 1.0
169.2798 0.0 0.0
169.8798 1.0 0.0
170.47979999999998 0.0 0.0
171.0798 1.0 1.0
171.6798 0.0 0.0
172.2798 1.0 0.0
172.8798 0.0 0.0
173.47979999999998 1.0 1.0
174.0798 0.0 0.0
174.6798 1.0 0.0
175.2798 0.0 0.0
175.8798 1.0 1.0
176.47979999999998 0.0 0.0
177.0798 1.0 0.0
177.6798 0.0 0.0
178.2798 1.0 1.0
178.8798 0.0 0.0
179.47979999999998 1.0 0.0
180.0798 0.0 0.0
180.6798 1.0 1.0
181.2798 0.0 0.0
181.8798 1.0 0.0
182.47979999999998 0.0 0.0
183.0798 1.0 1.0
183.6798 0.0 0.0
184.2798 1.0 0.0
184.8798 0.0 0.0
185.47979999999998 1.0 1.0
186.0798 0.0 0.0
186.6798 1.0 0.0
187.2798 0.0 0.0
187.8798 1.0 1.0
188.47979999999998 0.0 0.0
189.0798 1.0 0.0
189.6798 0.0 0.0