0.128181831 0.0 0.0
1.0372728310000001 1.0 1.0
1.946363831 0.0 0.0
2.855454831 1.0 0.0
3.764545831 0.0 0.0
4.673636831 1.0 1.0
5.582727831 0.0 0.0
6.491818831 1.0 0.0
7.400909831 0.0 0.0
8.310000831 1.0 1.0
9.219091831 0.0 0.0
10.128182831 1.0 0.0
11.037273831 0.0 0.0
11.946364831 1.0 1.0
12.855455831 0.0 0.0
13.764546831 1.0 0.0
14.673637830999999 0.0 0.0
15.582728830999997 1.0 1.0
16.491819830999997 0.0 0.0
17.400910830999997 1.0 0.0
18.310001830999997 0.0 0.0
19.219092830999998 1.0 1.0
20.128183830999998 0.0 0.0
21.037274830999998 1.0 0.0
21.946365830999998 0.0 0.0
22.855456830999998 1.0 1.0
23.764547830999998 0.0 0.0
24.673638830999998 1.0 0.0
25.582729830999995 0.0 0.0
26.491820830999995 1.0 1.0
27.400911830999995 0.0 0.0
28.310002830999995 1.0 0.0
29.219093830999995 0.0 0.0
30.128184830999995 1.0 1.0
31.037275831 0.0 0.0
31.946366831 1.0 0.0
32.855457831 0.0 0.0
33.764548831 1.0 1.0
34.673639831 0.0 0.0
35.582730831 1.0 0.0
36.491821831 0.0 0.0
37.400912831 1.0 1.0
38.310003830999996 0.0 0.0
39.219094831 1.0 0.0
40.128185830999996 0.0 0.0
41.037276831 1.0 1.0
41.946367830999996 0.0 0.0
42.855458831 1.0 0.0
43.764549831 0.0 0.0
44.673640831 1.0 1.0
45.582731831 0.0 0.0
46.491822831 1.0 0.0
47.400913831 0.0 0.0
48.310004831 1.0 1.0
49.219095831 0.0 0.0
50.128186831 1.0 0.0
51.037277831 0.0 0.0
51.946368831 1.0 1.0
52.855459831 0.0 0.0
53.764550831 1.0 0.0
54.673641831 0.0 0.0
55.582732831 1.0 1.0
56.491823831 0.0 0.0
57.400914831 1.0 0.0
58.310005831000005 0.0 0.0
59.21909683100001 1.0 1.0
60.128187831000005 0.0 0.0
61.03727883100001 1.0 0.0
61.946369831000005 0.0 0.0
62.855460831 1.0 1.0
63.764551831 0.0 0.0
64.673642831 1.0 0.0
65.582733831 0.0 0.0
66.491824831 1.0 1.0
67.40091583099999 0.0 0.0
68.310006831 1.0 0.0
69.219097831 0.0 0.0
70.128188831 1.0 1.0
71.03727983099999 0.0 0.0
71.946370831 1.0 0.0
72.855461831 0.0 0.0
73.764552831 1.0 1.0
74.67364383099999 0.0 0.0
75.582734831 1.0 0.0
76.491825831 0.0 0.0
77.400916831 1.0 1.0
78.310007831 0.0 0.0
79.219098831 1.0 0.0
80.128189831 0.0 0.0
81.037280831 1.0 1.0
81.946371831 0.0 0.0
82.855462831 1.0 0.0
83.764553831 0.0 0.0
84.673644831 1.0 1.0
85.582735831 0.0 0.0
86.491826831 1.0 0.0
87.400917831 0.0 0.0
88.310008831 1.0 1.0
89.219099831 0.0 0.0
90.128190831 1.0 0.0
91.037281831 0.0 0.0
91.946372831 1.0 1.0
92.855463831 0.0 0.0
93.764554831 1.0 0.0
94.673645831 0.0 0.0
95.58273683099999 1.0 1.0
96.491827831 0.0 0.0
97.400918831 1.0 0.0
98.310009831 0.0 0.0
99.21910083099999 1.0 1.0
100.128191831 0.0 0.0
101.037282831 1.0 0.0
101.946373831 0.0 0.0
102.85546483099999 1.0 1.0
103.764555831 0.0 0.0
104.673646831 1.0 0.0
105.582737831 0.0 0.0
106.49182883099999 1.0 1.0
107.400919831 0.0 0.0
108.310010831 1.0 0.0
109.219101831 0.0 0.0
110.12819283099999 1.0 1.0
111.037283831 0.0 0.0
111.946374831 1.0 0.0
112.855465831 0.0 0.0
113.764556831 1.0 1.0
114.673647831 0.0 0.0
115.582738831 1.0 0.0
116.49182983099999 0.0 0.0
117.40092083099998 1.0 1.0
118.31001183099998 0.0 0.0
119.21910283099999 1.0 0.0
120.12819383099999 0.0 0.0
121.03728483099998 1.0 1.0
121.94637583099998 0.0 0.0
122.85546683099999 1.0 0.0
123.76455783099998 0.0 0.0
124.67364883099998 1.0 1.0
125.58273983099998 0.0 0.0
126.49183083099999 1.0 0.0
127.40092183099998 0.0 0.0
128.310012831 1.0 1.0
129.21910383099998 0.0 0.0
130.12819483099997 1.0 0.0
131.037285831 0.0 0.0
131.94637683099998 1.0 1.0
132.85546783099997 0.0 0.0
133.764558831 1.0 0.0
134.67364983099998 0.0 0.0
135.582740831 1.0 1.0
136.49183183099998 0.0 0.0
137.40092283099997 1.0 0.0
138.310013831 0.0 0.0
139.21910483099998 1.0 1.0
140.12819583099997 0.0 0.0
141.037286831 1.0 0.0
141.94637783099998 0.0 0.0
142.855468831 1.0 1.0
143.76455983099999 0.0 0.0
144.67365083099997 1.0 0.0
145.582741831 0.0 0.0
146.49183283099998 1.0 1.0
147.40092383099997 0.0 0.0
148.310014831 1.0 0.0
149.21910583099998 0.0 0.0
150.128196831 1.0 1.0
151.037287831 0.0 0.0
151.94637883099998 1.0 0.0
152.855469831 0.0 0.0
153.76456083099998 1.0 1.0
154.67365183099997 0.0 0.0
155.582742831 1.0 0.0
156.49183383099998 0.0 0.0
157.40092483099997 1.0 1.0
158.310015831 0.0 0.0
159.21910683099998 1.0 0.0
160.128197831 0.0 0.0
161.03728883099998 1.0 1.0
161.94637983099997 0.0 0.0
162.855470831 1.0 0.0
163.76456183099998 0.0 0.0
164.67365283099997 1.0 1.0
165.582743831 0.0 0.0
166.49183483099998 1.0 0.0
167.400925831 0.0 0.0
168.31001683099998 1.0 1.0
169.21910783099997 0.0 0.0
170.128198831 1.0 0.0
171.03728983099998 0.0 0.0
171.94638083099997 1.0 1.0
172.855471831 0.0 0.0
173.76456283099998 1.0 0.0
174.673653831 0.0 0.0
175.58274483099999 1.0 1.0
176.49183583099997 0.0 0.0
177.400926831 1.0 0.0
178.31001783099998 0.0 0.0
179.21910883099997 1.0 1.0
180.128199831 0.0 0.0
181.03729083099998 1.0 0.0
181.94638183099997 0.0 0.0
182.855472831 1.0 1.0
183.76456383099998 0.0 0.0
184.673654831 1.0 0.0
185.58274583099998 0.0 0.0
186.49183683099997 1.0 1.0
187.400927831 0.0 0.0
188.31001883099998 1.0 0.0
189.21910983099997 0.0 0.0
190.128200831 1.0 1.0
191.03966542499998 0.0 0.0
191.965590425 1.0 0.0
192.891515425 0.0 0.0
193.817440425 1.0 1.0
194.74336542499998 0.0 0.0
195.66929042499999 1.0 0.0
196.595215425 0.0 0.0
197.521140425 1.0 1.0
198.44706542499998 0.0 0.0
199.37299042499998 1.0 1.0
200.298915425 0.0 0.0
201.224840425 0.0 0.0