0.213103292 1.0 1.0
0.7303442920000002 0.0 0.0
1.2475852920000001 1.0 0.0
1.7648262920000004 0.0 0.0
2.2820672920000002 1.0 1.0
2.799308292 0.0 0.0
3.3165492920000004 1.0 0.0
3.8337902920000007 0.0 0.0
4.351031292 1.0 1.0
4.868272292 0.0 0.0
5.385513292000001 1.0 0.0
5.902754292 0.0 0.0
6.419995292 1.0 1.0
6.937236292000001 0.0 0.0
7.454477292000001 1.0 0.0
7.971718292 0.0 0.0
8.488959292 1.0 1.0
9.006200292000003 0.0 0.0
9.523441292000001 1.0 0.0
10.040682292000001 0.0 0.0
10.557923292000002 1.0 1.0
11.075164292000002 0.0 0.0
11.592405292000002 1.0 0.0
12.109646292000003 0.0 0.0
12.626887292000003 1.0 1.0
13.144128292000003 0.0 0.0
13.661369292000003 1.0 0.0
14.178610292000004 0.0 0.0
14.695851292000002 1.0 1.0
15.213092292000002 0.0 0.0
15.730333292000003 1.0 0.0
16.247574292000003 0.0 0.0
16.764815292 1.0 1.0
17.282056292000004 0.0 0.0
17.799297292000002 1.0 0.0
18.316538292 0.0 0.0
18.833779292000003 1.0 1.0
19.351020292 0.0 0.0
19.868261292000003 1.0 0.0
20.385502292 0.0 0.0
20.902743292000004 1.0 1.0
21.419984292000002 0.0 0.0
21.937225292 1.0 0.0
22.454466292000003 0.0 0.0
22.971707292 1.0 1.0
23.488948292000003 0.0 0.0
24.006189292000002 1.0 0.0
24.523430292000004 0.0 0.0
25.040671292000003 1.0 1.0
25.557912292000005 0.0 0.0
26.075153292000003 1.0 0.0
26.592394292 0.0 0.0
27.109635292000004 1.0 1.0
27.626876292000002 0.0 0.0
28.144117292000004 1.0 0.0
28.661358292000003 0.0 0.0
29.178599292000005 1.0 1.0
29.695840292000003 0.0 0.0
30.213081292000005 1.0 0.0
30.730322292000004 0.0 0.0
31.247563292000002 1.0 1.0
31.764804292000004 0.0 0.0
32.28204529200001 0.0 0.0
32.799286292000005 1.0 1.0
33.31652729200001 0.0 0.0
33.83376829200001 1.0 0.0
34.35100929200001 0.0 0.0
34.868250292000006 1.0 1.0
35.38549129200001 0.0 0.0
35.90273229200001 1.0 0.0
36.41997329200001 0.0 0.0
36.93721429200001 1.0 1.0
37.454455292000006 0.0 0.0
37.97169629200001 1.0 0.0
38.48893729200001 0.0 0.0
39.00617829200001 1.0 1.0
39.52341929200001 0.0 0.0
40.04066029200001 1.0 0.0
40.55790129200001 0.0 0.0
41.07514229200001 1.0 1.0
41.59238329200001 0.0 0.0
42.10962429200001 1.0 0.0
42.62686529200001 0.0 0.0
43.14410629200001 1.0 1.0
43.66134729200001 0.0 0.0
44.17858829200001 1.0 0.0
44.69582929200001 0.0 0.0
45.21307029200001 1.0 1.0
45.73031129200001 0.0 0.0
46.24755229200001 1.0 0.0
46.76479329200001 0.0 0.0
47.28203429200001 1.0 1.0
47.79927529200001 0.0 0.0
48.31651629200001 1.0 0.0
48.83375729200001 0.0 0.0
49.350998292000014 1.0 1.0
49.86823929200001 0.0 0.0
50.38548029200001 1.0 0.0
50.90272129200001 0.0 0.0
51.41996229200001 1.0 1.0
51.937203292000014 0.0 0.0
52.45444429200001 1.0 0.0
52.97168529200001 0.0 0.0
53.48892629200001 1.0 1.0
54.006167292000015 0.0 0.0
54.52340829200001 1.0 0.0
55.04064929200001 0.0 0.0
55.55789029200001 1.0 1.0
56.07513129200001 0.0 0.0
56.592372292000015 1.0 0.0
57.10961329200001 0.0 0.0
57.62685429200001 1.0 1.0
58.14409529200001 0.0 0.0
58.661336292000016 1.0 0.0
59.178577292000014 0.0 0.0
59.69581829200001 1.0 1.0
60.21305929200001 0.0 0.0
60.73030029200001 1.0 0.0
61.247541292000015 0.0 0.0
61.764782292000014 1.0 1.0
62.28202329200001 0.0 0.0
62.79926429200001 1.0 0.0
63.316505292000016 0.0 0.0
63.833746292000015 1.0 1.0
64.35098729200001 0.0 0.0
64.86822829200001 1.0 0.0
65.38546929200001 0.0 0.0
65.90271029200001 1.0 1.0
66.41995129200001 0.0 0.0
66.93719229200002 1.0 0.0
67.45443329200002 0.0 0.0
67.97167429200002 1.0 1.0
68.48891529200002 0.0 0.0
69.00615629200001 1.0 0.0
69.52339729200001 0.0 0.0
70.04063829200001 1.0 1.0
70.55787929200001 0.0 0.0
71.07512029200002 1.0 0.0
71.59236129200002 0.0 0.0
72.10960229200002 1.0 1.0
72.62684329200002 0.0 0.0
73.14408429200002 1.0 0.0
73.66132529200003 0.0 0.0
74.17856629200003 1.0 1.0
74.69580729200003 0.0 0.0
75.21304829200002 1.0 0.0
75.73028929200002 0.0 0.0
76.24753029200002 1.0 1.0
76.76477129200002 0.0 0.0
77.28201229200002 1.0 0.0
77.79925329200002 0.0 0.0
78.31649429200003 1.0 1.0
78.83373529200003 0.0 0.0
79.35097629200003 1.0 0.0
79.86821729200003 0.0 0.0
80.38545829200002 1.0 1.0
80.90269929200002 0.0 0.0
81.41994029200002 1.0 0.0
81.93718129200002 0.0 0.0
82.45442229200002 1.0 1.0
82.97166329200003 0.0 0.0
83.48890429200003 1.0 0.0
84.00614529200003 0.0 0.0
84.52338629200003 1.0 1.0
85.04062729200002 0.0 0.0
85.55786829200002 1.0 0.0
86.07510929200002 0.0 0.0
86.59235029200002 1.0 1.0
87.10959129200002 0.0 0.0
87.62683229200003 1.0 0.0
88.14407329200003 0.0 0.0
88.66131429200003 1.0 1.0
89.17855529200003 0.0 0.0
89.69579629200003 1.0 0.0
90.21303729200002 0.0 0.0
90.73027829200002 1.0 1.0
91.24751929200002 0.0 0.0
91.76476029200002 1.0 0.0
92.28200129200003 0.0 0.0
92.79924229200003 1.0 1.0
93.31648329200003 0.0 0.0
93.83372429200003 1.0 0.0
94.35096529200003 0.0 0.0
94.86820629200002 1.0 1.0
95.38544729200002 0.0 0.0
95.90268829200002 1.0 0.0
96.41992929200002 0.0 0.0
96.93717029200003 1.0 1.0
97.45441129200003 0.0 0.0
97.97165229200003 1.0 0.0
98.48889329200003 0.0 0.0
99.00613429200003 1.0 1.0
99.52337529200003 0.0 0.0
100.04061629200002 1.0 0.0
100.55785729200002 0.0 0.0
101.07509829200004 1.0 1.0
101.59233929200003 0.0 0.0
102.10958029200003 1.0 0.0
102.62682129200003 0.0 0.0
103.14406229200003 1.0 1.0
103.66130329200003 0.0 0.0
104.17854429200003 1.0 0.0
104.69578529200002 0.0 0.0
105.21302629200002 1.0 1.0
105.73026729200004 0.0 0.0
106.24750829200003 1.0 0.0
106.76474929200003 0.0 0.0
107.28199029200003 1.0 1.0
107.79923129200003 0.0 0.0
108.31647229200003 1.0 0.0
108.83371329200003 0.0 0.0
109.35095429200003 1.0 1.0
109.86819529200002 0.0 0.0
110.38543629200004 1.0 0.0
110.90267729200004 0.0 0.0
111.41991829200003 1.0 1.0
111.93715929200003 0.0 0.0
112.45440029200003 1.0 0.0
112.97164129200003 0.0 0.0
113.48888229200003 1.0 1.0
114.00612329200003 0.0 0.0
114.52336429200002 1.0 0.0
115.04060529200004 0.0 0.0
115.55784629200004 1.0 1.0
116.07508729200003 0.0 0.0
116.59232829200003 1.0 0.0
117.10956929200003 0.0 0.0
117.62681029200003 1.0 1.0
118.14405129200003 0.0 0.0
118.66129229200003 1.0 0.0
119.17853329200003 0.0 0.0
119.69577429200004 1.0 1.0
120.21301529200004 0.0 0.0
120.73025629200004 1.0 0.0
121.24749729200003 0.0 0.0
121.76473829200003 1.0 1.0
122.28197929200003 0.0 0.0
122.79922029200003 1.0 0.0
123.31646129200003 0.0 0.0
123.83370229200003 1.0 1.0
124.35094329200004 0.0 0.0
124.86818429200004 1.0 0.0
125.38542529200004 0.0 0.0
125.90266629200003 1.0 1.0
126.41990729200003 0.0 0.0
126.93714829200003 1.0 0.0
127.45438929200003 0.0 0.0
127.97163029200003 1.0 1.0
128.48887129200003 0.0 0.0
129.00611229200004 1.0 0.0
129.52335329200002 0.0 0.0
130.04059429200004 1.0 1.0
130.55783529200002 0.0 0.0
131.07507629200003 1.0 0.0
131.59231729200005 0.0 0.0
132.10955829200003 1.0 1.0
132.62679929200002 0.0 0.0
133.14404029200003 1.0 0.0
133.661281292 0.0 0.0
134.17852229200003 1.0 1.0
134.695763292 0.0 0.0
135.21300429200002 1.0 0.0
135.730245292 0.0 0.0
136.24748629200002 1.0 1.0
136.76472729200003 0.0 0.0
137.28196829200002 1.0 0.0
137.79920929200003 0.0 0.0
138.316450292 1.0 1.0
138.83369129200003 0.0 0.0
139.350932292 1.0 0.0
139.86817329200002 0.0 0.0
140.385414292 1.0 1.0
140.90265529200002 0.0 0.0
141.419896292 1.0 0.0
141.93713729200002 0.0 0.0
142.454378292 1.0 1.0
142.971619292 0.0 0.0
143.488860292 1.0 0.0
144.006101292 0.0 0.0
144.523342292 1.0 1.0
145.040583292 0.0 0.0
145.557824292 1.0 0.0
146.075065292 0.0 0.0
146.59230629200002 1.0 1.0
147.109547292 0.0 0.0
147.62678829200001 1.0 0.0
148.144029292 0.0 0.0
148.661270292 1.0 1.0
149.178511292 0.0 0.0
149.695752292 1.0 0.0
150.212993292 0.0 0.0
150.730234292 1.0 1.0
151.24747529200002 0.0 0.0
151.764716292 1.0 0.0
152.28195729200002 0.0 0.0
152.799198292 1.0 1.0
153.316439292 0.0 0.0
153.833680292 1.0 0.0
154.350921292 0.0 0.0
154.868162292 1.0 1.0
155.385403292 0.0 0.0
155.90264429200002 1.0 0.0
156.419885292 0.0 0.0
156.93712629200002 1.0 1.0
157.454367292 0.0 0.0
157.971608292 1.0 0.0
158.488849292 0.0 0.0
159.006090292 1.0 1.0
159.523331292 0.0 0.0
160.040572292 1.0 0.0
160.55781329200002 0.0 0.0
161.075054292 1.0 1.0
161.59229529200002 0.0 0.0
162.109536292 1.0 0.0
162.626777292 0.0 0.0
163.144018292 1.0 1.0
163.661259292 0.0 0.0
164.178500292 1.0 0.0
164.695741292 0.0 0.0
165.21298229200002 1.0 1.0
165.730223292 0.0 0.0
166.24746429200002 1.0 0.0
166.764705292 0.0 0.0
167.28194629200001 1.0 1.0
167.799187292 0.0 0.0
168.316428292 1.0 0.0
168.833669292 0.0 0.0
169.350910292 1.0 1.0
169.86815129200002 0.0 0.0
170.385392292 1.0 0.0
170.90263329200002 0.0 0.0
171.419874292 1.0 1.0
171.93711529200002 0.0 0.0
172.454356292 1.0 0.0
172.971597292 0.0 0.0
173.488838292 1.0 1.0
174.006079292 0.0 0.0
174.52332029200002 1.0 0.0
175.040561292 0.0 0.0
175.55780229200002 1.0 1.0
176.075043292 0.0 0.0
176.59228429200002 1.0 0.0
177.109525292 0.0 0.0
177.626766292 1.0 1.0
178.144007292 0.0 0.0
178.661248292 1.0 0.0
179.17848929200002 0.0 0.0
179.695730292 1.0 1.0
180.21297129200002 0.0 0.0
180.730212292 1.0 0.0
181.24745329200002 0.0 0.0
181.764694292 1.0 1.0
182.28193529200001 0.0 0.0
182.799176292 1.0 0.0
183.316417292 0.0 0.0
183.83365829200002 1.0 1.0
184.350899292 0.0 0.0
184.86814029200002 1.0 0.0
185.385381292 0.0 0.0
185.90262229200002 1.0 1.0
186.419863292 0.0 0.0
186.93710429200001 1.0 0.0
187.454345292 0.0 0.0
187.971586292 1.0 1.0
188.48882729200002 0.0 0.0
189.006068292 1.0 0.0
189.52330929200002 0.0 0.0
190.040550292 1.0 1.0
190.55779129200002 0.0 0.0
191.075032292 1.0 0.0
191.59227329200002 0.0 0.0
192.109514292 1.0 1.0
192.626755292 0.0 0.0
193.14399629200003 1.0 0.0
193.661237292 0.0 0.0
194.17847829200002 1.0 1.0
194.695719292 0.0 0.0
195.21296029200002 1.0 0.0
195.730201292 0.0 0.0
196.24744229200002 1.0 1.0
196.764683292 0.0 0.0
197.281924292 1.0 0.0
197.79916529200003 0.0 0.0
198.316406292 1.0 1.0
198.83364729200002 0.0 0.0
199.350888292 1.0 0.0
199.86812929200002 0.0 0.0
200.385370292 1.0 1.0
200.90261129200002 0.0 0.0
201.419852292 1.0 0.0
201.93709329200001 0.0 0.0
202.45433429200003 1.0 1.0
202.971575292 0.0 0.0
203.48881629200002 1.0 0.0
204.006057292 0.0 0.0
204.52329829200002 1.0 1.0
205.040539292 0.0 0.0
205.55778029200002 1.0 0.0
206.075021292 0.0 0.0
206.59226229200002 1.0 1.0
207.10950329200003 0.0 0.0
207.626744292 1.0 0.0
208.14398529200002 0.0 0.0
208.661226292 1.0 1.0
209.17846729200002 0.0 0.0
209.695708292 1.0 0.0
210.21294929200002 0.0 0.0
210.730190292 1.0 1.0
211.24743129200002 0.0 0.0
211.76467229200003 1.0 0.0
212.281913292 0.0 0.0
212.79915429200003 1.0 1.0
213.316395292 0.0 0.0
213.83363629200002 1.0 0.0
214.350877292 0.0 0.0
214.86811829200002 1.0 1.0
215.385359292 0.0 0.0
215.90260029200002 1.0 0.0
216.41984129200003 0.0 0.0
216.937082292 1.0 1.0
217.45432329200003 0.0 0.0
217.971564292 1.0 0.0
218.48880529200002 0.0 0.0
219.006046292 1.0 1.0
219.52328729200002 0.0 0.0
220.040528292 1.0 0.0
220.55776929200002 0.0 0.0
221.07501029200003 1.0 1.0
221.59225129200001 0.0 0.0
222.10949229200003 1.0 0.0
222.626733292 0.0 0.0
223.14397429200002 1.0 0.0
223.661215292 0.0 0.0
224.17845629200002 1.0 1.0
224.695697292 0.0 0.0
225.21293829200002 1.0 0.0
225.73017929200003 0.0 0.0
226.24742029200002 1.0 1.0
226.76466129200003 0.0 0.0
227.281902292 1.0 0.0
227.79914329200002 0.0 0.0
228.316384292 1.0 1.0
228.83362529200002 0.0 0.0