0.628333082 0.0 0.0
1.4616660819999998 1.0 0.0
2.294999082 0.0 0.0
3.128332082 1.0 0.0
3.9616650819999992 0.0 0.0
4.794998081999999 1.0 1.0
5.628331081999999 0.0 0.0
6.4616640819999995 1.0 0.0
7.294997082 0.0 0.0
8.128330082 1.0 1.0
8.961663082 0.0 0.0
9.794996082 1.0 0.0
10.628329082 0.0 0.0
11.461662082 1.0 1.0
12.294995082 0.0 0.0
13.128328082 1.0 0.0
13.961661082000001 0.0 0.0
14.794994082 1.0 1.0
15.628327082 0.0 0.0
16.461660082 1.0 0.0
17.294993082 0.0 0.0
18.128326082 1.0 1.0
18.961659082 0.0 0.0
19.794992082 1.0 0.0
20.628325082 0.0 0.0
21.461658082 1.0 1.0
22.294991082 0.0 0.0
23.128324082 1.0 0.0
23.961657082 0.0 0.0
24.794990081999998 1.0 1.0
25.628323082 0.0 0.0
26.461656082 1.0 0.0
27.294989081999997 0.0 0.0
28.128322081999997 1.0 1.0
28.961655081999996 0.0 0.0
29.794988081999996 1.0 0.0
30.628321081999996 0.0 0.0
31.461654081999995 1.0 1.0
32.294987082 0.0 0.0
33.128320081999995 1.0 0.0
33.961653082 0.0 0.0
34.794986081999994 1.0 1.0
35.628319082 0.0 0.0
36.46165208199999 1.0 0.0
37.294985082 0.0 0.0
38.128318082 1.0 1.0
38.961651081999996 0.0 0.0
39.794984082 1.0 0.0
40.628317081999995 0.0 0.0
41.461650082 1.0 1.0
42.294983081999995 0.0 0.0
43.128316082 1.0 1.0
43.961649081999994 0.0 0.0
44.794982082 1.0 0.0
45.62831508199999 0.0 0.0
46.461648081999996 1.0 1.0
47.294981082 0.0 0.0
48.128314081999996 1.0 0.0
48.961647082 0.0 0.0
49.794980081999995 1.0 1.0
50.628313082 0.0 0.0
51.461646081999994 1.0 0.0
52.294979082 0.0 0.0
53.128312081999994 1.0 1.0
53.961645082000004 0.0 0.0
54.794978082 1.0 0.0
55.628311082 0.0 0.0
56.461644082 1.0 1.0
57.29497708200001 0.0 0.0
58.128310082000006 1.0 0.0
58.96164308200001 0.0 0.0
59.79497608200001 1.0 1.0
60.62830908200001 0.0 0.0
61.46164208200001 1.0 0.0
62.29497508200001 0.0 0.0
63.12830808200001 1.0 1.0
63.96164108200001 0.0 0.0
64.79497408200001 1.0 0.0
65.628307082 0.0 0.0
66.461640082 1.0 1.0
67.29497308200001 0.0 0.0
68.12830608200001 1.0 0.0
68.961639082 0.0 0.0
69.79497208200002 1.0 1.0
70.62830508200001 0.0 0.0
71.46163808200001 1.0 0.0
72.294971082 0.0 0.0
73.12830408200001 1.0 1.0
73.96163708200001 0.0 0.0
74.794970082 1.0 0.0
75.628303082 0.0 0.0
76.46163608200001 1.0 1.0
77.29496908200001 0.0 0.0
78.128302082 1.0 0.0
78.96163508200002 0.0 0.0
79.79496808200001 1.0 1.0
80.62830108200001 0.0 0.0
81.461634082 1.0 0.0
82.29496708200001 0.0 0.0
83.12830008200001 1.0 1.0
83.961633082 0.0 0.0
84.794966082 1.0 0.0
85.62829908200001 0.0 0.0
86.46163208200001 1.0 1.0
87.294965082 0.0 0.0
88.12829808200001 1.0 0.0
88.96163108200001 0.0 0.0
89.794964082 1.0 1.0
90.628297082 0.0 0.0
91.46163008200001 1.0 0.0
92.29496308200001 0.0 0.0
93.128296082 1.0 1.0
93.96162908200002 0.0 0.0
94.79496208200001 1.0 0.0
95.62829508200001 0.0 0.0
96.461628082 1.0 1.0
97.29496108200001 0.0 0.0
98.12829408200001 1.0 0.0
98.961627082 0.0 0.0
99.794960082 1.0 1.0
100.62829308200001 0.0 0.0
101.46162608200001 1.0 0.0
102.294959082 0.0 0.0
103.12829208200002 1.0 1.0
103.96162508200001 0.0 0.0
104.79495808200001 1.0 0.0
105.628291082 0.0 0.0
106.46162408200001 1.0 1.0
107.294957082 0.0 0.0
108.12829008199999 1.0 0.0
108.961623082 0.0 0.0
109.794956082 1.0 1.0
110.628289082 0.0 0.0
111.46162208199999 1.0 0.0
112.294955082 0.0 0.0
113.128288082 1.0 1.0
113.961621082 0.0 0.0
114.79495408199999 1.0 0.0
115.628287082 0.0 0.0
116.461620082 1.0 1.0
117.29495308199999 0.0 0.0
118.128286082 1.0 0.0
118.961619082 0.0 0.0
119.794952082 1.0 1.0
120.62828508199999 0.0 0.0
121.461618082 1.0 0.0
122.294951082 0.0 0.0
123.128284082 1.0 1.0
123.96161708199999 0.0 0.0
124.794950082 1.0 0.0
125.628283082 0.0 0.0
126.46161608199999 1.0 1.0
127.294949082 0.0 0.0
128.128282082 1.0 0.0
128.961615082 0.0 0.0
129.794948082 1.0 1.0
130.628281082 0.0 0.0
131.46161408199998 1.0 0.0
132.294947082 0.0 0.0
133.128280082 1.0 1.0
133.96161308199999 0.0 0.0
134.794946082 1.0 0.0
135.628279082 0.0 0.0
136.461612082 1.0 1.0
137.294945082 0.0 0.0
138.128278082 1.0 0.0
138.961611082 0.0 0.0
139.794944082 1.0 1.0
140.62827708199998 0.0 0.0
141.461610082 1.0 0.0
142.294943082 0.0 0.0
143.12827608199999 1.0 1.0
143.961609082 0.0 0.0
144.794942082 1.0 0.0
145.628275082 0.0 0.0
146.461608082 1.0 1.0
147.294941082 0.0 0.0
148.128274082 1.0 0.0
148.961607082 0.0 0.0
149.79494008199998 1.0 1.0
150.628273082 0.0 0.0
151.461606082 1.0 0.0
152.29493908199998 0.0 0.0
153.128272082 1.0 1.0
153.961605082 0.0 0.0
154.794938082 1.0 0.0
155.628271082 0.0 0.0
156.461604082 1.0 1.0
157.294937082 0.0 0.0
158.128270082 1.0 0.0
158.96160308199998 0.0 0.0
159.794936082 1.0 1.0
160.628269082 0.0 0.0
161.46160208199998 1.0 0.0
162.294935082 0.0 0.0
163.128268082 1.0 1.0
163.961601082 0.0 0.0
164.794934082 1.0 0.0
165.628267082 0.0 0.0
166.461600082 1.0 1.0
167.294933082 0.0 0.0
168.12826608199998 1.0 1.0
168.961599082 0.0 0.0
169.794932082 1.0 0.0
170.62826508199998 0.0 0.0
171.461598082 1.0 1.0
172.294931082 0.0 0.0
173.128264082 1.0 0.0
173.961597082 0.0 0.0
174.794930082 1.0 1.0
175.628263082 0.0 0.0
176.461596082 1.0 0.0
177.29492908199998 0.0 0.0
178.128262082 1.0 1.0
178.961595082 0.0 0.0
179.79492808199998 1.0 0.0
180.628261082 0.0 0.0
181.461594082 1.0 1.0
182.294927082 0.0 0.0
183.128260082 1.0 0.0
183.961593082 0.0 0.0
184.794926082 1.0 1.0
185.628259082 0.0 0.0
186.46159208199998 1.0 0.0
187.294925082 0.0 0.0
188.128258082 1.0 1.0
188.96159108199998 0.0 0.0
189.794924082 1.0 0.0
190.628257082 0.0 0.0
191.461590082 1.0 1.0
192.294923082 0.0 0.0
193.128256082 1.0 0.0
193.961589082 0.0 0.0
194.794922082 1.0 1.0
195.628255082 0.0 0.0
196.461588082 1.0 0.0
197.294921082 0.0 0.0
198.12825408199998 1.0 1.0
198.961587082 0.0 0.0
199.794920082 1.0 0.0
200.628253082 0.0 0.0
201.461586082 1.0 1.0
202.294919082 0.0 0.0
203.128252082 1.0 0.0
203.961585082 0.0 0.0
204.794918082 1.0 1.0
205.628251082 0.0 0.0
206.461584082 1.0 0.0
207.29491708199998 0.0 0.0
208.128250082 1.0 1.0
208.961583082 0.0 0.0
209.794916082 1.0 1.0
210.628249082 0.0 0.0
211.461582082 1.0 0.0
212.294915082 0.0 0.0
213.128248082 1.0 1.0
213.961581082 0.0 0.0
214.79491408200002 1.0 0.0
215.62824708200003 0.0 0.0
216.461580082 1.0 1.0
217.29491308200002 0.0 0.0
218.12824608200003 1.0 0.0
218.96157908200001 0.0 0.0
219.79491208200002 1.0 1.0
220.628245082 0.0 0.0
221.46157808200002 1.0 0.0
222.29491108200003 0.0 0.0
223.128244082 1.0 1.0
223.96157708200002 0.0 0.0
224.79491008200003 1.0 0.0
225.628243082 0.0 0.0
226.46157608200002 1.0 1.0
227.29490908200003 0.0 0.0
228.128242082 1.0 0.0
228.96157508200002 0.0 0.0
229.79490808200003 1.0 1.0
230.62824108200002 0.0 0.0
231.46157408200003 1.0 0.0
232.294907082 0.0 0.0
233.12824008200002 1.0 1.0
233.96157308200003 0.0 0.0
234.794906082 1.0 0.0
235.62823908200002 0.0 0.0
236.46157208200003 1.0 1.0
237.294905082 0.0 0.0
238.12823808200002 1.0 0.0
238.96157108200003 0.0 0.0
239.79490408200002 1.0 1.0
240.62823708200003 0.0 0.0
241.461570082 1.0 0.0
242.29490308200002 0.0 0.0
243.12823608200003 1.0 1.0
243.961569082 0.0 0.0
244.79490208200002 1.0 0.0
245.62823508200003 0.0 0.0
246.461568082 1.0 1.0
247.29490108200002 0.0 0.0
248.12823408200003 1.0 0.0
248.96156708200002 0.0 0.0
249.79490008200003 1.0 1.0
250.628233082 0.0 0.0
251.46156608200002 1.0 1.0
252.29489908200003 0.0 0.0
253.128232082 1.0 0.0
253.96156508200002 0.0 0.0
254.79489808200003 1.0 1.0
255.628231082 0.0 0.0
256.461564082 1.0 0.0
257.29489708200003 0.0 0.0
258.128230082 1.0 1.0
258.961563082 0.0 0.0
259.79489608200004 1.0 0.0
260.628229082 0.0 0.0
261.461562082 1.0 1.0
262.29489508200004 0.0 0.0
263.128228082 1.0 0.0
263.961561082 0.0 0.0
264.79489408200004 1.0 1.0
265.628227082 0.0 0.0
266.461560082 1.0 0.0
267.29489308200004 0.0 0.0
268.128226082 1.0 1.0
268.961559082 0.0 0.0
269.79489208200005 1.0 0.0
270.62822508200003 0.0 0.0
271.461558082 1.0 1.0
272.294891082 0.0 0.0
273.12822408200003 1.0 0.0
273.961557082 0.0 0.0
274.794890082 1.0 1.0
275.62822308200003 0.0 0.0
276.461556082 1.0 0.0
277.294889082 0.0 0.0
278.12822208200004 1.0 1.0
278.961555082 0.0 0.0
279.794888082 1.0 0.0
280.62822108200004 0.0 0.0
281.461554082 1.0 1.0
282.294887082 0.0 0.0
283.12822008200004 1.0 0.0
283.961553082 0.0 0.0
284.794886082 1.0 1.0
285.62821908200004 0.0 0.0
286.461552082 1.0 0.0
287.294885082 0.0 0.0
288.12821808200005 1.0 1.0
288.961551082 0.0 0.0
289.794884082 1.0 0.0
290.628217082 0.0 0.0
291.46155008200003 1.0 1.0
292.294883082 0.0 0.0
293.128216082 1.0 0.0
293.96154908200003 0.0 0.0
294.794882082 1.0 1.0
295.628215082 0.0 0.0
296.46154808200004 1.0 0.0
297.294881082 0.0 0.0
298.128214082 1.0 1.0
298.96154708200004 0.0 0.0
299.794880082 1.0 0.0
300.628213082 0.0 0.0
301.46154608200004 1.0 1.0
302.294879082 0.0 0.0
303.128212082 1.0 0.0
303.96154508200004 0.0 0.0
304.794878082 1.0 1.0
305.628211082 0.0 0.0
306.46154408200005 1.0 0.0
307.294877082 0.0 0.0
308.128210082 1.0 1.0
308.96154308200005 0.0 0.0
309.79487608200003 1.0 0.0
310.628209082 0.0 0.0
311.461542082 1.0 1.0
312.29487508200003 0.0 0.0
313.128208082 1.0 0.0
313.961541082 0.0 0.0
314.79487408200004 1.0 1.0
315.628207082 0.0 0.0
316.461540082 1.0 0.0
317.29487308200004 0.0 0.0
318.128206082 1.0 0.0
318.961539082 0.0 0.0