0.7033332630000001 0.0 0.0
1.8144442630000002 1.0 1.0
2.9255552629999997 0.0 0.0
4.036666263 0.0 0.0
5.147777263 1.0 1.0
6.258888263 0.0 0.0
7.369999263 1.0 0.0
8.481110263 0.0 0.0
9.592221262999999 1.0 1.0
10.703332262999998 0.0 0.0
11.814443262999998 1.0 0.0
12.925554262999999 0.0 0.0
14.036665262999998 1.0 1.0
15.147776262999999 0.0 0.0
16.258887263 1.0 0.0
17.369998263 0.0 0.0
18.481109262999997 1.0 1.0
19.592220263 0.0 0.0
20.703331263 1.0 0.0
21.814442263 0.0 0.0
22.925553263 1.0 1.0
24.023876397000002 0.0 0.0
25.114785397000002 1.0 0.0
26.205694397000002 0.0 0.0
27.296603397000002 1.0 1.0
28.387512397000002 0.0 0.0
29.478421397 1.0 0.0
30.569330397 0.0 0.0
31.660239397 1.0 1.0
32.751148397 0.0 0.0
33.854845263 1.0 0.0
34.965956263 0.0 0.0
36.07706726300001 1.0 1.0
37.188178263000005 0.0 0.0
38.299289263000006 1.0 0.0
39.41040026300001 0.0 0.0
40.52151126300001 1.0 1.0
41.63262226300001 0.0 0.0
42.74373326300001 1.0 0.0
43.854844263000004 0.0 0.0
44.96595526300001 1.0 1.0
46.09033647500001 0.0 0.0
47.22241147500001 1.0 0.0
48.354486475 0.0 0.0
49.486561475 1.0 1.0
50.618636475 0.0 0.0
51.750711475 1.0 0.0
52.882786475 0.0 0.0
54.014861475000004 1.0 1.0
55.13366626300001 0.0 0.0
56.24477726300001 1.0 0.0
57.35588826300001 0.0 0.0
58.466999263000005 1.0 1.0
59.57811026300001 0.0 0.0
60.68922126300001 1.0 0.0
61.80033226300001 0.0 0.0
62.92471347500001 1.0 1.0
64.056788475 0.0 0.0
65.188863475 1.0 0.0
66.320938475 0.0 0.0
67.453013475 1.0 1.0
68.585088475 0.0 0.0
69.717163475 1.0 0.0
70.849238475 0.0 0.0
71.98131347500001 1.0 1.0
73.113388475 0.0 0.0
74.24546347500001 1.0 0.0
75.377538475 0.0 0.0
76.50961347500001 1.0 1.0
77.641688475 0.0 0.0
78.77376347500001 1.0 0.0
79.905838475 0.0 0.0
81.02464326300002 1.0 1.0
82.13575426300001 0.0 0.0
83.246865263 1.0 0.0
84.35797626300001 0.0 0.0
85.469087263 1.0 1.0
86.58019826300001 0.0 0.0
87.69130926300001 1.0 0.0
88.81569047500001 0.0 0.0
89.94776547500001 1.0 1.0
91.07984047500001 0.0 0.0
92.21191547500001 1.0 0.0
93.34399047500001 0.0 0.0
94.47606547500001 1.0 1.0
95.60814047500001 0.0 0.0
96.74021547500001 1.0 0.0
97.87229047500001 0.0 0.0
99.00436547500001 1.0 1.0
100.13644047500001 0.0 0.0
101.26851547500002 1.0 0.0
102.400590475 0.0 0.0
103.52596833500002 1.0 1.0
104.64746333500001 0.0 0.0
105.76895833500002 1.0 0.0
106.89045333500002 0.0 0.0
108.01194833500001 1.0 1.0
109.13344333500001 0.0 0.0
110.25493833500002 1.0 0.0
111.37643333500002 0.0 0.0
112.49792833500001 1.0 1.0
113.61942333500002 0.0 0.0
114.74091833500002 1.0 0.0
115.86241333500001 0.0 0.0
116.99060547500002 1.0 0.0
118.12268047500002 0.0 0.0
119.24148526300003 1.0 1.0
120.35259626300002 0.0 0.0
121.46370726300002 1.0 0.0
122.57481826300003 0.0 0.0
123.68592926300002 1.0 1.0
124.79704026300003 0.0 0.0
125.90815126300002 1.0 0.0
127.01926226300003 0.0 0.0
128.13037326300002 1.0 1.0
129.24148426300002 0.0 0.0
130.352595263 1.0 0.0
131.46370626300003 0.0 0.0
132.57481726300003 1.0 1.0
133.68592826300002 0.0 0.0
134.79703926300002 1.0 0.0
135.908150263 0.0 0.0
137.01926126300003 1.0 1.0
138.11758439700003 0.0 0.0
139.208493397 1.0 0.0
140.29940239700002 0.0 0.0
141.39031139700003 1.0 1.0
142.494008263 0.0 0.0
143.60511926300003 1.0 0.0
144.71623026300003 0.0 0.0
145.82734126300002 1.0 1.0
146.93845226300004 0.0 0.0
148.04956326300004 1.0 0.0
149.16067426300003 0.0 0.0
150.27178526300003 1.0 1.0
151.38289626300005 0.0 0.0
152.49400726300004 1.0 0.0
153.60511826300004 0.0 0.0
154.71622926300003 1.0 1.0
155.82734026300002 0.0 0.0
156.93845126300005 1.0 0.0
158.04956226300004 0.0 0.0
159.16067326300004 1.0 1.0
160.27178426300003 0.0 0.0
161.38289526300002 1.0 0.0
162.50727647500005 0.0 0.0
163.63935147500004 1.0 1.0
164.77142647500006 0.0 0.0
165.90350147500004 1.0 0.0
167.03557647500003 0.0 0.0
168.16765147500004 1.0 1.0
169.29972647500003 0.0 0.0
170.43180147500004 1.0 0.0
171.56387647500003 0.0 0.0
172.69595147500004 1.0 1.0
173.82802647500003 0.0 0.0
174.96010147500004 1.0 0.0
176.09217647500003 0.0 0.0
177.22425147500005 1.0 1.0
178.35632647500003 0.0 0.0
179.48840147500005 1.0 0.0
180.62047647500003 0.0 0.0
181.75255147500005 1.0 1.0
182.88462647500003 0.0 0.0
184.01670147500005 1.0 0.0
185.14877647500003 0.0 0.0
186.28085147500005 1.0 1.0
187.39965626300005 0.0 0.0
188.51076726300005 1.0 0.0
189.62845133500005 0.0 0.0
190.74994633500003 1.0 1.0
191.87144133500004 0.0 0.0
192.99293633500002 1.0 0.0
194.11443133500003 0.0 0.0
195.23592633500004 1.0 1.0
196.35742133500003 0.0 0.0
197.47891633500004 1.0 0.0
198.60041133500005 0.0 0.0
199.72190633500003 1.0 1.0
200.84340133500004 0.0 0.0
201.96489633500005 1.0 0.0
203.08639133500003 0.0 0.0
204.20788633500004 1.0 1.0
205.32938133500005 0.0 0.0
206.45354063200006 1.0 0.0
207.57924463200004 0.0 0.0
208.70494863200005 1.0 1.0
209.83065263200004 0.0 0.0
210.95635663200005 1.0 0.0
212.08206063200004 0.0 0.0
213.20776463200005 1.0 1.0
214.33346863200003 0.0 0.0
215.45917263200005 1.0 0.0
216.58487663200003 0.0 0.0
217.71058063200005 1.0 1.0
218.83628463200006 0.0 0.0
219.96198863200004 1.0 0.0
221.08769263200006 0.0 0.0
222.21339663200004 1.0 1.0
223.33910063200005 0.0 0.0
224.46480463200004 1.0 0.0
225.59050863200005 0.0 0.0
226.72024547500007 1.0 1.0
227.85232047500006 0.0 0.0
228.98439547500007 1.0 0.0
230.11647047500006 0.0 0.0
231.24854547500004 1.0 1.0
232.38062047500006 0.0 0.0
233.51269547500004 1.0 0.0
234.64477047500006 0.0 0.0
235.77684547500004 1.0 1.0
236.90892047500006 0.0 0.0
238.04099547500005 1.0 0.0
239.17307047500006 0.0 0.0
240.30514547500005 1.0 1.0
241.43722047500006 0.0 0.0
242.56929547500005 1.0 0.0
243.70137047500006 0.0 0.0
244.83344547500005 1.0 1.0
245.96552047500006 0.0 0.0
247.09759547500005 1.0 0.0
248.21640026300005 0.0 0.0
249.32751126300005 1.0 1.0
250.43862226300004 0.0 0.0
251.54973326300004 1.0 0.0
252.66084426300006 0.0 0.0
253.77195526300005 1.0 1.0
254.88306626300005 0.0 0.0
256.00744747500005 1.0 0.0
257.13952247500004 0.0 0.0
258.271597475 1.0 1.0
259.403672475 0.0 0.0
260.53574747500005 1.0 0.0
261.66782247500004 0.0 0.0
262.799897475 1.0 1.0
263.931972475 0.0 0.0
265.06404747500005 1.0 0.0
266.19612247500004 0.0 0.0
267.328197475 1.0 1.0
268.460272475 0.0 0.0
269.59234747500005 1.0 0.0
270.72442247500004 0.0 0.0
271.856497475 1.0 1.0
272.988572475 0.0 0.0
274.12064747500006 1.0 0.0
275.25272247500004 0.0 0.0
276.384797475 1.0 1.0
277.516872475 0.0 0.0
278.64894747500006 1.0 0.0
279.78102247500004 0.0 0.0
280.91309747500003 1.0 1.0
282.045172475 0.0 0.0
283.17724747500006 1.0 0.0
284.30932247500004 0.0 0.0