0.6416000000000001 1.0 1.0
1.4416 0.0 0.0
2.2416 1.0 0.0
3.0416 0.0 0.0
3.8416 1.0 1.0
4.6416 0.0 0.0
5.4416 1.0 0.0
6.2416 0.0 0.0
7.0416 1.0 1.0
7.8416 0.0 0.0
8.6416 1.0 0.0
9.4416 0.0 0.0
10.2416 1.0 1.0
11.0416 0.0 0.0
11.8416 1.0 0.0
12.6416 0.0 0.0
13.4416 1.0 1.0
14.241599999999998 0.0 0.0
15.041599999999999 1.0 0.0
15.841599999999998 0.0 0.0
16.641599999999997 1.0 1.0
17.441599999999998 0.0 0.0
18.2416 1.0 0.0
19.0416 0.0 0.0
19.8416 1.0 1.0
20.641599999999997 0.0 0.0
21.441599999999998 1.0 0.0
22.2416 0.0 0.0
23.0416 1.0 1.0
23.8416 0.0 0.0
24.641599999999997 1.0 0.0
25.441599999999998 0.0 0.0
26.2416 1.0 1.0
27.0416 0.0 0.0
27.8416 1.0 0.0
28.633157345999997 0.0 0.0
29.422630346 1.0 1.0
30.220545999999995 0.0 0.0
31.020545999999996 1.0 0.0
31.820545999999997 0.0 0.0
32.620546 1.0 1.0
33.420545999999995 0.0 0.0
34.220546 1.0 0.0
35.020545999999996 0.0 0.0
35.82054599999999 1.0 1.0
36.620546 0.0 0.0
37.420545999999995 1.0 0.0
38.220546 0.0 0.0
39.020545999999996 1.0 1.0
39.82054599999999 0.0 0.0
40.620546 1.0 0.0
41.420545999999995 0.0 0.0
42.215998991499994 1.0 1.0
43.010700991499995 0.0 0.0
43.805402991499996 1.0 0.0
44.6001049915 0.0 0.0
45.39480699149999 1.0 1.0
46.18950899149999 0.0 0.0
46.98421099149999 1.0 0.0
47.77891299149999 0.0 0.0
48.573614991499994 1.0 1.0
49.368316991499995 0.0 0.0
50.163018991499996 1.0 0.0
50.9619699875 0.0 0.0
51.7619699875 1.0 1.0
52.5619699875 0.0 0.0
53.361969987500004 1.0 0.0
54.1619699875 0.0 0.0
54.9619699875 1.0 1.0
55.7598382715 0.0 0.0
56.5571802715 1.0 0.0
57.3545222715 0.0 0.0
58.1518642715 1.0 1.0
58.9492062715 0.0 0.0
59.746548271500004 1.0 0.0
60.543890271500004 0.0 0.0
61.341232271500004 1.0 1.0
62.138574271500005 0.0 0.0
62.935916271500005 1.0 0.0
63.733258271500006 0.0 0.0
64.5306002715 1.0 1.0
65.3279422715 0.0 0.0
66.1252842715 1.0 0.0
66.92262627150001 0.0 0.0
67.71996827150001 1.0 1.0
68.51731027150001 0.0 0.0
69.31465227150001 1.0 0.0
70.11199427150001 0.0 0.0
70.90933627150001 1.0 1.0
71.70880998750002 0.0 0.0
72.50880998750002 1.0 0.0
73.30880998750001 0.0 0.0
74.10880998750001 1.0 1.0
74.9088099875 0.0 0.0
75.70880998750002 1.0 0.0
76.50880998750002 0.0 0.0
77.30880998750001 1.0 1.0
78.10880998750001 0.0 0.0
78.9088099875 1.0 0.0
79.70880998750002 0.0 0.0
80.50880998750002 1.0 1.0
81.30880998750001 0.0 0.0
82.10880998750001 1.0 0.0
82.9088099875 0.0 0.0
83.70880998750002 1.0 1.0
84.50880998750002 0.0 0.0
85.30880998750001 1.0 0.0
86.10880998750001 0.0 0.0
86.9088099875 1.0 1.0
87.70880998750002 0.0 0.0
88.50880998750002 1.0 0.0
89.30880998750001 0.0 0.0
90.10880998750001 1.0 1.0
90.9088099875 0.0 0.0
91.70880998750002 1.0 0.0
92.50880998750002 0.0 0.0
93.30880998750001 1.0 1.0
94.10880998750001 0.0 0.0
94.9088099875 1.0 0.0
95.70880998750002 0.0 0.0
96.50880998750002 1.0 1.0
97.30880998750001 0.0 0.0
98.10880998750001 1.0 0.0
98.9088099875 0.0 0.0
99.70880998750002 1.0 1.0
100.50880998750002 0.0 0.0
101.30880998750001 1.0 0.0
102.10880998750001 0.0 0.0
102.9088099875 1.0 1.0
103.7045609915 0.0 0.0
104.4992629915 1.0 0.0
105.2939649915 0.0 0.0
106.0886669915 1.0 1.0
106.8833689915 0.0 0.0
107.67807099150001 1.0 0.0
108.47277299150001 0.0 0.0
109.2674749915 1.0 1.0
110.0621769915 0.0 0.0
110.8568789915 1.0 0.0
111.6515809915 0.0 0.0
112.4505319875 1.0 1.0
113.2505319875 0.0 0.0
114.0505319875 1.0 0.0
114.85053198749999 0.0 0.0
115.6505319875 1.0 1.0
116.4505319875 0.0 0.0
117.2505319875 1.0 0.0
118.0505319875 0.0 0.0
118.85053198749999 1.0 1.0
119.6505319875 0.0 0.0
120.4505319875 1.0 0.0
121.2505319875 0.0 0.0
122.0505319875 1.0 1.0
122.85053198749999 0.0 0.0
123.6505319875 1.0 0.0
124.4505319875 0.0 0.0
125.2505319875 1.0 1.0
126.0505319875 0.0 0.0
126.85053198749999 1.0 0.0
127.65053198749999 0.0 0.0
128.4505319875 1.0 1.0
129.25053198749998 0.0 0.0
130.0505319875 1.0 0.0
130.8505319875 0.0 0.0
131.6505319875 1.0 1.0
132.4505319875 0.0 0.0
133.25053198749998 1.0 0.0
134.0488253315 0.0 0.0
134.8466973315 1.0 1.0
135.6445693315 0.0 0.0
136.4424413315 1.0 0.0
137.2403133315 0.0 0.0
138.03818533150002 1.0 1.0
138.8360573315 0.0 0.0
139.6339293315 1.0 0.0
140.4318013315 0.0 0.0
141.2296733315 1.0 1.0
142.0275453315 0.0 0.0
142.8254173315 1.0 0.0
143.62328933150002 0.0 0.0
144.4211613315 1.0 1.0
145.21903333150001 0.0 0.0
146.0169053315 1.0 0.0
146.8147773315 0.0 0.0
147.6126493315 1.0 1.0
148.4105213315 0.0 0.0
149.20839333150002 1.0 0.0
150.0062653315 0.0 0.0
150.80413733150002 1.0 1.0
151.6020093315 0.0 0.0
152.3998813315 1.0 0.0
153.1977533315 0.0 0.0
153.9956253315 1.0 1.0
154.79349733150002 0.0 0.0
155.5913693315 1.0 0.0
156.38924133150002 0.0 0.0
157.1871133315 1.0 1.0
157.9849853315 0.0 0.0
158.7828573315 1.0 0.0
159.5807293315 0.0 0.0
160.3786013315 1.0 1.0
161.1764733315 0.0 0.0
161.97434533150002 1.0 0.0
162.7722173315 0.0 0.0
163.57008933150001 1.0 1.0
164.3679613315 0.0 0.0
165.1658333315 1.0 0.0
165.96370533150002 0.0 0.0
166.7615773315 1.0 1.0
167.5611559875 0.0 0.0
168.3611559875 1.0 0.0
169.16115598750002 0.0 0.0
169.9611559875 1.0 1.0
170.76115598750002 0.0 0.0
171.5611559875 1.0 0.0
172.3611559875 0.0 0.0
173.16115598750002 1.0 1.0
173.9611559875 0.0 0.0
174.76115598750002 1.0 0.0
175.5611559875 0.0 0.0
176.3611559875 1.0 1.0
177.16115598750002 0.0 0.0
177.9611559875 1.0 0.0
178.76115598750002 0.0 0.0
179.5611559875 1.0 1.0
180.3611559875 0.0 0.0
181.16115598750002 1.0 0.0
181.9611559875 0.0 0.0
182.76115598750002 1.0 1.0
183.5611559875 0.0 0.0
184.3611559875 1.0 0.0
185.16115598750002 0.0 0.0
185.9611559875 1.0 1.0
186.76115598750002 0.0 0.0
187.5611559875 1.0 0.0
188.3611559875 0.0 0.0
189.16115598750002 1.0 1.0
189.9611559875 0.0 0.0
190.76115598750002 1.0 0.0
191.5611559875 0.0 0.0
192.3611559875 1.0 1.0
193.16115598750002 0.0 0.0
193.9611559875 1.0 0.0
194.76115598750002 0.0 0.0
195.5611559875 1.0 1.0
196.3611559875 0.0 0.0
197.16115598750002 1.0 0.0
197.9611559875 0.0 0.0