0.0 1.0 0.0
0.9096420000000001 0.0 0.0
1.8192840000000001 1.0 0.0
2.728926 0.0 0.0
3.6385680000000002 1.0 1.0
4.54821 0.0 0.0
5.457852 1.0 0.0
6.367494000000001 0.0 0.0
7.2771360000000005 1.0 1.0
8.186778 0.0 0.0
9.09642 1.0 0.0
10.006062 0.0 0.0
10.915704 1.0 1.0
11.825346 0.0 0.0
12.734988000000001 1.0 0.0
13.644630000000001 0.0 0.0
14.554272000000001 1.0 1.0
15.463914 0.0 0.0
16.373556 1.0 0.0
17.283198000000002 0.0 0.0
18.19284 1.0 1.0
19.102482000000002 0.0 0.0
20.012124 1.0 0.0
20.921766 0.0 0.0
21.831408 1.0 1.0
22.74105 0.0 0.0
23.650692 1.0 0.0
24.560334 0.0 0.0
25.469976000000003 1.0 1.0
26.379618 0.0 0.0
27.289260000000002 1.0 0.0
28.198902 0.0 0.0
29.108544000000002 1.0 1.0
30.018186 0.0 0.0
30.927828 1.0 0.0
31.83747 0.0 0.0
32.747112 1.0 1.0
33.656754 0.0 0.0
34.566396000000005 1.0 0.0
35.476038 0.0 0.0
36.38568 1.0 1.0
37.295322 0.0 0.0
38.204964000000004 1.0 0.0
39.114606 0.0 0.0
40.024248 1.0 1.0
40.93389 0.0 0.0
41.843532 1.0 0.0
42.753174 0.0 0.0
43.662816 1.0 1.0
44.572458000000005 0.0 0.0
45.4821 1.0 0.0
46.391742 0.0 0.0
47.301384 1.0 1.0
48.211026000000004 0.0 0.0
49.120668 1.0 0.0
50.03031 0.0 0.0
50.939952000000005 1.0 1.0
51.849594 0.0 0.0
52.759236 1.0 0.0
53.668878 0.0 0.0
54.578520000000005 1.0 1.0
55.488162 0.0 0.0
56.397804 1.0 0.0
57.307446 0.0 0.0
58.217088000000004 1.0 1.0
59.12673 0.0 0.0
60.036372 1.0 0.0
60.946014000000005 0.0 0.0
61.855656 1.0 1.0
62.765298 0.0 0.0
63.67494 1.0 0.0
64.584582 0.0 0.0
65.494224 1.0 1.0
66.40386600000001 0.0 0.0
67.313508 1.0 0.0
68.22315 0.0 0.0
69.13279200000001 1.0 1.0
70.042434 0.0 0.0
70.952076 1.0 0.0
71.861718 0.0 0.0
72.77136 1.0 1.0
73.681002 0.0 0.0
74.590644 1.0 0.0
75.500286 0.0 0.0
76.40992800000001 1.0 1.0
77.31957 0.0 0.0
78.229212 1.0 0.0
79.13885400000001 0.0 0.0
80.048496 1.0 1.0
80.958138 0.0 0.0
81.86778 1.0 0.0
82.777422 0.0 0.0
83.687064 1.0 1.0
84.596706 0.0 0.0
85.506348 1.0 0.0
86.41599000000001 0.0 0.0
87.325632 1.0 1.0
88.235274 0.0 0.0
89.14491600000001 1.0 0.0
90.054558 0.0 0.0
90.9642 1.0 1.0
91.873842 0.0 0.0
92.783484 1.0 0.0
93.693126 0.0 0.0
94.602768 1.0 1.0
95.51241 0.0 0.0
96.42205200000001 1.0 0.0
97.331694 0.0 0.0
98.241336 1.0 1.0
99.15097800000001 0.0 0.0
100.06062 1.0 0.0
100.970262 0.0 0.0
101.87990400000001 1.0 1.0
102.789546 0.0 0.0
103.699188 1.0 0.0
104.60883 0.0 0.0
105.518472 1.0 1.0
106.42811400000001 0.0 0.0
107.337756 1.0 0.0
108.247398 0.0 0.0
109.15704000000001 1.0 1.0
110.066682 0.0 0.0
110.976324 1.0 0.0
111.88596600000001 0.0 0.0
112.795608 1.0 1.0
113.70525 0.0 0.0
114.614892 1.0 0.0
115.524534 0.0 0.0
116.43417600000001 1.0 1.0
117.343818 0.0 0.0
118.25346 1.0 0.0
119.16310200000001 0.0 0.0
120.072744 1.0 1.0
120.982386 0.0 0.0
121.89202800000001 1.0 0.0
122.80167 0.0 0.0
123.711312 1.0 1.0
124.620954 0.0 0.0
125.530596 1.0 0.0
126.44023800000001 0.0 0.0
127.34988 1.0 1.0
128.259522 0.0 0.0
129.169164 1.0 0.0
130.07880600000001 0.0 0.0
130.988448 1.0 1.0
131.89809 0.0 0.0
132.80773200000002 1.0 0.0
133.717374 0.0 0.0
134.627016 1.0 1.0
135.53665800000002 0.0 0.0
136.4463 1.0 0.0
137.355942 0.0 0.0
138.26558400000002 1.0 1.0
139.175226 0.0 0.0
140.084868 1.0 0.0
140.99451 0.0 0.0
141.904152 1.0 1.0
142.813794 0.0 0.0
143.723436 1.0 0.0
144.633078 0.0 0.0
145.54272 1.0 1.0
146.452362 0.0 0.0
147.362004 1.0 0.0
148.271646 0.0 0.0
149.181288 1.0 1.0
150.09093000000001 0.0 0.0
151.000572 1.0 0.0
151.910214 0.0 0.0
152.81985600000002 1.0 1.0
153.729498 0.0 0.0
154.63914 1.0 0.0
155.54878200000002 0.0 0.0
156.458424 1.0 1.0
157.368066 0.0 0.0
158.27770800000002 1.0 0.0
159.18735 0.0 0.0
160.096992 1.0 1.0
161.00663400000002 0.0 0.0
161.916276 1.0 0.0
162.825918 0.0 0.0
163.73556 1.0 1.0
164.645202 0.0 0.0
165.554844 1.0 0.0
166.464486 0.0 0.0
167.374128 1.0 1.0
168.28377 0.0 0.0
169.193412 1.0 0.0
170.10305400000001 0.0 0.0
171.012696 1.0 1.0
171.922338 0.0 0.0
172.83198000000002 1.0 0.0
173.741622 0.0 0.0
174.651264 1.0 1.0
175.56090600000002 0.0 0.0
176.470548 1.0 0.0
177.38019 0.0 0.0
178.28983200000002 1.0 1.0
179.199474 0.0 0.0
180.109116 1.0 0.0
181.01875800000002 0.0 0.0
181.9284 1.0 1.0
182.838042 0.0 0.0
183.747684 1.0 0.0
184.657326 0.0 0.0
185.566968 1.0 1.0
186.47661 0.0 0.0
187.386252 1.0 0.0
188.295894 0.0 0.0
189.205536 1.0 1.0
190.11517800000001 0.0 0.0
191.02482 1.0 0.0
191.934462 0.0 0.0
192.84410400000002 1.0 1.0
193.753746 0.0 0.0
194.663388 1.0 0.0
195.57303000000002 0.0 0.0
196.482672 1.0 1.0
197.392314 0.0 0.0
198.30195600000002 1.0 0.0
199.211598 0.0 0.0
200.12124 1.0 1.0
201.03088200000002 0.0 0.0
201.940524 1.0 0.0
202.850166 0.0 0.0
203.75980800000002 1.0 1.0
204.66945 0.0 0.0
205.579092 1.0 0.0
206.488734 0.0 0.0
207.398376 1.0 1.0
208.308018 0.0 0.0
209.21766 1.0 0.0
210.12730200000001 0.0 0.0
211.036944 1.0 1.0
211.946586 0.0 0.0
212.85622800000002 1.0 0.0
213.76587 0.0 0.0
214.675512 1.0 1.0
215.58515400000002 0.0 0.0
216.494796 1.0 0.0
217.404438 0.0 0.0
218.31408000000002 1.0 1.0
219.223722 0.0 0.0
220.133364 1.0 0.0
221.04300600000002 0.0 0.0
221.952648 1.0 1.0
222.86229 0.0 0.0
223.77193200000002 1.0 0.0
224.681574 0.0 0.0
225.591216 1.0 1.0
226.500858 0.0 0.0
227.4105 1.0 0.0
228.320142 0.0 0.0
229.229784 1.0 1.0
230.13942600000001 0.0 0.0
231.049068 1.0 0.0
231.95871 0.0 0.0
232.86835200000002 1.0 1.0
233.777994 0.0 0.0
234.687636 1.0 0.0
235.59727800000002 0.0 0.0
236.50692 1.0 1.0
237.416562 0.0 0.0
238.32620400000002 1.0 0.0
239.235846 0.0 0.0
240.145488 1.0 1.0
241.05513000000002 0.0 0.0
241.964772 1.0 0.0
242.874414 0.0 0.0
243.78405600000002 1.0 1.0
244.693698 0.0 0.0
245.60334 1.0 0.0
246.51298200000002 0.0 0.0
247.422624 1.0 1.0
248.332266 0.0 0.0
249.241908 1.0 0.0
250.15155000000001 0.0 0.0
251.061192 1.0 1.0
251.970834 0.0 0.0
252.88047600000002 1.0 0.0
253.790118 0.0 0.0
254.69976 1.0 1.0
255.60940200000002 0.0 0.0
256.519044 1.0 0.0
257.428686 0.0 0.0
258.338328 1.0 1.0
259.24797 0.0 0.0
260.15761200000003 1.0 0.0
261.067254 0.0 0.0
261.976896 1.0 1.0
262.88653800000003 0.0 0.0
263.79618 1.0 0.0
264.705822 0.0 0.0
265.61546400000003 1.0 1.0
266.525106 0.0 0.0
267.434748 1.0 0.0
268.34439000000003 0.0 0.0
269.254032 1.0 1.0
270.163674 0.0 0.0
271.07331600000003 1.0 0.0
271.982958 0.0 0.0
272.8926 1.0 1.0
273.80224200000004 0.0 0.0
274.711884 1.0 0.0
275.621526 0.0 0.0
276.53116800000004 0.0 0.0