0.16027401000000002 1.0 0.0
0.98219201 0.0 0.0
1.8041100100000003 1.0 1.0
2.62602801 0.0 0.0
3.4479460100000003 1.0 0.0
4.269864010000001 0.0 0.0
5.09178201 1.0 1.0
5.91370001 0.0 0.0
6.7356180100000005 1.0 0.0
7.557536010000001 0.0 0.0
8.37945401 1.0 1.0
9.20137201 0.0 0.0
10.02329001 1.0 0.0
10.84520801 0.0 0.0
11.66712601 1.0 1.0
12.48904401 0.0 0.0
13.31096201 1.0 0.0
14.132880010000001 0.0 0.0
14.95479801 1.0 1.0
15.77671601 0.0 0.0
16.59863401 1.0 0.0
17.42055201 0.0 0.0
18.24247001 1.0 1.0
19.064388010000002 0.0 0.0
19.88630601 1.0 0.0
20.70822401 0.0 0.0
21.53014201 1.0 1.0
22.35206001 0.0 0.0
23.17397801 1.0 0.0
23.99589601 0.0 0.0
24.81781401 1.0 1.0
25.63973201 0.0 0.0
26.46165001 1.0 0.0
27.28356801 0.0 0.0
28.105486009999996 1.0 1.0
28.927404009999997 0.0 0.0
29.749322009999997 1.0 0.0
30.571240009999997 0.0 0.0
31.393158009999997 1.0 1.0
32.21507601 0.0 0.0
33.036994009999994 1.0 0.0
33.85891201 0.0 0.0
34.680830009999994 1.0 1.0
35.50274801 0.0 0.0
36.324666009999994 1.0 0.0
37.14658401 0.0 0.0
37.968502009999995 1.0 1.0
38.79042001 0.0 0.0
39.612338009999995 1.0 0.0
40.43425601 0.0 0.0
41.256174009999995 1.0 1.0
42.07809201 0.0 0.0
42.900010009999995 1.0 0.0
43.72192801 0.0 0.0
44.543846009999996 1.0 1.0
45.36576401 0.0 0.0
46.187682009999996 1.0 0.0
47.00960000999999 0.0 0.0
47.831518009999996 1.0 1.0
48.65343600999999 0.0 0.0
49.47535401 1.0 0.0
50.29727200999999 0.0 0.0
51.11919001 1.0 1.0
51.941108009999994 0.0 0.0
52.76302601 1.0 0.0
53.584944009999994 0.0 0.0
54.40686201 1.0 1.0
55.228780009999994 0.0 0.0
56.05069801 1.0 0.0
56.872616009999994 0.0 0.0
57.69453401 1.0 1.0
58.516452009999995 0.0 0.0
59.33837001 1.0 0.0
60.160288009999995 0.0 0.0
60.98220601 1.0 1.0
61.804124009999995 0.0 0.0
62.62604201 1.0 0.0
63.447960009999996 0.0 0.0
64.26987801 1.0 1.0
65.09179601 0.0 0.0
65.91371400999999 1.0 0.0
66.73563200999999 0.0 0.0
67.55755001 1.0 1.0
68.37946801 0.0 0.0
69.20138601 1.0 0.0
70.02330400999999 0.0 0.0
70.84522201 1.0 1.0
71.66714001 0.0 0.0
72.48905801 1.0 0.0
73.31097600999999 0.0 0.0
74.13289401 1.0 1.0
74.95481201 0.0 0.0
75.77673001 1.0 0.0
76.59864800999999 0.0 0.0
77.42056601 1.0 1.0
78.24248401 0.0 0.0
79.06440201 1.0 0.0
79.88632000999999 0.0 0.0
80.70823800999999 1.0 1.0
81.53015601 0.0 0.0
82.35207401 1.0 0.0
83.17399200999999 0.0 0.0
83.99591000999999 1.0 1.0
84.81782801 0.0 0.0
85.63974601 1.0 0.0
86.46166400999999 0.0 0.0
87.28358200999999 1.0 1.0
88.10550001 0.0 0.0
88.92741801 1.0 0.0
89.74933601 0.0 0.0
90.57125400999999 1.0 1.0
91.39317201 0.0 0.0
92.21509001 1.0 0.0
93.03700801 0.0 0.0
93.85892600999999 1.0 1.0
94.68084401 0.0 0.0
95.50276201 1.0 0.0
96.32468001 0.0 0.0
97.14659800999999 1.0 1.0
97.96851600999999 0.0 0.0
98.79043401 1.0 0.0
99.61235201 0.0 0.0
100.43427000999999 1.0 1.0
101.25618800999999 0.0 0.0
102.07810601 1.0 0.0
102.90002401 0.0 0.0
103.72194200999999 1.0 1.0
104.54386000999999 0.0 0.0
105.36577801 1.0 0.0
106.18769601 0.0 0.0
107.00961400999999 1.0 1.0
107.83153200999999 0.0 0.0
108.65345001 1.0 0.0
109.47536801 0.0 0.0
110.29728601 1.0 1.0
111.11920400999999 0.0 0.0
111.94112201 1.0 0.0
112.76304000999998 0.0 0.0
113.58495800999998 1.0 1.0
114.40687600999998 0.0 0.0
115.22879400999999 1.0 0.0
116.05071200999998 0.0 0.0
116.87263000999998 1.0 1.0
117.69454800999998 0.0 0.0
118.51646600999999 1.0 0.0
119.33838400999998 0.0 0.0
120.16030200999998 1.0 1.0
120.98222000999998 0.0 0.0
121.80413800999999 1.0 0.0
122.62605600999999 0.0 0.0
123.44797400999998 1.0 1.0
124.26989200999998 0.0 0.0
125.09181000999997 1.0 0.0
125.91372800999999 0.0 0.0
126.73564600999998 1.0 1.0
127.55756400999998 0.0 0.0
128.37948200999998 1.0 0.0
129.20140001 0.0 0.0
130.02331800999997 1.0 1.0
130.84523600999998 0.0 0.0
131.66715401 1.0 0.0
132.48907200999997 0.0 0.0
133.31099000999998 1.0 1.0
134.13290801 0.0 0.0
134.95482600999998 1.0 0.0
135.77674401 0.0 0.0
136.59866200999997 1.0 1.0
137.42058000999998 0.0 0.0
138.24249801 1.0 0.0
139.06441600999997 0.0 0.0
139.88633400999998 1.0 1.0
140.70825200999997 0.0 0.0
141.53017000999998 1.0 0.0
142.35208801 0.0 0.0
143.17400600999997 1.0 1.0
143.99592400999998 0.0 0.0
144.81784201 1.0 0.0
145.63976000999997 0.0 0.0
146.46167800999999 1.0 1.0
147.28359600999997 0.0 0.0
148.10551400999998 1.0 0.0
148.92743201 0.0 0.0
149.74935000999997 1.0 1.0
150.57126800999998 0.0 0.0
151.39318601 1.0 0.0
152.21510400999998 0.0 0.0
153.03702201 1.0 1.0
153.85894000999997 0.0 0.0
154.68085800999998 1.0 0.0
155.50277601 0.0 0.0
156.32469400999997 1.0 1.0
157.14661200999998 0.0 0.0
157.96853000999997 1.0 0.0
158.79044800999998 0.0 0.0
159.61236601 1.0 1.0
160.43428400999997 0.0 0.0
161.25620200999998 1.0 0.0
162.07812001 0.0 0.0
162.90003800999997 1.0 1.0
163.72195600999999 0.0 0.0
164.54387400999997 1.0 0.0
165.36579200999998 0.0 0.0
166.18771001 1.0 1.0
167.00962800999997 0.0 0.0
167.83154600999998 1.0 0.0
168.65346401 0.0 0.0
169.47538200999998 1.0 1.0
170.29730001 0.0 0.0
171.11921800999997 1.0 0.0
171.94113600999998 0.0 0.0
172.76305401 1.0 1.0
173.58497200999997 0.0 0.0
174.40689000999998 1.0 0.0
175.22880800999997 0.0 0.0
176.05072600999998 1.0 1.0
176.87264401 0.0 0.0
177.69456200999997 1.0 0.0
178.51648000999998 0.0 0.0
179.33839801 1.0 1.0
180.16031600999997 0.0 0.0
180.98223400999998 1.0 0.0
181.80415200999997 0.0 0.0
182.62607000999998 1.0 1.0
183.44798801 0.0 0.0
184.26990600999997 1.0 0.0
185.09182400999998 0.0 0.0
185.91374201 1.0 1.0
186.73566000999998 0.0 0.0
187.55757801 1.0 0.0
188.37949600999997 0.0 0.0
189.20141400999998 1.0 1.0
190.02333201 0.0 0.0
190.84525000999997 1.0 0.0
191.66716800999998 0.0 0.0
192.48908600999997 1.0 1.0
193.31100400999998 0.0 0.0
194.13292201 1.0 0.0
194.95484000999997 0.0 0.0
195.77675800999998 1.0 1.0
196.59867601 0.0 0.0
197.42059400999997 1.0 0.0
198.24251200999998 0.0 0.0
199.06443000999997 1.0 1.0
199.88634800999998 0.0 0.0
200.70826601 1.0 0.0
201.53018400999997 0.0 0.0
202.35210200999998 1.0 1.0
203.17402001 0.0 0.0
203.99593800999997 1.0 0.0
204.81785600999999 0.0 0.0
205.63977400999997 1.0 1.0
206.46169200999998 0.0 0.0
207.28361001 1.0 0.0
208.10552800999997 0.0 0.0
208.92744600999998 1.0 1.0
209.74936400999997 0.0 0.0
210.57128200999998 1.0 0.0
211.39320001 0.0 0.0
212.21511800999997 1.0 1.0
213.03703600999998 0.0 0.0
213.85895401 0.0 0.0
214.68087200999997 1.0 1.0
215.50279000999998 0.0 0.0
216.32470800999997 1.0 1.0