0.06818179999999997 0.0 0.0
0.7499998 1.0 0.0
1.4318178 0.0 0.0
2.1136358 1.0 1.0
2.7954537999999998 0.0 0.0
3.4772718 1.0 0.0
4.159089799999999 0.0 0.0
4.8409078 1.0 1.0
5.5227258 0.0 0.0
6.2045438 1.0 0.0
6.8863617999999995 0.0 0.0
7.568179799999999 1.0 1.0
8.2499978 0.0 0.0
8.931815799999999 1.0 0.0
9.613633799999999 0.0 0.0
10.2954518 1.0 1.0
10.9772698 0.0 0.0
11.6590878 1.0 0.0
12.3409058 0.0 0.0
13.0227238 1.0 1.0
13.7045418 0.0 0.0
14.3863598 1.0 0.0
15.068177799999999 0.0 0.0
15.749995799999999 1.0 1.0
16.4318138 0.0 0.0
17.1136318 1.0 0.0
17.7954498 0.0 0.0
18.4772678 1.0 1.0
19.1590858 0.0 0.0
19.8409038 1.0 0.0
20.5227218 0.0 0.0
21.2045398 1.0 1.0
21.8863578 0.0 0.0
22.5681758 1.0 0.0
23.2499938 0.0 0.0
23.9318118 1.0 1.0
24.6136298 0.0 0.0
25.295447799999998 1.0 0.0
25.977265799999998 0.0 0.0
26.659083799999998 1.0 1.0
27.340901799999997 0.0 0.0
28.022719799999997 1.0 0.0
28.704537799999997 0.0 0.0
29.386355799999997 1.0 1.0
30.0681738 0.0 0.0
30.7499918 1.0 0.0
31.4318098 0.0 0.0
32.113627799999996 1.0 1.0
32.795445799999996 0.0 0.0
33.477263799999996 1.0 0.0
34.159081799999996 0.0 0.0
34.840899799999995 1.0 1.0
35.522717799999995 0.0 0.0
36.204535799999995 1.0 0.0
36.886353799999995 0.0 0.0
37.5681718 1.0 1.0
38.2499898 0.0 0.0
38.9318078 1.0 0.0
39.6136258 0.0 0.0
40.2954438 1.0 1.0
40.9772618 0.0 0.0
41.6590798 1.0 0.0
42.3408978 0.0 0.0
43.0227158 1.0 1.0
43.70453379999999 0.0 0.0
44.38635179999999 1.0 0.0
45.06816979999999 0.0 0.0
45.74998779999999 1.0 1.0
46.43180579999999 0.0 0.0
47.1136238 1.0 0.0
47.7954418 0.0 0.0
48.4772598 1.0 1.0
49.1590778 0.0 0.0
49.8408958 1.0 0.0
50.5227138 0.0 0.0
51.2045318 1.0 1.0
51.8863498 0.0 0.0
52.5681678 1.0 0.0
53.2499858 0.0 0.0
53.9318038 1.0 1.0
54.6136218 0.0 0.0
55.2954398 1.0 0.0
55.9772578 0.0 0.0
56.6590758 1.0 1.0
57.340893799999996 0.0 0.0
58.022711799999996 1.0 0.0
58.704529799999996 0.0 0.0
59.386347799999996 1.0 1.0
60.068165799999996 0.0 0.0
60.75127401874999 1.0 0.0
61.436987018749996 0.0 0.0
62.122700018749995 1.0 1.0
62.808413018749995 0.0 0.0
63.494126018749995 1.0 0.0
64.17983901874999 0.0 0.0
64.86555201875 1.0 1.0
65.55126501874999 0.0 0.0
66.23697801875 1.0 0.0
66.92269101874999 0.0 0.0
67.60840401875 1.0 1.0
68.29371940416667 0.0 0.0
68.97553740416666 1.0 0.0
69.65735540416667 0.0 0.0
70.33917340416666 1.0 1.0
71.02099140416667 0.0 0.0
71.70280940416666 1.0 0.0
72.38462740416666 0.0 0.0
73.06644540416666 1.0 1.0
73.74826340416666 0.0 0.0
74.43008140416666 1.0 0.0
75.11189940416666 0.0 0.0
75.79371740416666 1.0 1.0
76.47553540416666 0.0 0.0
77.15735340416666 1.0 0.0
77.83917140416666 0.0 0.0
78.52098940416666 1.0 1.0
79.20280740416666 0.0 0.0
79.88462540416666 1.0 0.0
80.56644340416666 0.0 0.0
81.24826140416666 1.0 1.0
81.93007940416666 0.0 0.0
82.61189740416665 1.0 0.0
83.29371540416666 0.0 0.0
83.97553340416665 1.0 1.0
84.65735140416666 0.0 0.0
85.33916940416665 1.0 0.0
86.02098740416666 0.0 0.0
86.70280540416665 1.0 1.0
87.38462340416666 0.0 0.0
88.06644140416665 1.0 0.0
88.74825940416666 0.0 0.0
89.43007740416667 1.0 1.0
90.11189540416666 0.0 0.0
90.79371340416665 1.0 0.0
91.47553140416666 0.0 0.0
92.15734940416667 1.0 1.0
92.83916740416666 0.0 0.0
93.52098540416665 1.0 0.0
94.20280340416666 0.0 0.0
94.88462140416667 1.0 1.0
95.56643940416666 0.0 0.0
96.24825740416665 1.0 0.0
96.93007540416666 0.0 0.0
97.61189340416666 1.0 1.0
98.29371140416666 0.0 0.0
98.97552940416665 1.0 0.0
99.65734740416666 0.0 0.0
100.33916540416666 1.0 1.0
101.02098340416666 0.0 0.0
101.70280140416665 1.0 0.0
102.38461940416666 0.0 0.0
103.06643740416666 1.0 1.0
103.74825540416666 0.0 0.0
104.43007340416665 1.0 0.0
105.11189140416666 0.0 0.0
105.79370940416666 1.0 1.0
106.47552740416666 0.0 0.0
107.15734540416665 1.0 0.0
107.83916340416665 0.0 0.0
108.52098140416666 1.0 1.0
109.20279940416665 0.0 0.0
109.88461740416665 1.0 0.0
110.56643540416665 0.0 0.0
111.24825340416666 1.0 1.0
111.93007140416665 0.0 0.0
112.61188940416666 1.0 0.0
113.29370740416667 0.0 0.0
113.97552540416666 1.0 1.0
114.65734340416665 0.0 0.0
115.33916140416666 1.0 0.0
116.02097940416667 0.0 0.0
116.70279740416666 1.0 1.0
117.38461540416665 0.0 0.0
118.06643340416666 1.0 0.0
118.74825140416667 0.0 0.0
119.43006940416666 1.0 1.0
120.11188740416667 0.0 0.0
120.79370540416667 1.0 0.0
121.47552340416667 0.0 0.0
122.15734140416666 1.0 1.0
122.83915940416667 0.0 0.0
123.52097740416667 1.0 0.0
124.20279540416666 0.0 0.0
124.88461340416666 1.0 1.0
125.56643140416666 0.0 0.0
126.24824940416667 1.0 0.0
126.93006740416666 0.0 0.0
127.61188540416666 1.0 1.0
128.29370340416665 0.0 0.0
128.97552140416667 1.0 0.0
129.65733940416666 0.0 0.0
130.33915740416666 1.0 1.0
131.02097540416668 0.0 0.0
131.70279340416667 1.0 0.0
132.38461140416666 0.0 0.0
133.06642940416666 1.0 1.0
133.74824740416665 0.0 0.0
134.43006540416667 1.0 0.0
135.11188340416666 0.0 0.0
135.79370140416665 1.0 1.0
136.47551940416668 0.0 0.0
137.15733740416667 1.0 0.0
137.83915540416666 0.0 0.0
138.52097340416668 1.0 1.0
139.20279140416665 0.0 0.0
139.88460940416667 1.0 0.0
140.56642740416666 0.0 0.0
141.24824540416665 1.0 1.0
141.93006340416667 0.0 0.0
142.61188140416667 1.0 0.0
143.29369940416666 0.0 0.0
143.97551740416668 1.0 1.0
144.65733540416664 0.0 0.0
145.33915340416667 1.0 0.0
146.02097140416666 0.0 0.0
146.70278940416665 1.0 1.0
147.38460740416667 0.0 0.0
148.06642540416667 1.0 0.0
148.74824340416666 0.0 0.0
149.43006140416668 1.0 1.0
150.11187940416664 0.0 0.0
150.79369740416666 1.0 0.0
151.47551540416666 0.0 0.0
152.15733340416665 1.0 1.0
152.83915140416667 0.0 0.0
153.52096940416666 1.0 0.0
154.20278740416666 0.0 0.0
154.88460540416668 1.0 1.0
155.56642340416664 0.0 0.0
156.24824140416666 1.0 0.0
156.93005940416666 0.0 0.0
157.61187740416665 1.0 1.0
158.29369540416667 0.0 0.0
158.97551340416666 1.0 0.0
159.65733140416665 0.0 0.0
160.33914940416668 1.0 1.0
161.02096740416664 0.0 0.0
161.70278540416666 1.0 0.0
162.38460340416665 0.0 0.0
163.06642140416665 1.0 1.0
163.74823940416667 0.0 0.0
164.43005740416666 1.0 0.0
165.11187540416665 0.0 0.0
165.79369340416667 1.0 1.0
166.47551140416664 0.0 0.0
167.15732940416666 1.0 0.0
167.83914740416668 0.0 0.0
168.52096540416665 1.0 1.0
169.20278340416667 0.0 0.0
169.88460140416666 1.0 0.0
170.56691439374998 0.0 0.0
171.25262739375 1.0 1.0
171.93834039375 0.0 0.0
172.62405339375 1.0 0.0
173.30976639374998 0.0 0.0
173.99547939375 1.0 1.0
174.68119239375002 0.0 0.0
175.36690539375002 1.0 0.0
176.05261839375 0.0 0.0
176.73833139375 1.0 1.0
177.42404439375002 0.0 0.0
178.10975739375002 1.0 0.0
178.79547039375 0.0 0.0
179.48118339375 1.0 1.0
180.16689639375002 0.0 0.0
180.85260939375001 1.0 0.0
181.53832239375 0.0 0.0
182.22403539375 1.0 1.0
182.90974839375002 0.0 0.0
183.5923697375 1.0 0.0
184.2741877375 0.0 0.0
184.9560057375 1.0 1.0
185.6378237375 0.0 0.0
186.3196417375 1.0 0.0
187.0014597375 0.0 0.0
187.6832777375 1.0 1.0
188.3650957375 0.0 0.0
189.0469137375 1.0 0.0
189.7287317375 0.0 0.0
190.4105497375 1.0 1.0
191.0923677375 0.0 0.0
191.7741857375 1.0 0.0
192.4560037375 0.0 0.0
193.13782173750002 1.0 1.0
193.8196397375 0.0 0.0
194.5014577375 1.0 0.0
195.1832757375 0.0 0.0
195.86509373750002 1.0 1.0
196.5469117375 0.0 0.0
197.2287297375 1.0 0.0
197.9105477375 0.0 0.0
198.59236573750002 1.0 1.0
199.2741837375 0.0 0.0
199.9560017375 1.0 0.0
200.6378197375 0.0 0.0
201.31963773750002 1.0 1.0
202.0014557375 0.0 0.0
202.6832737375 1.0 0.0
203.3650917375 0.0 0.0
204.04690973750002 1.0 1.0
204.7287277375 0.0 0.0
205.4105457375 1.0 0.0
206.0923637375 0.0 0.0
206.7741817375 1.0 1.0
207.4559997375 0.0 0.0
208.1378177375 1.0 0.0
208.8196357375 0.0 0.0
209.50145373750001 1.0 1.0
210.1832717375 0.0 0.0
210.8650897375 1.0 0.0
211.5469077375 0.0 0.0
212.2287257375 1.0 1.0
212.9105437375 0.0 0.0
213.5923617375 1.0 0.0
214.2741797375 0.0 0.0
214.9559977375 1.0 1.0
215.6378157375 0.0 0.0
216.3196337375 1.0 0.0
217.0014517375 0.0 0.0
217.68326973749998 1.0 1.0
218.36591357083333 0.0 0.0
219.06895397083335 1.0 0.0
219.78741445833336 0.0 0.0
220.53394692708335 1.0 1.0
221.33385910208332 0.0 0.0
222.16144510208332 1.0 0.0
222.98903110208332 0.0 0.0
223.81661710208334 1.0 1.0
224.63341615208333 0.0 0.0
225.31717615208333 1.0 0.0
226.00093615208334 0.0 0.0
226.68469615208335 1.0 1.0
227.3708397458333 0.0 0.0
228.08573855 1.0 0.0
228.82193454999998 0.0 0.0
229.55813055 1.0 1.0
230.29432655 0.0 0.0
231.03052255 1.0 0.0
231.76671854999998 0.0 0.0
232.50291454999999 1.0 1.0
233.23911055 0.0 0.0
233.97530655 1.0 0.0
234.71150254999998 0.0 0.0
235.44769854999998 1.0 1.0
236.18389455 0.0 0.0
236.92009055 0.0 0.0