0.681666394 1.0 1.0
1.514999394 0.0 0.0
2.3483323940000003 1.0 0.0
3.1816653940000004 0.0 0.0
4.014998394 1.0 1.0
4.848331394 0.0 0.0
5.681664393999999 1.0 0.0
6.514997394 0.0 0.0
7.348330393999999 1.0 1.0
8.181663394 0.0 0.0
9.014996393999999 1.0 0.0
9.848329393999999 0.0 0.0
10.681662393999998 1.0 1.0
11.514995394 0.0 0.0
12.348328394 1.0 0.0
13.181661393999999 0.0 0.0
14.014994394 1.0 1.0
14.848327394000002 0.0 0.0
15.681660394000001 1.0 0.0
16.514993394 0.0 0.0
17.348326394 1.0 1.0
18.181659394 0.0 0.0
19.014992394000004 1.0 0.0
19.848325394000003 0.0 0.0
20.681658394000003 1.0 1.0
21.514991394000003 0.0 0.0
22.348324394000002 1.0 0.0
23.181657394000002 0.0 0.0
24.014990394 1.0 1.0
24.848323394 0.0 0.0
25.681656394 1.0 0.0
26.514989394 0.0 0.0
27.348322394 1.0 1.0
28.181655394 0.0 0.0
29.014988394 1.0 0.0
29.848321394 0.0 0.0
30.681654394 1.0 1.0
31.514987394 0.0 0.0
32.348320394 1.0 0.0
33.181653394 0.0 0.0
34.014986394 1.0 1.0
34.848319394 0.0 0.0
35.681652394 1.0 0.0
36.514985394 0.0 0.0
37.348318393999996 1.0 1.0
38.181651394 0.0 0.0
39.014984393999995 1.0 0.0
39.848317394 0.0 0.0
40.681650394 1.0 1.0
41.514983394 0.0 0.0
42.348316394 1.0 0.0
43.181649394 0.0 0.0
44.014982394 1.0 1.0
44.848315394 0.0 0.0
45.681648394 1.0 0.0
46.514981393999996 0.0 0.0
47.348314394 1.0 1.0
48.181647393999995 0.0 0.0
49.014980394 1.0 0.0
49.848313394 0.0 0.0
50.681646394 1.0 1.0
51.514979394 0.0 0.0
52.348312394 1.0 0.0
53.181645394 0.0 0.0
54.014978393999996 1.0 1.0
54.848311394 0.0 0.0
55.681644393999996 1.0 0.0
56.514977394 0.0 0.0
57.348310394 1.0 1.0
58.181643394 0.0 0.0
59.014976394 1.0 0.0
59.848309394 0.0 0.0
60.681642394 1.0 1.0
61.514975394 0.0 0.0
62.348308394 1.0 0.0
63.181641393999996 0.0 0.0
64.01497439399999 1.0 1.0
64.848307394 0.0 0.0
65.681640394 1.0 0.0
66.514973394 0.0 0.0
67.348306394 1.0 1.0
68.181639394 0.0 0.0
69.014972394 1.0 0.0
69.848305394 0.0 0.0
70.681638394 1.0 1.0
71.514971394 0.0 0.0
72.348304394 1.0 0.0
73.18163739399999 0.0 0.0
74.014970394 1.0 1.0
74.848303394 0.0 0.0
75.681636394 1.0 0.0
76.514969394 0.0 0.0
77.348302394 1.0 1.0
78.181635394 0.0 0.0
79.014968394 1.0 0.0
79.848301394 0.0 0.0
80.681634394 1.0 1.0
81.514967394 0.0 0.0
82.34830039399999 1.0 0.0
83.181633394 0.0 0.0
84.014966394 1.0 1.0
84.848299394 0.0 0.0
85.681632394 1.0 0.0
86.514965394 0.0 0.0
87.348298394 1.0 1.0
88.181631394 0.0 0.0
89.014964394 1.0 0.0
89.848297394 0.0 0.0
90.681630394 1.0 1.0
91.51496339399999 0.0 0.0
92.348296394 1.0 0.0
93.181629394 0.0 0.0
94.014962394 1.0 1.0
94.848295394 0.0 0.0
95.681628394 1.0 0.0
96.514961394 0.0 0.0
97.34829439399999 1.0 1.0
98.181627394 0.0 0.0
99.014960394 1.0 0.0
99.848293394 0.0 0.0
100.68162639399999 1.0 1.0
101.514959394 0.0 0.0
102.348292394 1.0 0.0
103.181625394 0.0 0.0
104.014958394 1.0 1.0
104.848291394 0.0 0.0
105.681624394 1.0 0.0
106.51495739399999 0.0 0.0
107.34829039400002 1.0 1.0
108.18162339400001 0.0 0.0
109.01495639400001 1.0 0.0
109.848289394 0.0 0.0
110.68162239400002 1.0 1.0
111.51495539400001 0.0 0.0
112.34828839400001 1.0 0.0
113.181621394 0.0 0.0
114.014954394 1.0 1.0
114.848287394 0.0 0.0
115.68162039399999 1.0 0.0
116.514953394 0.0 0.0
117.348286394 1.0 1.0
118.181619394 0.0 0.0
119.014952394 1.0 0.0
119.848285394 0.0 0.0
120.681618394 1.0 1.0
121.514951394 0.0 0.0
122.348284394 1.0 0.0
123.181617394 0.0 0.0
124.014950394 1.0 1.0
124.84828339399999 0.0 0.0
125.681616394 1.0 0.0
126.514949394 0.0 0.0
127.348282394 1.0 1.0
128.181615394 0.0 0.0
129.014948394 1.0 0.0
129.848281394 0.0 0.0
130.681614394 1.0 1.0
131.514947394 0.0 0.0
132.348280394 1.0 0.0
133.181613394 0.0 0.0
134.014946394 1.0 1.0
134.848279394 0.0 0.0
135.68161239399998 1.0 0.0
136.514945394 0.0 0.0
137.348278394 1.0 1.0
138.181611394 0.0 0.0
139.014944394 1.0 0.0
139.848277394 0.0 0.0
140.681610394 1.0 1.0
141.514943394 0.0 0.0
142.348276394 1.0 0.0
143.181609394 0.0 0.0
144.014942394 1.0 1.0
144.84827539399998 0.0 0.0
145.681608394 1.0 0.0
146.514941394 0.0 0.0
147.348274394 1.0 1.0
148.181607394 0.0 0.0
149.014940394 1.0 0.0
149.848273394 0.0 0.0
150.681606394 1.0 1.0
151.514939394 0.0 0.0
152.348272394 1.0 0.0
153.181605394 0.0 0.0
154.014938394 1.0 1.0
154.848271394 0.0 0.0
155.681604394 1.0 0.0
156.514937394 0.0 0.0
157.348270394 1.0 1.0
158.181603394 0.0 0.0
159.014936394 1.0 0.0
159.848269394 0.0 0.0
160.681602394 1.0 1.0
161.514935394 0.0 0.0
162.348268394 1.0 0.0
163.181601394 0.0 0.0
164.014934394 1.0 1.0
164.848267394 0.0 0.0
165.681600394 1.0 0.0
166.514933394 0.0 0.0
167.348266394 1.0 1.0
168.181599394 0.0 0.0
169.014932394 1.0 0.0
169.848265394 0.0 0.0
170.681598394 1.0 1.0
171.514931394 0.0 0.0
172.348264394 1.0 0.0
173.181597394 0.0 0.0
174.014930394 1.0 1.0
174.84826339399999 0.0 0.0
175.681596394 1.0 0.0
176.514929394 0.0 0.0
177.348262394 1.0 1.0
178.181595394 0.0 0.0
179.014928394 1.0 0.0
179.848261394 0.0 0.0
180.681594394 1.0 1.0
181.514927394 0.0 0.0
182.348260394 1.0 0.0
183.181593394 0.0 0.0
184.01492639399999 1.0 1.0
184.848259394 0.0 0.0
185.681592394 1.0 0.0
186.514925394 0.0 0.0
187.348258394 1.0 1.0
188.181591394 0.0 0.0
189.014924394 1.0 0.0
189.848257394 0.0 0.0
190.681590394 1.0 1.0
191.514923394 0.0 0.0
192.348256394 1.0 0.0
193.18158939399999 0.0 0.0
194.014922394 1.0 1.0
194.848255394 0.0 0.0
195.681588394 1.0 0.0
196.514921394 0.0 0.0
197.348254394 1.0 1.0
198.181587394 0.0 0.0
199.014920394 1.0 0.0
199.848253394 0.0 0.0
200.681586394 1.0 1.0
201.514919394 0.0 0.0
202.34825239399999 1.0 0.0
203.181585394 0.0 0.0
204.014918394 1.0 1.0
204.848251394 0.0 0.0
205.681584394 1.0 0.0
206.514917394 0.0 0.0
207.348250394 1.0 1.0
208.181583394 0.0 0.0
209.014916394 1.0 0.0
209.848249394 0.0 0.0
210.681582394 1.0 1.0
211.51491539399998 0.0 0.0
212.348248394 1.0 0.0
213.181581394 0.0 0.0
214.01491439399996 1.0 1.0
214.84824739399997 0.0 0.0
215.68158039399998 1.0 0.0
216.51491339399996 0.0 0.0
217.34824639399997 1.0 1.0
218.18157939399998 0.0 0.0
219.01491239399996 1.0 0.0
219.84824539399997 0.0 0.0
220.68157839399998 1.0 1.0
221.51491139399997 0.0 0.0
222.34824439399998 1.0 0.0
223.18157739399996 0.0 0.0
224.01491039399997 1.0 1.0
224.84824339399998 0.0 0.0
225.68157639399996 1.0 0.0
226.51490939399997 0.0 0.0
227.34824239399998 1.0 1.0
228.18157539399996 0.0 0.0
229.01490839399997 1.0 0.0
229.84824139399998 0.0 0.0
230.68157439399997 1.0 1.0
231.51490739399998 0.0 0.0
232.34824039399996 1.0 0.0
233.18157339399997 0.0 0.0
234.01490639399998 1.0 1.0
234.84823939399996 0.0 0.0
235.68157239399997 1.0 0.0
236.51490539399998 0.0 0.0
237.34823839399996 1.0 1.0
238.18157139399997 0.0 0.0
239.01490439399998 1.0 0.0
239.84823739399997 0.0 0.0
240.68157039399998 1.0 1.0
241.51490339399996 0.0 0.0
242.34823639399997 1.0 0.0
243.18156939399998 0.0 0.0
244.01490239399996 1.0 1.0
244.84823539399997 0.0 0.0
245.68156839399998 1.0 0.0
246.51490139399996 0.0 0.0
247.34823439399997 1.0 1.0
248.18156739399998 0.0 0.0
249.01490039399997 1.0 0.0
249.84823339399998 0.0 0.0
250.68156639399996 1.0 1.0
251.51489939399997 0.0 0.0
252.34823239399998 1.0 0.0
253.18156539399996 0.0 0.0
254.01489839399997 1.0 1.0
254.84823139399998 0.0 0.0
255.68156439399996 1.0 0.0
256.51489739399995 0.0 0.0
257.348230394 1.0 1.0
258.18156339399997 0.0 0.0
259.01489639399995 1.0 0.0
259.848229394 0.0 0.0
260.68156239399997 1.0 1.0
261.51489539399995 0.0 0.0
262.348228394 1.0 0.0
263.18156139399997 0.0 0.0
264.01489439399995 1.0 1.0
264.848227394 0.0 0.0
265.681560394 1.0 0.0
266.51489339399996 0.0 0.0
267.348226394 1.0 1.0
268.181559394 0.0 0.0
269.01489239399996 1.0 0.0
269.848225394 0.0 0.0
270.681558394 1.0 1.0
271.51489139399996 0.0 0.0
272.348224394 1.0 0.0
273.181557394 0.0 0.0
274.01489039399996 1.0 1.0
274.84822339399994 0.0 0.0
275.681556394 1.0 0.0
276.51488939399997 0.0 0.0
277.34822239399995 1.0 1.0
278.181555394 0.0 0.0
279.01488839399997 1.0 0.0
279.84822139399995 0.0 0.0
280.681554394 1.0 0.0
281.51488739399997 0.0 0.0
282.34822039399995 1.0 1.0
283.181553394 0.0 0.0
284.014886394 1.0 0.0
284.84821939399995 0.0 0.0
285.681552394 1.0 1.0
286.514885394 0.0 0.0
287.34821839399996 1.0 0.0
288.181551394 0.0 0.0
289.014884394 1.0 1.0
289.84821739399996 0.0 0.0
290.681550394 1.0 0.0
291.514883394 0.0 0.0
292.34821639399996 1.0 1.0
293.18154939399994 0.0 0.0
294.014882394 1.0 0.0
294.84821539399996 0.0 0.0
295.68154839399995 1.0 1.0
296.514881394 0.0 0.0
297.34821439399997 1.0 1.0
298.18154739399995 0.0 0.0
299.014880394 0.0 0.0
299.84821339399997 1.0 1.0
300.68154639399995 0.0 0.0
301.514879394 1.0 0.0
302.348212394 0.0 0.0
303.18154539399995 1.0 0.0
304.014878394 0.0 0.0
304.848211394 1.0 1.0
305.68154439399996 0.0 0.0
306.514877394 1.0 0.0
307.348210394 0.0 0.0
308.18154339399996 1.0 1.0
309.014876394 0.0 0.0
309.848209394 1.0 0.0
310.68154239399996 0.0 0.0
311.51487539399994 1.0 1.0
312.348208394 0.0 0.0
313.18154139399996 1.0 0.0