0.18393413500000005 0.0 0.0
1.167539135 1.0 1.0
2.1511441350000005 0.0 0.0
3.1347491350000007 1.0 0.0
4.118354135000001 0.0 0.0
5.101959135 1.0 1.0
6.085564135000001 0.0 0.0
7.069169135000001 1.0 0.0
8.052774135 0.0 0.0
9.036379134999999 1.0 1.0
10.019984135 0.0 0.0
11.003589134999999 1.0 0.0
11.987194135 0.0 0.0
12.970799135 1.0 1.0
13.954404134999999 0.0 0.0
14.938009135 1.0 0.0
15.921614135 0.0 0.0
16.905219135000003 1.0 1.0
17.888824135 0.0 0.0
18.872429135 1.0 0.0
19.856034135 0.0 0.0
20.839639135000002 1.0 1.0
21.823244135000003 0.0 0.0
22.806849135 1.0 0.0
23.790454135 0.0 0.0
24.774059135 1.0 1.0
25.757664135000002 0.0 0.0
26.741269135000003 1.0 0.0
27.724874135 0.0 0.0
28.708479135 1.0 1.0
29.692084135 0.0 0.0
30.675689135000002 1.0 0.0
31.659294135 0.0 0.0
32.642899135 1.0 1.0
33.626504135 0.0 0.0
34.610109135 1.0 0.0
35.593714135 0.0 0.0
36.577319134999996 1.0 1.0
37.560924135 0.0 0.0
38.544529135 1.0 0.0
39.528134135 0.0 0.0
40.511739135 1.0 1.0
41.495344134999996 0.0 0.0
42.478949135 1.0 0.0
43.462554135 0.0 0.0
44.446159135 1.0 1.0
45.429764135 0.0 0.0
46.413369134999996 1.0 0.0
47.396974135 0.0 0.0
48.380579135 1.0 0.0
49.364184135 0.0 0.0
50.347789135 1.0 1.0
51.331394135 0.0 0.0
52.314999135 1.0 0.0
53.298604135 0.0 0.0
54.282209135 1.0 1.0
55.265814135 0.0 0.0
56.249419135 1.0 0.0
57.233024135 0.0 0.0
58.216629135 1.0 1.0
59.200234135 0.0 0.0
60.183839135 1.0 0.0
61.167444135 0.0 0.0
62.151049135 1.0 1.0
63.134654135 0.0 0.0
64.118259135 1.0 0.0
65.101864135 0.0 0.0
66.085469135 1.0 1.0
67.069074135 0.0 0.0
68.052679135 1.0 0.0
69.036284135 0.0 0.0
70.01988913500001 1.0 1.0
71.00349413500001 0.0 0.0
71.98709913500001 1.0 0.0
72.970704135 0.0 0.0
73.954309135 1.0 1.0
74.93791413500001 0.0 0.0
75.92151913500001 1.0 0.0
76.90512413500001 0.0 0.0
77.888729135 1.0 1.0
78.872334135 0.0 0.0
79.85593913500001 1.0 0.0
80.83954413500001 0.0 0.0
81.82314913500001 1.0 1.0
82.806754135 0.0 0.0
83.790359135 1.0 0.0
84.77396413500001 0.0 0.0
85.75756913500001 1.0 1.0
86.74117413500001 0.0 0.0
87.724779135 1.0 0.0
88.708384135 0.0 0.0
89.69198913500001 1.0 1.0
90.67559413500001 0.0 0.0
91.65919913500001 1.0 0.0
92.642804135 0.0 0.0
93.626409135 1.0 1.0
94.61001413500001 0.0 0.0
95.59361913500001 1.0 0.0
96.57722413500001 0.0 0.0
97.560829135 1.0 0.0
98.544434135 0.0 0.0
99.52803913500001 1.0 1.0
100.51164413500001 0.0 0.0
101.49524913500001 1.0 0.0
102.478854135 0.0 0.0
103.462459135 1.0 1.0
104.44606413500001 0.0 0.0
105.42966913500001 1.0 0.0
106.41327413500001 0.0 0.0
107.396879135 1.0 1.0
108.380484135 0.0 0.0
109.36408913500001 1.0 0.0
110.34769413500001 0.0 0.0
111.33129913500001 1.0 1.0
112.314904135 0.0 0.0
113.298509135 1.0 0.0
114.28211413500001 0.0 0.0
115.26571913500001 1.0 1.0
116.24932413500001 0.0 0.0
117.232929135 1.0 0.0
118.216534135 0.0 0.0
119.20013913500001 1.0 1.0
120.18374413500001 0.0 0.0
121.16734913500001 1.0 0.0
122.150954135 0.0 0.0
123.134559135 1.0 1.0
124.11816413500001 0.0 0.0
125.10176913500001 1.0 0.0
126.08537413500002 0.0 0.0
127.06897913500002 1.0 1.0
128.05258413500002 0.0 0.0
129.03618913500003 1.0 0.0
130.019794135 0.0 0.0
131.00339913500002 1.0 1.0
131.98700413500003 0.0 0.0
132.97060913500002 1.0 0.0
133.95421413500003 0.0 0.0
134.937819135 1.0 1.0
135.92142413500002 0.0 0.0
136.90502913500004 1.0 0.0
137.88863413500002 0.0 0.0
138.87223913500003 1.0 1.0
139.855844135 0.0 0.0
140.83944913500002 1.0 0.0
141.82305413500004 0.0 0.0
142.80665913500002 1.0 1.0
143.79026413500003 0.0 0.0
144.773869135 1.0 0.0
145.75747413500002 0.0 0.0
146.74107913500004 1.0 1.0
147.72468413500002 0.0 0.0
148.70828913500003 1.0 0.0
149.691894135 0.0 0.0
150.67549913500002 1.0 1.0
151.65910413500004 0.0 0.0
152.64270913500002 1.0 0.0
153.62631413500003 0.0 0.0
154.60991913500004 1.0 1.0
155.59352413500002 0.0 0.0
156.57712913500004 1.0 0.0
157.56073413500002 0.0 0.0
158.54433913500003 1.0 0.0
159.52794413500004 0.0 0.0
160.51154913500002 1.0 1.0
161.49515413500004 0.0 0.0
162.47875913500002 1.0 0.0
163.46236413500003 0.0 0.0
164.44596913500004 1.0 1.0
165.42957413500002 0.0 0.0
166.41317913500004 1.0 0.0
167.39678413500002 0.0 0.0
168.38038913500003 1.0 1.0
169.36399413500004 0.0 0.0
170.34759913500002 0.0 0.0