0.389 0.0 0.0
1.389 1.0 0.0
2.3890000000000002 0.0 0.0
3.3890000000000002 1.0 1.0
4.50004618525 0.0 0.0
5.517049113666667 1.0 0.0
6.5339971136666675 0.0 0.0
7.550945113666668 1.0 1.0
8.827389652333334 0.0 0.0
9.765087458333333 1.0 0.0
10.702587458333333 0.0 0.0
11.640087458333333 1.0 1.0
12.8644100475 0.0 0.0
13.832301817166666 1.0 0.0
14.800043817166666 0.0 0.0
16.104195463666667 1.0 1.0
17.104373000000002 0.0 0.0
18.104373 1.0 0.0
19.104373000000002 0.0 0.0
20.104373000000002 1.0 1.0
21.104373000000002 0.0 0.0
22.104373000000002 1.0 0.0
23.175760333083332 0.0 0.0
24.247189333083334 1.0 1.0
25.129651627999998 0.0 0.0
26.1640448855 1.0 0.0
27.1985268855 0.0 0.0
28.233008885500002 1.0 1.0
29.267490885500003 0.0 0.0
30.35836696975 1.0 0.0
31.358420000000002 0.0 0.0
32.35842 1.0 1.0
33.35842000000001 0.0 0.0
34.46946618525001 1.0 0.0
35.48646911366668 0.0 0.0
36.50341711366668 1.0 1.0
37.556027298583345 0.0 0.0
38.55605800000001 1.0 0.0
39.55605800000001 0.0 0.0
40.70981425650001 1.0 1.0
41.66231277775001 0.0 0.0
42.69674688550001 1.0 0.0
43.73122888550001 0.0 0.0
44.76571088550001 1.0 1.0
45.80019288550001 0.0 0.0
46.834674885500014 1.0 0.0
47.86915688550001 0.0 0.0
48.903638885500015 1.0 1.0
49.93812088550001 0.0 0.0
50.97260288550002 1.0 0.0
52.007084885500014 0.0 0.0
53.04156688550002 1.0 1.0
54.076048885500015 0.0 0.0
55.11053088550001 1.0 0.0
56.145012885500016 0.0 0.0
57.17949488550001 1.0 1.0
58.21397688550002 0.0 0.0
59.248458885500014 1.0 0.0
60.28294088550001 0.0 0.0
61.317422885500015 1.0 1.0
62.35190488550002 0.0 0.0
63.386386885500016 1.0 0.0
64.42086888550001 0.0 0.0
65.45535088550002 1.0 1.0
66.48983288550001 0.0 0.0
67.5243148855 1.0 0.0
68.55879688550002 0.0 0.0
69.59327888550001 1.0 1.0
70.62776088550001 0.0 0.0
71.6622428855 1.0 0.0
72.6967248855 0.0 0.0
73.7312068855 1.0 1.0
74.76568888550001 0.0 0.0
75.80017088550001 1.0 0.0
76.83465288550002 0.0 0.0
77.86913488550002 1.0 1.0
78.90361688550001 0.0 0.0
79.93809888550001 1.0 0.0
80.97258088550001 0.0 0.0
82.0070628855 1.0 1.0
83.0415448855 0.0 0.0
84.07602688550001 1.0 0.0
85.11050888550001 0.0 0.0
86.14499088550002 1.0 1.0
87.17947288550002 0.0 0.0
88.21395488550002 1.0 0.0
89.24843688550001 0.0 0.0
90.28291888550001 1.0 1.0
91.3174008855 0.0 0.0
92.3518828855 1.0 0.0
93.38636488550002 0.0 0.0
94.42084688550001 1.0 1.0
95.45532888550002 0.0 0.0
96.48981088550002 1.0 0.0
97.52429288550002 0.0 0.0
98.55877488550001 1.0 1.0
99.59325688550001 0.0 0.0
100.62773888550001 1.0 0.0
101.6622208855 0.0 0.0
102.69670288550002 1.0 1.0
103.73118488550001 0.0 0.0
104.76566688550002 1.0 0.0
105.80014888550002 0.0 0.0
106.83463088550002 1.0 1.0
107.86911288550002 0.0 0.0
108.90359488550001 1.0 0.0
109.93807688550001 0.0 0.0
110.9725588855 1.0 1.0
112.0070408855 0.0 0.0
113.04152288550002 1.0 0.0
114.07600488550001 0.0 0.0
115.11048688550002 1.0 1.0
116.14496888550002 0.0 0.0
117.17945088550002 1.0 0.0
118.21393288550001 0.0 0.0
119.24841488550003 1.0 1.0
120.28289688550002 0.0 0.0
121.31737888550002 1.0 0.0
122.35186088550002 0.0 0.0
123.38634288550001 1.0 1.0
124.42082488550002 0.0 0.0
125.45530688550002 1.0 0.0
126.48978888550002 0.0 0.0
127.52427088550002 1.0 1.0
128.55875288550004 0.0 0.0
129.5932348855 1.0 0.0
130.62771688550004 0.0 0.0
131.6621988855 1.0 1.0
132.69668088550003 0.0 0.0
133.73116288550005 1.0 0.0
134.76564488550002 0.0 0.0
135.80012688550005 1.0 1.0
136.83460888550002 0.0 0.0
137.86909088550004 1.0 0.0
138.90357288550004 0.0 0.0
139.93805488550004 1.0 1.0
140.97253688550003 0.0 0.0
142.00701888550003 1.0 0.0
143.04150088550006 0.0 0.0
144.07598288550003 1.0 1.0
145.11046488550005 0.0 0.0
146.14494688550002 1.0 0.0
147.17942888550004 0.0 0.0
148.21391088550004 1.0 1.0
149.24839288550004 0.0 0.0
150.28287488550004 1.0 0.0
151.31735688550003 0.0 0.0
152.35183888550006 1.0 1.0
153.38632088550003 0.0 0.0
154.42080288550005 1.0 0.0
155.45528488550002 0.0 0.0
156.48976688550005 1.0 1.0
157.52424888550004 0.0 0.0
158.55873088550004 1.0 0.0
159.59321288550004 0.0 0.0
160.62769488550003 1.0 1.0
161.66217688550006 0.0 0.0
162.69665888550003 1.0 0.0
163.73114088550005 0.0 0.0
164.76562288550002 1.0 1.0
165.80010488550005 0.0 0.0
166.83458688550004 1.0 0.0
167.86906888550004 0.0 0.0
168.90355088550004 1.0 0.0
169.93803288550004 0.0 0.0
170.97251488550003 1.0 1.0
172.00699688550006 0.0 0.0
173.04147888550006 1.0 0.0
174.07596088550005 0.0 0.0
175.11044288550005 1.0 1.0
176.14492488550005 0.0 0.0
177.17940688550004 1.0 0.0
178.21388888550004 0.0 0.0
179.24837088550004 1.0 1.0
180.28285288550003 0.0 0.0
181.31733488550006 1.0 0.0
182.35181688550006 0.0 0.0
183.38629888550005 1.0 1.0
184.42078088550005 0.0 0.0
185.45526288550008 1.0 0.0
186.48974488550007 0.0 0.0
187.52422688550007 1.0 1.0
188.55870888550007 0.0 0.0