0.36290325 1.0 0.0
0.8467742500000001 0.0 0.0
1.3306452500000001 1.0 1.0
1.8145162500000003 0.0 0.0
2.29838725 1.0 0.0
2.7822582500000004 0.0 0.0
3.2661292500000005 1.0 0.0
3.7500002500000003 0.0 0.0
4.233871250000001 1.0 1.0
4.717742250000001 0.0 0.0
5.20161325 1.0 0.0
5.685484250000001 0.0 0.0
6.169355250000001 1.0 1.0
6.65322625 0.0 0.0
7.137097250000001 1.0 0.0
7.620968250000001 0.0 0.0
8.104839250000001 1.0 1.0
8.58871025 0.0 0.0
9.07258125 1.0 0.0
9.556452250000001 0.0 0.0
10.040323250000002 1.0 1.0
10.52419425 0.0 0.0
11.008065250000001 1.0 0.0
11.491936250000002 0.0 0.0
11.97580725 1.0 1.0
12.459678250000001 0.0 0.0
12.943549250000002 1.0 0.0
13.42742025 0.0 0.0
13.911291250000001 1.0 1.0
14.395162250000002 0.0 0.0
14.87903325 1.0 0.0
15.362904250000001 0.0 0.0
15.846775250000002 1.0 1.0
16.33064625 0.0 0.0
16.81451725 1.0 0.0
17.298388250000002 0.0 0.0
17.782259250000003 1.0 1.0
18.266130250000003 0.0 0.0
18.75000125 1.0 0.0
19.23387225 0.0 0.0
19.71774325 1.0 1.0
20.201614250000002 0.0 0.0
20.685485250000003 1.0 0.0
21.169356250000003 0.0 0.0
21.653227250000004 1.0 1.0
22.13709825 0.0 0.0
22.62096925 1.0 0.0
23.104840250000002 0.0 0.0
23.588711250000003 1.0 1.0
24.072582250000004 0.0 0.0
24.556453250000004 1.0 0.0
25.04032425 0.0 0.0
25.524195250000002 1.0 1.0
26.008066250000002 0.0 0.0
26.491937250000003 1.0 0.0
26.975808250000004 0.0 0.0
27.459679250000004 1.0 1.0
27.94355025 0.0 0.0
28.427421250000002 1.0 0.0
28.911292250000002 0.0 0.0
29.395163250000003 1.0 1.0
29.879034250000004 0.0 0.0
30.362905250000004 1.0 0.0
30.846776250000005 0.0 0.0
31.330647250000002 1.0 1.0
31.814518250000003 0.0 0.0
32.29838925000001 1.0 0.0
32.78226025 0.0 0.0
33.26613125 1.0 1.0
33.75000225 0.0 0.0
34.23387325 1.0 0.0
34.71774425 0.0 0.0
35.20161525 1.0 1.0
35.685486250000004 0.0 0.0
36.169357250000004 1.0 0.0
36.653228250000005 0.0 0.0
37.137099250000006 1.0 1.0
37.620970250000006 0.0 0.0
38.10484125000001 1.0 0.0
38.58871225000001 0.0 0.0
39.07258325 1.0 1.0
39.55645425 0.0 0.0
40.04032525 1.0 0.0
40.52419625 0.0 0.0
41.00806725 1.0 1.0
41.491938250000004 0.0 0.0
41.975809250000005 1.0 0.0
42.459680250000005 0.0 0.0
42.943551250000006 1.0 1.0
43.427422250000006 0.0 0.0
43.91129325000001 1.0 0.0
44.39516425000001 0.0 0.0
44.87903525 1.0 1.0
45.36290625 0.0 0.0
45.84677725 1.0 0.0
46.33064825 0.0 0.0
46.814519250000004 1.0 1.0
47.298390250000004 0.0 0.0
47.782261250000005 1.0 0.0
48.266132250000005 0.0 0.0
48.750003250000006 1.0 1.0
49.23387425000001 0.0 0.0
49.71774525000001 1.0 0.0
50.20161625000001 0.0 0.0
50.68548725000001 1.0 1.0
51.16935825 0.0 0.0
51.65322925 1.0 0.0
52.13710025 0.0 0.0
52.620971250000004 1.0 1.0
53.104842250000004 0.0 0.0
53.588713250000005 1.0 0.0
54.072584250000006 0.0 0.0
54.556455250000006 1.0 1.0
55.04032625000001 0.0 0.0
55.52419725000001 1.0 0.0
56.00806825000001 0.0 0.0
56.49193925000001 1.0 1.0
56.97581025000001 0.0 0.0
57.45968125 1.0 0.0
57.94355225 0.0 0.0
58.427423250000004 1.0 1.0
58.911294250000005 0.0 0.0
59.395165250000005 1.0 0.0
59.879036250000006 0.0 0.0
60.362907250000006 1.0 1.0
60.84677825000001 0.0 0.0
61.33064925000001 1.0 0.0
61.81452025000001 0.0 0.0
62.29839125000001 1.0 1.0
62.78226225000001 0.0 0.0
63.26613325000001 1.0 0.0
63.75000425 0.0 0.0
64.23387525000001 1.0 1.0
64.71774625 0.0 0.0
65.20161725000001 1.0 0.0
65.68548825 0.0 0.0
66.16935925000001 1.0 1.0
66.65323025000001 0.0 0.0
67.13710125 1.0 0.0
67.62097225000001 0.0 0.0
68.10484325 1.0 1.0
68.58871425000001 0.0 0.0
69.07258525 0.0 0.0
69.55645625000001 1.0 1.0
70.04032725 0.0 0.0
70.52419825000001 1.0 0.0
71.00806925 0.0 0.0
71.49194025000001 1.0 1.0
71.97581125 0.0 0.0
72.45968225000001 1.0 0.0
72.94355325000001 0.0 0.0
73.42742425 1.0 1.0
73.91129525000001 0.0 0.0
74.39516625 1.0 0.0
74.87903725000001 0.0 0.0
75.36290825 1.0 1.0
75.84677925000001 0.0 0.0
76.33065025 1.0 0.0
76.81452125000001 0.0 0.0
77.29839225 1.0 1.0
77.78226325000001 0.0 0.0
78.26613425000001 1.0 0.0
78.75000525000002 0.0 0.0
79.23387625000001 1.0 1.0
79.71774725 0.0 0.0
80.20161825000001 1.0 0.0
80.68548925 0.0 0.0
81.16936025000001 1.0 1.0
81.65323125 0.0 0.0
82.13710225000001 1.0 0.0
82.62097325 0.0 0.0
83.10484425000001 1.0 1.0
83.58871525 0.0 0.0
84.07258625000001 1.0 0.0
84.55645725000001 0.0 0.0
85.04032825000002 1.0 1.0
85.52419925000001 0.0 0.0
86.00807025 1.0 0.0
86.49194125000001 0.0 0.0
86.97581225 1.0 1.0
87.45968325000001 0.0 0.0
87.94355425 1.0 0.0
88.42742525000001 0.0 0.0
88.91129625 1.0 1.0
89.39516725000001 0.0 0.0
89.87903825000001 1.0 0.0
90.36290925000002 0.0 0.0
90.84678025000001 1.0 1.0
91.33065125 0.0 0.0
91.81452225000001 1.0 0.0
92.29839325 0.0 0.0
92.78226425000001 1.0 1.0
93.26613525 0.0 0.0
93.75000625000001 1.0 0.0
94.23387725 0.0 0.0
94.71774825000001 1.0 1.0
95.20161925000001 0.0 0.0
95.68549025000002 1.0 0.0
96.16936125000001 0.0 0.0
96.65323225000002 1.0 1.0
97.13710325000001 0.0 0.0
97.62097425 1.0 0.0
98.10484525000001 0.0 0.0
98.58871625 1.0 1.0
99.07258725000001 0.0 0.0
99.55645825 1.0 0.0
100.04032925000001 0.0 0.0
100.52420025 1.0 1.0
101.00807125000001 0.0 0.0
101.49194225000001 1.0 0.0
101.97581325000002 0.0 0.0
102.45968425000001 1.0 1.0
102.94355525000002 0.0 0.0
103.42742625000001 1.0 0.0
103.91129725 0.0 0.0
104.39516825000001 1.0 1.0
104.87903925 0.0 0.0
105.36291025000001 1.0 0.0
105.84678125 0.0 0.0
106.33065225000001 1.0 1.0
106.81452325000001 0.0 0.0
107.29839425000002 1.0 0.0
107.78226525000001 0.0 0.0
108.26613625000002 1.0 1.0
108.75000725000001 0.0 0.0
109.23387825000002 1.0 0.0
109.71774925000001 0.0 0.0
110.20162025 1.0 1.0
110.68549125000001 0.0 0.0
111.16936225 1.0 0.0
111.65323325000001 0.0 0.0
112.13710425000001 1.0 1.0
112.62097525000001 0.0 0.0
113.10484625000001 1.0 0.0
113.58871725000002 0.0 0.0
114.07258825000001 1.0 1.0
114.55645925000002 0.0 0.0
115.04033025000001 1.0 0.0
115.52420125000002 0.0 0.0
116.00807225000001 1.0 1.0
116.49194325 0.0 0.0
116.97581425000001 1.0 0.0
117.45968525 0.0 0.0
117.94355625000001 1.0 1.0
118.42742725000001 0.0 0.0
118.91129825000002 1.0 0.0
119.39516925000001 0.0 0.0
119.87904025000002 1.0 1.0
120.36291125000001 0.0 0.0
120.84678225000002 1.0 0.0
121.33065325000001 0.0 0.0
121.81452425000002 1.0 1.0
122.29839525000001 0.0 0.0
122.78226625 1.0 0.0
123.26613725000001 0.0 0.0
123.75000825000001 1.0 1.0
124.23387925000002 0.0 0.0
124.71775025000001 1.0 0.0
125.20162125000002 0.0 0.0
125.68549225000001 1.0 1.0
126.16936325000002 0.0 0.0
126.65323425000001 1.0 0.0
127.13710525000002 0.0 0.0
127.62097625000001 1.0 1.0
128.10484725 0.0 0.0
128.58871825 1.0 0.0
129.07258925000002 0.0 0.0
129.55646025000001 1.0 1.0
130.04033125 0.0 0.0
130.52420225 1.0 0.0
131.00807325000002 0.0 0.0
131.49194425000002 1.0 1.0
131.97581525 0.0 0.0
132.45968625 1.0 0.0
132.94355725000003 0.0 0.0
133.42742825000002 1.0 1.0
133.91129925 0.0 0.0
134.39517025 1.0 0.0
134.87904125 0.0 0.0
135.36291225000002 1.0 1.0
135.84678325000002 0.0 0.0
136.33065425 1.0 0.0
136.81452525 0.0 0.0
137.29839625000002 1.0 1.0
137.78226725000002 0.0 0.0
138.26613825 1.0 0.0
138.75000925 0.0 0.0
139.23388025000003 1.0 1.0
139.71775125000002 0.0 0.0
140.20162225 1.0 0.0
140.68549325 0.0 0.0
141.16936425 1.0 1.0
141.65323525000002 0.0 0.0
142.13710625000002 1.0 0.0
142.62097725 0.0 0.0
143.10484825 1.0 1.0
143.58871925000003 0.0 0.0
144.07259025000002 1.0 0.0
144.55646125 0.0 0.0
145.04033225 1.0 1.0
145.52420325000003 0.0 0.0
146.00807425000002 1.0 0.0
146.49194525000001 0.0 0.0
146.97581625 1.0 1.0
147.45968725 0.0 0.0
147.94355825000002 1.0 0.0
148.42742925000002 0.0 0.0
148.91130025 1.0 1.0
149.39517125 0.0 0.0
149.87904225000003 1.0 0.0
150.36291325000002 0.0 0.0
150.84678425 1.0 1.0
151.33065525 0.0 0.0
151.81452625000003 1.0 0.0
152.29839725000002 0.0 0.0
152.78226825000002 1.0 1.0
153.26613925 0.0 0.0
153.75001025 1.0 0.0
154.23388125000002 0.0 0.0
154.71775225000002 1.0 1.0
155.20162325 0.0 0.0
155.68549425 1.0 0.0
156.16936525000003 0.0 0.0
156.65323625000002 1.0 1.0
157.13710725 0.0 0.0
157.62097825 1.0 0.0
158.10484925000003 0.0 0.0
158.58872025000002 1.0 1.0
159.07259125000002 0.0 0.0
159.55646225 1.0 0.0
160.04033325 0.0 0.0
160.52420425000003 1.0 1.0
161.00807525000002 0.0 0.0
161.49194625 1.0 0.0
161.97581725 0.0 0.0
162.45968825000003 1.0 1.0
162.94355925000002 0.0 0.0
163.42743025000001 1.0 0.0
163.91130125 0.0 0.0
164.39517225000003 1.0 1.0
164.87904325000002 0.0 0.0
165.36291425000002 1.0 0.0
165.84678525 0.0 0.0
166.33065625 1.0 1.0
166.81452725000003 0.0 0.0
167.29839825000002 1.0 0.0
167.78226925 0.0 0.0
168.26614025 1.0 1.0
168.75001125000003 0.0 0.0
169.23388225000002 1.0 0.0
169.71775325000002 0.0 0.0
170.20162425 1.0 1.0
170.68549525000003 0.0 0.0
171.16936625000002 1.0 0.0
171.65323725000002 0.0 0.0
172.13710825 1.0 1.0
172.62097925 0.0 0.0
173.10485025000003 1.0 0.0
173.58872125000002 0.0 0.0
174.07259225 1.0 1.0
174.55646325 0.0 0.0
175.04033425000003 1.0 0.0
175.52420525000002 0.0 0.0
176.00807625000002 1.0 1.0
176.49194725 0.0 0.0
176.97581825000003 1.0 0.0
177.45968925000003 0.0 0.0
177.94356025000002 1.0 1.0
178.42743125 0.0 0.0
178.91130225 1.0 0.0
179.39517325000003 0.0 0.0
179.87904425000002 1.0 1.0
180.36291525000001 0.0 0.0
180.84678625 1.0 0.0
181.33065725000003 0.0 0.0
181.81452825000002 1.0 1.0
182.29839925000002 0.0 0.0
182.78227025 1.0 0.0
183.26614125000003 0.0 0.0
183.75001225000003 1.0 1.0
184.23388325000002 0.0 0.0
184.71775425 1.0 0.0
185.20162525 0.0 0.0
185.68549625000003 1.0 1.0
186.16936725000002 0.0 0.0
186.65323825000002 1.0 0.0
187.13710925 0.0 0.0
187.62098025000003 1.0 1.0
188.10485125000002 0.0 0.0
188.58872225000002 1.0 0.0
189.07259325 0.0 0.0
189.55646425000003 1.0 1.0
190.04033525000003 0.0 0.0
190.52420625000002 1.0 0.0
191.00807725 0.0 0.0
191.49194825 1.0 1.0
191.97581925000003 0.0 0.0
192.45969025000002 1.0 0.0
192.94356125000002 0.0 0.0
193.42743225 1.0 1.0
193.91130325000003 0.0 0.0
194.39517425000003 1.0 0.0
194.87904525000002 0.0 0.0
195.36291625 1.0 1.0
195.84678725000003 0.0 0.0
196.33065825000003 1.0 0.0
196.81452925000002 0.0 0.0
197.29840025000001 1.0 1.0
197.78227125 0.0 0.0
198.26614225000003 1.0 0.0
198.75001325000002 0.0 0.0
199.23388425000002 1.0 1.0
199.71775525 0.0 0.0
200.20162625000003 1.0 0.0
200.68549725000003 0.0 0.0
201.16936825000002 1.0 1.0
201.65323925 0.0 0.0
202.13711025000003 1.0 0.0
202.62098125000003 0.0 0.0
203.10485225000002 1.0 1.0
203.58872325000002 0.0 0.0
204.07259425 1.0 0.0
204.55646525000003 0.0 0.0
205.04033625000002 1.0 1.0
205.52420725000002 0.0 0.0
206.00807825 1.0 0.0
206.49194925000003 0.0 0.0
206.97582025000003 1.0 1.0
207.45969125000002 0.0 0.0
207.94356225 1.0 0.0
208.42743325000004 0.0 0.0
208.91130425000003 1.0 1.0
209.39517525000002 0.0 0.0
209.87904625000002 1.0 0.0
210.36291725 0.0 0.0
210.84678825000003 1.0 1.0
211.33065925000002 0.0 0.0
211.81453025000002 1.0 0.0
212.29840125 0.0 0.0
212.78227225000003 1.0 1.0
213.26614325000003 0.0 0.0
213.75001425000002 1.0 0.0
214.23388525000001 0.0 0.0
214.71775625000004 1.0 1.0
215.20162725000003 0.0 0.0
215.68549825000002 1.0 0.0
216.16936925000002 0.0 0.0
216.65324025 1.0 1.0
217.13711125000003 0.0 0.0
217.62098225000003 1.0 0.0
218.10485325000002 0.0 0.0
218.58872425 1.0 1.0
219.07259525000003 0.0 0.0
219.55646625000003 1.0 0.0
220.04033725000002 0.0 0.0
220.52420825000002 1.0 1.0
221.00807925000004 0.0 0.0
221.49195025000003 1.0 0.0
221.97582125000002 0.0 0.0
222.45969225000002 1.0 1.0
222.94356325 0.0 0.0
223.42743425000003 1.0 0.0
223.91130525000003 0.0 0.0
224.39517625000002 1.0 1.0
224.87904725 0.0 0.0
225.36291825000004 1.0 0.0
225.84678925000003 0.0 0.0
226.33066025000002 1.0 1.0
226.81453125000002 0.0 0.0
227.29840225000004 1.0 0.0
227.78227325000003 0.0 0.0
228.26614425000002 1.0 0.0
228.75001525000002 0.0 0.0