0.24473663000000004 0.0 0.0
1.03420963 0.0 0.0
1.8236826300000002 1.0 0.0
2.61315563 0.0 0.0
3.4026286300000006 1.0 1.0
4.192101630000001 0.0 0.0
4.981574630000001 1.0 0.0
5.771047630000001 0.0 0.0
6.560520630000001 1.0 1.0
7.349993630000001 0.0 0.0
8.139466630000001 1.0 0.0
8.92893963 0.0 0.0
9.718412630000001 1.0 1.0
10.50788563 0.0 0.0
11.297358630000002 1.0 0.0
12.08683163 0.0 0.0
12.87630463 1.0 1.0
13.6736465625 0.0 0.0
14.482222495833334 1.0 0.0
15.293032495833334 0.0 0.0
16.103842495833334 1.0 1.0
16.914652495833334 0.0 0.0
17.725462495833334 1.0 0.0
18.528935208333333 0.0 0.0
19.328935208333334 1.0 1.0
20.128935208333335 0.0 0.0
20.928935208333336 1.0 0.0
21.728935208333333 0.0 0.0
22.528935208333333 1.0 1.0
23.328935208333334 0.0 0.0
24.128935208333335 1.0 0.0
24.928935208333336 0.0 0.0
25.728935208333336 1.0 1.0
26.528935208333337 0.0 0.0
27.328935208333338 1.0 0.0
28.12893520833334 0.0 0.0
28.928935208333336 1.0 1.0
29.72893520833334 0.0 0.0
30.528935208333337 1.0 0.0
31.328935208333338 0.0 0.0
32.12893520833334 1.0 1.0
32.92893520833334 0.0 0.0
33.72893520833334 1.0 0.0
34.52893520833334 0.0 0.0
35.328935208333334 1.0 1.0
36.12893520833334 0.0 0.0
36.92893520833334 1.0 0.0
37.72893520833334 0.0 0.0
38.52893520833334 1.0 1.0
39.328935208333334 0.0 0.0
40.12893520833334 1.0 0.0
40.92893520833334 0.0 0.0
41.72893520833334 1.0 1.0
42.52893520833334 0.0 0.0
43.328935208333334 1.0 0.0
44.12893520833334 0.0 0.0
44.92893520833334 1.0 1.0
45.72893520833334 0.0 0.0
46.52893520833334 1.0 0.0
47.328935208333334 0.0 0.0
48.12893520833334 1.0 1.0
48.92893520833334 0.0 0.0
49.72893520833334 1.0 0.0
50.52893520833334 0.0 0.0
51.328935208333334 1.0 1.0
52.128935208333345 0.0 0.0
52.92893520833334 1.0 0.0
53.72893520833334 0.0 0.0
54.52893520833334 1.0 1.0
55.328935208333334 0.0 0.0
56.128935208333345 1.0 0.0
56.92893520833334 0.0 0.0
57.72893520833334 1.0 1.0
58.52893520833334 0.0 0.0
59.328935208333334 1.0 0.0
60.128935208333345 0.0 0.0
60.92893520833334 1.0 1.0
61.72893520833334 0.0 0.0
62.52893520833334 1.0 0.0
63.328935208333334 0.0 0.0
64.12893520833335 1.0 1.0
64.92893520833334 0.0 0.0
65.72893520833334 1.0 0.0
66.52893520833334 0.0 0.0
67.32893520833333 1.0 1.0
68.12893520833335 0.0 0.0
68.92893520833334 1.0 0.0
69.72893520833334 0.0 0.0
70.52893520833334 1.0 1.0
71.32893520833333 0.0 0.0
72.12893520833335 1.0 0.0
72.92893520833334 0.0 0.0
73.72893520833334 1.0 1.0
74.52893520833334 0.0 0.0
75.32893520833333 1.0 0.0
76.12893520833335 0.0 0.0
76.92893520833334 1.0 1.0
77.72893520833334 0.0 0.0
78.52893520833334 1.0 0.0
79.32893520833333 0.0 0.0
80.12893520833335 1.0 1.0
80.92893520833334 0.0 0.0
81.72893520833334 1.0 0.0
82.52893520833334 0.0 0.0
83.32893520833333 1.0 1.0
84.12893520833333 0.0 0.0
84.92893520833333 1.0 0.0
85.72893520833334 0.0 0.0
86.52893520833334 1.0 1.0
87.32893520833333 0.0 0.0
88.12893520833333 1.0 0.0
88.92893520833333 0.0 0.0
89.72893520833334 1.0 1.0
90.52893520833334 0.0 0.0
91.32893520833333 1.0 0.0
92.12893520833333 0.0 0.0
92.92893520833333 1.0 1.0
93.72893520833334 0.0 0.0
94.52893520833334 1.0 0.0
95.32893520833333 0.0 0.0
96.12893520833333 1.0 1.0
96.92893520833333 0.0 0.0
97.72893520833334 1.0 0.0
98.52893520833334 0.0 0.0
99.32893520833333 1.0 1.0
100.12893520833333 0.0 0.0
100.92893520833333 1.0 0.0
101.72893520833334 0.0 0.0
102.52893520833334 1.0 1.0
103.32893520833333 0.0 0.0
104.12893520833333 1.0 0.0
104.92893520833333 0.0 0.0
105.72893520833334 1.0 1.0
106.52893520833334 0.0 0.0
107.32893520833333 1.0 0.0
108.12893520833333 0.0 0.0
108.92893520833333 1.0 1.0
109.72893520833334 0.0 0.0
110.52893520833334 1.0 0.0
111.32893520833333 0.0 0.0
112.12893520833333 1.0 1.0
112.92893520833333 0.0 0.0
113.72893520833334 1.0 0.0
114.52893520833334 0.0 0.0
115.32893520833333 1.0 1.0
116.12893520833333 0.0 0.0
116.92893520833333 1.0 0.0
117.72893520833334 0.0 0.0
118.52893520833334 1.0 1.0
119.32893520833333 0.0 0.0
120.12893520833333 1.0 0.0
120.92893520833333 0.0 0.0
121.72893520833334 1.0 1.0
122.52893520833334 0.0 0.0
123.32893520833333 1.0 0.0
124.12893520833333 0.0 0.0
124.92893520833333 1.0 1.0
125.72893520833334 0.0 0.0
126.52893520833334 1.0 0.0
127.32893520833333 0.0 0.0
128.12893520833333 1.0 1.0
128.92893520833334 0.0 0.0
129.72893520833335 1.0 0.0
130.52893520833334 0.0 0.0
131.32893520833335 1.0 1.0
132.12893520833333 0.0 0.0
132.92893520833334 1.0 0.0
133.72893520833335 0.0 0.0
134.52893520833334 1.0 1.0
135.32893520833335 0.0 0.0
136.12893520833333 1.0 0.0
136.92893520833334 0.0 0.0
137.72893520833335 1.0 1.0
138.52893520833334 0.0 0.0
139.32893520833335 1.0 0.0
140.12893520833333 0.0 0.0
140.92893520833334 1.0 1.0
141.72893520833335 0.0 0.0
142.52893520833334 1.0 0.0
143.32893520833335 0.0 0.0
144.12893520833333 1.0 1.0
144.92893520833334 0.0 0.0
145.72893520833335 1.0 0.0
146.52893520833334 0.0 0.0
147.32893520833335 1.0 1.0
148.12893520833333 0.0 0.0
148.92893520833334 1.0 0.0
149.72893520833333 0.0 0.0
150.52893520833334 1.0 1.0
151.32893520833335 0.0 0.0
152.12893520833333 1.0 0.0
152.92893520833334 0.0 0.0
153.72893520833333 1.0 1.0
154.52893520833334 0.0 0.0
155.32893520833335 1.0 0.0
156.12893520833333 0.0 0.0
156.92893520833334 1.0 1.0
157.72893520833333 0.0 0.0
158.52893520833334 1.0 0.0
159.32893520833335 0.0 0.0
160.12893520833333 1.0 1.0
160.92893520833334 0.0 0.0
161.72893520833333 1.0 0.0
162.52893520833334 0.0 0.0
163.32893520833335 1.0 1.0
164.12893520833333 0.0 0.0
164.92893520833334 1.0 0.0
165.72893520833333 0.0 0.0
166.52893520833334 1.0 1.0
167.32893520833335 0.0 0.0
168.12893520833333 1.0 0.0
168.92893520833334 0.0 0.0
169.72893520833333 1.0 1.0
170.52893520833334 0.0 0.0
171.32893520833335 1.0 0.0
172.12893520833333 0.0 0.0
172.92893520833334 1.0 1.0
173.72893520833333 0.0 0.0
174.52893520833334 1.0 0.0
175.32893520833335 0.0 0.0
176.12893520833333 1.0 1.0
176.92893520833334 0.0 0.0
177.72893520833333 1.0 0.0
178.52893520833334 0.0 0.0
179.32893520833335 1.0 1.0
180.12893520833333 0.0 0.0
180.92893520833334 1.0 0.0
181.72893520833333 0.0 0.0
182.52893520833334 1.0 1.0
183.32893520833335 0.0 0.0
184.12893520833333 1.0 0.0
184.92893520833334 0.0 0.0
185.72893520833333 1.0 1.0
186.52893520833334 0.0 0.0
187.32893520833335 1.0 0.0
188.12893520833333 0.0 0.0
188.92893520833334 1.0 1.0
189.72893520833333 0.0 0.0
190.52893520833334 1.0 0.0
191.32893520833335 0.0 0.0
192.12893520833333 1.0 1.0
192.92893520833334 0.0 0.0
193.72893520833333 1.0 0.0
194.52893520833334 0.0 0.0
195.32893520833335 1.0 0.0
196.12893520833333 0.0 0.0
196.92893520833334 1.0 1.0
197.72893520833333 0.0 0.0
198.52893520833334 1.0 0.0
199.32893520833335 0.0 0.0
200.12893520833333 1.0 1.0
200.92893520833334 0.0 0.0
201.72893520833333 1.0 0.0
202.52893520833334 0.0 0.0
203.32893520833335 1.0 1.0
204.12893520833333 0.0 0.0
204.92893520833334 1.0 0.0
205.72893520833333 0.0 0.0
206.52893520833334 1.0 1.0
207.32893520833335 0.0 0.0
208.12893520833333 1.0 0.0
208.92893520833334 0.0 0.0
209.72893520833333 1.0 1.0
210.52893520833334 0.0 0.0
211.32893520833335 1.0 0.0
212.12893520833333 0.0 0.0
212.92893520833334 1.0 1.0
213.72893520833333 0.0 0.0
214.52893520833334 1.0 0.0
215.32893520833335 0.0 0.0
216.12893520833333 1.0 1.0
216.92893520833334 0.0 0.0