0.09407398 1.0 1.0
0.8348139800000001 0.0 0.0
1.57555398 1.0 0.0
2.3162939799999998 0.0 0.0
3.05703398 1.0 1.0
3.79777398 0.0 0.0
4.53851398 1.0 0.0
5.27925398 0.0 0.0
6.019993980000001 1.0 1.0
6.76073398 0.0 0.0
7.50147398 1.0 0.0
8.24221398 0.0 0.0
8.982953980000001 1.0 1.0
9.72369398 0.0 0.0
10.46443398 1.0 0.0
11.205173980000001 0.0 0.0
11.945913979999998 1.0 1.0
12.686653979999999 0.0 0.0
13.42739398 1.0 0.0
14.168133979999999 0.0 0.0
14.90887398 1.0 1.0
15.64961398 0.0 0.0
16.39035398 1.0 0.0
17.13109398 0.0 0.0
17.871833979999998 1.0 1.0
18.61257398 0.0 0.0
19.35331398 1.0 0.0
20.094053979999998 0.0 0.0
20.83479398 1.0 1.0
21.57553398 0.0 0.0
22.31627398 1.0 0.0
23.05701398 0.0 0.0
23.797753980000003 1.0 1.0
24.538493980000002 0.0 0.0
25.279233980000004 1.0 0.0
26.019973980000007 0.0 0.0
26.760713980000006 1.0 1.0
27.501453980000004 0.0 0.0
28.242193980000007 1.0 0.0
28.982933980000006 0.0 0.0
29.723673980000004 1.0 1.0
30.464413980000007 0.0 0.0
31.205153980000006 1.0 0.0
31.945893980000005 0.0 0.0
32.68663398 1.0 1.0
33.427373980000006 0.0 0.0
34.16811398000001 1.0 0.0
34.90885398 0.0 0.0
35.649593980000006 1.0 1.0
36.39033398000001 0.0 0.0
37.131073980000004 1.0 0.0
37.871813980000006 0.0 0.0
38.61255398000001 1.0 1.0
39.353293980000004 0.0 0.0
40.094033980000006 1.0 0.0
40.83477398000001 0.0 0.0
41.575513980000004 1.0 1.0
42.316253980000006 0.0 0.0
43.05699398000001 1.0 0.0
43.797733980000004 0.0 0.0
44.538473980000006 1.0 1.0
45.27921398000001 0.0 0.0
46.019953980000004 1.0 0.0
46.760693980000006 0.0 0.0
47.50143398 1.0 1.0
48.242173980000004 0.0 0.0
48.98291398 1.0 0.0
49.72365398 0.0 0.0
50.464393980000004 1.0 1.0
51.20513398 0.0 0.0
51.94587398 1.0 0.0
52.686613980000004 0.0 0.0
53.42735398 1.0 1.0
54.16809398 0.0 0.0
54.908833980000004 1.0 0.0
55.64957398 0.0 0.0
56.39031398 1.0 1.0
57.131053980000004 0.0 0.0
57.87179398 1.0 0.0
58.61253398 0.0 0.0
59.353273980000004 1.0 1.0
60.09401398 0.0 0.0
60.83475398 1.0 0.0
61.575493980000005 0.0 0.0
62.31623398 1.0 1.0
63.05697398 0.0 0.0
63.797713980000005 1.0 0.0
64.53845398 0.0 0.0
65.27919398 1.0 1.0
66.01993398 0.0 0.0
66.76067398 1.0 0.0
67.50141398 0.0 0.0
68.24215398 1.0 1.0
68.98289398 0.0 0.0
69.72363398 1.0 0.0
70.46437398 0.0 0.0
71.20511398000001 1.0 1.0
71.94585398 0.0 0.0
72.68659398 1.0 0.0
73.42733398 0.0 0.0
74.16807398 1.0 1.0
74.90881398 0.0 0.0
75.64955398000001 1.0 0.0
76.39029398 0.0 0.0
77.13103398 1.0 1.0
77.87177398 0.0 0.0
78.61251398 1.0 0.0
79.35325398 0.0 0.0
80.09399398000001 1.0 1.0
80.83473398 0.0 0.0
81.57547398 1.0 0.0
82.31621398 0.0 0.0
83.05695398 1.0 1.0
83.79769398 0.0 0.0
84.53843398000001 1.0 0.0
85.27917398 0.0 0.0
86.01991398 1.0 1.0
86.76065398 0.0 0.0
87.50139398 1.0 0.0
88.24213398 0.0 0.0
88.98287398000001 1.0 1.0
89.72361398 0.0 0.0
90.46435398 1.0 0.0
91.20509398 0.0 0.0
91.94583398 1.0 1.0
92.68657398 0.0 0.0
93.42731398000001 1.0 0.0
94.16805398 0.0 0.0
94.90879398000001 1.0 1.0
95.64953398000002 0.0 0.0
96.39027398000002 1.0 0.0
97.13101398000002 0.0 0.0
97.87175398000001 1.0 1.0
98.61249398000001 0.0 0.0
99.35323398000001 1.0 0.0
100.09397398000002 0.0 0.0
100.83471398000002 1.0 1.0
101.57545398000002 0.0 0.0
102.31619398000001 1.0 0.0
103.05693398000001 0.0 0.0
103.79767398000001 1.0 1.0
104.53841398000002 0.0 0.0
105.27915398000002 1.0 0.0
106.01989398000002 0.0 0.0
106.76063398000001 1.0 1.0
107.50137398000001 0.0 0.0
108.24211398000001 1.0 0.0
108.98285398000002 0.0 0.0
109.72359398000002 1.0 1.0
110.46433398000002 0.0 0.0
111.20507398000001 1.0 0.0
111.94581398000001 0.0 0.0
112.68655398000001 1.0 1.0
113.42729398000002 0.0 0.0
114.16803398000002 1.0 0.0
114.90877398000002 0.0 0.0
115.64951398000001 1.0 1.0
116.39025398000001 0.0 0.0
117.13099398000001 1.0 0.0
117.87173398000002 0.0 0.0
118.61247398000002 1.0 1.0
119.35321398000002 0.0 0.0
120.09395398000001 1.0 0.0
120.83469398000001 0.0 0.0
121.57543398000001 1.0 1.0
122.31617398000002 0.0 0.0
123.05691398000002 1.0 0.0
123.79765398000002 0.0 0.0
124.53839398000001 1.0 1.0
125.27913398000001 0.0 0.0
126.01987398000001 1.0 0.0
126.76061398000002 0.0 0.0
127.50135398000002 1.0 1.0
128.24209398000002 0.0 0.0
128.98283398 1.0 0.0
129.72357398000003 0.0 0.0
130.46431398000001 1.0 1.0
131.20505398 0.0 0.0
131.94579398000002 1.0 0.0
132.68653398 0.0 0.0
133.42727398000002 1.0 1.0
134.16801398 0.0 0.0
134.90875398000003 1.0 0.0
135.64949398000002 0.0 0.0
136.39023398 1.0 1.0
137.13097398000002 0.0 0.0
137.87171398 1.0 0.0
138.61245398000003 0.0 0.0
139.35319398000001 1.0 1.0
140.09393398 0.0 0.0
140.83467398000002 1.0 0.0
141.57541398 0.0 0.0
142.31615398000002 1.0 1.0
143.05689398 0.0 0.0
143.79763398000003 1.0 0.0
144.53837398000002 0.0 0.0
145.27911398 1.0 1.0
146.01985398000002 0.0 0.0
146.76059398 1.0 0.0
147.50133398000003 0.0 0.0
148.24207398000001 1.0 1.0
148.98281398 0.0 0.0
149.72355398000002 1.0 0.0
150.46429398 0.0 0.0
151.20503398000002 1.0 1.0
151.94577398 0.0 0.0
152.68651398000003 1.0 0.0
153.42725398000002 0.0 0.0
154.16799398 1.0 1.0
154.90873398000002 0.0 0.0
155.64947398 1.0 0.0
156.39021398000003 0.0 0.0
157.13095398000002 1.0 1.0
157.87169398 0.0 0.0
158.61243398000002 1.0 0.0
159.35317398 0.0 0.0
160.09391398000002 1.0 1.0
160.83465398 0.0 0.0
161.57539398000003 1.0 0.0
162.31613398000002 0.0 0.0
163.05687398 1.0 1.0
163.79761398000002 0.0 0.0
164.53835398 1.0 0.0
165.27909398000003 0.0 0.0
166.01983398000002 1.0 1.0
166.76057398 0.0 0.0
167.50131398000002 1.0 0.0
168.24205398 0.0 0.0
168.98279398000003 1.0 1.0
169.72353398 0.0 0.0
170.46427398000003 1.0 0.0
171.20501398000002 0.0 0.0
171.94575398 1.0 1.0
172.68649398000002 0.0 0.0
173.42723398 1.0 0.0
174.16797398000003 0.0 0.0
174.90871398000002 1.0 1.0
175.64945398 0.0 0.0
176.39019398000002 1.0 0.0
177.13093398 0.0 0.0
177.87167398000003 1.0 1.0
178.61241398 0.0 0.0
179.35315398000003 1.0 0.0
180.09389398000002 0.0 0.0
180.83463398 1.0 1.0
181.57537398000002 0.0 0.0
182.31611398 1.0 0.0
183.05685398000003 0.0 0.0
183.79759398000002 1.0 1.0
184.53833398 0.0 0.0
185.27907398000002 1.0 0.0
186.01981398 0.0 0.0
186.76055398000003 1.0 1.0
187.50129398 0.0 0.0
188.24203398000003 1.0 0.0
188.98277398000002 0.0 0.0
189.72351398 1.0 1.0
190.46425398000002 0.0 0.0
191.20499398 1.0 0.0
191.94573398000003 0.0 0.0
192.68647398000002 1.0 1.0
193.42721398 0.0 0.0
194.16795398000002 1.0 0.0
194.90869398 0.0 0.0
195.64943398000003 1.0 1.0
196.39017398000001 0.0 0.0
197.13091398000003 1.0 0.0
197.87165398000002 0.0 0.0
198.61239398 1.0 1.0
199.35313398000002 0.0 0.0
200.09387398 1.0 0.0
200.83461398000003 0.0 0.0
201.57535398000002 1.0 1.0
202.31609398 0.0 0.0
203.05683398 1.0 0.0
203.79757398 0.0 0.0
204.53831398 1.0 1.0
205.27905398 0.0 0.0
206.01979398 1.0 0.0
206.76053398 0.0 0.0
207.50127398 1.0 1.0
208.24201398 0.0 0.0
208.98275397999998 1.0 0.0
209.72349398 0.0 0.0
210.46423398 1.0 1.0
211.20497398 0.0 0.0
211.94571398 1.0 0.0
212.68645398 0.0 0.0
213.42719398 1.0 1.0
214.16793398 0.0 0.0
214.90867398 1.0 0.0
215.64941398 0.0 0.0
216.39015398 1.0 1.0
217.13089398 0.0 0.0
217.87163397999998 1.0 0.0
218.61237398 0.0 0.0
219.35311398 1.0 1.0
220.09385398 0.0 0.0
220.83459398 1.0 0.0
221.57533398 0.0 0.0
222.31607398 1.0 1.0
223.05681398 0.0 0.0
223.79755398 1.0 0.0
224.53829398 0.0 0.0
225.27903398 1.0 1.0
226.01977398 0.0 0.0
226.76051397999998 1.0 0.0
227.50125398 0.0 0.0
228.24199398 1.0 1.0
228.98273398 0.0 0.0
229.72347398 1.0 0.0
230.46421398 0.0 0.0
231.20495398 1.0 1.0
231.94569398 0.0 0.0
232.68643398 1.0 0.0
233.42717398 0.0 0.0
234.16791398 1.0 1.0
234.90865398 0.0 0.0
235.64939397999999 1.0 0.0
236.39013398 0.0 0.0
237.13087398 1.0 0.0
237.87161398 0.0 0.0
238.61235398 1.0 1.0
239.35309398 0.0 0.0
240.09383398 0.0 0.0
240.83457398 1.0 1.0
241.57531398 0.0 0.0
242.31605398 1.0 1.0
243.05679398 0.0 0.0