0.07999999999999997 1.0 1.0
0.88 0.0 0.0
1.68 1.0 0.0
2.48 0.0 0.0
3.28 1.0 1.0
4.08 0.0 0.0
4.88 1.0 0.0
5.68 0.0 0.0
6.48 1.0 1.0
7.28 0.0 0.0
8.08 1.0 0.0
8.88 0.0 0.0
9.68 1.0 1.0
10.48 0.0 0.0
11.28 1.0 0.0
12.08 0.0 0.0
12.88 1.0 1.0
13.68 0.0 0.0
14.48 1.0 0.0
15.28 0.0 0.0
16.08 1.0 1.0
16.88 0.0 0.0
17.68 1.0 0.0
18.48 0.0 0.0
19.28 1.0 1.0
20.08 0.0 0.0
20.88 1.0 0.0
21.68 0.0 0.0
22.48 1.0 1.0
23.28 0.0 0.0
24.08 1.0 0.0
24.88 0.0 0.0
25.68 1.0 1.0
26.48 0.0 0.0
27.28 1.0 0.0
28.08 0.0 0.0
28.88 1.0 1.0
29.68 0.0 0.0
30.48 1.0 0.0
31.28 0.0 0.0
32.08 1.0 1.0
32.88 0.0 0.0
33.68 1.0 0.0
34.48 0.0 0.0
35.28 1.0 1.0
36.08 0.0 0.0
36.88 1.0 0.0
37.68 0.0 0.0
38.48 1.0 1.0
39.28 0.0 0.0
40.08 1.0 0.0
40.88 0.0 0.0
41.68 1.0 1.0
42.48 0.0 0.0
43.28 1.0 0.0
44.08 0.0 0.0
44.88 1.0 1.0
45.68 0.0 0.0
46.48 1.0 0.0
47.28 0.0 0.0
48.08 1.0 1.0
48.88 0.0 0.0
49.68 1.0 0.0
50.48 0.0 0.0
51.279999999999994 1.0 1.0
52.07999999999999 0.0 0.0
52.879999999999995 1.0 0.0
53.67999999999999 0.0 0.0
54.48 1.0 1.0
55.28 0.0 0.0
56.08 1.0 0.0
56.88 0.0 0.0
57.68 1.0 1.0
58.48 0.0 0.0
59.28 1.0 0.0
60.08 0.0 0.0
60.88 1.0 1.0
61.68 0.0 0.0
62.48 1.0 0.0
63.28 0.0 0.0
64.08 1.0 1.0
64.88 0.0 0.0
65.68 1.0 0.0
66.48 0.0 0.0
67.28 1.0 1.0
68.08 0.0 0.0
68.88 1.0 0.0
69.68 0.0 0.0
70.48 1.0 1.0
71.28 0.0 0.0
72.08 1.0 0.0
72.88 0.0 0.0
73.68 1.0 1.0
74.48 0.0 0.0
75.28 1.0 0.0
76.08 0.0 0.0
76.88 1.0 1.0
77.68 0.0 0.0
78.48 1.0 0.0
79.28 0.0 0.0
80.08 1.0 1.0
80.88 0.0 0.0
81.68 1.0 0.0
82.48 0.0 0.0
83.28 1.0 1.0
84.08 0.0 0.0
84.88 1.0 0.0
85.68 0.0 0.0
86.48 1.0 1.0
87.28 0.0 0.0
88.08 1.0 0.0
88.88 0.0 0.0
89.68 1.0 1.0
90.48 0.0 0.0
91.28 1.0 0.0
92.08 0.0 0.0
92.88 1.0 1.0
93.68 0.0 0.0
94.48 1.0 0.0
95.28 0.0 0.0
96.08 1.0 1.0
96.88 0.0 0.0
97.68 1.0 0.0
98.48 0.0 0.0
99.28 1.0 1.0
100.08 0.0 0.0
100.88 1.0 0.0
101.68 0.0 0.0
102.48 1.0 1.0
103.28 0.0 0.0
104.08 1.0 0.0
104.88 0.0 0.0
105.68 1.0 1.0
106.48 0.0 0.0
107.28 1.0 0.0
108.08 0.0 0.0
108.88 1.0 1.0
109.68 0.0 0.0
110.48 1.0 0.0
111.28 0.0 0.0
112.08 1.0 1.0
112.88 0.0 0.0
113.68 1.0 0.0
114.48 0.0 0.0
115.28 1.0 1.0
116.08 0.0 0.0
116.88 1.0 0.0
117.68 0.0 0.0
118.48 1.0 1.0
119.28 0.0 0.0
120.08 1.0 0.0
120.88 0.0 0.0
121.68 1.0 1.0
122.48 0.0 0.0
123.28 1.0 0.0
124.08 0.0 0.0
124.88 1.0 1.0
125.68 0.0 0.0
126.48 1.0 0.0
127.28 0.0 0.0
128.08 1.0 1.0
128.88 0.0 0.0
129.68 1.0 0.0
130.48 0.0 0.0
131.28 1.0 1.0
132.08 0.0 0.0
132.88 1.0 0.0
133.68 0.0 0.0
134.48 1.0 1.0
135.28 0.0 0.0
136.08 1.0 0.0
136.88 0.0 0.0
137.68 1.0 1.0
138.48 0.0 0.0
139.28 1.0 0.0
140.08 0.0 0.0
140.88 1.0 1.0
141.68 0.0 0.0
142.48 1.0 0.0
143.28 0.0 0.0
144.08 1.0 1.0
144.88 0.0 0.0
145.68 1.0 0.0
146.48 0.0 0.0
147.28 1.0 1.0
148.08 0.0 0.0
148.88 1.0 0.0
149.68 0.0 0.0
150.48 1.0 1.0
151.28 0.0 0.0
152.08 1.0 0.0
152.88 0.0 0.0
153.68 1.0 1.0
154.48 0.0 0.0
155.28 1.0 0.0
156.08 0.0 0.0
156.88 1.0 1.0
157.68 0.0 0.0
158.48 1.0 0.0
159.28 0.0 0.0
160.08 1.0 1.0
160.88 0.0 0.0
161.68 1.0 0.0
162.48 0.0 0.0
163.28 1.0 1.0
164.08 0.0 0.0
164.88 1.0 0.0
165.68 0.0 0.0
166.48 1.0 1.0
167.28 0.0 0.0
168.08 1.0 0.0
168.88 0.0 0.0
169.68 1.0 1.0
170.48 0.0 0.0
171.28 1.0 0.0
172.08 0.0 0.0
172.88 1.0 1.0
173.68 0.0 0.0
174.48 1.0 0.0
175.28 0.0 0.0
176.08 1.0 1.0
176.88 0.0 0.0
177.68 1.0 0.0
178.48 0.0 0.0
179.28 1.0 1.0
180.08 0.0 0.0
180.88 1.0 0.0
181.68 0.0 0.0
182.48 1.0 1.0
183.28 0.0 0.0
184.08 1.0 0.0
184.88 0.0 0.0
185.68 1.0 1.0
186.48 0.0 0.0
187.28 1.0 0.0
188.08 0.0 0.0
188.88 1.0 1.0
189.68 0.0 0.0
190.48 1.0 0.0
191.28 0.0 0.0
192.08 1.0 1.0
192.88 0.0 0.0
193.68 1.0 0.0
194.48 0.0 0.0
195.28 1.0 1.0
196.08 0.0 0.0
196.88 1.0 0.0
197.68 0.0 0.0
198.48 1.0 1.0
199.28 0.0 0.0
200.08 1.0 0.0
200.88 0.0 0.0
201.68 1.0 1.0
202.48 0.0 0.0
203.28 1.0 0.0
204.08 0.0 0.0
204.88000000000002 1.0 1.0
205.68000000000004 0.0 0.0
206.48000000000002 1.0 0.0
207.28000000000003 0.0 0.0
208.08 1.0 1.0
208.88000000000002 0.0 0.0
209.68000000000004 1.0 0.0
210.48000000000002 0.0 0.0
211.28000000000003 1.0 1.0
212.08 0.0 0.0
212.88000000000002 1.0 0.0
213.68000000000004 0.0 0.0
214.48000000000002 1.0 1.0
215.28000000000003 0.0 0.0
216.08 1.0 0.0
216.88000000000002 0.0 0.0
217.68000000000004 1.0 1.0
218.48 0.0 0.0
219.28 1.0 0.0
220.08 0.0 0.0
220.88 1.0 1.0
221.68 0.0 0.0
222.48 1.0 0.0
223.28 0.0 0.0
224.08 1.0 1.0
224.88 0.0 0.0
225.68 1.0 0.0
226.48 0.0 0.0
227.28 1.0 1.0
228.08 0.0 0.0
228.88 1.0 0.0
229.68 0.0 0.0
230.48 1.0 1.0
231.28 0.0 0.0
232.08 1.0 0.0
232.88 0.0 0.0
233.68 1.0 1.0
234.48 0.0 0.0
235.28 1.0 0.0
236.08 0.0 0.0
236.88 1.0 1.0
237.68 0.0 0.0
238.48 1.0 0.0
239.28 0.0 0.0
240.08 1.0 1.0
240.88 0.0 0.0
241.68 1.0 0.0
242.48 0.0 0.0
243.28 1.0 1.0
244.08 0.0 0.0
244.88 1.0 0.0
245.68 0.0 0.0
246.48 1.0 1.0
247.28 0.0 0.0
248.08 1.0 0.0
248.88 0.0 0.0
249.68 1.0 1.0
250.48 0.0 0.0
251.28 1.0 0.0
252.08 0.0 0.0
252.88 1.0 1.0
253.68 0.0 0.0
254.48 1.0 0.0
255.28 0.0 0.0
256.08 1.0 1.0
256.88 0.0 0.0
257.68 1.0 0.0
258.48 0.0 0.0
259.28 1.0 1.0
260.08 0.0 0.0
260.88 1.0 0.0
261.68 0.0 0.0
262.48 1.0 1.0
263.28 0.0 0.0
264.08 1.0 0.0
264.88 0.0 0.0
265.68 1.0 1.0
266.48 0.0 0.0
267.28 1.0 0.0
268.08 0.0 0.0
268.88 1.0 1.0
269.68 0.0 0.0
270.48 1.0 0.0
271.28 0.0 0.0
272.08 1.0 1.0
272.88 0.0 0.0
273.68 1.0 0.0
274.48 0.0 0.0
275.28 1.0 1.0
276.08 0.0 0.0
276.88 1.0 0.0
277.68 0.0 0.0
278.48 1.0 1.0
279.28 0.0 0.0
280.08 1.0 0.0
280.88 0.0 0.0
281.68 1.0 1.0
282.48 0.0 0.0
283.28 1.0 0.0
284.08 0.0 0.0
284.88 1.0 1.0
285.68 0.0 0.0
286.48 1.0 0.0
287.28 0.0 0.0
288.08 1.0 0.0
288.88 0.0 0.0
289.68 0.0 0.0