0.372631256 1.0 0.0
1.1621042560000001 0.0 0.0
1.951577256 1.0 1.0
2.7410502560000003 0.0 0.0
3.5305232560000004 1.0 0.0
4.3199962560000005 0.0 0.0
5.109469256000001 1.0 1.0
5.898942256000001 0.0 0.0
6.688415256000001 1.0 0.0
7.477888256 0.0 0.0
8.267361256 1.0 1.0
9.056834256 0.0 0.0
9.846307256 1.0 0.0
10.635780256 0.0 0.0
11.425253256 1.0 1.0
12.214726256 0.0 0.0
13.004199256000001 1.0 0.0
13.793672256000004 0.0 0.0
14.583145256000003 1.0 1.0
15.372618256000003 0.0 0.0
16.162091256000004 1.0 0.0
16.951564256000005 0.0 0.0
17.741037256000002 1.0 1.0
18.530510256000003 0.0 0.0
19.319983256000004 1.0 0.0
20.109456256000005 0.0 0.0
20.898929256000002 1.0 1.0
21.688402256000003 0.0 0.0
22.477875256000004 1.0 0.0
23.267348256000005 0.0 0.0
24.056821256000003 1.0 1.0
24.846294256000004 0.0 0.0
25.635767256000005 1.0 0.0
26.425240256000006 0.0 0.0
27.214713256000003 1.0 1.0
28.004186256000004 0.0 0.0
28.793659256000005 1.0 0.0
29.583132256000006 0.0 0.0
30.372605256000003 1.0 1.0
31.162078256000004 0.0 0.0
31.951551256000005 1.0 0.0
32.741024256 0.0 0.0
33.530497256000004 1.0 1.0
34.319970256000005 0.0 0.0
35.109443256000006 1.0 0.0
35.89891625600001 0.0 0.0
36.68838925600001 1.0 1.0
37.47786225600001 0.0 0.0
38.267335256 1.0 0.0
39.056808256000004 0.0 0.0
39.846281256000005 1.0 1.0
40.635754256000006 0.0 0.0
41.42522725600001 1.0 0.0
42.21470025600001 0.0 0.0
43.00417325600001 1.0 1.0
43.79364625600001 0.0 0.0
44.583119256 1.0 0.0
45.372592256000004 0.0 0.0
46.162065256000005 1.0 1.0
46.951538256000006 0.0 0.0
47.74101125600001 1.0 0.0
48.53048425600001 0.0 0.0
49.31995725600001 1.0 1.0
50.109430256 0.0 0.0
50.898903256000004 1.0 0.0
51.688376256 0.0 0.0
52.477849256 1.0 1.0
53.267322256 0.0 0.0
54.056795256 1.0 0.0
54.846268256 0.0 0.0
55.635741256 1.0 1.0
56.425214256000004 0.0 0.0
57.214687256 1.0 0.0
58.004160256 0.0 0.0
58.793633256 1.0 1.0
59.583106256 0.0 0.0
60.372579256 1.0 0.0
61.162052256 0.0 0.0
61.951525256000004 1.0 1.0
62.740998256000005 0.0 0.0
63.530471256 1.0 0.0
64.319944256 0.0 0.0
65.109417256 1.0 1.0
65.898890256 0.0 0.0
66.688363256 1.0 0.0
67.477836256 0.0 0.0
68.267309256 1.0 1.0
69.056782256 0.0 0.0
69.846255256 1.0 0.0
70.63572825600001 0.0 0.0
71.42520125600001 1.0 1.0
72.21467425600001 0.0 0.0
73.004147256 1.0 0.0
73.793620256 0.0 0.0
74.583093256 1.0 1.0
75.372566256 0.0 0.0
76.162039256 1.0 0.0
76.951512256 0.0 0.0
77.740985256 1.0 1.0
78.530458256 0.0 0.0
79.319931256 1.0 0.0
80.109404256 0.0 0.0
80.898877256 1.0 1.0
81.688350256 0.0 0.0
82.47782325600001 1.0 0.0
83.26729625600001 0.0 0.0
84.05676925600001 1.0 1.0
84.846242256 0.0 0.0
85.635715256 1.0 0.0
86.425188256 0.0 0.0
87.214661256 1.0 1.0
88.004134256 0.0 0.0
88.793607256 1.0 0.0
89.583080256 0.0 0.0
90.372553256 1.0 1.0
91.162026256 0.0 0.0
91.951499256 1.0 0.0
92.740972256 0.0 0.0
93.53044525600001 1.0 1.0
94.31991825600001 0.0 0.0
95.10939125600001 1.0 0.0
95.89886425600001 0.0 0.0
96.68833725600001 1.0 1.0
97.477810256 0.0 0.0
98.267283256 1.0 0.0
99.056756256 0.0 0.0
99.846229256 1.0 1.0
100.635702256 0.0 0.0
101.42517525600002 1.0 0.0
102.21464825600002 0.0 0.0
103.00412125600002 1.0 1.0
103.79359425600002 0.0 0.0
104.58306725600002 1.0 0.0
105.37254025600002 0.0 0.0
106.16201325600002 1.0 1.0
106.95148625600002 0.0 0.0
107.74095925600001 1.0 0.0
108.53043225600001 0.0 0.0
109.31990525600001 1.0 1.0
110.109378256 0.0 0.0
110.898851256 1.0 0.0
111.688324256 0.0 0.0
112.477797256 1.0 1.0
113.267270256 0.0 0.0
114.056743256 1.0 0.0
114.846216256 0.0 0.0
115.635689256 1.0 1.0
116.42870882525003 0.0 0.0
117.22341082525003 1.0 0.0
118.01811282525003 0.0 0.0
118.81281482525003 1.0 1.0
119.60751682525003 0.0 0.0
120.40221882525003 1.0 0.0
121.19692082525003 0.0 0.0
121.99162282525003 1.0 1.0
122.78403103725002 0.0 0.0
123.57350403725002 1.0 0.0
124.36297703725002 0.0 0.0
125.15245003725002 1.0 1.0
125.94192303725002 0.0 0.0
126.73139603725002 1.0 0.0
127.52086903725002 0.0 0.0
128.31034203725002 1.0 1.0
129.09981503725 0.0 0.0
129.88928803725003 1.0 0.0
130.67876103725 0.0 0.0
131.46823403725003 1.0 1.0
132.25770703725001 0.0 0.0
133.04718003725003 1.0 0.0
133.83665303725002 0.0 0.0
134.62612603725003 1.0 1.0
135.41559903725002 0.0 0.0
136.20507203725003 1.0 0.0
136.99454503725002 0.0 0.0
137.78401803725004 1.0 1.0
138.57349103725002 0.0 0.0
139.36296403725004 1.0 0.0
140.15243703725002 0.0 0.0
140.94191003725 1.0 1.0
141.73138303725003 0.0 0.0
142.52085603725 1.0 0.0
143.31032903725003 0.0 0.0
144.09980203725002 1.0 1.0
144.88927503725003 0.0 0.0
145.67874803725002 1.0 0.0
146.46822103725003 0.0 0.0
147.25769403725002 1.0 1.0
148.04716703725003 0.0 0.0
148.83664003725002 1.0 0.0
149.62611303725004 0.0 0.0
150.41558603725002 1.0 1.0
151.20505903725004 0.0 0.0
151.99453203725002 1.0 0.0
152.78400503725004 0.0 0.0
153.57347803725003 1.0 1.0
154.36295103725 0.0 0.0
155.15242403725003 1.0 0.0
155.94189703725002 0.0 0.0
156.73137003725003 1.0 1.0
157.52084303725002 0.0 0.0
158.31031603725003 1.0 0.0
159.09978903725002 0.0 0.0
159.88926203725003 1.0 1.0
160.67873503725002 0.0 0.0
161.46820803725004 1.0 0.0
162.25768103725002 0.0 0.0
163.04715403725004 1.0 1.0
163.83662703725003 0.0 0.0
164.62610003725 1.0 0.0
165.41557303725003 0.0 0.0
166.20504603725004 1.0 1.0
166.99451903725003 0.0 0.0
167.78399203725002 1.0 0.0
168.57346503725003 0.0 0.0
169.36293803725002 1.0 1.0
170.15241103725003 0.0 0.0
170.94188403725002 1.0 0.0
171.73135703725004 0.0 0.0
172.52083003725002 1.0 1.0
173.31030303725004 0.0 0.0
174.09977603725002 1.0 0.0
174.88924903725 0.0 0.0
175.67872203725003 1.0 1.0
176.46819503725004 0.0 0.0
177.25766803725003 1.0 0.0
178.04714103725001 0.0 0.0
178.83661403725003 1.0 1.0
179.62608703725004 0.0 0.0
180.41556003725003 1.0 0.0
181.20503303725002 0.0 0.0
181.99450603725003 1.0 1.0
182.78397903725002 0.0 0.0
183.57345203725004 1.0 0.0
184.36292503725002 0.0 0.0
185.15239803725004 1.0 1.0
185.94187103725002 0.0 0.0
186.73134403725004 1.0 0.0
187.52081703725003 0.0 0.0
188.31029003725 1.0 1.0
189.09976303725003 0.0 0.0
189.88923603725004 1.0 0.0
190.67870903725003 0.0 0.0
191.46818203725002 1.0 1.0
192.25765503725003 0.0 0.0
193.04712803725005 1.0 0.0
193.83660103725003 0.0 0.0
194.62607403725002 1.0 1.0
195.41554703725004 0.0 0.0
196.20502003725002 1.0 0.0
196.99449303725004 0.0 0.0
197.78396603725002 1.0 1.0
198.57343903725 0.0 0.0
199.36291203725003 1.0 0.0
200.15238503725004 0.0 0.0
200.94185803725003 1.0 1.0
201.73133103725002 0.0 0.0
202.52080403725 1.0 0.0
203.31027703725 0.0 0.0
204.09975003725 1.0 1.0
204.88922303725002 0.0 0.0
205.67869603725 1.0 0.0
206.46816903725 0.0 0.0
207.25764203725 1.0 1.0
208.04711503725002 0.0 0.0
208.83658803725 1.0 0.0
209.62606103725 0.0 0.0
210.41553403725 1.0 1.0
211.20500703725003 0.0 0.0
211.99448003725 1.0 0.0
212.78395303725 0.0 0.0
213.57342603725 1.0 1.0
214.36289903725 0.0 0.0
215.15237203725002 1.0 0.0
215.94184503725 0.0 0.0
216.73131803725 1.0 1.0
217.52079103725 0.0 0.0
218.31026403725002 1.0 0.0
219.09973703725 0.0 0.0
219.88921003725 1.0 1.0
220.67868303725 0.0 0.0
221.46815603725003 1.0 0.0
222.25762903725 0.0 0.0
223.04710203725 1.0 1.0
223.83657503725001 0.0 0.0
224.62604803725 1.0 0.0
225.41552103725002 0.0 0.0
226.20499403725 1.0 1.0
226.99446703725 0.0 0.0
227.78394003725 1.0 0.0
228.57341303725002 0.0 0.0
229.36288603725 1.0 1.0
230.15235903725 0.0 0.0
230.94183203725004 1.0 0.0
231.73130503725002 0.0 0.0
232.52077803725 1.0 1.0
233.31025103725003 0.0 0.0
234.09972403725004 1.0 0.0
234.88919703725003 0.0 0.0
235.67867003725001 1.0 1.0
236.46814303725 0.0 0.0
237.25761603725002 1.0 0.0
238.04708903725003 0.0 0.0
238.83656203725002 1.0 1.0
239.62603503725 0.0 0.0
240.41550803725002 1.0 0.0
241.20498103725004 0.0 0.0
241.99445403725002 1.0 1.0
242.78392703725 0.0 0.0
243.57340003725002 1.0 0.0
244.36287303725004 0.0 0.0
245.15234603725003 1.0 1.0
245.94181903725 0.0 0.0
246.73129203725003 1.0 0.0
247.52076503725002 0.0 0.0
248.31023803725003 1.0 1.0
249.09971103725002 0.0 0.0
249.88918403725 1.0 0.0
250.67865703725005 0.0 0.0
251.46813003725003 1.0 1.0
252.25760303725002 0.0 0.0
253.04707603725 1.0 0.0
253.83654903725 0.0 0.0
254.62602203725004 1.0 1.0
255.41549503725003 0.0 0.0
256.20496803725 1.0 0.0
256.99444103725 0.0 0.0
257.78391403725004 1.0 1.0
258.57338703725003 0.0 0.0
259.36286003725 1.0 0.0
260.15233303725 0.0 0.0
260.94180603725005 1.0 1.0
261.73127903725003 0.0 0.0
262.52075203725 1.0 0.0
263.31022503725 0.0 0.0
264.09969803725005 1.0 1.0
264.88917103725004 0.0 0.0
265.67864403725 1.0 0.0
266.46811703725 0.0 0.0
267.25759003725 1.0 1.0
268.04706303725004 0.0 0.0
268.83653603725 1.0 0.0
269.62600903725 0.0 0.0
270.41548203725 1.0 1.0
271.20495503725004 0.0 0.0
271.99442803725003 0.0 0.0
272.78390103725 1.0 0.0
273.57337403725 0.0 0.0
274.36284703725005 1.0 1.0
275.15232003725004 0.0 0.0
275.94179303725 1.0 0.0
276.73126603725 0.0 0.0
277.52073903725005 1.0 1.0
278.31021203725004 0.0 0.0
279.09968503725 1.0 0.0
279.88915803725 0.0 0.0
280.67863103725 1.0 1.0
281.46810403725004 0.0 0.0
282.25757703725003 1.0 0.0
283.04705003725 0.0 0.0
283.83652303725 1.0 0.0
284.62599603725005 0.0 0.0
285.41546903725003 1.0 1.0
286.20494203725 0.0 0.0
286.99441503725 1.0 0.0
287.78388803725005 0.0 0.0
288.57336103725004 0.0 0.0