0.004528296000000005 0.0 0.0
1.1366022960000002 1.0 1.0
2.268676296 0.0 0.0
3.4007502960000004 1.0 0.0
4.532824296 0.0 0.0
5.664898296 1.0 1.0
6.796972296 0.0 0.0
7.929046296 1.0 0.0
9.061120296 0.0 0.0
10.193194296000001 1.0 1.0
11.325268296 0.0 0.0
12.457342296000002 1.0 0.0
13.589416296000001 0.0 0.0
14.721490296 1.0 1.0
15.853564296000002 0.0 0.0
16.985638296 1.0 0.0
18.117712296000004 0.0 0.0
19.249786296000003 1.0 1.0
20.381860296000003 0.0 0.0
21.513934296000002 1.0 0.0
22.646008296 0.0 0.0
23.778082296 1.0 1.0
24.910156296 0.0 0.0
26.042230296000003 1.0 0.0
27.174304296000003 0.0 0.0
28.306378296000002 1.0 1.0
29.438452296 0.0 0.0
30.570526296000004 1.0 0.0
31.702600296000004 0.0 0.0
32.834674296 1.0 1.0
33.966748296000006 0.0 0.0
35.098822296 1.0 0.0
36.230896296 0.0 0.0
37.362970296 1.0 1.0
38.495044295999996 0.0 0.0
39.627118296 1.0 0.0
40.759192296 0.0 0.0
41.891266296 1.0 1.0
43.023340296 0.0 0.0
44.155414296 1.0 0.0
45.287488296 0.0 0.0
46.419562296 1.0 1.0
47.551636296 0.0 0.0
48.683710296 1.0 0.0
49.815784296 0.0 0.0
50.947858296 1.0 1.0
52.079932296 0.0 0.0
53.212006296 1.0 0.0
54.344080296 0.0 0.0
55.476154296 1.0 1.0
56.608228296 0.0 0.0
57.740302296 1.0 0.0
58.872376296 0.0 0.0
60.004450296 1.0 1.0
61.136524296 0.0 0.0
62.268598296 1.0 0.0
63.400672296 0.0 0.0
64.532746296 1.0 1.0
65.664820296 0.0 0.0
66.796894296 1.0 0.0
67.92896829600001 0.0 0.0
69.061042296 1.0 1.0
70.193116296 0.0 0.0
71.325190296 1.0 0.0
72.457264296 0.0 0.0
73.58933829600001 1.0 1.0
74.72141229600001 0.0 0.0
75.85348629600001 1.0 0.0
76.98556029600002 0.0 0.0
78.11763429600002 1.0 1.0
79.24970829600002 0.0 0.0
80.38178229600003 1.0 0.0
81.51385629600001 0.0 0.0
82.64593029600002 1.0 1.0
83.77800429600002 0.0 0.0
84.91007829600002 1.0 0.0
86.04215229600003 0.0 0.0
87.17422629600001 1.0 1.0
88.30630029600002 0.0 0.0
89.43837429600002 1.0 0.0
90.57044829600002 0.0 0.0
91.70252229600003 1.0 1.0
92.83459629600002 0.0 0.0
93.96667029600002 1.0 0.0
95.09874429600002 0.0 0.0
96.23081829600002 1.0 1.0
97.36289229600003 0.0 0.0
98.49496629600002 1.0 0.0
99.62704029600002 0.0 0.0
100.75911429600002 1.0 1.0
101.89118829600002 0.0 0.0
103.02326229600003 1.0 0.0
104.15533629600002 0.0 0.0
105.28741029600002 1.0 1.0
106.41948429600002 0.0 0.0
107.55155829600002 1.0 0.0
108.68363229600003 0.0 0.0
109.81570629600002 1.0 1.0
110.94778029600002 0.0 0.0
112.07985429600002 1.0 1.0
113.21192829600002 0.0 0.0
114.34400229600003 1.0 0.0
115.47607629600002 0.0 0.0
116.60815029600002 1.0 1.0
117.74022429600002 0.0 0.0
118.87229829600003 1.0 0.0
120.00437229600003 0.0 0.0
121.13644629600002 1.0 1.0
122.26852029600002 0.0 0.0
123.40059429600002 1.0 0.0
124.53266829600003 0.0 0.0
125.66474229600003 1.0 1.0
126.79681629600002 0.0 0.0
127.92889029600002 1.0 0.0
129.060964296 0.0 0.0
130.19303829600003 1.0 1.0
131.32511229600001 0.0 0.0
132.45718629600003 1.0 0.0
133.58926029600002 0.0 0.0
134.721334296 1.0 1.0
135.85340829600003 0.0 0.0
136.98548229600001 1.0 0.0
138.11755629600003 0.0 0.0
139.24963029600002 1.0 1.0
140.381704296 0.0 0.0
141.51377829600003 1.0 0.0
142.64585229600002 0.0 0.0
143.77792629600003 1.0 1.0
144.910000296 0.0 0.0
146.042074296 1.0 0.0
147.174148296 0.0 0.0
148.30622229600002 1.0 1.0
149.438296296 0.0 0.0
150.570370296 1.0 0.0
151.702444296 0.0 0.0
152.834518296 1.0 1.0
153.96659229600002 0.0 0.0
155.098666296 1.0 0.0
156.230740296 0.0 0.0
157.362814296 1.0 1.0
158.494888296 0.0 0.0
159.62696229600002 1.0 0.0
160.759036296 0.0 0.0
161.89111029600002 1.0 1.0
163.023184296 0.0 0.0
164.155258296 1.0 0.0
165.28733229600002 0.0 0.0
166.419406296 1.0 1.0
167.55148029600002 0.0 0.0
168.683554296 1.0 0.0
169.815628296 0.0 0.0
170.94770229600002 1.0 1.0
172.079776296 0.0 0.0
173.21185029600002 1.0 0.0
174.343924296 0.0 0.0
175.475998296 1.0 1.0
176.60807229600002 0.0 0.0
177.740146296 1.0 0.0
178.87222029600002 0.0 0.0
180.004294296 1.0 1.0
181.136368296 0.0 0.0
182.26844229600002 1.0 0.0
183.400516296 0.0 0.0
184.53259029600002 1.0 1.0
185.664664296 0.0 0.0
186.796738296 1.0 0.0
187.92881229600002 0.0 0.0
189.060886296 1.0 1.0
190.19296029600002 0.0 0.0
191.325034296 1.0 0.0
192.457108296 0.0 0.0
193.58918229600002 1.0 1.0
194.721256296 0.0 0.0
195.85333029600002 1.0 0.0
196.985404296 0.0 0.0
198.117478296 1.0 1.0
199.24955229600002 0.0 0.0
200.381626296 1.0 0.0
201.51370029600002 0.0 0.0
202.645774296 1.0 1.0
203.777848296 0.0 0.0
204.90992229600002 1.0 0.0
206.041996296 0.0 0.0
207.17407029600002 1.0 1.0
208.306144296 0.0 0.0
209.438218296 1.0 0.0
210.57029229600002 0.0 0.0
211.702366296 1.0 1.0
212.83444029600003 0.0 0.0
213.966514296 1.0 0.0
215.098588296 0.0 0.0
216.23066229600002 1.0 1.0
217.362736296 0.0 0.0
218.49481029600003 1.0 0.0
219.62688429600001 0.0 0.0
220.758958296 1.0 1.0
221.89103229600002 0.0 0.0
223.023106296 1.0 1.0
224.15518029600003 0.0 0.0
225.28725429600001 0.0 0.0
226.419328296 1.0 1.0
227.55140229600002 0.0 0.0
228.683476296 1.0 0.0
229.81555029600003 0.0 0.0
230.94762429600001 1.0 0.0
232.079698296 0.0 0.0
233.21177229600002 1.0 1.0
234.343846296 0.0 0.0