0.22342029299999996 0.0 0.0
1.0128912929999998 1.0 0.0
1.8023622929999998 0.0 0.0
2.5918332929999996 1.0 1.0
3.3813042929999995 0.0 0.0
4.170775292999999 1.0 0.0
4.960246292999999 0.0 0.0
5.749717293 1.0 1.0
6.539188293 0.0 0.0
7.328659293 1.0 0.0
8.118130293 0.0 0.0
8.907601293 1.0 1.0
9.697072293 0.0 0.0
10.486543293 1.0 0.0
11.276014293 0.0 0.0
12.065485293 1.0 1.0
12.854956293 0.0 0.0
13.644427293 1.0 0.0
14.433898293 0.0 0.0
15.223369293 1.0 1.0
16.012840293 0.0 0.0
16.802311293 1.0 0.0
17.591782293 0.0 0.0
18.381253293 1.0 1.0
19.170724293 0.0 0.0
19.960195292999998 1.0 0.0
20.749666293 0.0 0.0
21.539137293 1.0 1.0
22.328608293 0.0 0.0
23.118079293 1.0 0.0
23.907550293 0.0 0.0
24.697021293 1.0 1.0
25.486492293 0.0 0.0
26.275963293 1.0 0.0
27.065434293 0.0 0.0
27.854905292999998 1.0 1.0
28.644376293 0.0 0.0
29.433847293 1.0 0.0
30.223318293 0.0 0.0
31.012789293 1.0 1.0
31.802260293 0.0 0.0
32.591731293 1.0 0.0
33.381202293 0.0 0.0
34.170673293 1.0 1.0
34.960144293 0.0 0.0
35.749615293 1.0 0.0
36.539086293 0.0 0.0
37.328557293 1.0 1.0
38.118028293 0.0 0.0
38.907499293 1.0 0.0
39.696970293 0.0 0.0
40.486441293 1.0 1.0
41.275912293 0.0 0.0
42.065383293 1.0 0.0
42.854854293 0.0 0.0
43.644325293 1.0 1.0
44.433796293 0.0 0.0
45.223267293 1.0 0.0
46.012738293 0.0 0.0
46.802209293 1.0 1.0
47.591680292999996 0.0 0.0
48.381151293 1.0 0.0
49.170622293 0.0 0.0
49.960093293 1.0 1.0
50.749564293 0.0 0.0
51.539035293 1.0 0.0
52.328506293 0.0 0.0
53.117977292999996 1.0 1.0
53.907448293 0.0 0.0
54.69691929300001 1.0 0.0
55.48639029300001 0.0 0.0
56.275861293000006 1.0 1.0
57.065332293000004 0.0 0.0
57.854803293 1.0 0.0
58.644274293 0.0 0.0
59.43374529300001 1.0 1.0
60.22321629300001 0.0 0.0
61.012687293000006 1.0 0.0
61.802158293000005 0.0 0.0
62.591629293000004 1.0 1.0
63.381100293 0.0 0.0
64.17057129300001 1.0 0.0
64.960042293 0.0 0.0
65.749513293 1.0 1.0
66.538984293 0.0 0.0
67.328455293 1.0 0.0
68.11792629300001 0.0 0.0
68.907397293 1.0 1.0
69.69686829300001 0.0 0.0
70.486339293 1.0 0.0
71.275810293 0.0 0.0
72.065281293 1.0 1.0
72.854752293 0.0 0.0
73.64422329300001 1.0 0.0
74.433694293 0.0 0.0
75.22316529300001 1.0 1.0
76.012636293 0.0 0.0
76.802107293 1.0 0.0
77.591578293 0.0 0.0
78.381049293 1.0 1.0
79.17052029300001 0.0 0.0
79.959991293 1.0 0.0
80.74946229300001 0.0 0.0
81.538933293 1.0 1.0
82.328404293 0.0 0.0
83.117875293 1.0 0.0
83.907346293 0.0 0.0
84.69681729300001 1.0 1.0
85.486288293 0.0 0.0
86.27575929300001 1.0 0.0
87.065230293 0.0 0.0
87.854701293 1.0 1.0
88.64417229300001 0.0 0.0
89.433643293 1.0 0.0
90.22311429300001 0.0 0.0
91.012585293 1.0 1.0
91.802056293 0.0 0.0
92.591527293 1.0 0.0
93.380998293 0.0 0.0
94.17046929300001 1.0 1.0
94.959940293 0.0 0.0
95.74941129300001 1.0 0.0
96.538882293 0.0 0.0
97.328353293 1.0 1.0
98.117824293 0.0 0.0
98.907295293 1.0 0.0
99.69676629300001 0.0 0.0
100.486237293 1.0 1.0
101.275708293 0.0 0.0
102.06517929299999 1.0 0.0
102.85465029299999 0.0 0.0
103.644121293 1.0 1.0
104.43359229299999 0.0 0.0
105.223063293 1.0 0.0
106.01253429299999 0.0 0.0
106.802005293 1.0 1.0
107.59147629299999 0.0 0.0
108.38094729299999 1.0 0.0
109.170418293 0.0 0.0
109.95988929299999 1.0 1.0
110.749360293 0.0 0.0
111.53883129299999 1.0 0.0
112.328302293 0.0 0.0
113.11777329299998 1.0 1.0
113.90724429299999 0.0 0.0
114.696715293 1.0 0.0
115.48618629299999 0.0 0.0
116.275657293 1.0 1.0
117.06512829299999 0.0 0.0
117.85459929299999 1.0 0.0
118.644070293 0.0 0.0
119.43354129299999 1.0 1.0
120.223012293 0.0 0.0
121.01248329299999 1.0 0.0
121.801954293 0.0 0.0
122.59142529299999 1.0 1.0
123.38089629299999 0.0 0.0
124.170367293 1.0 0.0
124.95983829299999 0.0 0.0
125.749309293 1.0 1.0
126.53878029299999 0.0 0.0
127.328251293 1.0 0.0
128.11772229299999 0.0 0.0
128.90719329299998 1.0 1.0
129.696664293 0.0 0.0
130.486135293 1.0 0.0
131.27560629299998 0.0 0.0
132.065077293 1.0 1.0
132.854548293 0.0 0.0
133.64401929299999 1.0 0.0
134.43349029299998 0.0 0.0
135.222961293 1.0 1.0
136.012432293 0.0 0.0
136.80190329299998 1.0 0.0
137.591374293 0.0 0.0
138.380845293 1.0 1.0
139.17031629299998 0.0 0.0
139.959787293 1.0 0.0
140.749258293 0.0 0.0
141.538729293 1.0 1.0
142.32820029299998 0.0 0.0
143.117671293 1.0 0.0
143.907142293 0.0 0.0
144.69661329299998 1.0 1.0
145.486084293 0.0 0.0
146.275555293 1.0 0.0
147.065026293 0.0 0.0
147.85449729299998 1.0 1.0
148.643968293 0.0 0.0
149.433439293 1.0 0.0
150.22291029299998 0.0 0.0
151.012381293 1.0 1.0
151.801852293 0.0 0.0
152.591323293 0.0 0.0
153.38079429299998 1.0 0.0
154.170265293 0.0 0.0
154.959736293 1.0 1.0
155.74920729299998 0.0 0.0
156.538678293 1.0 0.0
157.328149293 0.0 0.0
158.117620293 1.0 1.0
158.90709129299998 0.0 0.0
159.696562293 1.0 0.0
160.486033293 0.0 0.0
161.27550429299998 1.0 1.0
162.064975293 0.0 0.0
162.854446293 1.0 0.0
163.643917293 0.0 0.0
164.43338829299998 1.0 1.0
165.222859293 0.0 0.0
166.012330293 1.0 0.0
166.80180129299998 0.0 0.0
167.591272293 1.0 1.0
168.380743293 0.0 0.0
169.170214293 1.0 0.0
169.95968529299998 0.0 0.0
170.749156293 1.0 1.0
171.538627293 0.0 0.0
172.32809829299998 1.0 0.0
173.117569293 0.0 0.0
173.907040293 1.0 1.0
174.696511293 0.0 0.0
175.48598229299998 1.0 0.0
176.275453293 0.0 0.0
177.064924293 1.0 1.0
177.85439529299998 0.0 0.0
178.643866293 1.0 0.0
179.433337293 0.0 0.0
180.22280829299999 1.0 1.0
181.01227929299998 0.0 0.0
181.801750293 1.0 0.0
182.591221293 0.0 0.0
183.38069229299998 1.0 1.0
184.170163293 0.0 0.0
184.959634293 1.0 0.0
185.74910529299999 0.0 0.0
186.53857629299998 1.0 1.0
187.328047293 0.0 0.0
188.117518293 1.0 0.0
188.90698929299998 0.0 0.0
189.696460293 1.0 1.0
190.485931293 0.0 0.0
191.27540229299998 1.0 0.0
192.06487329299998 0.0 0.0
192.854344293 1.0 1.0
193.643815293 0.0 0.0
194.43328629299998 1.0 0.0
195.222757293 0.0 0.0
196.012228293 1.0 1.0
196.80169929299998 0.0 0.0
197.59117029299998 1.0 0.0
198.380641293 0.0 0.0
199.170112293 1.0 1.0
199.95958329299998 0.0 0.0
200.749054293 1.0 0.0
201.538525293 0.0 0.0
202.327996293 1.0 1.0
203.117467293 0.0 0.0
203.90693829300002 1.0 0.0
204.69640929300002 0.0 0.0
205.485880293 1.0 1.0
206.275351293 0.0 0.0
207.06482229300002 1.0 0.0
207.854293293 0.0 0.0
208.643764293 1.0 1.0
209.43323529300002 0.0 0.0
210.22270629300002 1.0 0.0
211.012177293 0.0 0.0
211.801648293 1.0 1.0
212.59111929300002 0.0 0.0
213.380590293 1.0 0.0
214.170061293 0.0 0.0
214.95953229300002 1.0 1.0
215.749003293 0.0 0.0
216.53847429299998 1.0 0.0
217.327945293 0.0 0.0
218.117416293 1.0 1.0
218.90688729299998 0.0 0.0
219.696358293 1.0 0.0
220.485829293 0.0 0.0
221.275300293 1.0 1.0
222.06477129299998 0.0 0.0
222.854242293 1.0 0.0
223.643713293 0.0 0.0
224.43318429299998 1.0 1.0
225.222655293 0.0 0.0
226.012126293 1.0 0.0
226.801597293 0.0 0.0
227.59106829299998 1.0 1.0
228.380539293 0.0 0.0
229.170010293 1.0 0.0
229.95948129299998 0.0 0.0
230.748952293 1.0 1.0
231.538423293 0.0 0.0
232.32789429299999 1.0 0.0
233.11736529299998 0.0 0.0
233.906836293 1.0 1.0
234.696307293 0.0 0.0
235.48577829299998 1.0 0.0
236.275249293 0.0 0.0
237.064720293 1.0 1.0
237.85419129299999 0.0 0.0
238.64366229299998 1.0 0.0
239.433133293 0.0 0.0
240.222604293 1.0 1.0
241.01207529299998 0.0 0.0
241.801546293 1.0 0.0
242.591017293 0.0 0.0
243.38048829299998 1.0 1.0
244.16995929299998 0.0 0.0
244.959430293 1.0 0.0
245.748901293 0.0 0.0
246.53837229299998 1.0 1.0
247.327843293 0.0 0.0
248.117314293 1.0 0.0
248.90678529299998 0.0 0.0
249.69625629299998 1.0 1.0
250.485727293 0.0 0.0
251.275198293 1.0 0.0
252.06466929299998 0.0 0.0
252.854140293 1.0 1.0
253.643611293 0.0 0.0
254.43308229299998 1.0 0.0
255.22255329299998 0.0 0.0
256.01202429299997 1.0 1.0
256.801495293 0.0 0.0
257.590966293 1.0 0.0
258.380437293 0.0 0.0
259.169908293 1.0 1.0
259.959379293 0.0 0.0
260.748850293 1.0 0.0
261.53832129299997 0.0 0.0
262.327792293 1.0 1.0
263.117263293 0.0 0.0
263.906734293 1.0 0.0
264.696205293 0.0 0.0
265.485676293 1.0 0.0