0.3385710900000001 1.0 0.0
1.1957130900000001 0.0 0.0
2.05285509 1.0 1.0
2.90999709 0.0 0.0
3.76713909 1.0 0.0
4.62428109 0.0 0.0
5.48142309 1.0 1.0
6.33856509 0.0 0.0
7.19570709 1.0 0.0
8.052849089999999 0.0 0.0
8.90999109 1.0 1.0
9.76713309 0.0 0.0
10.62427509 1.0 0.0
11.481417089999999 0.0 0.0
12.33855909 1.0 1.0
13.19570109 0.0 0.0
14.05284309 1.0 0.0
14.909985090000001 0.0 0.0
15.76712709 1.0 1.0
16.624269090000002 0.0 0.0
17.48141109 1.0 0.0
18.33855309 0.0 0.0
19.19569509 1.0 1.0
20.05283709 0.0 0.0
20.90997909 1.0 0.0
21.767121090000003 0.0 0.0
22.624263090000003 1.0 1.0
23.481405090000003 0.0 0.0
24.338547090000002 1.0 0.0
25.195689090000002 0.0 0.0
26.05283109 1.0 1.0
26.90997309 0.0 0.0
27.767115090000004 1.0 0.0
28.624257090000004 0.0 0.0
29.481399090000007 1.0 1.0
30.338541090000007 0.0 0.0
31.195683090000006 1.0 0.0
32.052825090000006 0.0 0.0
32.90996709 1.0 1.0
33.767109090000005 0.0 0.0
34.62425109000001 1.0 0.0
35.481393090000005 0.0 0.0
36.33853509000001 1.0 1.0
37.195677090000004 0.0 0.0
38.05281909000001 1.0 0.0
38.90996109 0.0 0.0
39.767103090000006 1.0 1.0
40.62424509000001 0.0 0.0
41.481387090000005 1.0 0.0
42.33852909000001 0.0 0.0
43.195671090000005 1.0 1.0
44.05281309000001 0.0 0.0
44.909955090000004 1.0 0.0
45.76709709000001 0.0 0.0
46.62423909 1.0 1.0
47.481381090000006 0.0 0.0
48.33852309000001 1.0 0.0
49.195665090000006 0.0 0.0
50.05280709000001 1.0 1.0
50.909949090000005 0.0 0.0
51.76709109000001 1.0 0.0
52.624233090000004 0.0 0.0
53.48137509000001 1.0 1.0
54.33851709 0.0 0.0
55.19565909 1.0 0.0
56.05280109 0.0 0.0
56.90994309 1.0 1.0
57.76708509 0.0 0.0
58.62422709 1.0 0.0
59.48136909 0.0 0.0
60.33851109 1.0 1.0
61.19565309 0.0 0.0
62.052795090000004 1.0 0.0
62.90993709 0.0 0.0
63.76707909 1.0 1.0
64.62422109 0.0 0.0
65.48136309 1.0 0.0
66.33850509 0.0 0.0
67.19564709 1.0 1.0
68.05278909 0.0 0.0
68.90993109 1.0 0.0
69.76707309 0.0 0.0
70.62421509 1.0 1.0
71.48135709 0.0 0.0
72.33849909 1.0 0.0
73.19564109 0.0 0.0
74.05278309 1.0 1.0
74.90992509 0.0 0.0
75.76706709 1.0 0.0
76.62420909000001 0.0 0.0
77.48135109 1.0 1.0
78.33849309 0.0 0.0
79.19563509 1.0 0.0
80.05277709 0.0 0.0
80.90991909 1.0 1.0
81.76706109 0.0 0.0
82.62420309 1.0 0.0
83.48134509 0.0 0.0
84.33848709 1.0 1.0
85.19562909 0.0 0.0
86.05277109000001 1.0 1.0
86.90991309 0.0 0.0
87.76705509 1.0 0.0
88.62419709 0.0 0.0
89.48133909 1.0 1.0
90.33848109 0.0 0.0
91.19562309 1.0 0.0
92.05276509000001 0.0 0.0
92.90990709 1.0 1.0
93.76704909 0.0 0.0
94.62419109 1.0 0.0
95.48133309 0.0 0.0
96.33847509 1.0 1.0
97.19561709 0.0 0.0
98.05275909000001 1.0 0.0
98.90990109 0.0 0.0
99.76704309 1.0 1.0
100.62418509 0.0 0.0
101.48132709000001 1.0 0.0
102.33846909 0.0 0.0
103.19561109 1.0 1.0
104.05275309 0.0 0.0
104.90989509 1.0 0.0
105.76703709 0.0 0.0
106.62417909 1.0 1.0
107.48132109000001 0.0 0.0
108.33846309 1.0 0.0
109.19560509 0.0 0.0
110.05274709000001 1.0 1.0
110.90988909000002 0.0 0.0
111.76703109000002 1.0 0.0
112.62417309000001 0.0 0.0
113.48131509000001 1.0 1.0
114.33845709000002 0.0 0.0
115.19559909000002 1.0 0.0
116.05274109000001 0.0 0.0
116.90988309000002 1.0 1.0
117.76702509000002 0.0 0.0
118.62416709000001 1.0 0.0
119.48130909000001 0.0 0.0
120.33845109000002 1.0 1.0
121.19559309000002 0.0 0.0
122.05273509000001 1.0 0.0
122.90987709000002 0.0 0.0
123.76701909000002 1.0 1.0
124.62416109000002 0.0 0.0
125.48130309000001 1.0 0.0
126.33844509000002 0.0 0.0
127.19558709000002 1.0 1.0
128.05272909 0.0 0.0
128.90987109000002 1.0 1.0
129.76701309 0.0 0.0
130.62415509000002 1.0 0.0
131.48129709000003 0.0 0.0
132.33843909 1.0 1.0
133.19558109000002 0.0 0.0
134.05272309000003 1.0 0.0
134.90986509 0.0 0.0
135.76700709000002 1.0 1.0
136.62414909000003 0.0 0.0
137.48129109 1.0 0.0
138.33843309000002 0.0 0.0
139.19557509 1.0 1.0
140.05271709000002 0.0 0.0
140.90985909000003 1.0 0.0
141.76700109 0.0 0.0
142.62414309000002 1.0 1.0
143.48128509000003 0.0 0.0
144.33842709 1.0 0.0
145.19556909000002 0.0 0.0
146.05271109000003 1.0 1.0
146.90985309 0.0 0.0
147.76699509000002 1.0 0.0
148.62413709 0.0 0.0
149.48127909000002 1.0 1.0
150.33842109000003 0.0 0.0
151.19556309 1.0 0.0
152.05270509000002 0.0 0.0
152.90984709000003 1.0 1.0
153.76698909 0.0 0.0
154.62413109000002 1.0 0.0
155.48127309000003 0.0 0.0
156.33841509 1.0 1.0
157.19555709000002 0.0 0.0
158.05269909 1.0 0.0
158.90984109000001 0.0 0.0
159.76698309000002 1.0 1.0
160.62412509 0.0 0.0
161.48126709000002 1.0 0.0
162.33840909000003 0.0 0.0
163.19555109 1.0 1.0
164.05269309000002 0.0 0.0
164.90983509000003 1.0 0.0
165.76697709 0.0 0.0
166.62411909000002 1.0 1.0
167.48126109000003 0.0 0.0
168.33840309 1.0 0.0
169.19554509000002 0.0 0.0
170.05268709 1.0 1.0
170.90982909000002 0.0 0.0
171.76697109000003 1.0 0.0
172.62411309 0.0 0.0
173.48125509000002 1.0 1.0
174.33839709000003 0.0 0.0
175.19553909 1.0 0.0
176.05268109000002 0.0 0.0
176.90982309000003 1.0 1.0
177.76696509 0.0 0.0
178.62410709000002 1.0 0.0
179.48124909 0.0 0.0
180.33839109000002 1.0 1.0
181.19553309000003 0.0 0.0
182.05267509 1.0 0.0
182.90981709000002 0.0 0.0
183.76695909000003 1.0 1.0
184.62410109 0.0 0.0
185.48124309000002 1.0 0.0
186.33838509000003 0.0 0.0
187.19552709 1.0 1.0
188.05266909000002 0.0 0.0
188.90981109000003 1.0 0.0
189.76695309000002 0.0 0.0
190.62409509000003 1.0 1.0
191.48123709 0.0 0.0
192.33837909000002 1.0 0.0
193.19552109000003 0.0 0.0
194.05266309 1.0 1.0
194.90980509000002 0.0 0.0
195.76694709000003 1.0 0.0
196.62408909 0.0 0.0
197.48123109000002 1.0 1.0
198.33837309000003 0.0 0.0
199.19551509000001 1.0 0.0
200.05265709000003 0.0 0.0
200.90979909 1.0 1.0
201.76694109000002 0.0 0.0
202.62408309000003 1.0 0.0
203.48122509 0.0 0.0
204.33836709000002 1.0 1.0
205.19550909000003 0.0 0.0
206.05265109 1.0 0.0
206.90979309000002 0.0 0.0
207.76693509000003 1.0 1.0
208.62407709000001 0.0 0.0
209.48121909000002 1.0 0.0
210.33836109000003 0.0 0.0
211.19550309000002 1.0 1.0
212.05264509000003 0.0 0.0
212.90978709 1.0 0.0
213.76692909000002 0.0 0.0
214.62407109000003 1.0 1.0
215.48121309 0.0 0.0
216.33835509000002 1.0 0.0
217.19549709000003 0.0 0.0
218.05263909 1.0 1.0
218.90978109000002 0.0 0.0
219.76692309 1.0 0.0
220.62406509 0.0 0.0
221.48120709 1.0 1.0
222.33834909 0.0 0.0
223.19549109 1.0 0.0
224.05263309 0.0 0.0
224.90977508999998 1.0 1.0
225.76691709 0.0 0.0
226.62405909 1.0 0.0
227.48120108999998 0.0 0.0
228.33834309 1.0 1.0
229.19548509 0.0 0.0
230.05262709 1.0 0.0
230.90976909 0.0 0.0
231.76691109 1.0 1.0
232.62405309 0.0 0.0
233.48119509 1.0 0.0
234.33833708999998 0.0 0.0
235.19547908999996 1.0 1.0
236.05262108999997 0.0 0.0
236.90976308999998 1.0 0.0
237.76690508999997 0.0 0.0
238.62404708999998 1.0 1.0
239.48118908999996 0.0 0.0
240.33833108999997 1.0 0.0
241.19547308999998 0.0 0.0
242.05261508999996 1.0 1.0
242.90975708999997 0.0 0.0
243.76689908999998 1.0 0.0
244.62404108999996 0.0 0.0
245.48118308999997 1.0 1.0
246.33832508999998 0.0 0.0
247.19546708999997 1.0 0.0
248.05260908999998 0.0 0.0
248.90975108999996 1.0 1.0
249.76689308999997 0.0 0.0
250.62403508999998 1.0 0.0
251.48117708999996 0.0 0.0
252.33831908999997 1.0 1.0
253.19546108999998 0.0 0.0
254.05260308999996 1.0 0.0
254.90974508999997 0.0 0.0
255.76688708999998 1.0 0.0
256.62402908999996 0.0 0.0
257.48117109 0.0 0.0