0.574826042 1.0 1.0
1.3422840420000002 0.0 0.0
2.109742042 0.0 0.0
2.877200042 1.0 1.0
3.644658042 0.0 0.0
4.412116042 0.0 0.0
5.179574042 0.0 0.0
5.947032042 0.0 0.0
6.714490042 1.0 1.0
7.481948042000001 0.0 0.0
8.249406042 0.0 0.0
9.016864042000002 1.0 0.0
9.784322042000001 0.0 0.0
10.551780042 0.0 0.0
11.319238042 1.0 1.0
12.086696042000002 0.0 0.0
12.854154042 0.0 0.0
13.621612041999997 1.0 0.0
14.389070041999998 0.0 0.0
15.156528041999998 0.0 0.0
15.923986041999997 1.0 1.0
16.691444041999997 0.0 0.0
17.458902042 0.0 0.0
18.226360042 1.0 0.0
18.993818041999997 0.0 0.0
19.761276042 0.0 0.0
20.528734041999996 1.0 1.0
21.296192041999998 0.0 0.0
22.063650042 0.0 0.0
22.831108041999997 1.0 0.0
23.598566041999998 0.0 0.0
24.366024042 0.0 0.0
25.133482042 1.0 1.0
25.900940042000002 0.0 0.0
26.668398042 0.0 0.0
27.435856042 1.0 0.0
28.203314042000002 0.0 0.0
28.970772042 0.0 0.0
29.738230042 1.0 1.0
30.505688042000003 0.0 0.0
31.273146042 0.0 0.0
32.040604042 1.0 0.0
32.808062042 0.0 0.0
33.575520042 0.0 0.0
34.342978042 1.0 1.0
35.110436042 0.0 0.0
35.877894042 0.0 0.0
36.645352042 1.0 0.0
37.412810042000004 0.0 0.0
38.180268042 0.0 0.0
38.947726042 1.0 1.0
39.715184042000004 0.0 0.0
40.482642042 0.0 0.0
41.250100042 1.0 0.0
42.017558042000005 0.0 0.0
42.785016042 0.0 0.0
43.552474042 1.0 1.0
44.319932042 0.0 0.0
45.087390042 0.0 0.0
45.854848042 1.0 0.0
46.622306042 0.0 0.0
47.389764042 0.0 0.0
48.157222042 1.0 1.0
48.924680042 0.0 0.0
49.692138041999996 0.0 0.0
50.459596041999994 1.0 0.0
51.227054042 0.0 0.0
51.994512042 0.0 0.0
52.761970041999994 1.0 1.0
53.52942804199999 0.0 0.0
54.296886042 0.0 0.0
55.064344041999995 1.0 0.0
55.83180204199999 0.0 0.0
56.599260042 0.0 0.0
57.366718041999995 1.0 1.0
58.13417604199999 0.0 0.0
58.901634042 0.0 0.0
59.669092041999996 1.0 0.0
60.43655004199999 0.0 0.0
61.204008042 0.0 0.0
61.971466041999996 1.0 1.0
62.738924041999994 0.0 0.0
63.506382042 0.0 0.0
64.27384004199999 1.0 0.0
65.041298042 0.0 0.0
65.808756042 0.0 0.0
66.57621404199999 1.0 1.0
67.343672042 0.0 0.0
68.111130042 0.0 0.0
68.87858804199999 1.0 0.0
69.646046042 0.0 0.0
70.413504042 0.0 0.0
71.18096204199999 1.0 1.0
71.948420042 0.0 0.0
72.715878042 0.0 0.0
73.48333604199999 1.0 0.0
74.250794042 0.0 0.0
75.018252042 0.0 0.0
75.78571004199999 1.0 1.0
76.553168042 0.0 0.0
77.320626042 0.0 0.0
78.08808404199999 1.0 0.0
78.855542042 0.0 0.0
79.623000042 0.0 0.0
80.39045804199999 1.0 1.0
81.157916042 0.0 0.0
81.925374042 0.0 0.0
82.69283204199999 1.0 0.0
83.460290042 0.0 0.0
84.227748042 0.0 0.0
84.99520604199999 1.0 1.0
85.762664042 0.0 0.0
86.530122042 0.0 0.0
87.29758004199999 1.0 0.0
88.065038042 0.0 0.0
88.832496042 0.0 0.0
89.599954042 1.0 1.0
90.367412042 0.0 0.0
91.134870042 0.0 0.0
91.902328042 1.0 0.0
92.669786042 0.0 0.0
93.437244042 0.0 0.0
94.204702042 1.0 1.0
94.972160042 0.0 0.0
95.73961804199999 0.0 0.0
96.507076042 1.0 0.0
97.274534042 0.0 0.0
98.04199204199999 0.0 0.0
98.809450042 1.0 1.0
99.576908042 0.0 0.0
100.34436604199999 0.0 0.0
101.111824042 1.0 0.0
101.879282042 0.0 0.0
102.64674004199999 0.0 0.0
103.414198042 1.0 1.0
104.181656042 0.0 0.0
104.949114042 0.0 0.0
105.71657204200001 1.0 0.0
106.48403004200001 0.0 0.0
107.251488042 0.0 0.0
108.01894604200001 1.0 1.0
108.786404042 0.0 0.0
109.553862042 0.0 0.0
110.32132004200001 1.0 0.0
111.088778042 0.0 0.0
111.856236042 0.0 0.0
112.62369404200001 1.0 1.0
113.391152042 0.0 0.0
114.158610042 0.0 0.0
114.92606804200001 1.0 0.0
115.693526042 0.0 0.0
116.460984042 0.0 0.0
117.22844204200001 1.0 1.0
117.995900042 0.0 0.0
118.76335804200001 0.0 0.0
119.53081604200001 1.0 0.0
120.298274042 0.0 0.0
121.06573204200001 0.0 0.0
121.83319004200001 1.0 1.0
122.600648042 0.0 0.0
123.36810604200001 0.0 0.0
124.13556404200001 1.0 0.0
124.903022042 0.0 0.0
125.67048004200001 0.0 0.0
126.43793804200001 1.0 1.0
127.205396042 0.0 0.0
127.97285404200001 0.0 0.0
128.740312042 1.0 0.0
129.507770042 0.0 0.0
130.275228042 0.0 0.0
131.042686042 1.0 1.0
131.81014404200002 0.0 0.0
132.577602042 0.0 0.0
133.345060042 1.0 0.0
134.112518042 0.0 0.0
134.879976042 0.0 0.0
135.64743404200001 1.0 1.0
136.41489204200002 0.0 0.0
137.182350042 0.0 0.0
137.949808042 1.0 0.0
138.717266042 0.0 0.0
139.484724042 0.0 0.0
140.25218204200002 1.0 1.0
141.01964004200002 0.0 0.0
141.787098042 0.0 0.0
142.554556042 1.0 0.0
143.322014042 0.0 0.0
144.089472042 0.0 0.0
144.85693004200002 1.0 1.0
145.62438804200002 0.0 0.0
146.391846042 0.0 0.0
147.159304042 1.0 0.0
147.926762042 0.0 0.0
148.694220042 0.0 0.0
149.46167804200002 1.0 1.0
150.22913604200002 0.0 0.0
150.996594042 0.0 0.0
151.764052042 1.0 0.0
152.531510042 0.0 0.0
153.298968042 0.0 0.0
154.06642604200002 1.0 1.0
154.83388404200002 0.0 0.0
155.601342042 0.0 0.0
156.368800042 1.0 0.0
157.136258042 0.0 0.0
157.903716042 0.0 0.0
158.67117404200002 1.0 1.0
159.438632042 0.0 0.0
160.206090042 0.0 0.0
160.973548042 1.0 0.0
161.741006042 0.0 0.0
162.508464042 0.0 0.0
163.27592204200002 1.0 1.0
164.043380042 0.0 0.0
164.810838042 0.0 0.0
165.578296042 1.0 0.0
166.345754042 0.0 0.0
167.11321204200001 0.0 0.0
167.88067004200002 1.0 1.0
168.648128042 0.0 0.0
169.415586042 0.0 0.0
170.183044042 1.0 0.0
170.950502042 0.0 0.0
171.71796004200002 0.0 0.0
172.48541804200002 1.0 1.0
173.252876042 0.0 0.0
174.020334042 0.0 0.0
174.787792042 1.0 0.0
175.555250042 0.0 0.0
176.32270804200002 0.0 0.0
177.09016604200002 1.0 1.0
177.857624042 0.0 0.0
178.625082042 0.0 0.0
179.392540042 1.0 0.0
180.159998042 0.0 0.0
180.92745604200002 0.0 0.0
181.69491404200002 1.0 1.0
182.462372042 0.0 0.0
183.229830042 0.0 0.0
183.997288042 1.0 0.0
184.764746042 0.0 0.0
185.53220404200002 0.0 0.0
186.29966204200002 1.0 1.0
187.067120042 0.0 0.0
187.834578042 0.0 0.0
188.602036042 1.0 0.0
189.369494042 0.0 0.0
190.13695204200002 0.0 0.0
190.904410042 1.0 1.0
191.671868042 0.0 0.0
192.439326042 0.0 0.0
193.206784042 1.0 0.0
193.97424204200001 0.0 0.0
194.74170004200002 0.0 0.0
195.509158042 1.0 1.0
196.276616042 0.0 0.0
197.04407404200003 0.0 0.0
197.81153204200004 1.0 0.0
198.57899004200004 0.0 0.0
199.34644804200002 0.0 0.0
200.11390604200002 1.0 1.0
200.88136404200003 0.0 0.0
201.64882204200003 0.0 0.0
202.41628004200004 1.0 0.0
203.18373804200004 0.0 0.0
203.95119604200002 0.0 0.0
204.71865404200003 1.0 1.0
205.48611204200003 0.0 0.0
206.25357004200004 0.0 0.0
207.02102804200004 1.0 0.0
207.78848604200005 0.0 0.0
208.55594404200002 0.0 0.0
209.32340204200003 1.0 1.0
210.09086004200003 0.0 0.0
210.85831804200004 0.0 0.0
211.62577604200004 1.0 0.0
212.39323404200005 0.0 0.0
213.16069204200002 0.0 0.0
213.92815004200003 1.0 1.0
214.69560804200003 0.0 0.0
215.46306604200004 0.0 0.0
216.23052404200004 1.0 0.0
216.99798204200005 0.0 0.0
217.76544004200002 0.0 0.0
218.53289804200003 1.0 1.0
219.30035604200003 0.0 0.0
220.06781404200004 0.0 0.0
220.83527204200004 1.0 0.0
221.60273004200002 0.0 0.0
222.37018804200002 0.0 0.0
223.13764604200003 1.0 1.0
223.90510404200003 0.0 0.0
224.67256204200004 0.0 0.0
225.44002004200004 1.0 0.0
226.20747804200002 0.0 0.0
226.97493604200002 0.0 0.0
227.74239404200003 1.0 1.0
228.50985204200003 0.0 0.0
229.27731004200004 0.0 0.0
230.04476804200004 1.0 0.0
230.81222604200002 0.0 0.0
231.57968404200003 0.0 0.0
232.34714204200003 1.0 1.0
233.11460004200003 0.0 0.0
233.88205804200004 0.0 0.0
234.64951604200004 1.0 0.0
235.41697404200002 0.0 0.0
236.18443204200003 0.0 0.0
236.95189004200003 1.0 1.0
237.71934804200004 0.0 0.0
238.48680604200004 0.0 0.0
239.25426404200005 1.0 0.0
240.02172204200002 0.0 0.0
240.78918004200003 0.0 0.0
241.55663804200003 1.0 1.0
242.32409604200004 0.0 0.0
243.09155404200004 0.0 0.0
243.85901204200005 1.0 0.0
244.62647004200002 0.0 0.0