0.103764654 0.0 0.0
0.809646654 1.0 1.0
1.5155286540000001 0.0 0.0
2.221410654 1.0 0.0
2.9272926540000004 0.0 0.0
3.633174654 1.0 1.0
4.339056654 0.0 0.0
5.044938654 1.0 0.0
5.750820654 0.0 0.0
6.456702654000001 1.0 1.0
7.162584654000001 0.0 0.0
7.868466654000001 1.0 0.0
8.574348654 0.0 0.0
9.280230654 1.0 1.0
9.986112654000001 0.0 0.0
10.691994654 1.0 0.0
11.397876654 0.0 0.0
12.103758653999998 1.0 1.0
12.809640653999999 0.0 0.0
13.515522654 1.0 0.0
14.221404653999999 0.0 0.0
14.927286654 1.0 1.0
15.633168653999999 0.0 0.0
16.339050653999998 1.0 0.0
17.044932654 0.0 0.0
17.750814654 1.0 1.0
18.456696653999998 0.0 0.0
19.162578653999997 1.0 0.0
19.868460654 0.0 0.0
20.574342654 1.0 1.0
21.280224653999998 0.0 0.0
21.986106654 1.0 0.0
22.691988654 0.0 0.0
23.397870654 1.0 1.0
24.103752653999997 0.0 0.0
24.809634653999996 1.0 0.0
25.515516653999995 0.0 0.0
26.221398653999994 1.0 1.0
26.927280653999997 0.0 0.0
27.633162653999996 1.0 0.0
28.339044653999995 0.0 0.0
29.044926653999998 1.0 1.0
29.750808653999997 0.0 0.0
30.456690653999996 1.0 0.0
31.162572653999995 0.0 0.0
31.868454653999997 1.0 1.0
32.57433665399999 0.0 0.0
33.280218653999995 1.0 0.0
33.986100654 0.0 0.0
34.69198265399999 1.0 1.0
35.397864653999996 0.0 0.0
36.103746654 1.0 0.0
36.809628653999994 0.0 0.0
37.515510653999996 1.0 1.0
38.221392654 0.0 0.0
38.927274653999994 1.0 0.0
39.633156654 0.0 0.0
40.33903865399999 1.0 1.0
41.044920653999995 0.0 0.0
41.750802654 1.0 0.0
42.45668465399999 0.0 0.0
43.162566653999995 1.0 1.0
43.868448654 0.0 0.0
44.57433065399999 1.0 0.0
45.280212654 0.0 0.0
45.986094654 1.0 1.0
46.691976654 0.0 0.0
47.397858654000004 1.0 0.0
48.103740654 0.0 0.0
48.80962265400001 1.0 1.0
49.515504654000004 0.0 0.0
50.22138665400001 1.0 0.0
50.92726865400001 0.0 0.0
51.633150654000005 1.0 1.0
52.33903265400001 0.0 0.0
53.044914654 1.0 0.0
53.750796654000006 0.0 0.0
54.45667865400001 1.0 1.0
55.162560654 0.0 0.0
55.868442654000006 1.0 0.0
56.57432465400001 0.0 0.0
57.280206654000004 1.0 1.0
57.98608865400001 0.0 0.0
58.69197065400001 1.0 0.0
59.397852654000005 0.0 0.0
60.10373465400001 1.0 1.0
60.809616654 0.0 0.0
61.515498654000005 1.0 0.0
62.22138065400001 0.0 0.0
62.927262654 1.0 1.0
63.633144654000006 0.0 0.0
64.33902665400001 1.0 0.0
65.04490865400001 0.0 0.0
65.750790654 1.0 1.0
66.456672654 0.0 0.0
67.162554654 1.0 0.0
67.868436654 0.0 0.0
68.57431865400001 1.0 1.0
69.28020065400001 0.0 0.0
69.986082654 1.0 0.0
70.691964654 0.0 0.0
71.397846654 1.0 1.0
72.10372865400001 0.0 0.0
72.80961065400001 1.0 0.0
73.515492654 0.0 0.0
74.221374654 1.0 1.0
74.927256654 0.0 0.0
75.633138654 1.0 0.0
76.33902065400001 0.0 0.0
77.04490265400001 1.0 1.0
77.750784654 0.0 0.0
78.456666654 1.0 0.0
79.162548654 0.0 0.0
79.86843065400001 1.0 1.0
80.57431265400001 0.0 0.0
81.280194654 1.0 0.0
81.986076654 0.0 0.0
82.691958654 1.0 1.0
83.397840654 0.0 0.0
84.10372265400001 1.0 0.0
84.80960465400001 0.0 0.0
85.515486654 1.0 1.0
86.221368654 0.0 0.0
86.927250654 1.0 0.0
87.63313265400001 0.0 0.0
88.33901465400001 1.0 1.0
89.044896654 0.0 0.0
89.750778654 1.0 0.0
90.45666065399999 0.0 0.0
91.16254265399999 1.0 1.0
91.868424654 0.0 0.0
92.574306654 1.0 0.0
93.280188654 0.0 0.0
93.98607065399999 1.0 1.0
94.69195265399999 0.0 0.0
95.397834654 1.0 0.0
96.103716654 0.0 0.0
96.809598654 1.0 1.0
97.515480654 0.0 0.0
98.22136265399999 1.0 0.0
98.92724465399999 0.0 0.0
99.633126654 1.0 1.0
100.339008654 0.0 0.0
101.044890654 1.0 0.0
101.75077265399999 0.0 0.0
102.45665465399999 1.0 1.0
103.162536654 0.0 0.0
103.868418654 1.0 0.0
104.574300654 0.0 0.0
105.280182654 1.0 1.0
105.98606465399999 0.0 0.0
106.69194665399999 1.0 1.0
107.397828654 0.0 0.0
108.103710654 1.0 0.0
108.809592654 0.0 0.0
109.51547465399999 1.0 1.0
110.22135665399999 0.0 0.0
110.92723865399999 1.0 0.0
111.633120654 0.0 0.0
112.339002654 1.0 1.0
113.044884654 0.0 0.0
113.75076665399999 1.0 0.0
114.45664865399999 0.0 0.0
115.162530654 1.0 1.0
115.868412654 0.0 0.0
116.574294654 1.0 0.0
117.28017665399999 0.0 0.0
117.98605865399999 1.0 1.0
118.69194065399999 0.0 0.0
119.397822654 1.0 0.0
120.103704654 0.0 0.0
120.809586654 1.0 1.0
121.51546865399999 0.0 0.0
122.22135065399999 1.0 0.0
122.927232654 0.0 0.0
123.633114654 1.0 1.0
124.338996654 0.0 0.0
125.04487865399999 1.0 0.0
125.75076065399999 0.0 0.0
126.45664265399999 1.0 1.0
127.162524654 0.0 0.0
127.868406654 1.0 0.0
128.574288654 0.0 0.0
129.280170654 1.0 1.0
129.986052654 0.0 0.0
130.691934654 1.0 0.0
131.397816654 0.0 0.0
132.103698654 1.0 1.0
132.809580654 0.0 0.0
133.515462654 1.0 0.0
134.221344654 0.0 0.0
134.92722665399998 1.0 1.0
135.63310865399998 0.0 0.0
136.33899065399999 1.0 0.0
137.044872654 0.0 0.0
137.750754654 1.0 1.0
138.456636654 0.0 0.0
139.162518654 1.0 0.0
139.868400654 0.0 0.0
140.574282654 1.0 1.0
141.280164654 0.0 0.0
141.986046654 1.0 0.0
142.69192865399998 0.0 0.0
143.39781065399998 1.0 1.0
144.10369265399999 0.0 0.0
144.809574654 1.0 0.0
145.515456654 0.0 0.0
146.221338654 1.0 1.0
146.927220654 0.0 0.0
147.633102654 1.0 0.0
148.338984654 0.0 0.0
149.044866654 1.0 1.0
149.750748654 0.0 0.0
150.45663065399998 1.0 0.0
151.16251265399998 0.0 0.0
151.86839465399999 1.0 1.0
152.574276654 0.0 0.0
153.280158654 1.0 0.0
153.986040654 0.0 0.0
154.691922654 1.0 1.0
155.397804654 0.0 0.0
156.103686654 1.0 0.0
156.809568654 0.0 0.0
157.515450654 1.0 1.0
158.22133265399998 0.0 0.0
158.92721465399998 1.0 0.0
159.63309665399998 0.0 0.0
160.338978654 1.0 1.0
161.044860654 0.0 0.0
161.750742654 1.0 0.0
162.456624654 0.0 0.0
163.162506654 1.0 1.0
163.868388654 0.0 0.0
164.574270654 1.0 0.0
165.280152654 0.0 0.0
165.98603465399998 1.0 1.0
166.69191665399998 0.0 0.0
167.39779865399998 1.0 0.0
168.103680654 0.0 0.0
168.809562654 1.0 1.0
169.515444654 0.0 0.0
170.221326654 1.0 0.0
170.927208654 0.0 0.0
171.633090654 1.0 1.0
172.338972654 0.0 0.0
173.044854654 1.0 0.0
173.75073665399998 0.0 0.0
174.45661865399998 1.0 1.0
175.16250065399998 0.0 0.0
175.868382654 1.0 0.0
176.574264654 0.0 0.0
177.280146654 1.0 1.0
177.986028654 0.0 0.0
178.691910654 1.0 0.0
179.397792654 0.0 0.0
180.103674654 1.0 1.0
180.809556654 0.0 0.0
181.51543865399998 1.0 0.0
182.22132065399998 0.0 0.0
182.92720265399998 1.0 1.0
183.633084654 0.0 0.0
184.338966654 1.0 0.0
185.044848654 0.0 0.0
185.750730654 1.0 1.0
186.456612654 0.0 0.0
187.162494654 1.0 0.0
187.868376654 0.0 0.0
188.574258654 1.0 1.0
189.28014065399998 0.0 0.0
189.98602265399998 1.0 0.0
190.69190465399998 0.0 0.0
191.397786654 1.0 1.0
192.103668654 0.0 0.0
192.809550654 1.0 0.0
193.515432654 0.0 0.0
194.221314654 1.0 1.0
194.927196654 0.0 0.0
195.633078654 1.0 0.0
196.338960654 0.0 0.0
197.04484265399998 1.0 1.0
197.75072465399998 0.0 0.0
198.45660665399998 1.0 0.0
199.162488654 0.0 0.0
199.868370654 1.0 1.0
200.574252654 0.0 0.0
201.280134654 1.0 0.0
201.986016654 0.0 0.0
202.691898654 1.0 0.0
203.397780654 0.0 0.0