0.5290903800000001 0.0 0.0
1.3083103800000002 1.0 0.0
2.08753038 0.0 0.0
2.86675038 1.0 1.0
3.64597038 0.0 0.0
4.42519038 1.0 0.0
5.204410380000001 0.0 0.0
5.98363038 1.0 0.0
6.762850380000001 0.0 0.0
7.54207038 1.0 1.0
8.32129038 0.0 0.0
9.100510380000001 1.0 0.0
9.87973038 0.0 0.0
10.65895038 1.0 1.0
11.43817038 0.0 0.0
12.21739038 1.0 0.0
12.996610379999998 0.0 0.0
13.77583038 1.0 1.0
14.55505038 0.0 0.0
15.33427038 1.0 0.0
16.113490380000002 0.0 0.0
16.89271038 1.0 1.0
17.67193038 0.0 0.0
18.45115038 1.0 0.0
19.23037038 0.0 0.0
20.00959038 1.0 1.0
20.78881038 0.0 0.0
21.56803038 1.0 0.0
22.347250380000002 0.0 0.0
23.12647038 1.0 1.0
23.90569038 0.0 0.0
24.68491038 1.0 0.0
25.464130380000004 0.0 0.0
26.243350380000003 1.0 1.0
27.022570380000005 0.0 0.0
27.801790380000003 1.0 0.0
28.581010380000002 0.0 0.0
29.360230380000004 1.0 1.0
30.139450380000003 0.0 0.0
30.918670380000002 1.0 0.0
31.697890380000004 0.0 0.0
32.477110380000006 1.0 1.0
33.25633038 0.0 0.0
34.035550380000004 0.0 0.0
34.82888 1.0 0.0
35.62888 0.0 0.0
36.42888 1.0 1.0
37.228880000000004 0.0 0.0
38.021732846000006 1.0 0.0
38.80424438 0.0 0.0
39.58346438 1.0 1.0
40.362684380000005 0.0 0.0
41.14190438 1.0 0.0
41.92112438 0.0 0.0
42.700344380000004 1.0 1.0
43.47956438 0.0 0.0
44.25878438 1.0 0.0
45.038004380000004 0.0 0.0
45.81722438 1.0 1.0
46.59644438 0.0 0.0
47.37566438 1.0 0.0
48.15488438 0.0 0.0
48.93410438 1.0 1.0
49.71332438 0.0 0.0
50.49254438 1.0 0.0
51.27176438 0.0 0.0
52.05098438 1.0 1.0
52.830204380000005 0.0 0.0
53.60942438000001 1.0 0.0
54.38864438 0.0 0.0
55.167864380000005 1.0 1.0
55.94708438000001 0.0 0.0
56.72630438 1.0 0.0
57.505524380000004 0.0 0.0
58.28474438000001 1.0 0.0
59.06396438 0.0 0.0
59.843184380000004 1.0 1.0
60.622404380000006 0.0 0.0
61.40162438 1.0 0.0
62.18084438 0.0 0.0
62.960064380000006 1.0 1.0
63.73928438 0.0 0.0
64.51850438 1.0 0.0
65.29094117000001 0.0 0.0
66.06017117 1.0 1.0
66.82940117000001 0.0 0.0
67.619524 1.0 0.0
68.38557399999999 0.0 0.0
69.13569418750001 1.0 1.0
69.88569418750001 0.0 0.0
70.63569418750001 1.0 0.0
71.3987513575 0.0 0.0
72.1679813575 1.0 1.0
72.9372113575 0.0 0.0
73.7064413575 1.0 0.0
74.4756713575 0.0 0.0
75.2449013575 1.0 1.0
76.0141313575 0.0 0.0
76.7833613575 1.0 0.0
77.5525913575 0.0 0.0
78.3218213575 1.0 1.0
79.09105135749999 0.0 0.0
79.8602813575 1.0 0.0
80.6295113575 0.0 0.0
81.3987413575 1.0 1.0
82.1679713575 0.0 0.0
82.9372013575 1.0 0.0
83.7064313575 0.0 0.0
84.4756613575 1.0 1.0
85.2448913575 0.0 0.0
86.0141213575 1.0 0.0
86.7833513575 0.0 0.0
87.5525813575 1.0 1.0
88.3218113575 0.0 0.0
89.09104135749999 1.0 0.0
89.8602713575 0.0 0.0
90.6295013575 1.0 1.0
91.3987313575 0.0 0.0
92.16796135749999 1.0 0.0
92.9371913575 0.0 0.0
93.70642135749999 1.0 1.0
94.4756513575 0.0 0.0
95.24488135749999 1.0 0.0
96.0141113575 0.0 0.0
96.78334135749999 1.0 1.0
97.5525713575 0.0 0.0
98.3218013575 1.0 0.0
99.09103135749999 0.0 0.0
99.8602613575 1.0 1.0
100.6294913575 0.0 0.0
101.3987213575 1.0 0.0
102.16795135749999 0.0 0.0
102.9371813575 1.0 1.0
103.7064113575 0.0 0.0
104.4756413575 1.0 0.0
105.24487135749999 0.0 0.0
106.0141013575 1.0 1.0
106.7833313575 0.0 0.0
107.5525613575 1.0 0.0
108.32179135749999 0.0 0.0
109.09102135749998 1.0 1.0
109.86025135749999 0.0 0.0
110.6294813575 1.0 0.0
111.39871135749999 0.0 0.0
112.16794135749998 1.0 1.0
112.93717135749999 0.0 0.0
113.7064013575 1.0 0.0
114.47563135749999 0.0 0.0
115.24486135749999 1.0 1.0
116.01409135749999 0.0 0.0
116.7833213575 1.0 0.0
117.5525513575 0.0 0.0
118.32178135749999 1.0 1.0
119.09101135749998 0.0 0.0
119.86024135749999 1.0 0.0
120.6294713575 0.0 0.0
121.39870135749999 1.0 1.0
122.16793135749998 0.0 0.0
122.93716135749999 1.0 0.0
123.70639135749998 0.0 0.0
124.47562135749999 1.0 1.0
125.24485135749998 0.0 0.0
126.01408135749998 1.0 0.0
126.78331135749998 0.0 0.0
127.55254135749999 1.0 1.0
128.32177135749998 0.0 0.0
129.09100135749998 1.0 0.0
129.86023135749997 0.0 0.0
130.6294613575 1.0 1.0
131.39869135749998 0.0 0.0
132.16792135749998 1.0 0.0
132.93715135749997 0.0 0.0
133.7063813575 1.0 1.0
134.4756113575 0.0 0.0
135.24484135749998 1.0 0.0
136.01407135749997 0.0 0.0
136.78330135749997 1.0 1.0
137.55253135749996 0.0 0.0
138.32176135749998 1.0 0.0
139.09099135749997 0.0 0.0
139.8602213575 1.0 1.0
140.6294513575 0.0 0.0
141.39868135749998 1.0 0.0
142.16791135749997 0.0 0.0
142.93714135749997 1.0 1.0
143.70637135749996 0.0 0.0
144.47560135749998 1.0 0.0
145.24483135749998 0.0 0.0
146.0140613575 1.0 1.0
146.7832913575 0.0 0.0
147.55252135749998 1.0 0.0
148.32175135749998 0.0 0.0
149.09098135749997 1.0 1.0
149.86021135749996 0.0 0.0
150.62944135749996 1.0 1.0
151.39867135749998 0.0 0.0
152.16790135749997 1.0 0.0
152.9371313575 0.0 0.0
153.7063613575 1.0 1.0
154.47559135749998 0.0 0.0
155.24482135749997 1.0 0.0
156.01405135749997 0.0 0.0
156.78328135749996 1.0 1.0
157.55251135749998 0.0 0.0
158.32174135749997 1.0 0.0
159.09097135749997 0.0 0.0
159.8602013575 1.0 1.0
160.62943135749998 0.0 0.0
161.39866135749998 1.0 0.0
162.16789135749997 0.0 0.0
162.93712135749996 1.0 1.0
163.7660436055 0.0 0.0
164.62318560549997 1.0 0.0
165.46416061549996 0.0 0.0
166.29749261549998 1.0 1.0
167.07424218749998 0.0 0.0
167.82424218749998 1.0 0.0
168.58729935749997 0.0 0.0
169.35652935749997 1.0 1.0
170.12575935749996 0.0 0.0
170.89498935749998 1.0 0.0
171.66421935749997 0.0 0.0
172.43344935749997 1.0 1.0
173.20267935749996 0.0 0.0
173.97190935749995 1.0 0.0
174.74113935749997 0.0 0.0
175.51036935749997 1.0 1.0
176.27959935749996 0.0 0.0
177.04882935749995 1.0 0.0
177.81805935749998 0.0 0.0
178.58728935749997 1.0 1.0
179.35651935749996 0.0 0.0
180.12574935749996 1.0 0.0
180.89497935749998 0.0 0.0
181.66420935749997 1.0 1.0
182.43343935749996 0.0 0.0
183.20266935749996 1.0 0.0
183.97189935749998 0.0 0.0
184.74112935749997 1.0 1.0
185.51035935749996 0.0 0.0
186.27958935749996 1.0 0.0
187.04881935749995 0.0 0.0
187.81804935749997 1.0 1.0
188.58727935749997 0.0 0.0
189.35650935749996 1.0 0.0
190.12573935749998 0.0 0.0
190.89496935749997 1.0 1.0
191.66419935749997 0.0 0.0
192.43342935749996 1.0 0.0
193.20265935749995 0.0 0.0
193.97188935749998 1.0 1.0
194.74111935749997 0.0 0.0
195.51034935749996 1.0 0.0
196.27957935749995 0.0 0.0
197.04880935749998 1.0 1.0
197.81803935749997 0.0 0.0
198.58726935749993 1.0 0.0
199.35649935749993 0.0 0.0
200.12572935749995 1.0 1.0
200.89495935749994 0.0 0.0
201.66418935749994 1.0 0.0
202.43341935749993 0.0 0.0
203.20264935749992 1.0 1.0
203.97187935749994 0.0 0.0
204.74110935749994 1.0 0.0
205.51033935749993 0.0 0.0
206.27956935749995 1.0 1.0
207.04879935749995 0.0 0.0
207.81802935749994 1.0 0.0
208.58725935749993 0.0 0.0
209.35648935749992 1.0 1.0
210.12571935749995 0.0 0.0
210.89494935749994 1.0 0.0
211.66417935749993 0.0 0.0
212.43340935749993 1.0 1.0
213.20263935749995 0.0 0.0
213.97186935749994 1.0 0.0
214.74109935749993 0.0 0.0
215.51032935749993 1.0 1.0
216.27955935749992 0.0 0.0
217.04878935749994 1.0 0.0
217.81801935749994 0.0 0.0
218.58724935749993 1.0 1.0
219.35647935749995 0.0 0.0
220.12570935749994 1.0 0.0
220.89493935749994 0.0 0.0
221.66416935749993 1.0 1.0
222.43339935749992 0.0 0.0
223.20262935749992 1.0 0.0
223.97185935749994 0.0 0.0
224.74108935749993 1.0 1.0
225.51031935749992 0.0 0.0
226.27954935749992 1.0 0.0
227.04877935749994 0.0 0.0
227.81800935749993 1.0 1.0
228.58723935749993 0.0 0.0
229.35646935749992 1.0 0.0
230.1256993574999 0.0 0.0
230.89492935749993 1.0 1.0
231.66415935749993 0.0 0.0
232.43338935749992 1.0 0.0
233.20261935749994 0.0 0.0
233.97184935749993 1.0 1.0
234.74107935749993 0.0 0.0
235.51030935749992 1.0 0.0
236.2795393574999 0.0 0.0
237.0487693574999 1.0 1.0
237.81799935749993 0.0 0.0
238.58722935749992 1.0 0.0
239.35645935749994 0.0 0.0
240.12568935749994 1.0 1.0
240.89491935749993 0.0 0.0
241.66414935749992 1.0 0.0
242.43337935749992 0.0 0.0
243.2026093574999 1.0 1.0
243.9718393574999 0.0 0.0
244.74106935749992 1.0 0.0
245.51029935749992 0.0 0.0
246.27952935749994 1.0 1.0
247.04875935749993 0.0 0.0
247.81798935749993 1.0 0.0
248.58721935749992 0.0 0.0
249.3564493574999 1.0 1.0
250.1256793574999 0.0 0.0
250.89490935749993 1.0 0.0
251.66413935749992 0.0 0.0
252.43336935749994 1.0 1.0
253.20259935749993 0.0 0.0
253.97182935749993 1.0 0.0
254.74105935749992 0.0 0.0
255.51028935749991 1.0 1.0
256.2795193574999 0.0 0.0
257.0487493574999 1.0 0.0
257.8179793574999 0.0 0.0
258.5872093574999 1.0 1.0
259.35643935749994 0.0 0.0
260.12566935749993 1.0 0.0
260.8948993574999 0.0 0.0
261.6641293574999 1.0 1.0
262.4333593574999 0.0 0.0
263.2025893574999 1.0 0.0
263.9718193574999 0.0 0.0
264.74104935749995 1.0 1.0
265.51027935749994 0.0 0.0
266.27950935749993 1.0 0.0
267.0487393574999 0.0 0.0
267.8179693574999 1.0 1.0
268.5871993574999 0.0 0.0
269.3564293574999 1.0 0.0
270.1256593574999 0.0 0.0
270.8948893574999 1.0 1.0
271.6641193574999 0.0 0.0
272.43334935749994 1.0 0.0
273.2025793574999 0.0 0.0
273.9718093574999 1.0 1.0
274.7410393574999 0.0 0.0
275.5102693574999 1.0 0.0
276.2794993574999 0.0 0.0