0.711175712 1.0 1.0
1.593527712 0.0 0.0
2.4758797120000002 1.0 0.0
3.3582317120000003 0.0 0.0
4.240583712 1.0 1.0
5.122935712 0.0 0.0
6.005287712 1.0 0.0
6.887639712 0.0 0.0
7.769991712 1.0 1.0
8.652343712 0.0 0.0
9.534695712 1.0 0.0
10.417047712 0.0 0.0
11.299399712 1.0 1.0
12.181751712 0.0 0.0
13.064103712 1.0 0.0
13.946455712 0.0 0.0
14.828807712 1.0 1.0
15.711159712000002 0.0 0.0
16.593511712 1.0 0.0
17.475863712000002 0.0 0.0
18.358215712000003 1.0 1.0
19.240567712 0.0 0.0
20.122919712 1.0 0.0
21.005271712000003 0.0 0.0
21.887623712000003 1.0 1.0
22.769975712 0.0 0.0
23.652327712 1.0 0.0
24.534679712000003 0.0 0.0
25.417031712000004 1.0 1.0
26.299383712 0.0 0.0
27.181735712000002 1.0 0.0
28.064087712000003 0.0 0.0
28.946439712 1.0 1.0
29.828791711999997 0.0 0.0
30.711143711999995 1.0 0.0
31.593495711999996 0.0 0.0
32.475847712 1.0 1.0
33.358199711999994 0.0 0.0
34.240551712 1.0 0.0
35.122903711999996 0.0 0.0
36.00525571199999 1.0 1.0
36.887607712 0.0 0.0
37.769959711999995 1.0 0.0
38.65231171199999 0.0 0.0
39.534663712 1.0 1.0
40.417015711999994 0.0 0.0
41.299367712 1.0 0.0
42.181719711999996 0.0 0.0
43.06407171199999 1.0 1.0
43.946423712 0.0 0.0
44.828775711999995 1.0 0.0
45.71112771199999 0.0 0.0
46.593479712 1.0 1.0
47.475831711999994 0.0 0.0
48.358183712 1.0 0.0
49.240535711999996 0.0 0.0
50.122887711999994 1.0 1.0
51.005239712 0.0 0.0
51.887591711999995 1.0 0.0
52.76994371199999 0.0 0.0
53.652295712 1.0 1.0
54.534647711999995 0.0 0.0
55.416999712 1.0 0.0
56.299351711999996 0.0 0.0
57.181703711999994 1.0 1.0
58.064055712 0.0 0.0
58.946407711999996 1.0 0.0
59.82875971199999 0.0 0.0
60.711111712 1.0 1.0
61.593463711999995 0.0 0.0
62.475815712 1.0 0.0
63.358167712 0.0 0.0
64.240519712 1.0 1.0
65.12287171199999 0.0 0.0
66.00522371199999 1.0 0.0
67.16333894 0.0 0.0
68.38782893999999 1.0 1.0
69.61231894 0.0 0.0
70.83680894 1.0 0.0
72.06129894 0.0 0.0
73.28578894 1.0 1.0
74.51027893999999 0.0 0.0
75.73476894 1.0 0.0
76.95925894 0.0 0.0
78.18374894 1.0 1.0
79.40823894 0.0 0.0
80.63272893999999 1.0 0.0
81.85721894 0.0 0.0
83.08170894 1.0 1.0
84.30619894 0.0 0.0
85.53068894 1.0 0.0
86.75517894 0.0 0.0
87.97966894 1.0 1.0
89.20415894 0.0 0.0
90.42864894 1.0 0.0
91.65313893999999 0.0 0.0
92.87762894 1.0 1.0
94.10211894 0.0 0.0
95.32660894 1.0 0.0
96.55109894 0.0 0.0
97.77558894 1.0 0.0
99.00007894 0.0 0.0
100.22456894 1.0 1.0
101.44905894 0.0 0.0
102.67354893999999 1.0 0.0
103.89803893999999 0.0 0.0
105.12252894 1.0 1.0
106.34701894 0.0 0.0
107.57150894 1.0 0.0
108.52023571199999 0.0 0.0
109.40258771199998 1.0 1.0
110.28493971199998 0.0 0.0
111.16729171199998 1.0 0.0
112.04964371199999 0.0 0.0
112.93199571199999 1.0 1.0
113.81434771199999 0.0 0.0
114.69669971199998 1.0 0.0
115.57905171199998 0.0 0.0
116.46140371199999 1.0 1.0
117.34375571199999 0.0 0.0
118.22610771199999 1.0 0.0
119.10845971199998 0.0 0.0
119.99081171199998 1.0 1.0
120.87316371199998 0.0 0.0
121.75551571199999 1.0 0.0
122.63786771199999 0.0 0.0
123.52021971199999 1.0 1.0
124.40257171199998 0.0 0.0
125.284923712 1.0 0.0
126.16727571199999 0.0 0.0
127.04962771199999 1.0 1.0
127.931979712 0.0 0.0
128.814331712 1.0 0.0
129.69668371199998 0.0 0.0
130.579035712 1.0 1.0
131.461387712 0.0 0.0
132.343739712 1.0 0.0
133.226091712 0.0 0.0
134.108443712 1.0 1.0
134.990795712 0.0 0.0
135.873147712 1.0 0.0
136.755499712 0.0 0.0
137.63785171199999 1.0 1.0
138.520203712 0.0 0.0
139.402555712 1.0 0.0
140.284907712 0.0 0.0
141.167259712 1.0 1.0
142.049611712 0.0 0.0
142.931963712 1.0 0.0
143.814315712 0.0 0.0
144.696667712 1.0 1.0
145.579019712 0.0 0.0
146.461371712 1.0 0.0
147.34372371199998 0.0 0.0
148.226075712 1.0 1.0
149.10842771199998 0.0 0.0
149.990779712 1.0 0.0
150.873131712 0.0 0.0
151.755483712 1.0 1.0
152.637835712 0.0 0.0
153.520187712 1.0 0.0
154.67830294 0.0 0.0
155.90279294 1.0 1.0
157.12728294000001 0.0 0.0
158.35177294000002 1.0 0.0
159.57626294 0.0 0.0
160.80075294 1.0 1.0
162.02524294 0.0 0.0
163.24973294 1.0 0.0
164.47422294 0.0 0.0
165.69871294 1.0 1.0
166.92320294 0.0 0.0
168.14769294 1.0 0.0
169.37218294000002 0.0 0.0
170.59667294000002 1.0 1.0
171.82116294000002 0.0 0.0
173.04565294 1.0 0.0
174.27014294 0.0 0.0
175.49463294 1.0 1.0
176.71912294 0.0 0.0
177.94361294 1.0 0.0
179.16810294 0.0 0.0
180.39259294000001 1.0 1.0
181.61708294 0.0 0.0
182.84157294 1.0 0.0
184.06606294 0.0 0.0
185.29055294 1.0 1.0
186.51504294 0.0 0.0
187.73953294 1.0 0.0
188.96402294 0.0 0.0
190.18851294 1.0 1.0
191.41300294 0.0 0.0
192.63749294000002 1.0 0.0
193.86198294000002 0.0 0.0
195.08647294 1.0 1.0
196.31096294 0.0 0.0
197.53545294 1.0 1.0
198.75994294 0.0 0.0
200.072160398 0.0 0.0
201.031695584 1.0 1.0
201.901259584 0.0 0.0
202.770823584 1.0 0.0
203.640387584 0.0 0.0
204.50995158400002 1.0 1.0
205.37951558400002 0.0 0.0
206.24907958400001 1.0 0.0
207.118643584 0.0 0.0
207.988207584 1.0 1.0
208.857771584 0.0 0.0
209.727335584 1.0 0.0
210.596899584 0.0 0.0
211.466463584 1.0 1.0
212.33602758400002 0.0 0.0
213.20559158400002 1.0 0.0
214.07515558400002 0.0 0.0
214.944719584 1.0 1.0
215.814283584 0.0 0.0
216.683847584 1.0 0.0
217.553411584 0.0 0.0
218.422975584 1.0 1.0
219.292539584 0.0 0.0
220.16210358400002 1.0 0.0
221.041974712 0.0 0.0
221.924326712 1.0 1.0
222.80667871200004 0.0 0.0
223.68903071200003 1.0 0.0
224.57138271200003 0.0 0.0
225.63811446600005 1.0 1.0
226.55453858400003 0.0 0.0
227.42410258400002 1.0 0.0
228.29366658400002 0.0 0.0
229.16323058400002 1.0 1.0
230.03279458400002 0.0 0.0
230.90235858400004 1.0 0.0
231.77192258400004 0.0 0.0
232.64148658400003 1.0 1.0
233.51105058400003 0.0 0.0
234.38061458400003 1.0 0.0
235.25017858400003 0.0 0.0
236.11974258400002 1.0 1.0
236.98930658400002 0.0 0.0
237.85887058400004 1.0 0.0
238.72843458400004 0.0 0.0
239.59799858400004 1.0 1.0
240.47786971200003 0.0 0.0
241.36022171200003 1.0 0.0
242.24257371200002 0.0 0.0
243.12492571200005 1.0 1.0
244.00727771200005 0.0 0.0
244.88962971200004 1.0 0.0
245.77198171200004 0.0 0.0
246.65433371200004 1.0 1.0
247.53668571200004 0.0 0.0
248.41903771200003 1.0 0.0
249.30138971200003 0.0 0.0
250.18374171200003 1.0 0.0
251.066093712 0.0 0.0
251.94844571200002 1.0 1.0
252.92562200000003 0.0 0.0
253.92562200000003 1.0 0.0
254.92562200000003 0.0 0.0
255.98319377400003 1.0 1.0
257.08660646600003 0.0 0.0
258.2321618760001 1.0 0.0
259.38600787600006 0.0 0.0
260.53985387600005 1.0 1.0
261.7506389400001 0.0 0.0
262.9751289400001 1.0 0.0
264.19961894000005 0.0 0.0
265.42410894000005 1.0 1.0
266.64859894000006 0.0 0.0
267.87308894000006 1.0 0.0
269.09757894000006 0.0 0.0
270.32206894000007 1.0 1.0
271.3934124920001 0.0 0.0
272.4278944920001 1.0 0.0
273.3294525840001 0.0 0.0
274.20932371200007 1.0 1.0
275.09167571200004 0.0 0.0
275.97402771200007 1.0 0.0
276.84607258400007 0.0 0.0
277.7156365840001 1.0 1.0
278.58520058400006 0.0 0.0
279.4547645840001 1.0 0.0
280.32432858400006 0.0 0.0
281.1938925840001 1.0 1.0
282.06345658400005 0.0 0.0
282.9330205840001 1.0 0.0
283.8025845840001 0.0 0.0
284.67214858400007 1.0 1.0
285.5417125840001 0.0 0.0
286.41127658400006 1.0 0.0
287.2808405840001 0.0 0.0
288.15040458400006 1.0 1.0
289.0199685840001 0.0 0.0
289.88953258400005 1.0 0.0
290.7590965840001 0.0 0.0
291.6286605840001 1.0 1.0
292.49822458400007 0.0 0.0
293.3677885840001 1.0 0.0
294.23735258400006 0.0 0.0
295.1069165840001 1.0 1.0
295.97648058400006 0.0 0.0
296.8460445840001 1.0 0.0
297.71560858400005 0.0 0.0
298.5851725840001 1.0 1.0
299.4547365840001 0.0 0.0
300.32430058400007 1.0 0.0
301.1938645840001 0.0 0.0
302.06342858400006 1.0 1.0
302.9329925840001 0.0 0.0
303.80255658400006 1.0 0.0
304.6721205840001 0.0 0.0
305.5416845840001 1.0 1.0
306.4112485840001 0.0 0.0
307.28081258400005 1.0 0.0
308.15037658400007 0.0 0.0
309.0199405840001 1.0 1.0
309.88950458400006 0.0 0.0
310.7590685840001 1.0 0.0
311.62863258400006 0.0 0.0
312.4981965840001 1.0 1.0
313.36776058400005 0.0 0.0
314.2373245840001 1.0 0.0
315.1068885840001 0.0 0.0
315.97645258400007 1.0 1.0
316.8460165840001 0.0 0.0