0.6328 1.0 1.0
1.4327999999999999 0.0 0.0
2.2328 1.0 0.0
3.0328 0.0 0.0
3.8328000000000007 1.0 1.0
4.6328000000000005 0.0 0.0
5.4328 1.0 0.0
6.2328 0.0 0.0
7.032800000000001 1.0 1.0
7.832800000000001 0.0 0.0
8.632800000000001 1.0 0.0
9.4328 0.0 0.0
10.232800000000001 1.0 1.0
11.0328 0.0 0.0
11.838468043333334 1.0 0.0
12.649278043333334 0.0 0.0
13.460088043333334 1.0 1.0
14.270898043333334 0.0 0.0
15.081708043333334 1.0 0.0
15.892518043333334 0.0 0.0
16.703328043333336 1.0 1.0
17.514138043333332 0.0 0.0
18.324948043333336 1.0 0.0
19.131531333333335 0.0 0.0
19.931531333333336 1.0 1.0
20.731531333333333 0.0 0.0
21.531531333333334 1.0 0.0
22.331531333333334 0.0 0.0
23.131531333333335 1.0 1.0
23.931531333333336 0.0 0.0
24.731531333333336 1.0 0.0
25.531531333333334 0.0 0.0
26.33153133333333 1.0 1.0
27.13153133333333 0.0 0.0
27.931531333333332 1.0 0.0
28.73153133333333 0.0 0.0
29.531531333333334 1.0 1.0
30.33153133333333 0.0 0.0
31.13153133333333 1.0 0.0
31.931531333333332 0.0 0.0
32.73153133333333 1.0 1.0
33.531531333333334 0.0 0.0
34.33153133333333 1.0 0.0
35.13153133333333 0.0 0.0
35.931531333333325 1.0 1.0
36.73153133333333 0.0 0.0
37.531531333333334 1.0 0.0
38.33153133333333 0.0 0.0
39.13153133333333 1.0 1.0
39.931531333333325 0.0 0.0
40.73153133333333 1.0 0.0
41.531531333333334 0.0 0.0
42.33153133333333 1.0 1.0
43.13153133333333 0.0 0.0
43.931531333333325 1.0 0.0
44.73153133333333 0.0 0.0
45.531531333333334 1.0 1.0
46.33153133333333 0.0 0.0
47.13153133333333 1.0 0.0
47.931531333333325 0.0 0.0
48.73153133333333 1.0 1.0
49.531531333333334 0.0 0.0
50.334992334999995 1.0 0.0
51.14580233499999 0.0 0.0
51.956612334999996 1.0 1.0
52.76742233499999 0.0 0.0
53.57281202083333 1.0 0.0
54.37281202083333 0.0 0.0
55.172812020833334 1.0 1.0
55.97281202083333 0.0 0.0
56.77281202083333 1.0 0.0
57.57281202083333 0.0 0.0
58.37281202083333 1.0 1.0
59.172812020833334 0.0 0.0
59.97281202083333 1.0 0.0
60.77281202083333 0.0 0.0
61.57281202083333 1.0 1.0
62.37281202083333 0.0 0.0
63.172812020833334 1.0 0.0
63.97281202083333 0.0 0.0
64.77281202083333 1.0 1.0
65.57281202083333 0.0 0.0
66.37281202083332 1.0 0.0
67.18212843916666 0.0 0.0
67.99293843916666 1.0 1.0
68.80374843916667 0.0 0.0
69.61455843916667 1.0 0.0
70.42536843916666 0.0 0.0
71.23617843916666 1.0 1.0
72.04698843916667 0.0 0.0
72.84857210416666 1.0 0.0
73.64857210416666 0.0 0.0
74.44857210416666 1.0 1.0
75.24857210416667 0.0 0.0
76.04857210416667 1.0 0.0
76.84857210416666 0.0 0.0
77.64857210416666 1.0 1.0
78.44857210416666 0.0 0.0
79.24857210416667 1.0 0.0
80.04857210416667 0.0 0.0
80.84857210416666 1.0 1.0
81.64857210416666 0.0 0.0
82.44857210416666 1.0 0.0
83.24857210416667 0.0 0.0
84.04857210416667 1.0 1.0
84.84857210416666 0.0 0.0
85.64857210416666 1.0 0.0
86.44857210416666 0.0 0.0
87.24857210416667 1.0 1.0
88.04857210416667 0.0 0.0
88.84857210416666 1.0 0.0
89.64857210416666 0.0 0.0
90.44857210416666 1.0 1.0
91.24857210416667 0.0 0.0
92.04857210416667 1.0 0.0
92.84857210416666 0.0 0.0
93.64857210416666 1.0 1.0
94.44857210416666 0.0 0.0
95.24857210416667 1.0 0.0
96.04857210416667 0.0 0.0
96.84857210416666 1.0 1.0
97.64857210416666 0.0 0.0
98.44857210416666 1.0 0.0
99.24857210416667 0.0 0.0
100.04857210416667 1.0 1.0
100.84857210416666 0.0 0.0
101.64857210416666 1.0 0.0
102.44857210416666 0.0 0.0
103.24857210416667 1.0 1.0
104.04857210416667 0.0 0.0
104.84857210416666 1.0 0.0
105.64857210416667 0.0 0.0
106.456604835 1.0 1.0
107.267414835 0.0 0.0
108.078224835 1.0 0.0
108.889034835 0.0 0.0
109.699844835 1.0 1.0
110.510654835 0.0 0.0
111.321464835 1.0 0.0
112.12728241666666 0.0 0.0
112.92728241666666 1.0 1.0
113.72728241666665 0.0 0.0
114.52728241666667 1.0 0.0
115.32728241666666 0.0 0.0
116.12728241666666 1.0 1.0
116.92728241666666 0.0 0.0
117.72728241666665 1.0 0.0
118.52728241666667 0.0 0.0
119.32728241666666 1.0 1.0
120.12728241666666 0.0 0.0
120.92728241666666 1.0 0.0
121.72728241666665 0.0 0.0
122.52728241666667 1.0 1.0
123.32728241666666 0.0 0.0
124.12728241666666 1.0 0.0
124.92728241666666 0.0 0.0
125.72728241666667 1.0 1.0
126.52728241666667 0.0 0.0
127.32728241666666 1.0 0.0
128.12728241666667 0.0 0.0
128.92728241666666 1.0 1.0
129.72728241666667 0.0 0.0
130.52728241666665 1.0 0.0
131.32728241666666 0.0 0.0
132.12728241666667 1.0 1.0
132.92728241666666 0.0 0.0
133.72728241666667 1.0 0.0
134.52728241666665 0.0 0.0
135.32728241666666 1.0 1.0
136.12728241666667 0.0 0.0
136.92728241666666 1.0 0.0
137.72728241666667 0.0 0.0
138.53130643916666 1.0 1.0
139.34211643916663 0.0 0.0
140.15292643916663 1.0 0.0
140.96373643916664 0.0 0.0
141.77454643916664 1.0 1.0
142.58535643916665 0.0 0.0
143.39616643916665 1.0 0.0
144.20697643916665 0.0 0.0
145.01778643916666 1.0 1.0
145.82859643916663 0.0 0.0
146.63112597916663 1.0 0.0
147.43112597916664 0.0 0.0
148.23112597916665 1.0 1.0
149.03112597916663 0.0 0.0
149.83112597916664 1.0 0.0
150.63112597916663 0.0 0.0
151.43112597916664 1.0 1.0
152.23112597916665 0.0 0.0
153.03112597916663 1.0 0.0
153.83112597916664 0.0 0.0
154.63112597916663 1.0 1.0
155.43112597916664 0.0 0.0
156.23112597916665 1.0 0.0
157.03112597916663 0.0 0.0
157.83112597916664 1.0 1.0
158.63112597916663 0.0 0.0
159.43112597916664 1.0 0.0
160.23112597916665 0.0 0.0
161.03112597916663 1.0 1.0
161.83112597916664 0.0 0.0
162.63112597916663 1.0 0.0
163.43112597916664 0.0 0.0
164.23143406416665 1.0 1.0
165.04224406416665 0.0 0.0
165.85305406416666 1.0 0.0
166.66386406416666 0.0 0.0
167.47467406416663 1.0 1.0
168.27742881249998 0.0 0.0
169.0774288125 1.0 0.0
169.8774288125 0.0 0.0
170.67742881249998 1.0 1.0
171.4774288125 0.0 0.0
172.27742881249998 1.0 0.0
173.0774288125 0.0 0.0
173.8774288125 1.0 1.0
174.67742881249998 0.0 0.0
175.4774288125 1.0 0.0
176.27742881249998 0.0 0.0
177.0774288125 1.0 1.0
177.8774288125 0.0 0.0
178.67742881249998 1.0 0.0
179.4774288125 0.0 0.0
180.27742881249998 1.0 1.0
181.0774288125 0.0 0.0
181.8774288125 1.0 0.0
182.67742881249998 0.0 0.0
183.4774288125 1.0 1.0
184.27742881249998 0.0 0.0
185.0774288125 1.0 0.0
185.8774288125 0.0 0.0
186.67742881249998 1.0 1.0
187.4774288125 0.0 0.0
188.27742881249998 1.0 0.0
189.0774288125 0.0 0.0
189.8774288125 1.0 1.0
190.67742881249998 0.0 0.0
191.4774288125 1.0 0.0
192.27742881249998 0.0 0.0
193.0774288125 1.0 1.0
193.8774288125 0.0 0.0
194.67742881249998 1.0 0.0
195.4774288125 0.0 0.0
196.27742881249998 1.0 1.0
197.0774288125 0.0 0.0
197.8774288125 1.0 0.0
198.67742881249998 0.0 0.0
199.4774288125 1.0 1.0
200.27742881249998 0.0 0.0
201.0774288125 1.0 0.0
201.8774288125 0.0 0.0
202.67742881249998 1.0 1.0
203.4774288125 0.0 0.0
204.27742881249998 1.0 0.0
205.0774288125 0.0 0.0
205.8811375433333 1.0 1.0
206.6919475433333 0.0 0.0
207.5027575433333 1.0 0.0
208.3135675433333 0.0 0.0
209.1243775433333 1.0 1.0
209.9351875433333 0.0 0.0
210.74599754333332 1.0 0.0
211.55680754333332 0.0 0.0
212.36761754333332 1.0 1.0
213.1784275433333 0.0 0.0
213.9892375433333 1.0 0.0
214.8000475433333 0.0 0.0
215.60838745833328 1.0 1.0
216.4083874583333 0.0 0.0
217.20838745833328 1.0 0.0
218.0083874583333 0.0 0.0
218.8083874583333 1.0 1.0
219.60838745833328 0.0 0.0
220.4083874583333 1.0 0.0
221.20838745833328 0.0 0.0
222.0083874583333 1.0 1.0
222.8083874583333 0.0 0.0
223.60838745833328 1.0 0.0
224.4083874583333 0.0 0.0
225.20838745833328 1.0 1.0
226.0083874583333 0.0 0.0
226.8083874583333 1.0 0.0
227.60838745833328 0.0 0.0
228.4083874583333 1.0 1.0
229.20838745833328 0.0 0.0
230.0083874583333 1.0 0.0
230.8083874583333 0.0 0.0
231.60838745833328 1.0 1.0
232.4083874583333 0.0 0.0
233.20838745833328 1.0 0.0
234.0083874583333 0.0 0.0
234.8083874583333 1.0 1.0
235.60838745833328 0.0 0.0
236.4083874583333 1.0 0.0
237.20838745833328 0.0 0.0
238.0083874583333 1.0 1.0
238.8083874583333 0.0 0.0
239.61042536249997 1.0 0.0
240.41310036249996 0.0 0.0
241.21577536249995 1.0 1.0
242.01845036249998 0.0 0.0
242.82112536249997 1.0 0.0
243.62380036249996 0.0 0.0
244.42647536249996 1.0 1.0
245.22915036249998 0.0 0.0
246.03182536249997 1.0 0.0
246.83450036249997 0.0 0.0
247.63717536249996 1.0 1.0
248.43985036249995 0.0 0.0
249.24252536249998 1.0 0.0
250.04520036249997 0.0 0.0
250.86289534699998 1.0 1.0
251.70312557899996 0.0 0.0
252.57768464099993 1.0 0.0
253.49687357016663 0.0 0.0
254.44984141066664 1.0 1.0
255.42150041066662 0.0 0.0
256.3931594106666 0.0 0.0
257.3648184106666 1.0 1.0
258.33647741066665 0.0 0.0
259.30813641066663 0.0 0.0