0.160209462 0.0 0.0
0.6089754620000001 1.0 0.0
1.057741462 0.0 0.0
1.506507462 1.0 1.0
1.955273462 0.0 0.0
2.404039462 1.0 0.0
2.852805462 0.0 0.0
3.301571462 1.0 1.0
3.7503374619999996 0.0 0.0
4.199103462 1.0 0.0
4.647869462 0.0 0.0
5.096635462 1.0 1.0
5.545401462 0.0 0.0
5.994167462 1.0 0.0
6.442933462 0.0 0.0
6.891699462 1.0 1.0
7.340465462 0.0 0.0
7.789231462000001 1.0 0.0
8.237997462000001 0.0 0.0
8.686763462 1.0 1.0
9.135170677 0.0 0.0
9.582931677 1.0 0.0
10.030692677 0.0 0.0
10.478453677 1.0 1.0
10.926214676999999 0.0 0.0
11.373975677 1.0 0.0
11.821736677 0.0 0.0
12.269497677 1.0 1.0
12.717258677 0.0 0.0
13.165019677 1.0 0.0
13.612780677 0.0 0.0
14.060541677 1.0 1.0
14.508302677 0.0 0.0
14.956063677 1.0 0.0
15.403824677 0.0 0.0
15.851585677 1.0 1.0
16.299346677 0.0 0.0
16.747107677000002 1.0 0.0
17.194868677000002 0.0 0.0
17.642629677000002 1.0 1.0
18.090390677000002 0.0 0.0
18.538151677000002 1.0 0.0
18.985912677 0.0 0.0
19.433673677 1.0 1.0
19.881434677 0.0 0.0
20.329195677 1.0 0.0
20.776956677 0.0 0.0
21.224717677 1.0 1.0
21.672478677 0.0 0.0
22.120239677 1.0 0.0
22.568000677 0.0 0.0
23.015761677 1.0 1.0
23.463522677 0.0 0.0
23.911283677 1.0 0.0
24.359044677 0.0 0.0
24.806805677 1.0 1.0
25.254566677 0.0 0.0
25.702327677000003 1.0 0.0
26.150088677000003 0.0 0.0
26.597849677000003 1.0 1.0
27.045539277 0.0 0.0
27.493100277 1.0 0.0
27.940661277 0.0 0.0
28.388222277 1.0 1.0
28.835783277 0.0 0.0
29.283344277 1.0 0.0
29.730905277 0.0 0.0
30.178466277000002 1.0 1.0
30.626027277000002 0.0 0.0
31.073588277 1.0 0.0
31.521149277 0.0 0.0
31.968710277 1.0 1.0
32.416271277 0.0 0.0
32.863832277 1.0 0.0
33.311393277 0.0 0.0
33.758954277 1.0 1.0
34.206515277 0.0 0.0
34.654076277 1.0 0.0
35.101637277 0.0 0.0
35.549198277 1.0 1.0
35.996759277 0.0 0.0
36.444320277 1.0 0.0
36.891881277 0.0 0.0
37.339442277 1.0 1.0
37.787003277000004 0.0 0.0
38.234564277000004 1.0 0.0
38.682125277000004 0.0 0.0
39.129614877 1.0 1.0
39.576975877 0.0 0.0
40.024336876999996 1.0 0.0
40.471697877 0.0 0.0
40.919058877 1.0 1.0
41.366419877 0.0 0.0
41.813780877 1.0 0.0
42.261141877 0.0 0.0
42.708502877 1.0 1.0
43.155863877 0.0 0.0
43.603224877 1.0 0.0
44.050585877 0.0 0.0
44.497946877 1.0 1.0
44.945307877 0.0 0.0
45.392668877 1.0 0.0
45.840029877 0.0 0.0
46.287390877 1.0 1.0
46.734751877 0.0 0.0
47.182112877 1.0 0.0
47.629473877 0.0 0.0
48.076834876999996 1.0 1.0
48.524195877 0.0 0.0
48.971556877 1.0 0.0
49.418917877 0.0 0.0
49.866278877 1.0 1.0
50.313639877 0.0 0.0
50.761000877 1.0 0.0
51.208361877 0.0 0.0
51.655722877 1.0 1.0
52.103083877 0.0 0.0
52.550444877000004 1.0 0.0
52.997805877000005 0.0 0.0
53.445166877 1.0 1.0
53.892527877 0.0 0.0
54.339888877 1.0 0.0
54.787249877 0.0 0.0
55.234610877 1.0 1.0
55.681971877 0.0 0.0
56.129332876999996 1.0 0.0
56.576693877 0.0 0.0
57.024054877 1.0 1.0
57.471415877 0.0 0.0
57.918776877 1.0 0.0
58.366137877 0.0 0.0
58.813498877 1.0 1.0
59.260859877 0.0 0.0
59.708220877 1.0 0.0
60.155581877 0.0 0.0
60.602942877000004 1.0 1.0
61.050303877000005 0.0 0.0
61.497664877000005 1.0 0.0
61.945025877000006 0.0 0.0
62.392386877 1.0 1.0
62.839747877 0.0 0.0
63.287108877 1.0 0.0
63.734469877 0.0 0.0
64.18183087700001 1.0 1.0
64.629191877 0.0 0.0
65.076552877 1.0 0.0
65.523913877 0.0 0.0
65.971274877 1.0 1.0
66.418635877 0.0 0.0
66.865996877 1.0 0.0
67.313357877 0.0 0.0
67.760718877 1.0 1.0
68.207960639 0.0 0.0
68.654987639 1.0 0.0
69.102014639 0.0 0.0
69.549041639 1.0 1.0
69.996068639 0.0 0.0
70.443095639 1.0 0.0
70.890122639 0.0 0.0
71.337149639 1.0 1.0
71.784176639 0.0 0.0
72.231203639 1.0 0.0
72.678230639 0.0 0.0
73.125257639 1.0 1.0
73.572284639 0.0 0.0
74.019311639 1.0 0.0
74.466338639 0.0 0.0
74.913365639 1.0 1.0
75.360392639 0.0 0.0
75.807419639 1.0 0.0
76.25444663900001 0.0 0.0
76.701473639 1.0 1.0
77.148500639 0.0 0.0
77.595527639 1.0 0.0
78.042554639 0.0 0.0
78.48958163900001 1.0 1.0
78.936608639 0.0 0.0
79.383635639 1.0 0.0
79.830662639 0.0 0.0
80.277689639 1.0 1.0
80.72471663900001 0.0 0.0
81.171743639 1.0 0.0
81.618770639 0.0 0.0
82.065797639 1.0 1.0
82.512824639 0.0 0.0
82.95985163900001 1.0 0.0
83.406878639 0.0 0.0
83.853905639 1.0 1.0
84.300932639 0.0 0.0
84.747959639 1.0 0.0
85.194986639 0.0 0.0
85.642013639 1.0 1.0
86.089040639 0.0 0.0
86.53606763900001 1.0 0.0
86.983094639 0.0 0.0
87.430121639 1.0 1.0
87.877148639 0.0 0.0
88.324175639 1.0 0.0
88.771202639 0.0 0.0
89.218229639 1.0 1.0
89.665256639 0.0 0.0
90.112283639 1.0 0.0
90.559310639 0.0 0.0
91.00633763900001 1.0 1.0
91.453364639 0.0 0.0
91.900391639 1.0 0.0
92.34741863900001 0.0 0.0
92.794445639 1.0 1.0
93.241734677 0.0 0.0
93.689495677 1.0 0.0
94.137256677 0.0 0.0
94.585017677 1.0 1.0
95.032778677 0.0 0.0
95.480539677 1.0 0.0
95.928300677 0.0 0.0
96.376061677 1.0 1.0
96.823822677 0.0 0.0
97.271583677 1.0 0.0
97.71934467700001 0.0 0.0
98.167105677 1.0 1.0
98.61486667700001 0.0 0.0
99.06262767700001 1.0 0.0
99.51038867700001 0.0 0.0
99.95814967700001 1.0 1.0
100.40591067700001 0.0 0.0
100.85367167700001 1.0 0.0
101.30143267700001 0.0 0.0
101.74919367700001 1.0 1.0
102.19695467700001 0.0 0.0
102.64471567700001 1.0 0.0
103.09247667700001 0.0 0.0
103.54023767700001 1.0 1.0
103.98799867700001 0.0 0.0
104.43575967700001 1.0 0.0
104.883520677 0.0 0.0
105.331281677 1.0 1.0
105.779042677 0.0 0.0
106.226803677 1.0 0.0
106.674564677 0.0 0.0
107.122325677 1.0 1.0
107.570086677 0.0 0.0
108.017847677 1.0 0.0
108.465608677 0.0 0.0
108.913369677 1.0 1.0
109.361130677 0.0 0.0
109.808891677 1.0 0.0
110.256652677 0.0 0.0
110.704413677 1.0 1.0
111.152174677 0.0 0.0
111.599935677 1.0 0.0
112.047696677 0.0 0.0
112.495457677 1.0 1.0
112.943218677 0.0 0.0
113.390979677 1.0 0.0
113.838740677 0.0 0.0
114.286501677 1.0 1.0
114.73426267700002 0.0 0.0
115.18202367700002 1.0 0.0
115.62978467700002 0.0 0.0
116.07754567700002 1.0 1.0
116.52530667700002 0.0 0.0
116.97306767700002 1.0 0.0
117.42082867700002 0.0 0.0
117.86858967700002 1.0 1.0
118.31635067700002 0.0 0.0
118.76411167700002 1.0 0.0
119.21187267700002 0.0 0.0
119.65963367700002 1.0 1.0
120.10739467700002 0.0 0.0
120.55515567700002 1.0 0.0
121.00291667700002 0.0 0.0
121.45067767700002 1.0 1.0
121.89843867700002 0.0 0.0
122.34619967700002 1.0 0.0
122.79396067700002 0.0 0.0
123.24172167700002 1.0 1.0
123.68936343900002 0.0 0.0
124.13679043900002 1.0 0.0
124.58421743900001 0.0 0.0
125.03164443900002 1.0 1.0
125.47907143900002 0.0 0.0
125.92649843900001 1.0 0.0
126.37392543900002 0.0 0.0
126.82135243900002 1.0 1.0
127.26877943900001 0.0 0.0
127.71620643900002 1.0 0.0
128.16363343900002 0.0 0.0
128.61106043900003 1.0 1.0
129.05848743900003 0.0 0.0
129.505914439 1.0 0.0
129.953341439 0.0 0.0
130.40076843900002 1.0 1.0
130.84819543900002 0.0 0.0
131.29562243900003 1.0 0.0
131.74304943900003 0.0 0.0
132.190476439 1.0 1.0
132.637903439 0.0 0.0
133.08533043900002 1.0 0.0
133.53275743900002 0.0 0.0
133.98018443900003 1.0 1.0
134.42761143900003 0.0 0.0
134.875038439 1.0 0.0
135.322465439 0.0 0.0
135.76989243900002 1.0 1.0
136.21731943900002 0.0 0.0
136.66474643900003 1.0 0.0
137.11217343900003 0.0 0.0
137.559600439 1.0 1.0
138.007027439 0.0 0.0
138.45445443900002 1.0 0.0
138.90188143900002 0.0 0.0
139.34930843900003 1.0 1.0
139.79673543900003 0.0 0.0
140.24416243900004 1.0 0.0
140.691589439 0.0 0.0
141.13901643900002 1.0 1.0
141.58644343900002 0.0 0.0
142.03387043900003 1.0 0.0
142.48129743900003 0.0 0.0
142.928724439 1.0 1.0
143.376151439 0.0 0.0
143.82357843900002 1.0 0.0
144.27100543900002 0.0 0.0
144.71843243900003 1.0 1.0
145.16585943900003 0.0 0.0
145.61328643900003 1.0 0.0
146.060713439 0.0 0.0
146.50814043900002 1.0 1.0
146.95556743900002 0.0 0.0
147.40299443900003 1.0 0.0
147.85042143900003 0.0 0.0
148.297848439 1.0 1.0
148.745275439 0.0 0.0
149.19270243900002 1.0 0.0
149.64012943900002 0.0 0.0
150.08755643900002 1.0 1.0
150.53498343900003 0.0 0.0
150.98241043900003 1.0 0.0
151.429837439 0.0 0.0
151.87726443900002 1.0 1.0
152.32469143900002 0.0 0.0
152.77211843900002 1.0 0.0
153.21954543900003 0.0 0.0
153.666972439 1.0 1.0
154.114399439 0.0 0.0
154.56182643900001 1.0 0.0
155.00925343900002 0.0 0.0
155.45668043900002 1.0 1.0
155.90410743900003 0.0 0.0
156.35153443900003 1.0 0.0
156.79896143900004 0.0 0.0
157.24638843900001 1.0 1.0
157.69381543900002 0.0 0.0
158.14124243900002 1.0 0.0
158.58866943900003 0.0 0.0
159.036096439 1.0 1.0
159.483523439 0.0 0.0
159.93095043900001 1.0 0.0
160.37837743900002 0.0 0.0
160.82580443900002 1.0 1.0
161.27323143900003 0.0 0.0
161.72065843900003 1.0 0.0
162.16808543900004 0.0 0.0
162.615512439 1.0 1.0
163.06293943900002 0.0 0.0
163.51036643900002 1.0 0.0
163.95779343900003 0.0 0.0
164.405220439 1.0 1.0
164.852647439 0.0 0.0
165.300074439 1.0 0.0
165.74750143900002 0.0 0.0
166.19492843900002 1.0 1.0
166.64235543900003 0.0 0.0
167.08978243900003 1.0 0.0
167.53720943900004 0.0 0.0
167.984636439 1.0 1.0
168.43206343900002 0.0 0.0
168.87949043900002 1.0 0.0
169.32691743900003 0.0 0.0
169.774344439 1.0 1.0
170.221771439 0.0 0.0
170.669198439 1.0 0.0
171.11662543900002 0.0 0.0
171.56405243900002 1.0 1.0
172.01147943900003 0.0 0.0
172.45890643900003 1.0 0.0
172.90633343900004 0.0 0.0
173.353760439 1.0 1.0
173.80118743900002 0.0 0.0
174.24861443900002 1.0 0.0
174.69604143900003 0.0 0.0
175.14346843900003 1.0 1.0
175.590895439 0.0 0.0
176.038322439 1.0 0.0
176.48574943900002 0.0 0.0
176.93317643900002 1.0 1.0
177.38060343900003 0.0 0.0
177.82803043900003 1.0 0.0
178.27545743900004 0.0 0.0
178.722884439 1.0 1.0
179.17031143900002 0.0 0.0
179.61773843900002 1.0 0.0
180.06516543900003 0.0 0.0
180.51259243900003 1.0 1.0
180.960019439 0.0 0.0
181.407446439 1.0 0.0
181.85487343900002 0.0 0.0
182.30230043900002 1.0 1.0
182.74972743900003 0.0 0.0
183.19715443900003 1.0 0.0
183.64458143900004 0.0 0.0
184.092008439 1.0 1.0
184.53943543900002 0.0 0.0
184.98686243900002 1.0 0.0
185.43428943900003 0.0 0.0
185.88171643900003 1.0 1.0
186.329143439 0.0 0.0
186.776570439 1.0 0.0
187.22399743900002 0.0 0.0
187.67142443900002 1.0 1.0
188.11885143900003 0.0 0.0
188.56627843900003 1.0 0.0
189.01370543900003 0.0 0.0
189.46113243900004 1.0 1.0
189.90855943900002 0.0 0.0
190.35598643900002 1.0 0.0
190.80341343900002 0.0 0.0
191.250840439 1.0 1.0
191.698267439 0.0 0.0
192.145694439 1.0 0.0
192.59312143900002 0.0 0.0
193.04054843900002 1.0 1.0
193.48797543900002 0.0 0.0
193.93540243900003 1.0 0.0
194.38282943900003 0.0 0.0
194.83025643900004 1.0 1.0
195.27768343900001 0.0 0.0
195.72511043900002 1.0 0.0
196.17253743900002 0.0 0.0
196.619964439 1.0 1.0
197.067391439 0.0 0.0
197.514818439 1.0 0.0
197.96224543900001 0.0 0.0
198.40967243900002 1.0 1.0
198.85709943900002 0.0 0.0
199.30452643900003 1.0 0.0
199.75195343900003 0.0 0.0
200.19938043900004 1.0 1.0
200.64680743900004 0.0 0.0
201.09423443900002 1.0 0.0
201.54166143900002 0.0 0.0
201.98908843900003 1.0 1.0
202.436515439 0.0 0.0
202.883942439 1.0 0.0
203.331369439 0.0 0.0
203.77879643900002 1.0 1.0
204.22622343900002 0.0 0.0
204.67365043900003 1.0 0.0
205.12107743900003 0.0 0.0
205.56850443900004 1.0 1.0
206.01593143900004 0.0 0.0
206.46335843900002 1.0 0.0
206.91078543900002 0.0 0.0
207.35821243900003 1.0 1.0
207.805639439 0.0 0.0
208.253066439 1.0 0.0
208.700493439 0.0 0.0
209.14792043900002 1.0 1.0
209.59534743900002 0.0 0.0
210.04277443900003 1.0 0.0
210.49020143900003 0.0 0.0
210.93762843900004 1.0 1.0
211.38505543900004 0.0 0.0
211.83248243900002 1.0 0.0
212.27990943900002 0.0 0.0
212.72733643900003 1.0 1.0
213.174763439 0.0 0.0
213.622190439 1.0 0.0
214.069617439 0.0 0.0
214.51704443900002 1.0 1.0
214.96447143900002 0.0 0.0
215.41189843900003 1.0 0.0
215.85932543900003 0.0 0.0
216.30675243900004 1.0 1.0
216.75417943900004 0.0 0.0
217.20160643900002 1.0 0.0
217.64903343900002 0.0 0.0
218.09646043900003 1.0 1.0
218.543887439 0.0 0.0
218.991314439 1.0 0.0
219.438741439 0.0 0.0
219.88616843900002 1.0 1.0
220.33359543900002 0.0 0.0
220.78102243900003 1.0 0.0
221.22844943900003 0.0 0.0
221.67587643900004 1.0 1.0
222.12330343900004 0.0 0.0
222.57073043900002 1.0 0.0
223.01815743900002 0.0 0.0