0.0 0.0 0.0
0.882352 1.0 0.0
1.764704 0.0 0.0
2.647056 1.0 1.0
3.529408 0.0 0.0
4.41176 1.0 0.0
5.294112 0.0 0.0
6.176464 1.0 1.0
7.058816 0.0 0.0
7.941168 1.0 0.0
8.82352 0.0 0.0
9.705872 1.0 1.0
10.588224 0.0 0.0
11.470576 1.0 0.0
12.352928 0.0 0.0
13.23528 1.0 1.0
14.117632 0.0 0.0
14.999984 1.0 0.0
15.882336 0.0 0.0
16.764688 1.0 1.0
17.64704 0.0 0.0
18.529392 1.0 0.0
19.411744 0.0 0.0
20.294096 1.0 1.0
21.176448 0.0 0.0
22.0588 1.0 0.0
22.941152 0.0 0.0
23.823504 1.0 1.0
24.705856 0.0 0.0
25.588208 1.0 0.0
26.47056 0.0 0.0
27.352912 1.0 1.0
28.235264 0.0 0.0
29.117616 1.0 0.0
29.999968 0.0 0.0
30.88232 1.0 1.0
31.764672 0.0 0.0
32.647024 1.0 0.0
33.529376 0.0 0.0
34.411728000000004 1.0 1.0
35.29408 0.0 0.0
36.176432 1.0 0.0
37.058784 0.0 0.0
37.941136 1.0 1.0
38.823488 0.0 0.0
39.70584 1.0 0.0
40.588192 0.0 0.0
41.470544000000004 1.0 1.0
42.352896 0.0 0.0
43.235248 1.0 0.0
44.1176 0.0 0.0
44.999952 1.0 1.0
45.882304 0.0 0.0
46.764656 1.0 0.0
47.647008 0.0 0.0
48.52936 1.0 1.0
49.411712 0.0 0.0
50.294064 1.0 0.0
51.176416 0.0 0.0
52.058768 1.0 1.0
52.94112 0.0 0.0
53.823472 1.0 0.0
54.705824 0.0 0.0
55.588176 1.0 1.0
56.470528 0.0 0.0
57.35288 1.0 0.0
58.235232 0.0 0.0
59.117584 1.0 1.0
59.999936 0.0 0.0
60.882288 1.0 0.0
61.76464 0.0 0.0
62.646992 1.0 1.0
63.529344 0.0 0.0
64.411696 1.0 0.0
65.294048 0.0 0.0
66.1764 1.0 1.0
67.058752 0.0 0.0
67.941104 1.0 0.0
68.82345600000001 0.0 0.0
69.705808 1.0 1.0
70.58816 0.0 0.0
71.470512 1.0 0.0
72.352864 0.0 0.0
73.235216 1.0 1.0
74.117568 0.0 0.0
74.99992 1.0 0.0
75.882272 0.0 0.0
76.764624 1.0 1.0
77.646976 0.0 0.0
78.529328 1.0 0.0
79.41168 0.0 0.0
80.294032 1.0 1.0
81.176384 0.0 0.0
82.058736 1.0 0.0
82.94108800000001 0.0 0.0
83.82344 1.0 1.0
84.705792 0.0 0.0
85.588144 1.0 0.0
86.470496 0.0 0.0
87.352848 1.0 1.0
88.2352 0.0 0.0
89.117552 1.0 0.0
89.999904 0.0 0.0
90.882256 1.0 1.0
91.764608 0.0 0.0
92.64696 1.0 0.0
93.529312 0.0 0.0
94.411664 1.0 1.0
95.294016 0.0 0.0
96.176368 1.0 0.0
97.05872 0.0 0.0
97.941072 1.0 1.0
98.823424 0.0 0.0
99.705776 1.0 0.0
100.588128 0.0 0.0
101.47048 1.0 1.0
102.352832 0.0 0.0
103.235184 1.0 0.0
104.117536 0.0 0.0
104.999888 1.0 1.0
105.88224 0.0 0.0
106.76459200000001 1.0 0.0
107.646944 0.0 0.0
108.529296 1.0 1.0
109.411648 0.0 0.0
110.294 1.0 0.0
111.176352 0.0 0.0
112.058704 1.0 1.0
112.941056 0.0 0.0
113.823408 1.0 0.0
114.70576 0.0 0.0
115.588112 1.0 1.0
116.470464 0.0 0.0
117.352816 1.0 0.0
118.235168 0.0 0.0
119.11752 1.0 1.0
119.999872 0.0 0.0
120.88222400000001 1.0 0.0
121.764576 0.0 0.0
122.646928 1.0 1.0
123.52928 0.0 0.0
124.411632 1.0 0.0
125.293984 0.0 0.0
126.176336 1.0 1.0
127.058688 0.0 0.0
127.94104 1.0 0.0
128.823392 0.0 0.0
129.705744 1.0 1.0
130.588096 0.0 0.0
131.470448 1.0 1.0
132.3528 0.0 0.0
133.235152 1.0 0.0
134.117504 0.0 0.0
134.999856 1.0 1.0
135.882208 0.0 0.0
136.76456 1.0 0.0
137.64691200000001 0.0 0.0
138.529264 1.0 1.0
139.411616 0.0 0.0
140.293968 1.0 0.0
141.17632 0.0 0.0
142.058672 1.0 1.0
142.941024 0.0 0.0
143.823376 1.0 0.0
144.705728 0.0 0.0
145.58808 1.0 1.0
146.470432 0.0 0.0
147.352784 1.0 0.0
148.235136 0.0 0.0
149.117488 1.0 1.0
149.99984 0.0 0.0
150.882192 1.0 0.0
151.764544 0.0 0.0
152.646896 1.0 1.0
153.529248 0.0 0.0
154.4116 1.0 0.0
155.293952 0.0 0.0
156.176304 1.0 1.0
157.058656 0.0 0.0
157.941008 1.0 0.0
158.82336 0.0 0.0
159.705712 1.0 0.0
160.588064 0.0 0.0
161.470416 1.0 1.0
162.352768 0.0 0.0
163.23512 1.0 0.0
164.117472 0.0 0.0
164.999824 1.0 1.0
165.88217600000002 0.0 0.0
166.764528 1.0 0.0
167.64688 0.0 0.0
168.529232 1.0 1.0
169.411584 0.0 0.0
170.293936 1.0 0.0
171.176288 0.0 0.0
172.05864 1.0 1.0
172.940992 0.0 0.0
173.823344 1.0 0.0
174.705696 0.0 0.0
175.58804800000001 1.0 1.0
176.4704 0.0 0.0
177.352752 1.0 0.0
178.235104 0.0 0.0
179.117456 1.0 1.0
179.999808 0.0 0.0
180.88216 1.0 0.0
181.764512 0.0 0.0
182.646864 1.0 1.0
183.529216 0.0 0.0
184.411568 1.0 0.0
185.29392 0.0 0.0
186.176272 1.0 1.0
187.058624 0.0 0.0
187.940976 1.0 0.0
188.823328 0.0 0.0
189.70568 1.0 1.0
190.588032 0.0 0.0
191.470384 1.0 0.0
192.352736 0.0 0.0
193.235088 1.0 1.0
194.11744 0.0 0.0
194.999792 1.0 0.0
195.882144 0.0 0.0
196.764496 1.0 1.0
197.646848 0.0 0.0
198.5292 1.0 0.0
199.411552 0.0 0.0
200.293904 1.0 1.0
201.176256 0.0 0.0
202.058608 1.0 0.0
202.94096 0.0 0.0
203.82331200000002 1.0 1.0
204.705664 0.0 0.0
205.588016 1.0 0.0
206.470368 0.0 0.0
207.35272 1.0 1.0
208.235072 0.0 0.0
209.117424 1.0 0.0
209.999776 0.0 0.0
210.882128 1.0 1.0
211.76448 0.0 0.0
212.646832 1.0 0.0
213.52918400000001 0.0 0.0
214.411536 1.0 1.0
215.293888 0.0 0.0
216.17624 1.0 0.0
217.058592 0.0 0.0
217.940944 1.0 1.0
218.823296 0.0 0.0
219.705648 1.0 0.0
220.588 0.0 0.0
221.470352 1.0 1.0
222.352704 0.0 0.0
223.23505600000001 1.0 0.0
224.117408 0.0 0.0
224.99976 1.0 1.0
225.882112 0.0 0.0
226.764464 1.0 0.0
227.646816 0.0 0.0
228.529168 1.0 1.0
229.41152 0.0 0.0
230.293872 1.0 0.0
231.176224 0.0 0.0
232.058576 1.0 1.0
232.940928 0.0 0.0
233.82328 1.0 0.0
234.705632 0.0 0.0
235.587984 1.0 1.0
236.470336 0.0 0.0
237.352688 1.0 0.0
238.23504 0.0 0.0
239.117392 1.0 1.0
239.999744 0.0 0.0
240.882096 1.0 0.0
241.76444800000002 0.0 0.0
242.6468 1.0 1.0
243.529152 0.0 0.0
244.411504 1.0 0.0
245.293856 0.0 0.0
246.176208 1.0 1.0
247.05856 0.0 0.0
247.940912 1.0 0.0
248.823264 0.0 0.0
249.705616 1.0 1.0
250.587968 0.0 0.0
251.47032000000002 1.0 0.0
252.352672 0.0 0.0
253.235024 1.0 1.0
254.117376 0.0 0.0
254.999728 1.0 0.0
255.88208 0.0 0.0
256.764432 1.0 1.0
257.646784 0.0 0.0
258.529136 1.0 0.0
259.411488 0.0 0.0
260.29384 1.0 1.0
261.176192 0.0 0.0
262.058544 1.0 0.0
262.940896 0.0 0.0
263.823248 1.0 1.0
264.7056 0.0 0.0
265.58795200000003 1.0 0.0
266.470304 0.0 0.0
267.352656 1.0 1.0
268.235008 0.0 0.0
269.11736 1.0 0.0
269.999712 0.0 0.0
270.882064 1.0 1.0
271.764416 0.0 0.0
272.646768 1.0 0.0
273.52912 0.0 0.0
274.411472 1.0 1.0
275.29382400000003 0.0 0.0
276.176176 1.0 0.0
277.058528 0.0 0.0
277.94088 1.0 1.0
278.823232 0.0 0.0
279.705584 1.0 0.0
280.587936 0.0 0.0
281.470288 1.0 1.0
282.35264 0.0 0.0
283.234992 1.0 0.0
284.117344 0.0 0.0
284.99969600000003 1.0 1.0
285.882048 0.0 0.0
286.7644 1.0 0.0
287.646752 0.0 0.0
288.529104 1.0 1.0
289.411456 0.0 0.0
290.293808 1.0 0.0
291.17616 0.0 0.0
292.058512 1.0 1.0
292.940864 0.0 0.0
293.823216 1.0 0.0
294.705568 0.0 0.0
295.58792 1.0 1.0
296.470272 0.0 0.0
297.352624 1.0 0.0
298.234976 0.0 0.0
299.117328 1.0 1.0
299.99968 0.0 0.0
300.882032 1.0 0.0
301.764384 0.0 0.0
302.646736 1.0 1.0
303.529088 0.0 0.0
304.41144 1.0 0.0
305.293792 0.0 0.0
306.176144 1.0 1.0
307.058496 0.0 0.0
307.940848 1.0 0.0
308.8232 0.0 0.0
309.705552 1.0 1.0
310.587904 0.0 0.0
311.470256 1.0 0.0
312.352608 0.0 0.0
313.23496 1.0 1.0
314.117312 0.0 0.0
314.999664 1.0 0.0
315.882016 0.0 0.0
316.764368 1.0 1.0
317.64672 0.0 0.0
318.529072 1.0 0.0
319.411424 0.0 0.0
320.293776 1.0 1.0
321.176128 0.0 0.0
322.05848 0.0 0.0
322.940832 1.0 1.0
323.823184 0.0 0.0
324.705536 1.0 0.0
325.587888 0.0 0.0
326.47024 1.0 0.0
327.352592 0.0 0.0
328.234944 1.0 1.0
329.117296 0.0 0.0
329.999648 1.0 0.0
330.882 0.0 0.0
331.76435200000003 1.0 1.0
332.646704 0.0 0.0
333.529056 1.0 0.0
334.411408 0.0 0.0
335.29376 1.0 1.0
336.176112 0.0 0.0
337.058464 1.0 0.0
337.940816 0.0 0.0
338.823168 1.0 1.0
339.70552 0.0 0.0