0.14625000000000005 1.0 0.0
0.89625 0.0 0.0
1.6462500000000002 1.0 1.0
2.39625 0.0 0.0
3.14625 1.0 0.0
3.8962500000000007 0.0 0.0
4.64625 1.0 1.0
5.39625 0.0 0.0
6.14625 1.0 0.0
6.89625 0.0 0.0
7.64625 1.0 1.0
8.39625 0.0 0.0
9.14625 1.0 0.0
9.89625 0.0 0.0
10.64625 1.0 1.0
11.39625 0.0 0.0
12.14625 1.0 0.0
12.89625 0.0 0.0
13.64625 1.0 1.0
14.39625 0.0 0.0
15.14625 1.0 0.0
15.89625 0.0 0.0
16.646250000000002 1.0 1.0
17.396250000000002 0.0 0.0
18.146250000000002 1.0 0.0
18.896250000000002 0.0 0.0
19.646250000000002 1.0 1.0
20.396250000000002 0.0 0.0
21.146250000000002 1.0 0.0
21.896250000000002 0.0 0.0
22.646250000000002 1.0 1.0
23.396250000000002 0.0 0.0
24.146250000000002 1.0 0.0
24.896250000000002 0.0 0.0
25.64625 1.0 1.0
26.39625 0.0 0.0
27.14625 1.0 0.0
27.89625 0.0 0.0
28.64625 1.0 1.0
29.39625 0.0 0.0
30.14625 1.0 0.0
30.89625 0.0 0.0
31.64625 1.0 1.0
32.396249999999995 0.0 0.0
33.146249999999995 1.0 0.0
33.896249999999995 0.0 0.0
34.646249999999995 1.0 1.0
35.396249999999995 0.0 0.0
36.146249999999995 1.0 0.0
36.896249999999995 0.0 0.0
37.646249999999995 1.0 1.0
38.396249999999995 0.0 0.0
39.146249999999995 1.0 0.0
39.896249999999995 0.0 0.0
40.646249999999995 1.0 1.0
41.396249999999995 0.0 0.0
42.146249999999995 1.0 0.0
42.896249999999995 0.0 0.0
43.646249999999995 1.0 1.0
44.396249999999995 0.0 0.0
45.146249999999995 1.0 0.0
45.896249999999995 0.0 0.0
46.646249999999995 1.0 1.0
47.396249999999995 0.0 0.0
48.146249999999995 1.0 0.0
48.896249999999995 0.0 0.0
49.646249999999995 1.0 1.0
50.396249999999995 0.0 0.0
51.146249999999995 1.0 0.0
51.896249999999995 0.0 0.0
52.646249999999995 1.0 1.0
53.396249999999995 0.0 0.0
54.146249999999995 1.0 0.0
54.896249999999995 0.0 0.0
55.646249999999995 1.0 1.0
56.396249999999995 0.0 0.0
57.146249999999995 1.0 0.0
57.896249999999995 0.0 0.0
58.646249999999995 1.0 1.0
59.396249999999995 0.0 0.0
60.146249999999995 1.0 0.0
60.896249999999995 0.0 0.0
61.646249999999995 1.0 1.0
62.396249999999995 0.0 0.0
63.146249999999995 1.0 0.0
63.896249999999995 0.0 0.0
64.64625 1.0 1.0
65.39625 0.0 0.0
66.14625 1.0 0.0
66.89625 0.0 0.0
67.64625 1.0 1.0
68.39625 0.0 0.0
69.14625 1.0 0.0
69.89625 0.0 0.0
70.64625 1.0 1.0
71.39625 0.0 0.0
72.14625 1.0 0.0
72.89625 0.0 0.0
73.64625 1.0 1.0
74.39625 0.0 0.0
75.14625 1.0 0.0
75.89625 0.0 0.0
76.64625 1.0 1.0
77.39625 0.0 0.0
78.14625 1.0 0.0
78.89625 0.0 0.0
79.64625 1.0 1.0
80.39625 0.0 0.0
81.14625 1.0 0.0
81.89625 0.0 0.0
82.64625 1.0 1.0
83.39625 0.0 0.0
84.14625 1.0 0.0
84.89625 0.0 0.0
85.64625 1.0 1.0
86.39625 0.0 0.0
87.14625 1.0 0.0
87.89625 0.0 0.0
88.64625 1.0 1.0
89.39625 0.0 0.0
90.14625 1.0 0.0
90.89625 0.0 0.0
91.64625 1.0 1.0
92.39625 0.0 0.0
93.14625 1.0 0.0
93.89625 0.0 0.0
94.64625 1.0 1.0
95.39625 0.0 0.0
96.14625 1.0 0.0
96.89625 0.0 0.0
97.64625 1.0 1.0
98.39625 0.0 0.0
99.14625 1.0 0.0
99.89625 0.0 0.0
100.64625 1.0 1.0
101.39625 0.0 0.0
102.14625 1.0 0.0
102.89624999999998 0.0 0.0
103.64624999999998 1.0 1.0
104.39624999999998 0.0 0.0
105.14624999999998 1.0 0.0
105.89624999999998 0.0 0.0
106.64624999999998 1.0 1.0
107.39624999999998 0.0 0.0
108.14624999999998 1.0 0.0
108.89624999999998 0.0 0.0
109.64624999999998 1.0 1.0
110.39624999999998 0.0 0.0
111.14624999999998 1.0 0.0
111.89624999999998 0.0 0.0
112.64624999999998 1.0 1.0
113.39624999999998 0.0 0.0
114.14624999999998 1.0 0.0
114.89624999999998 0.0 0.0
115.64624999999998 1.0 1.0
116.39624999999998 0.0 0.0
117.14624999999998 1.0 0.0
117.89624999999998 0.0 0.0
118.64624999999998 1.0 1.0
119.39624999999998 0.0 0.0
120.14624999999998 1.0 0.0
120.89624999999998 0.0 0.0
121.64624999999998 1.0 1.0
122.39624999999998 0.0 0.0
123.14624999999998 1.0 0.0
123.89624999999998 0.0 0.0
124.64624999999998 1.0 1.0
125.39624999999998 0.0 0.0
126.14624999999998 1.0 0.0
126.89624999999998 0.0 0.0
127.64624999999998 1.0 1.0
128.39624999999998 0.0 0.0
129.14624999999998 1.0 0.0
129.89624999999998 0.0 0.0
130.64624999999998 1.0 1.0
131.39624999999998 0.0 0.0
132.14624999999998 1.0 0.0
132.89624999999998 0.0 0.0
133.64624999999998 1.0 1.0
134.39624999999998 0.0 0.0
135.14624999999998 1.0 0.0
135.89624999999998 0.0 0.0
136.64624999999998 1.0 1.0
137.39624999999998 0.0 0.0
138.14624999999998 1.0 0.0
138.89624999999998 0.0 0.0
139.64624999999998 1.0 1.0
140.39624999999998 0.0 0.0
141.14624999999998 1.0 0.0
141.89624999999998 0.0 0.0
142.64624999999998 1.0 1.0
143.39624999999998 0.0 0.0
144.14624999999998 1.0 0.0
144.89624999999998 0.0 0.0
145.64624999999998 1.0 1.0
146.39624999999998 0.0 0.0
147.14624999999998 1.0 0.0
147.89624999999998 0.0 0.0
148.64624999999998 1.0 1.0
149.39624999999998 0.0 0.0
150.14624999999998 1.0 0.0
150.89624999999998 0.0 0.0
151.64624999999998 1.0 1.0
152.39624999999998 0.0 0.0
153.14624999999998 1.0 0.0
153.89624999999998 0.0 0.0
154.64624999999998 1.0 1.0
155.39624999999998 0.0 0.0
156.14624999999998 1.0 0.0
156.89624999999998 0.0 0.0
157.64624999999998 1.0 1.0
158.39624999999998 0.0 0.0
159.14624999999998 1.0 0.0
159.89624999999998 0.0 0.0
160.64624999999998 1.0 1.0
161.39624999999998 0.0 0.0
162.14624999999998 1.0 0.0
162.89624999999998 0.0 0.0
163.64624999999998 1.0 1.0
164.39624999999998 0.0 0.0
165.14624999999998 1.0 0.0
165.89624999999998 0.0 0.0
166.64624999999998 1.0 1.0
167.39624999999998 0.0 0.0
168.14624999999998 1.0 0.0
168.89624999999998 0.0 0.0
169.64624999999998 1.0 1.0
170.39624999999998 0.0 0.0
171.14624999999998 1.0 0.0
171.89624999999998 0.0 0.0
172.64624999999998 1.0 1.0
173.39624999999998 0.0 0.0
174.14624999999998 1.0 0.0
174.89624999999998 0.0 0.0
175.64624999999998 1.0 1.0
176.39624999999998 0.0 0.0
177.14624999999998 1.0 0.0
177.89624999999998 0.0 0.0
178.64624999999998 1.0 1.0
179.39624999999998 0.0 0.0
180.14624999999998 1.0 0.0
180.89624999999998 0.0 0.0
181.64624999999998 1.0 1.0
182.39624999999998 0.0 0.0
183.14624999999998 1.0 0.0
183.89624999999998 0.0 0.0
184.64624999999998 1.0 1.0
185.39624999999998 0.0 0.0
186.14624999999998 1.0 0.0
186.89624999999998 0.0 0.0
187.64624999999998 1.0 1.0
188.39624999999998 0.0 0.0
189.14624999999998 1.0 0.0
189.89624999999998 0.0 0.0
190.64624999999998 1.0 1.0
191.39624999999998 0.0 0.0
192.14624999999998 1.0 0.0
192.89624999999998 0.0 0.0
193.64624999999998 1.0 1.0
194.39624999999998 0.0 0.0
195.14624999999998 1.0 0.0
195.89624999999998 0.0 0.0
196.64624999999998 1.0 1.0
197.39624999999998 0.0 0.0
198.14624999999998 1.0 0.0
198.89624999999998 0.0 0.0
199.64624999999998 1.0 1.0
200.39624999999998 0.0 0.0
201.14624999999998 1.0 0.0
201.89624999999998 0.0 0.0
202.64624999999998 1.0 1.0
203.39624999999998 0.0 0.0
204.14624999999998 1.0 0.0
204.89625 0.0 0.0
205.64625 1.0 1.0
206.39625 0.0 0.0
207.14625 1.0 0.0
207.89625 0.0 0.0
208.64625 1.0 1.0
209.39625 0.0 0.0
210.14625 1.0 0.0
210.89625 0.0 0.0
211.64625 1.0 1.0
212.39625 0.0 0.0
213.14625 1.0 0.0
213.89625 0.0 0.0
214.64625 1.0 1.0
215.39625 0.0 0.0
216.14625 1.0 0.0
216.89625 0.0 0.0
217.64625 1.0 1.0
218.39625 0.0 0.0
219.14625 1.0 0.0
219.89625 0.0 0.0
220.64625 1.0 1.0
221.39625 0.0 0.0
222.14625 1.0 0.0
222.89625 0.0 0.0
223.64625 1.0 1.0
224.39625 0.0 0.0
225.14625 1.0 0.0
225.89625 0.0 0.0
226.64625 1.0 1.0
227.39625 0.0 0.0
228.14625 1.0 0.0
228.89625 0.0 0.0
229.64625 1.0 1.0
230.39625 0.0 0.0
231.14625 1.0 0.0
231.89625 0.0 0.0
232.64625 1.0 1.0
233.39625 0.0 0.0
234.14625 1.0 0.0
234.89625 0.0 0.0
235.64625 0.0 0.0