0.242438091 1.0 0.0
0.7302410909999999 0.0 0.0
1.2180440909999999 1.0 1.0
1.7058470909999999 0.0 0.0
2.193650091 1.0 0.0
2.681453091 0.0 0.0
3.169256091 1.0 1.0
3.657059091 0.0 0.0
4.144862091 1.0 0.0
4.632665091 0.0 0.0
5.120468090999999 1.0 1.0
5.608271091 0.0 0.0
6.096074090999999 1.0 0.0
6.583877091 0.0 0.0
7.071680090999999 1.0 1.0
7.559483091 0.0 0.0
8.047286091 1.0 0.0
8.535089091 0.0 0.0
9.022892091 1.0 1.0
9.510695090999999 0.0 0.0
9.999898965 1.0 0.0
10.489693965 0.0 0.0
10.979488965 1.0 1.0
11.469283965 0.0 0.0
11.959078965 1.0 0.0
12.448873965 0.0 0.0
12.938668965000002 1.0 1.0
13.428463965 0.0 0.0
13.918258965 1.0 0.0
14.408053965 0.0 0.0
14.897848965000001 1.0 1.0
15.387643965 0.0 0.0
15.877438965 1.0 0.0
16.367233965 0.0 0.0
16.857028965 1.0 1.0
17.345904491000002 0.0 0.0
17.833707491000002 1.0 0.0
18.321510491 0.0 0.0
18.809313491 1.0 1.0
19.297116491 0.0 0.0
19.784919491 1.0 0.0
20.272722491 0.0 0.0
20.760525491000003 1.0 1.0
21.248328491000002 0.0 0.0
21.736131491000002 1.0 0.0
22.223934491 0.0 0.0
22.713719365000003 1.0 1.0
23.203514365000004 0.0 0.0
23.693309365 1.0 0.0
24.183104365000002 0.0 0.0
24.672899365000003 1.0 0.0
25.162694365000004 0.0 0.0
25.652489365 1.0 1.0
26.142284365000002 0.0 0.0
26.632079365000003 1.0 0.0
27.121874365000004 0.0 0.0
27.611669365000004 1.0 1.0
28.101464365000005 0.0 0.0
28.591259365000003 1.0 0.0
29.081054365000004 0.0 0.0
29.570849365000004 1.0 1.0
30.060644365 0.0 0.0
30.550439365000003 1.0 0.0
31.040234365000003 0.0 0.0
31.530029365000004 1.0 1.0
32.019824365000005 0.0 0.0
32.509619365000006 1.0 0.0
32.99941436500001 0.0 0.0
33.48920936500001 1.0 1.0
33.979004365 0.0 0.0
34.468799365 1.0 0.0
34.958594365 0.0 0.0
35.448389365000004 1.0 1.0
35.938184365000005 0.0 0.0
36.427979365000006 1.0 0.0
36.917774365 0.0 0.0
37.407569365 1.0 1.0
37.897364365 0.0 0.0
38.387159365 1.0 0.0
38.876954365 0.0 0.0
39.366749365000004 1.0 1.0
39.856544365000005 0.0 0.0
40.346339365000006 1.0 0.0
40.83613436500001 0.0 0.0
41.32592936500001 1.0 1.0
41.81572436500001 0.0 0.0
42.30551936500001 1.0 0.0
42.795314365 0.0 0.0
43.285109365000004 1.0 1.0
43.774904365000005 0.0 0.0
44.264699365000006 1.0 0.0
44.754494365 0.0 0.0
45.244289365 1.0 1.0
45.734084365 0.0 0.0
46.223879365 1.0 0.0
46.713674365 0.0 0.0
47.203469365000004 1.0 1.0
47.693264365000005 0.0 0.0
48.183059365000005 1.0 0.0
48.672854365000006 0.0 0.0
49.16264936500001 1.0 1.0
49.65244436500001 0.0 0.0
50.14223936500001 1.0 0.0
50.63203436500001 0.0 0.0
51.121829365 1.0 1.0
51.611624365000004 0.0 0.0
52.101419365000005 1.0 0.0
52.591214365000006 0.0 0.0
53.081009365 1.0 1.0
53.570804365 0.0 0.0
54.060599365 1.0 0.0
54.550394365 0.0 0.0
55.040189365 1.0 1.0
55.529984365000004 0.0 0.0
56.019779365000005 1.0 0.0
56.509574365 0.0 0.0
56.999369365 1.0 1.0
57.489164365 0.0 0.0
57.978959365 1.0 0.0
58.468754365 0.0 0.0
58.958549365 1.0 1.0
59.448344365000004 0.0 0.0
59.938139365000005 1.0 0.0
60.427934365 0.0 0.0
60.917729365 1.0 1.0
61.407524365 0.0 0.0
61.897319365 1.0 0.0
62.387114365 0.0 0.0
62.87690936500001 1.0 1.0
63.36670436500001 0.0 0.0
63.85649936500001 1.0 0.0
64.346294365 0.0 0.0
64.836089365 1.0 1.0
65.32588436500001 0.0 0.0
65.81567936500001 1.0 0.0
66.30547436500001 0.0 0.0
66.79526936500001 1.0 1.0
67.28506436500001 0.0 0.0
67.77485936500001 1.0 0.0
68.26465436500001 0.0 0.0
68.75444936500001 1.0 1.0
69.24424436500001 0.0 0.0
69.734039365 1.0 0.0
70.22383436500002 0.0 0.0
70.713629365 1.0 1.0
71.20342436500002 0.0 0.0
71.693219365 1.0 0.0
72.18301436500002 0.0 0.0
72.67191505600002 1.0 1.0
73.16071305600002 0.0 0.0
73.64951105600002 1.0 0.0
74.13830905600003 0.0 0.0
74.62710705600003 1.0 1.0
75.11590505600002 0.0 0.0
75.60470305600002 1.0 0.0
76.09350105600002 0.0 0.0
76.58229905600002 1.0 1.0
77.07109705600003 0.0 0.0
77.55989505600002 1.0 0.0
78.04869305600002 0.0 0.0
78.53749105600002 1.0 1.0
79.02628905600002 0.0 0.0
79.51508705600003 1.0 0.0
80.00388505600003 0.0 0.0
80.49268305600002 1.0 1.0
80.98148105600002 0.0 0.0
81.47027905600002 1.0 0.0
81.95907705600003 0.0 0.0
82.44787505600003 1.0 1.0
82.93667305600002 0.0 0.0
83.42547105600002 1.0 0.0
83.91426905600002 0.0 0.0
84.40306705600003 1.0 1.0
84.89186505600003 0.0 0.0
85.38066305600003 1.0 0.0
85.86946105600002 0.0 0.0
86.35825905600002 1.0 1.0
86.84705705600003 0.0 0.0
87.33585505600003 1.0 0.0
87.82465305600002 0.0 0.0
88.31345105600002 1.0 1.0
88.80224905600002 0.0 0.0
89.29104705600002 1.0 0.0
89.77984505600003 0.0 0.0
90.26864305600003 1.0 1.0
90.75744105600003 0.0 0.0
91.24623905600002 1.0 0.0
91.73503705600002 0.0 0.0
92.22383505600003 1.0 1.0
92.71263305600002 0.0 0.0
93.20143105600002 1.0 0.0
93.69022905600002 0.0 0.0
94.17902705600002 1.0 1.0
94.66782505600003 0.0 0.0
95.15662305600003 1.0 0.0
95.64542105600003 0.0 0.0
96.13421905600002 1.0 1.0
96.62301705600002 0.0 0.0
97.11181505600003 1.0 0.0
97.60061305600003 0.0 0.0
98.08941105600002 1.0 1.0
98.57820905600002 0.0 0.0
99.06700705600002 1.0 0.0
99.55580505600003 0.0 0.0
100.04460305600003 1.0 1.0
100.53340105600003 0.0 0.0
101.02219905600003 1.0 0.0
101.51099705600002 0.0 0.0
101.99979505600002 1.0 1.0
102.48859305600003 0.0 0.0
102.97739105600002 1.0 0.0
103.46618905600002 0.0 0.0
103.95498705600002 1.0 1.0
104.44378505600002 0.0 0.0
104.93258305600003 1.0 0.0
105.42138105600003 0.0 0.0
105.91017905600003 1.0 1.0
106.39897705600004 0.0 0.0
106.88777505600004 1.0 0.0
107.37657305600003 0.0 0.0
107.86537105600003 1.0 1.0
108.35416905600003 0.0 0.0
108.84296705600002 1.0 0.0
109.33176505600002 0.0 0.0
109.82056305600003 1.0 1.0
110.30936105600003 0.0 0.0
110.79815905600003 1.0 0.0
111.28695705600003 0.0 0.0
111.77575505600004 1.0 1.0
112.26455305600004 0.0 0.0
112.75335105600003 1.0 0.0
113.24214905600003 0.0 0.0
113.73094705600002 1.0 1.0
114.21974505600002 0.0 0.0
114.70854305600002 1.0 0.0
115.19734105600003 0.0 0.0
115.68613905600003 1.0 1.0
116.17629704233336 0.0 0.0
116.66709404233336 1.0 0.0
117.15789104233336 0.0 0.0
117.64868804233336 1.0 1.0
118.13948504233336 0.0 0.0
118.63028204233336 1.0 0.0
119.12107904233336 0.0 0.0
119.61187604233336 1.0 1.0
120.10267304233336 0.0 0.0
120.59347004233337 1.0 0.0
121.08426704233337 0.0 0.0
121.57506404233337 1.0 1.0
122.06586104233337 0.0 0.0
122.55665804233337 1.0 1.0
123.04745504233337 0.0 0.0
123.5369253726667 1.0 0.0
124.0257233726667 0.0 0.0
124.5145213726667 1.0 1.0
125.0033193726667 0.0 0.0
125.4921173726667 1.0 0.0
125.9809153726667 0.0 0.0
126.4697133726667 1.0 1.0
126.9585113726667 0.0 0.0
127.4473093726667 1.0 0.0
127.9361073726667 0.0 0.0
128.4249053726667 1.0 1.0
128.9137033726667 0.0 0.0
129.4025013726667 1.0 0.0
129.8912993726667 0.0 0.0
130.3800973726667 1.0 1.0
130.8688953726667 0.0 0.0
131.3576933726667 1.0 0.0
131.8464913726667 0.0 0.0
132.3352893726667 1.0 1.0
132.8240873726667 0.0 0.0
133.3128853726667 1.0 0.0
133.8018856048334 0.0 0.0
134.29585936658336 1.0 1.0
134.79260464925002 0.0 0.0
135.28667915066669 1.0 0.0
135.77647015391668 0.0 0.0
136.26526815391668 1.0 1.0
136.75406615391668 0.0 0.0
137.24286415391668 1.0 0.0
137.7316621539167 0.0 0.0
138.2204601539167 1.0 1.0
138.70925815391666 0.0 0.0
139.19805615391667 1.0 0.0
139.68685415391667 0.0 0.0
140.17565215391667 1.0 1.0
140.66445015391668 0.0 0.0
141.15324815391668 1.0 0.0
141.64204615391668 0.0 0.0
142.13084415391668 1.0 1.0
142.6196421539167 0.0 0.0
143.1084401539167 1.0 0.0
143.5972381539167 0.0 0.0
144.08603615391667 1.0 1.0
144.57483415391667 0.0 0.0
145.06363215391667 1.0 0.0
145.55243015391667 0.0 0.0
146.04122815391668 1.0 1.0
146.53002615391668 0.0 0.0
147.01882415391668 1.0 1.0
147.50762215391669 0.0 0.0
147.9964201539167 1.0 0.0
148.4852181539167 0.0 0.0
148.97401615391666 1.0 1.0
149.46281415391667 0.0 0.0
149.95269311316667 1.0 0.0
150.44349011316666 0.0 0.0
150.93428711316668 1.0 1.0
151.42508411316666 0.0 0.0
151.91588111316668 1.0 0.0
152.40667811316666 0.0 0.0
152.89747511316668 1.0 1.0
153.38827211316666 0.0 0.0
153.87906911316668 1.0 0.0
154.36986611316667 0.0 0.0
154.86066311316665 1.0 1.0
155.35146011316667 0.0 0.0
155.84225711316665 1.0 0.0
156.33305411316667 0.0 0.0
156.82385111316665 1.0 1.0
157.31464811316667 0.0 0.0
157.80544511316666 1.0 0.0
158.29624211316667 0.0 0.0
158.78703911316666 1.0 1.0
159.27783611316667 0.0 0.0
159.76863311316666 1.0 0.0
160.25943011316667 0.0 0.0
160.75022711316666 1.0 1.0
161.24102411316667 0.0 0.0
161.73182111316666 1.0 0.0
162.22261811316667 0.0 0.0
162.71297133516666 1.0 1.0
163.20176933516666 0.0 0.0
163.69056733516666 1.0 0.0
164.17936533516666 0.0 0.0
164.66816333516667 1.0 1.0
165.15696133516667 0.0 0.0
165.64575933516667 1.0 0.0
166.13455733516665 0.0 0.0
166.62335533516665 1.0 1.0
167.11215333516665 0.0 0.0
167.60095133516666 1.0 0.0
168.08974933516666 0.0 0.0
168.57854733516666 1.0 1.0
169.06734533516666 0.0 0.0
169.55614333516667 1.0 0.0
170.04494133516667 0.0 0.0
170.53373933516667 1.0 1.0
171.02253733516667 0.0 0.0
171.51133533516665 1.0 0.0
172.00013333516665 0.0 0.0
172.48893133516665 1.0 1.0
172.97772933516666 0.0 0.0
173.46652733516666 1.0 0.0
173.95532533516666 0.0 0.0
174.44412333516667 1.0 1.0
174.93292133516667 0.0 0.0
175.42171933516667 1.0 0.0
175.91051733516667 0.0 0.0
176.39931533516665 1.0 1.0
176.88811333516665 0.0 0.0
177.37691133516665 1.0 0.0
177.86570933516666 0.0 0.0
178.35450733516666 1.0 1.0
178.84330533516666 0.0 0.0
179.33210333516666 1.0 0.0
179.82090133516667 0.0 0.0
180.30969933516667 1.0 1.0
180.79849733516664 0.0 0.0
181.28729533516668 1.0 0.0
181.77609333516665 0.0 0.0
182.26489133516665 1.0 1.0
182.75368933516665 0.0 0.0
183.24248733516666 1.0 0.0
183.73128533516666 0.0 0.0
184.22008333516666 1.0 1.0
184.70888133516667 0.0 0.0
185.19767933516667 1.0 0.0
185.68647733516667 0.0 0.0
186.17683105691665 1.0 1.0
186.66762805691667 0.0 0.0
187.15842505691666 1.0 0.0
187.64922205691667 0.0 0.0
188.14001905691666 1.0 1.0
188.63081605691667 0.0 0.0
189.12161305691666 1.0 0.0
189.61241005691667 0.0 0.0
190.10320705691666 1.0 1.0
190.59400405691667 0.0 0.0
191.08480105691666 1.0 0.0
191.57413812058334 0.0 0.0
192.06293612058334 1.0 1.0
192.55173412058335 0.0 0.0
193.04053212058335 1.0 0.0
193.52933012058335 0.0 0.0
194.01812812058336 1.0 1.0
194.50692612058336 0.0 0.0
194.99572412058333 1.0 0.0
195.48452212058334 0.0 0.0
195.97332012058334 1.0 1.0
196.46211812058334 0.0 0.0
196.95091612058334 1.0 0.0
197.43971412058335 0.0 0.0
197.92851212058335 1.0 1.0
198.41731012058335 0.0 0.0
198.90610812058335 1.0 0.0
199.39490612058336 0.0 0.0
199.88370412058333 1.0 1.0
200.37250212058333 0.0 0.0
200.86130012058334 1.0 0.0
201.35009812058334 0.0 0.0
201.83889612058334 1.0 1.0
202.32769412058335 0.0 0.0
202.81649212058335 1.0 0.0
203.30529012058335 0.0 0.0
203.79408812058335 1.0 1.0
204.28288612058336 0.0 0.0
204.7735094076667 1.0 0.0
205.2653124076667 0.0 0.0
205.75711540766667 1.0 1.0
206.24891840766668 0.0 0.0
206.74072140766668 1.0 0.0
207.2325244076667 0.0 0.0
207.7243274076667 1.0 1.0
208.2161304076667 0.0 0.0
208.7079334076667 1.0 0.0
209.19973640766668 0.0 0.0
209.69153940766668 1.0 1.0
210.1833424076667 0.0 0.0
210.6751454076667 1.0 0.0
211.1669484076667 0.0 0.0
211.6574898816667 1.0 1.0
212.1472848816667 0.0 0.0
212.6370798816667 1.0 0.0
213.1268748816667 0.0 0.0
213.6166698816667 1.0 1.0
214.10646488166668 0.0 0.0
214.5962598816667 1.0 0.0
215.08605488166668 0.0 0.0
215.5758498816667 1.0 1.0
216.06564488166669 0.0 0.0
216.5554398816667 1.0 0.0
217.0452348816667 0.0 0.0
217.5350298816667 1.0 1.0
218.0248248816667 0.0 0.0
218.5146198816667 1.0 0.0
219.0044148816667 0.0 0.0
219.4942098816667 1.0 1.0
219.9840048816667 0.0 0.0
220.4737998816667 1.0 0.0
220.9635948816667 0.0 0.0
221.45338988166668 1.0 1.0
221.9431848816667 0.0 0.0
222.4329798816667 1.0 0.0
222.9227748816667 0.0 0.0
223.41256988166668 1.0 1.0
223.9023648816667 0.0 0.0
224.3921598816667 1.0 0.0
224.8819548816667 0.0 0.0
225.3717498816667 1.0 1.0
225.8615448816667 0.0 0.0
226.3513398816667 1.0 0.0
226.8411348816667 0.0 0.0
227.3309298816667 1.0 1.0
227.8207248816667 0.0 0.0
228.3105198816667 1.0 0.0
228.8003148816667 0.0 0.0
229.2901098816667 1.0 1.0
229.7799048816667 0.0 0.0
230.2696998816667 1.0 0.0
230.75949488166668 0.0 0.0
231.2492898816667 1.0 1.0
231.7390848816667 0.0 0.0
232.2288798816667 1.0 0.0
232.7186748816667 0.0 0.0
233.2084698816667 1.0 1.0
233.6982648816667 0.0 0.0
234.1880598816667 1.0 0.0
234.6778548816667 0.0 0.0
235.1676498816667 1.0 1.0
235.6574448816667 0.0 0.0
236.1472398816667 1.0 1.0
236.6370348816667 0.0 0.0
237.1268298816667 0.0 0.0
237.6166248816667 0.0 0.0