0.56571438 0.0 0.0
1.42285738 1.0 1.0
2.28000038 0.0 0.0
3.1371433800000004 1.0 0.0
3.99428638 0.0 0.0
4.85142938 1.0 1.0
5.70857238 0.0 0.0
6.56571538 1.0 0.0
7.42285838 0.0 0.0
8.28000138 1.0 1.0
9.13714438 0.0 0.0
9.99428738 1.0 0.0
10.85143038 0.0 0.0
11.708573379999999 1.0 1.0
12.56571638 0.0 0.0
13.42285938 1.0 0.0
14.280002379999999 0.0 0.0
15.137145379999998 1.0 1.0
15.994288379999999 0.0 0.0
16.851431379999998 1.0 0.0
17.708574379999998 0.0 0.0
18.56571738 1.0 1.0
19.42286038 0.0 0.0
20.280003379999997 1.0 0.0
21.137146379999997 0.0 0.0
21.994289379999998 1.0 1.0
22.85143238 0.0 0.0
23.70857538 1.0 0.0
24.565718379999996 0.0 0.0
25.422861379999997 1.0 1.0
26.280004379999998 0.0 0.0
27.13714738 1.0 0.0
27.99429038 0.0 0.0
28.851433379999996 1.0 1.0
29.708576379999997 0.0 0.0
30.565719379999997 1.0 0.0
31.422862379999998 0.0 0.0
32.28000538 1.0 1.0
33.13714838 0.0 0.0
33.99429138 1.0 0.0
34.85143437999999 0.0 0.0
35.708577379999994 1.0 1.0
36.565720379999995 0.0 0.0
37.422863379999995 1.0 0.0
38.280006379999996 0.0 0.0
39.13714938 1.0 1.0
39.99429238 0.0 0.0
40.85143538 1.0 0.0
41.70857838 0.0 0.0
42.56572138 1.0 1.0
43.42286438 0.0 0.0
44.280007379999994 1.0 0.0
45.137150379999994 0.0 0.0
45.994293379999995 1.0 1.0
46.851436379999996 0.0 0.0
47.708579379999996 1.0 0.0
48.56572238 0.0 0.0
49.42286538 1.0 1.0
50.28000838 0.0 0.0
51.13715138 1.0 0.0
51.99429438 0.0 0.0
52.85143737999999 1.0 1.0
53.708580379999994 0.0 0.0
54.565723379999994 1.0 0.0
55.422866379999995 0.0 0.0
56.280009379999996 1.0 1.0
57.137152379999996 0.0 0.0
57.99429538 1.0 0.0
58.85143837999999 0.0 0.0
59.70858137999999 1.0 1.0
60.56572437999999 0.0 0.0
61.42286737999999 1.0 0.0
62.280010379999986 0.0 0.0
63.13715337999999 1.0 1.0
63.99429637999999 0.0 0.0
64.85143937999999 1.0 0.0
65.70858238 0.0 0.0
66.56572537999999 1.0 1.0
67.42286837999998 0.0 0.0
68.28001137999999 1.0 0.0
69.13715437999998 0.0 0.0
69.99429737999999 1.0 1.0
70.85144037999999 0.0 0.0
71.70858338 1.0 0.0
72.56572637999999 0.0 0.0
73.42286938 1.0 1.0
74.28001237999999 0.0 0.0
75.13715537999998 1.0 0.0
75.99429837999999 0.0 0.0
76.85144137999998 1.0 1.0
77.70858437999999 0.0 0.0
78.56572737999998 1.0 0.0
79.42287037999999 0.0 0.0
80.28001337999999 1.0 1.0
81.13715638 0.0 0.0
81.99429937999999 1.0 0.0
82.85144238 0.0 0.0
83.70858537999999 1.0 1.0
84.56572837999998 0.0 0.0
85.42287137999999 1.0 0.0
86.28001437999998 0.0 0.0
87.13715737999999 1.0 1.0
87.99430037999998 0.0 0.0
88.85144337999999 1.0 0.0
89.70858637999999 0.0 0.0
90.56572938 1.0 1.0
91.42287237999999 0.0 0.0
92.28001538 1.0 0.0
93.13715837999999 0.0 0.0
93.99430137999998 1.0 1.0
94.85144437999999 0.0 0.0
95.70858737999998 1.0 0.0
96.56573037999999 0.0 0.0
97.42287337999998 1.0 1.0
98.28001637999999 0.0 0.0
99.13715937999999 1.0 0.0
99.99430238 0.0 0.0
100.85144537999999 1.0 1.0
101.70858837999998 0.0 0.0
102.56573137999999 1.0 0.0
103.42287437999998 0.0 0.0
104.28001737999999 1.0 1.0
105.13716037999998 0.0 0.0
105.99430337999999 1.0 0.0
106.85144637999998 0.0 0.0
107.70858937999999 1.0 1.0
108.56573237999999 0.0 0.0
109.42287538 1.0 0.0
110.28001837999999 0.0 0.0
111.13716137999998 1.0 1.0
111.99430437999999 0.0 0.0
112.85144737999998 1.0 0.0
113.70859037999999 0.0 0.0
114.56573337999998 1.0 1.0
115.42287637999999 0.0 0.0
116.28001937999998 1.0 0.0
117.13716237999999 0.0 0.0
117.99430538 1.0 1.0
118.85144838 0.0 0.0
119.70859138 1.0 0.0
120.56573438 0.0 0.0
121.42287738 1.0 1.0
122.28002038 0.0 0.0
123.13716338 1.0 0.0
123.99430638 0.0 0.0
124.85144938 1.0 1.0
125.70859238 0.0 0.0
126.56573537999999 1.0 0.0
127.42287838 0.0 0.0
128.28002138 1.0 1.0
129.13716438 0.0 0.0
129.99430738 1.0 0.0
130.85145038 0.0 0.0
131.70859338 1.0 1.0
132.56573638 0.0 0.0
133.42287938 1.0 0.0
134.28002238 0.0 0.0
135.13716538 1.0 1.0
135.99430838 0.0 0.0
136.85145138 1.0 0.0
137.70859438 0.0 0.0
138.56573738 1.0 1.0
139.42288038 0.0 0.0
140.28002338 1.0 0.0
141.13716638 0.0 0.0
141.99430938 1.0 1.0
142.85145238 0.0 0.0
143.70859538 1.0 0.0
144.56573838 0.0 0.0
145.42288138 1.0 1.0
146.28002438 0.0 0.0
147.13716738 1.0 0.0
147.99431038 0.0 0.0
148.85145338 1.0 1.0
149.70859638 0.0 0.0
150.56573938 1.0 0.0
151.42288238 0.0 0.0
152.28002537999998 1.0 1.0
153.13716838 0.0 0.0
153.99431138 1.0 0.0
154.85145438 0.0 0.0
155.70859738 1.0 1.0
156.56574038 0.0 0.0
157.42288338 1.0 0.0
158.28002638 0.0 0.0
159.13716938 1.0 1.0
159.99431238 0.0 0.0
160.85145538 1.0 0.0
161.70859837999998 0.0 0.0
162.56574138 1.0 1.0
163.42288438 0.0 0.0
164.28002738 1.0 0.0
165.13717038 0.0 0.0
165.99431338 1.0 1.0
166.85145638 0.0 0.0
167.70461256916664 1.0 0.0
168.54955831874997 0.0 0.0
169.39166331874998 1.0 1.0
170.2441320070833 0.0 0.0
171.1012750070833 1.0 0.0
171.9584180070833 0.0 0.0
172.81556100708332 1.0 1.0
173.6727040070833 0.0 0.0
174.5298470070833 1.0 0.0
175.3869900070833 0.0 0.0
176.2441330070833 1.0 1.0
177.1012760070833 0.0 0.0
177.9584190070833 1.0 0.0
178.81556200708332 0.0 0.0
179.6727050070833 1.0 1.0
180.5298480070833 0.0 0.0
181.3869910070833 1.0 0.0
182.2441340070833 0.0 0.0
183.1012770070833 1.0 1.0
183.9584200070833 0.0 0.0
184.8155630070833 1.0 0.0
185.6727060070833 0.0 0.0
186.5298490070833 1.0 1.0
187.3869920070833 0.0 0.0
188.2441350070833 1.0 0.0
189.1012780070833 0.0 0.0
189.9584210070833 1.0 1.0
190.8155640070833 0.0 0.0
191.6727070070833 1.0 0.0
192.5298500070833 0.0 0.0
193.3869930070833 1.0 1.0
194.2441360070833 0.0 0.0
195.1012790070833 1.0 0.0
195.9584220070833 0.0 0.0
196.8155650070833 1.0 1.0
197.67270800708332 0.0 0.0
198.5298510070833 1.0 0.0
199.3869940070833 0.0 0.0
200.2441370070833 1.0 1.0
201.1012800070833 0.0 0.0
201.9584230070833 1.0 0.0
202.8155660070833 0.0 0.0
203.6727090070833 1.0 1.0
204.5298520070833 0.0 0.0
205.3869950070833 1.0 0.0
206.2441380070833 0.0 0.0
207.1012810070833 1.0 1.0
207.9584240070833 0.0 0.0
208.8155670070833 1.0 0.0
209.6727100070833 0.0 0.0
210.52985300708332 1.0 1.0
211.3869960070833 0.0 0.0
212.2441390070833 1.0 0.0
213.10128200708328 0.0 0.0
213.9584250070833 1.0 1.0
214.8155680070833 0.0 0.0
215.6727110070833 1.0 0.0
216.52985400708332 0.0 0.0
217.3869970070833 1.0 1.0
218.2441400070833 0.0 0.0
219.1012830070833 1.0 0.0
219.95842600708332 0.0 0.0
220.81556900708333 1.0 1.0
221.67271200708333 0.0 0.0
222.5298550070833 1.0 0.0
223.38699800708332 0.0 0.0
224.24414100708333 1.0 1.0
225.10128400708334 0.0 0.0
225.95842700708332 1.0 0.0
226.81557000708332 0.0 0.0
227.67271300708333 1.0 1.0
228.52985600708334 0.0 0.0
229.38699900708332 1.0 0.0
230.24414200708333 0.0 0.0
231.10128500708333 1.0 1.0
231.95842800708334 0.0 0.0
232.81557100708335 1.0 0.0
233.67271400708333 0.0 0.0
234.52985700708334 1.0 1.0
235.38700000708332 0.0 0.0
236.24414300708332 1.0 0.0
237.10128600708333 0.0 0.0
237.95842900708334 1.0 1.0
238.81557200708335 0.0 0.0
239.67271500708333 1.0 0.0
240.52985800708333 0.0 0.0
241.3870010070833 1.0 1.0
242.24414400708332 0.0 0.0
243.10128700708333 1.0 0.0
243.95843000708334 0.0 0.0
244.81557300708334 1.0 1.0
245.67271600708335 0.0 0.0
246.52985900708333 1.0 0.0
247.3870020070833 0.0 0.0
248.24414500708332 1.0 1.0
249.10128800708333 0.0 0.0
249.95843100708333 1.0 0.0
250.81557400708334 0.0 0.0
251.67271700708335 1.0 1.0
252.52986000708333 0.0 0.0
253.38700300708334 1.0 0.0
254.24414600708332 0.0 0.0
255.10128900708332 1.0 1.0
255.95843200708333 0.0 0.0
256.81557500708334 1.0 0.0
257.67271800708335 0.0 0.0
258.52986100708335 1.0 1.0
259.3870040070833 0.0 0.0
260.2441470070833 1.0 0.0
261.1012900070833 0.0 0.0
261.95843300708333 1.0 1.0
262.81557600708334 0.0 0.0
263.67271900708334 1.0 0.0
264.52986200708335 0.0 0.0
265.3870050070833 1.0 1.0
266.2441480070833 0.0 0.0
267.1012910070833 1.0 0.0
267.9584340070833 0.0 0.0
268.81557700708333 1.0 1.0
269.67272000708334 0.0 0.0
270.52986300708335 1.0 0.0
271.3870060070833 0.0 0.0
272.24414900708337 1.0 1.0
273.1012920070833 0.0 0.0
273.9584350070833 1.0 0.0
274.81557800708333 0.0 0.0
275.67272100708334 1.0 1.0
276.52986400708335 0.0 0.0
277.3870070070833 1.0 0.0
278.24415000708336 0.0 0.0
279.1012930070833 1.0 1.0
279.9584360070833 0.0 0.0
280.81557900708333 1.0 0.0
281.67272200708334 0.0 0.0
282.52986500708334 1.0 1.0
283.3870080070833 0.0 0.0
284.24415100708336 1.0 0.0
285.1012940070833 0.0 0.0
285.9584370070833 1.0 1.0
286.8155800070833 0.0 0.0
287.67272300708333 1.0 0.0
288.52986600708334 0.0 0.0
289.38700900708335 1.0 1.0
290.24415200708336 0.0 0.0
291.1012950070833 1.0 0.0
291.9584380070833 0.0 0.0
292.8155810070833 1.0 1.0
293.67272400708333 0.0 0.0
294.52986700708334 1.0 0.0
295.38701000708335 0.0 0.0
296.24415300708336 1.0 0.0