0.03796874999999998 1.0 0.0
0.50671875 0.0 0.0
0.97546875 1.0 1.0
1.4442187499999999 0.0 0.0
1.9129687499999997 1.0 0.0
2.3817187499999997 0.0 0.0
2.8504687499999997 1.0 1.0
3.3192187499999997 0.0 0.0
3.7879687499999997 1.0 0.0
4.25671875 0.0 0.0
4.72546875 1.0 1.0
5.19421875 0.0 0.0
5.66296875 1.0 0.0
6.13171875 0.0 0.0
6.60046875 1.0 1.0
7.06921875 0.0 0.0
7.53796875 1.0 0.0
8.00671875 0.0 0.0
8.47546875 1.0 1.0
8.94421875 0.0 0.0
9.41296875 1.0 1.0
9.88171875 0.0 0.0
10.35046875 0.0 0.0
10.81921875 1.0 1.0
11.28796875 0.0 0.0
11.75671875 1.0 0.0
12.22546875 0.0 0.0
12.69421875 1.0 1.0
13.16296875 0.0 0.0
13.63171875 1.0 0.0
14.10046875 0.0 0.0
14.56921875 1.0 1.0
15.037968750000001 0.0 0.0
15.506718750000001 1.0 0.0
15.975468750000001 0.0 0.0
16.44421875 1.0 1.0
16.91296875 0.0 0.0
17.38171875 1.0 0.0
17.85046875 0.0 0.0
18.31921875 1.0 1.0
18.78796875 0.0 0.0
19.25671875 1.0 0.0
19.72546875 0.0 0.0
20.19421875 1.0 1.0
20.66296875 0.0 0.0
21.13171875 1.0 0.0
21.60046875 0.0 0.0
22.06921875 1.0 1.0
22.53796875 0.0 0.0
23.00671875 1.0 0.0
23.47546875 0.0 0.0
23.94421875 1.0 1.0
24.41296875 0.0 0.0
24.88171875 1.0 0.0
25.35046875 0.0 0.0
25.81921875 1.0 1.0
26.28796875 0.0 0.0
26.75671875 1.0 0.0
27.22546875 0.0 0.0
27.69421875 1.0 1.0
28.16296875 0.0 0.0
28.63171875 1.0 0.0
29.10046875 0.0 0.0
29.56921875 1.0 1.0
30.03796875 0.0 0.0
30.50671875 1.0 0.0
30.97546875 0.0 0.0
31.44421875 1.0 1.0
31.91296875 0.0 0.0
32.381718750000005 1.0 0.0
32.850468750000005 0.0 0.0
33.319218750000005 1.0 1.0
33.787968750000005 0.0 0.0
34.256718750000005 1.0 0.0
34.725468750000005 0.0 0.0
35.194218750000005 1.0 1.0
35.662968750000005 0.0 0.0
36.131718750000005 1.0 0.0
36.600468750000005 0.0 0.0
37.069218750000005 1.0 1.0
37.537968750000005 0.0 0.0
38.006718750000005 1.0 0.0
38.475468750000005 0.0 0.0
38.944218750000005 1.0 1.0
39.412968750000005 0.0 0.0
39.881718750000005 1.0 0.0
40.350468750000005 0.0 0.0
40.819218750000005 1.0 1.0
41.287968750000005 0.0 0.0
41.756718750000005 1.0 0.0
42.225468750000005 0.0 0.0
42.694218750000005 1.0 1.0
43.162968750000005 0.0 0.0
43.631718750000005 1.0 0.0
44.100468750000005 0.0 0.0
44.569218750000005 1.0 1.0
45.037968750000005 0.0 0.0
45.506718750000005 1.0 0.0
45.975468750000005 0.0 0.0
46.444218750000005 1.0 1.0
46.912968750000005 0.0 0.0
47.381718750000005 1.0 0.0
47.850468750000005 0.0 0.0
48.319218750000005 1.0 1.0
48.787968750000005 0.0 0.0
49.256718750000005 1.0 0.0
49.725468750000005 0.0 0.0
50.194218750000005 1.0 1.0
50.662968750000005 0.0 0.0
51.131718750000005 1.0 0.0
51.600468750000005 0.0 0.0
52.069218750000005 1.0 1.0
52.537968750000005 0.0 0.0
53.006718750000005 1.0 0.0
53.475468750000005 0.0 0.0
53.944218750000005 1.0 1.0
54.412968750000005 0.0 0.0
54.881718750000005 1.0 0.0
55.350468750000005 0.0 0.0
55.819218750000005 1.0 1.0
56.287968750000005 0.0 0.0
56.756718750000005 1.0 0.0
57.225468750000005 0.0 0.0
57.694218750000005 1.0 1.0
58.162968750000005 0.0 0.0
58.631718750000005 1.0 0.0
59.100468750000005 0.0 0.0
59.569218750000005 1.0 1.0
60.03796875 0.0 0.0
60.50671875 1.0 0.0
60.97546875 0.0 0.0
61.44421875 1.0 1.0
61.91296875 0.0 0.0
62.38171875 1.0 0.0
62.85046875 0.0 0.0
63.31921875 1.0 1.0
63.78796875 0.0 0.0
64.25671874999999 1.0 0.0
64.72546874999999 0.0 0.0
65.19421874999999 1.0 1.0
65.66296874999999 0.0 0.0
66.13171874999999 1.0 0.0
66.60046874999999 0.0 0.0
67.06921874999999 1.0 1.0
67.53796874999999 0.0 0.0
68.00671874999999 1.0 0.0
68.47546874999999 0.0 0.0
68.94421874999999 1.0 1.0
69.41296874999999 0.0 0.0
69.88171874999999 1.0 0.0
70.35046874999999 0.0 0.0
70.81921874999999 1.0 1.0
71.28796874999999 0.0 0.0
71.75671874999999 1.0 0.0
72.22546874999999 0.0 0.0
72.69421874999999 1.0 1.0
73.16296874999999 0.0 0.0
73.63171874999999 1.0 0.0
74.10046874999999 0.0 0.0
74.56921874999999 1.0 1.0
75.03796874999999 0.0 0.0
75.50671874999999 1.0 0.0
75.97546874999999 0.0 0.0
76.44421874999999 1.0 1.0
76.91296874999999 0.0 0.0
77.38171874999999 1.0 0.0
77.85046874999999 0.0 0.0
78.31921874999999 1.0 1.0
78.78796874999999 0.0 0.0
79.25671874999999 1.0 0.0
79.72546874999999 0.0 0.0
80.19421874999999 1.0 1.0
80.66296874999999 0.0 0.0
81.13171874999999 1.0 0.0
81.60046874999999 0.0 0.0
82.06921874999999 1.0 1.0
82.53796874999999 0.0 0.0
83.00671874999999 1.0 0.0
83.47546874999999 0.0 0.0
83.94421874999999 1.0 1.0
84.41296874999999 0.0 0.0
84.88171874999999 1.0 0.0
85.35046874999999 0.0 0.0
85.81921874999999 1.0 1.0
86.28796874999999 0.0 0.0
86.75671874999999 1.0 0.0
87.22546874999999 0.0 0.0
87.69421874999999 1.0 1.0
88.16296874999999 0.0 0.0
88.63171874999999 1.0 0.0
89.10046874999999 0.0 0.0
89.56921874999999 1.0 1.0
90.03796874999999 0.0 0.0
90.50671874999999 1.0 0.0
90.97546874999999 0.0 0.0
91.44421874999999 1.0 1.0
91.91296874999999 0.0 0.0
92.38171874999999 1.0 0.0
92.85046874999999 0.0 0.0
93.31921874999999 1.0 1.0
93.78796874999999 0.0 0.0
94.25671874999999 1.0 0.0
94.72546874999999 0.0 0.0
95.19421874999999 1.0 1.0
95.66296874999999 0.0 0.0
96.13171874999999 1.0 0.0
96.60046874999999 0.0 0.0
97.06921874999999 1.0 1.0
97.53796874999999 0.0 0.0
98.00671874999999 1.0 0.0
98.47546874999999 0.0 0.0
98.94421874999999 1.0 1.0
99.41296874999999 0.0 0.0
99.88171874999999 1.0 0.0
100.35046874999999 0.0 0.0
100.81921874999999 1.0 1.0
101.28796874999999 0.0 0.0
101.75671874999999 1.0 0.0
102.22546874999999 0.0 0.0
102.69421874999999 1.0 1.0
103.16296874999999 0.0 0.0
103.63171874999999 1.0 0.0
104.10046874999999 0.0 0.0
104.56921874999999 1.0 1.0
105.03796874999999 0.0 0.0
105.50671874999999 1.0 0.0
105.97546874999999 0.0 0.0
106.44421874999999 1.0 1.0
106.91296874999999 0.0 0.0
107.38171874999999 1.0 0.0
107.85046874999999 0.0 0.0
108.31921874999999 1.0 1.0
108.78796874999999 0.0 0.0
109.25671874999999 1.0 0.0
109.72546874999999 0.0 0.0
110.19421874999999 1.0 1.0
110.66296874999999 0.0 0.0
111.13171874999999 1.0 0.0
111.60046874999999 0.0 0.0
112.06921874999999 1.0 1.0
112.53796874999999 0.0 0.0
113.00671874999999 1.0 0.0
113.47546874999999 0.0 0.0
113.94421874999999 1.0 1.0
114.41296874999999 0.0 0.0
114.88171874999999 1.0 0.0
115.35046874999999 0.0 0.0
115.81921874999999 1.0 1.0
116.28796874999999 0.0 0.0
116.75671874999999 1.0 0.0
117.22546874999999 0.0 0.0
117.69421874999999 1.0 1.0
118.16296874999999 0.0 0.0
118.63171874999999 1.0 0.0
119.10046874999999 0.0 0.0
119.56921874999999 1.0 1.0
120.03796875 0.0 0.0
120.50671875 1.0 0.0
120.97546875 0.0 0.0
121.44421875 1.0 1.0
121.91296875 0.0 0.0
122.38171875 1.0 0.0
122.85046875 0.0 0.0
123.31921875 1.0 1.0
123.78796875 0.0 0.0
124.25671875 1.0 0.0
124.72546875 0.0 0.0
125.19421875 1.0 1.0
125.66296875 0.0 0.0
126.13171875 1.0 0.0
126.60046875 0.0 0.0
127.06921875 1.0 1.0
127.53796875 0.0 0.0
128.00671875 1.0 0.0
128.47546875 0.0 0.0
128.94421875 1.0 1.0
129.41296875 0.0 0.0
129.88171875 1.0 0.0
130.35046875 0.0 0.0
130.81921875 1.0 1.0
131.28796875 0.0 0.0
131.75671875 1.0 0.0
132.22546875 0.0 0.0
132.69421875 1.0 1.0
133.16296875 0.0 0.0
133.63171875 1.0 0.0
134.10046875 0.0 0.0
134.56921875 1.0 1.0
135.03796875 0.0 0.0
135.50671875 1.0 0.0
135.97546875 0.0 0.0
136.44421875 1.0 1.0
136.91296875 0.0 0.0
137.38171875 1.0 0.0
137.85046875 0.0 0.0
138.31921875 1.0 1.0
138.78796875 0.0 0.0
139.25671875 1.0 0.0
139.72546875 0.0 0.0
140.19421875 1.0 1.0
140.66296875 0.0 0.0
141.13171875 1.0 0.0
141.60046875 0.0 0.0
142.06921875 1.0 1.0
142.53796875 0.0 0.0
143.00671875 1.0 0.0
143.47546875 0.0 0.0
143.94421875 1.0 1.0
144.41296875 0.0 0.0
144.88171875 1.0 0.0
145.35046875 0.0 0.0
145.81921875 1.0 1.0
146.28796875 0.0 0.0
146.75671875 1.0 0.0
147.22546875 0.0 0.0
147.69421875 1.0 1.0
148.16296875 0.0 0.0
148.63171875 1.0 0.0
149.10046875 0.0 0.0
149.56921875 1.0 1.0
150.03796875 0.0 0.0
150.50671875 1.0 0.0
150.97546875 0.0 0.0
151.44421875 1.0 1.0
151.91296875 0.0 0.0
152.38171875 1.0 0.0
152.85046875 0.0 0.0
153.31921875 1.0 1.0
153.78796875 0.0 0.0
154.25671875 1.0 0.0
154.72546875 0.0 0.0
155.19421875 1.0 1.0
155.66296875 0.0 0.0
156.13171875 1.0 0.0
156.60046875 0.0 0.0
157.06921875 1.0 1.0
157.53796875 0.0 0.0
158.00671875 1.0 0.0
158.47546875 0.0 0.0
158.94421875 1.0 1.0
159.41296875 0.0 0.0
159.88171875 1.0 0.0
160.35046875 0.0 0.0
160.81921875 1.0 1.0
161.28796875 0.0 0.0
161.75671875 1.0 0.0
162.22546875 0.0 0.0
162.69421875 1.0 1.0
163.16296875 0.0 0.0
163.63171875 1.0 0.0
164.10046875 0.0 0.0
164.56921875 1.0 1.0
165.03796875 0.0 0.0
165.50671875 1.0 0.0
165.97546875 0.0 0.0
166.44421875 1.0 1.0
166.91296875 0.0 0.0
167.38171875 1.0 0.0
167.85046875 0.0 0.0
168.31921875 1.0 1.0
168.78796875 0.0 0.0
169.25671875 1.0 0.0
169.72546875 0.0 0.0
170.19421875 1.0 1.0
170.66296875 0.0 0.0
171.13171875 1.0 0.0
171.60046875 0.0 0.0
172.06921875 1.0 1.0
172.53796875 0.0 0.0
173.00671875 1.0 0.0
173.47546875 0.0 0.0
173.94421875 1.0 1.0
174.41296875 0.0 0.0
174.88171875 1.0 0.0
175.35046875 0.0 0.0
175.81921875 1.0 1.0
176.28796875 0.0 0.0
176.75671875 1.0 0.0
177.22546875 0.0 0.0
177.69421875 1.0 1.0
178.16296875 0.0 0.0
178.63171875 1.0 0.0
179.10046875 0.0 0.0
179.56921875 1.0 1.0
180.03796875 0.0 0.0
180.50671875 1.0 0.0
180.97546875 0.0 0.0
181.44421875 1.0 1.0
181.91296875 0.0 0.0
182.38171875 1.0 0.0
182.85046875 0.0 0.0
183.31921875 1.0 1.0
183.78796875 0.0 0.0
184.25671875 1.0 0.0
184.72546875 0.0 0.0
185.19421875 1.0 1.0
185.66296875 0.0 0.0
186.13171875 1.0 0.0
186.60046875 0.0 0.0
187.06921875 1.0 1.0
187.53796875 0.0 0.0
188.00671875 1.0 0.0
188.47546875 0.0 0.0
188.94421875 1.0 1.0
189.41296875 0.0 0.0
189.88171875 1.0 0.0
190.35046875 0.0 0.0
190.81921875 1.0 1.0
191.28796875 0.0 0.0
191.75671875 1.0 0.0
192.22546875 0.0 0.0
192.69421875 1.0 1.0
193.16296875 0.0 0.0
193.63171875 1.0 0.0
194.10046875 0.0 0.0
194.56921875 1.0 1.0
195.03796875 0.0 0.0
195.50671875 1.0 0.0
195.97546875 0.0 0.0
196.44421875 1.0 1.0
196.91296875 0.0 0.0
197.38171875 1.0 0.0
197.85046875 0.0 0.0
198.31921875 1.0 1.0
198.78796875 0.0 0.0
199.25671875 1.0 0.0
199.72546875 0.0 0.0
200.19421875 1.0 1.0
200.66296875 0.0 0.0
201.13171875 1.0 0.0
201.60046875 0.0 0.0
202.06921875 1.0 1.0
202.53796875 0.0 0.0
203.00671875 1.0 0.0
203.47546875 0.0 0.0
203.94421875 1.0 1.0
204.41296875 0.0 0.0
204.88171875 1.0 0.0
205.35046875 0.0 0.0
205.81921875 1.0 1.0
206.28796875 0.0 0.0
206.75671875 1.0 0.0
207.22546875 0.0 0.0
207.69421875 1.0 1.0
208.16296875 0.0 0.0
208.63171875 1.0 0.0
209.10046875 0.0 0.0
209.56921875 1.0 1.0
210.03796875 0.0 0.0
210.50671875 1.0 0.0
210.97546875 0.0 0.0
211.44421875 1.0 1.0
211.91296875 0.0 0.0
212.38171875 1.0 0.0
212.85046875 0.0 0.0
213.31921875 1.0 1.0
213.78796875 0.0 0.0
214.25671875 1.0 0.0
214.72546875 0.0 0.0
215.19421875 1.0 1.0
215.66296875 0.0 0.0
216.13171875 1.0 0.0
216.60046875 0.0 0.0
217.06921875 1.0 1.0
217.53796875 0.0 0.0
218.00671875 1.0 0.0
218.47546875 0.0 0.0
218.94421875 1.0 1.0
219.41296875 0.0 0.0
219.88171875 1.0 0.0
220.35046875 0.0 0.0
220.81921875 1.0 0.0
221.28796875 0.0 0.0
221.75671875 1.0 1.0
222.22546875 0.0 0.0
222.69421875 1.0 0.0