0.40281641400000007 1.0 0.0
1.3417824140000003 0.0 0.0
2.2807484140000005 1.0 1.0
3.2197144140000007 0.0 0.0
4.158680414000001 1.0 0.0
5.097646414000001 0.0 0.0
6.036612414000001 1.0 1.0
6.975578414000001 0.0 0.0
7.914544414000002 1.0 0.0
8.853510414 0.0 0.0
9.792476414000001 1.0 1.0
10.731442414000002 0.0 0.0
11.670408414000002 1.0 0.0
12.609374414000001 0.0 0.0
13.548340414000002 1.0 1.0
14.487306414000003 0.0 0.0
15.424806658333333 1.0 0.0
16.36230665833333 0.0 0.0
17.29980665833333 1.0 1.0
18.23730665833333 0.0 0.0
19.17480665833333 1.0 0.0
20.11230665833333 0.0 0.0
21.04980665833333 1.0 1.0
21.98730665833333 0.0 0.0
22.92480665833333 1.0 0.0
23.86230665833333 0.0 0.0
24.79980665833333 1.0 1.0
25.73730665833333 0.0 0.0
26.67480665833333 1.0 0.0
27.61230665833333 0.0 0.0
28.54980665833333 1.0 1.0
29.48730665833333 0.0 0.0
30.42480665833334 1.0 0.0
31.362306658333335 0.0 0.0
32.29980665833334 1.0 1.0
33.238772414 0.0 0.0
34.177738414000004 1.0 0.0
35.116704414000004 0.0 0.0
36.055670414000005 1.0 1.0
36.994636414000006 0.0 0.0
37.933602414000006 1.0 0.0
38.87256841400001 0.0 0.0
39.81153441400001 1.0 1.0
40.750500414 0.0 0.0
41.68946641400001 1.0 0.0
42.628432414 0.0 0.0
43.567398414 1.0 1.0
44.506364414000004 0.0 0.0
45.445330414000004 1.0 0.0
46.384296414000005 0.0 0.0
47.323262414000006 1.0 1.0
48.262228414000006 0.0 0.0
49.201194414 1.0 0.0
50.14016041400001 0.0 0.0
51.079126414 1.0 1.0
52.01809241400001 0.0 0.0
52.957058414 1.0 0.0
53.896024414 0.0 0.0
54.834990414 1.0 1.0
55.773956414000004 0.0 0.0
56.712922414000005 1.0 0.0
57.651888414000005 0.0 0.0
58.590854414000006 1.0 1.0
59.52982041400001 0.0 0.0
60.46878641400001 1.0 0.0
61.407752414 0.0 0.0
62.34671841400001 1.0 1.0
63.285684414 0.0 0.0
64.22465041400001 1.0 0.0
65.16361641400002 0.0 0.0
66.10258241400001 1.0 1.0
67.041548414 0.0 0.0
67.98051441400001 1.0 0.0
68.91948041400002 0.0 0.0
69.85844641400001 1.0 1.0
70.79741241400001 0.0 0.0
71.736378414 1.0 0.0
72.67534441400001 0.0 0.0
73.61431041400002 1.0 1.0
74.55327641400001 0.0 0.0
75.492242414 1.0 0.0
76.43120841400001 0.0 0.0
77.37017441400002 1.0 1.0
78.30914041400001 0.0 0.0
79.248106414 1.0 0.0
80.18707241400001 0.0 0.0
81.12603841400002 1.0 1.0
82.06500441400001 0.0 0.0
83.00397041400001 1.0 0.0
83.942936414 0.0 0.0
84.88190241400001 1.0 1.0
85.82086841400002 0.0 0.0
86.75983441400001 1.0 0.0
87.698800414 0.0 0.0
88.63776641400001 1.0 1.0
89.57673241400002 0.0 0.0
90.51569841400001 1.0 0.0
91.454664414 0.0 0.0
92.39363041400001 1.0 1.0
93.33259641400001 0.0 0.0
94.27156241400002 1.0 0.0
95.21052841400001 0.0 0.0
96.149494414 1.0 1.0
97.088460414 0.0 0.0
98.02742641400002 1.0 0.0
98.96639241400001 0.0 0.0
99.905358414 1.0 1.0
100.844324414 0.0 0.0
101.78329041400002 1.0 0.0
102.72225641400001 0.0 0.0
103.66122241400001 1.0 1.0
104.600188414 0.0 0.0
105.539154414 1.0 0.0
106.47812041400002 0.0 0.0
107.41708641400001 1.0 1.0
108.356052414 0.0 0.0
109.295018414 1.0 0.0
110.23398441400002 0.0 0.0
111.17295041400001 1.0 1.0
112.111916414 0.0 0.0
113.050882414 1.0 0.0
113.98984841400002 0.0 0.0
114.92881441400002 1.0 1.0
115.86778041400001 0.0 0.0
116.806746414 1.0 0.0
117.745712414 0.0 0.0
118.68467841400002 1.0 1.0
119.62955942800002 0.0 0.0
120.57444142800001 1.0 0.0
121.51932342800002 0.0 0.0
122.46420542800001 1.0 1.0
123.40908742800002 0.0 0.0
124.35396942800001 1.0 0.0
125.29885142800002 0.0 0.0
126.24373342800001 1.0 1.0
127.18861542800002 0.0 0.0
128.12611665833336 1.0 0.0
129.06361665833336 0.0 0.0
130.00111665833336 1.0 1.0
130.93424238750003 0.0 0.0
131.86736738750002 1.0 0.0
132.80049238750001 0.0 0.0
133.73361738750003 1.0 1.0
134.66674238750002 0.0 0.0
135.5998673875 1.0 0.0
136.53299238750003 0.0 0.0
137.46611738750002 1.0 1.0
138.3992423875 0.0 0.0
139.33236738750003 1.0 0.0
140.26549238750002 0.0 0.0
141.1986173875 1.0 1.0
142.13174238750003 0.0 0.0
143.06486738750002 1.0 0.0
143.99799238750003 0.0 0.0
144.93111738750002 1.0 1.0
145.8642423875 0.0 0.0
146.79736738750003 1.0 0.0
147.73486665833335 0.0 0.0
148.67236665833335 1.0 1.0
149.60986665833335 0.0 0.0
150.54736665833335 1.0 0.0
151.48486665833335 0.0 0.0
152.42236665833335 1.0 1.0
153.35986665833335 0.0 0.0
154.29736665833335 1.0 0.0
155.23486665833335 0.0 0.0
156.15794606216667 1.0 1.0
157.08817786950002 0.0 0.0
158.01125606216667 1.0 0.0
158.93433306216667 0.0 0.0
159.85741006216668 1.0 1.0
160.7905333875 0.0 0.0
161.7236583875 1.0 0.0
162.6538918695 0.0 0.0
163.59139065833332 1.0 1.0
164.536271428 0.0 0.0
165.481153428 1.0 0.0
166.42603542799998 0.0 0.0
167.37091742799998 1.0 1.0
168.315799428 0.0 0.0
169.260681428 1.0 0.0
170.20556342799998 0.0 0.0
171.14306465833332 1.0 1.0
172.08056465833332 0.0 0.0
173.01806465833332 1.0 0.0
173.95556465833332 0.0 0.0
174.89306465833332 1.0 1.0
175.83056465833332 0.0 0.0
176.76806465833332 1.0 0.0
177.70556465833332 0.0 0.0
178.64306465833332 1.0 1.0
179.58056465833332 0.0 0.0
180.51806465833332 1.0 0.0
181.45556465833332 0.0 0.0
182.39306465833332 1.0 1.0
183.33794542799998 0.0 0.0
184.282827428 1.0 0.0
185.22770942799997 0.0 0.0
186.17259142799998 1.0 1.0
187.11747342799998 0.0 0.0
188.062355428 1.0 0.0
189.00723742799997 0.0 0.0
189.95211942799997 1.0 1.0
190.8896206583333 0.0 0.0
191.8271206583333 1.0 0.0
192.7646206583333 0.0 0.0
193.7021206583333 1.0 1.0
194.6396206583333 0.0 0.0
195.5771206583333 1.0 0.0
196.5146206583333 0.0 0.0
197.4521206583333 1.0 1.0
198.3896206583333 0.0 0.0
199.3271206583333 1.0 0.0
200.2646206583333 0.0 0.0
201.2021206583333 1.0 1.0
202.1396206583333 0.0 0.0
203.0771206583333 1.0 0.0
204.0146206583333 0.0 0.0
204.9521206583333 1.0 1.0
205.8896206583333 0.0 0.0
206.8271206583333 1.0 0.0
207.7646206583333 0.0 0.0
208.7021206583333 1.0 1.0
209.6396206583333 0.0 0.0
210.5771206583333 1.0 0.0
211.5146206583333 0.0 0.0
212.4521206583333 1.0 1.0
213.3896206583333 0.0 0.0
214.33450142799998 1.0 0.0
215.279383428 0.0 0.0
216.22426542799997 1.0 1.0
217.16914742799997 0.0 0.0
218.1066486583333 1.0 0.0
219.0441486583333 0.0 0.0
219.9816486583333 1.0 1.0
220.9191486583333 0.0 0.0
221.8566486583333 1.0 0.0
222.7941486583333 0.0 0.0
223.7316486583333 1.0 1.0
224.6691486583333 0.0 0.0
225.6066486583333 1.0 0.0
226.5441486583333 0.0 0.0
227.4816486583333 1.0 1.0
228.4191486583333 0.0 0.0
229.3566486583333 1.0 0.0
230.2941486583333 0.0 0.0
231.2316486583333 1.0 1.0
232.1691486583333 0.0 0.0
233.1066486583333 1.0 0.0
234.0441486583333 0.0 0.0
234.9816486583333 1.0 1.0
235.9191486583333 0.0 0.0
236.8566486583333 1.0 0.0
237.7941486583333 0.0 0.0
238.7316486583333 1.0 1.0
239.6691486583333 0.0 0.0
240.60664865833328 1.0 0.0
241.54414865833328 0.0 0.0
242.48164865833328 1.0 1.0
243.41914865833328 0.0 0.0
244.35664865833328 1.0 0.0
245.29414865833328 0.0 0.0
246.23164865833328 1.0 1.0
247.16914865833328 0.0 0.0
248.10664865833328 1.0 0.0
249.04414865833328 0.0 0.0
249.98164865833328 1.0 1.0
250.91914865833328 0.0 0.0
251.85664865833328 1.0 0.0
252.79414865833328 0.0 0.0
253.73164865833328 1.0 1.0
254.67652942799995 0.0 0.0
255.62141142799996 1.0 0.0
256.56629342799994 0.0 0.0
257.51117542799994 1.0 1.0
258.45605742799995 0.0 0.0
259.40093942799996 1.0 0.0
260.34582142799997 0.0 0.0
261.290703428 1.0 1.0
262.235585428 0.0 0.0
263.18046742799993 1.0 0.0
264.12534942799994 0.0 0.0
265.07023142799994 1.0 1.0
266.01511342799995 0.0 0.0
266.95999542799996 1.0 0.0
267.90487742799996 0.0 0.0
268.84975942799997 1.0 1.0
269.794641428 0.0 0.0
270.7395234279999 0.0 0.0