0.08017510600000002 0.0 0.0
0.7373481060000001 1.0 1.0
1.3945211060000002 0.0 0.0
2.0516941060000002 1.0 0.0
2.7088671060000005 0.0 0.0
3.3660401060000007 1.0 1.0
4.023213106000001 0.0 0.0
4.680386106000001 1.0 0.0
5.337559106000001 0.0 0.0
5.994732106000001 1.0 1.0
6.651905106000001 0.0 0.0
7.309078106000001 1.0 0.0
7.966251106000001 0.0 0.0
8.623424106000002 1.0 1.0
9.280597106000002 0.0 0.0
9.937770106000002 1.0 0.0
10.594943106000002 0.0 0.0
11.252116106000003 1.0 1.0
11.909289106000003 0.0 0.0
12.566462106000003 1.0 0.0
13.223635106000003 0.0 0.0
13.880808106000002 1.0 1.0
14.537981106000002 0.0 0.0
15.195154106000002 1.0 0.0
15.852327106000002 0.0 0.0
16.509500106000004 1.0 1.0
17.166673106000005 0.0 0.0
17.823846106000005 1.0 0.0
18.481019106000005 0.0 0.0
19.138192106000005 1.0 1.0
19.795365106000006 0.0 0.0
20.452538106000006 1.0 0.0
21.109711106000002 0.0 0.0
21.766884106000003 1.0 1.0
22.424057106000003 0.0 0.0
23.081230106000007 1.0 0.0
23.738403106000007 0.0 0.0
24.395576106000007 1.0 1.0
25.052749106000007 0.0 0.0
25.709922106000008 1.0 0.0
26.367095106000008 0.0 0.0
27.024268106000008 1.0 1.0
27.68144110600001 0.0 0.0
28.33861410600001 1.0 0.0
28.99578710600001 0.0 0.0
29.65296010600001 1.0 1.0
30.31013310600001 0.0 0.0
30.96730610600001 1.0 0.0
31.62447910600001 0.0 0.0
32.28165210600001 1.0 1.0
32.93882510600001 0.0 0.0
33.59599810600001 1.0 0.0
34.25317110600001 0.0 0.0
34.91034410600001 1.0 1.0
35.56751710600001 0.0 0.0
36.22469010600001 1.0 0.0
36.88186310600001 0.0 0.0
37.53903610600001 1.0 1.0
38.19620910600001 0.0 0.0
38.85338210600001 1.0 0.0
39.51055510600001 0.0 0.0
40.16772810600001 1.0 1.0
40.82490110600001 0.0 0.0
41.48207410600001 1.0 0.0
42.13924710600001 0.0 0.0
42.796420106000014 1.0 1.0
43.453593106000014 0.0 0.0
44.110766106000014 1.0 0.0
44.767939106000014 0.0 0.0
45.42511210600001 1.0 1.0
46.08228510600001 0.0 0.0
46.73945810600001 1.0 0.0
47.39663110600001 0.0 0.0
48.05380410600001 1.0 1.0
48.71097710600001 0.0 0.0
49.36815010600001 1.0 0.0
50.02532310600001 0.0 0.0
50.68249610600001 1.0 1.0
51.33966910600001 0.0 0.0
51.99684210600001 1.0 0.0
52.65401510600001 0.0 0.0
53.31118810600001 1.0 1.0
53.96836110600001 0.0 0.0
54.62553410600001 1.0 0.0
55.28270710600001 0.0 0.0
55.93988010600001 1.0 1.0
56.59705310600001 0.0 0.0
57.25422610600001 1.0 0.0
57.91139910600001 0.0 0.0
58.56857210600001 1.0 1.0
59.22574510600001 0.0 0.0
59.88291810600001 1.0 0.0
60.54009110600001 0.0 0.0
61.19726410600001 1.0 1.0
61.85443710600001 0.0 0.0
62.51161010600001 1.0 0.0
63.168783106000014 0.0 0.0
63.825956106000014 1.0 1.0
64.483129106 0.0 0.0
65.14030210600001 1.0 0.0
65.79747510600001 0.0 0.0
66.45464810600001 1.0 1.0
67.11182110600001 0.0 0.0
67.76899410600001 1.0 0.0
68.42616710600001 0.0 0.0
69.08334010600001 1.0 1.0
69.74051310600001 0.0 0.0
70.39768610600001 1.0 0.0
71.05485910600001 0.0 0.0
71.71203210600001 1.0 1.0
72.36920510600001 0.0 0.0
73.02637810600001 1.0 0.0
73.68355110600001 0.0 0.0
74.34072410600001 1.0 1.0
74.99789710600001 0.0 0.0
75.65507010600001 1.0 0.0
76.31224310600001 0.0 0.0
76.96941610600001 1.0 1.0
77.62658910600001 0.0 0.0
78.28376210600001 1.0 0.0
78.94093510600001 0.0 0.0
79.59810810600001 1.0 1.0
80.25528110600001 0.0 0.0
80.91245410600001 1.0 0.0
81.56962710600001 0.0 0.0
82.22680010600001 1.0 1.0
82.88397310600001 0.0 0.0
83.54114610600001 1.0 0.0
84.19831910600003 0.0 0.0
84.85549210600003 1.0 1.0
85.51266510600003 0.0 0.0
86.16983810600003 1.0 0.0
86.82701110600003 0.0 0.0
87.48418410600003 1.0 1.0
88.14135710600003 0.0 0.0
88.79853010600003 1.0 0.0
89.45570310600003 0.0 0.0
90.11287610600004 1.0 1.0
90.77004910600004 0.0 0.0
91.42722210600004 1.0 0.0
92.08439510600004 0.0 0.0
92.74156810600005 1.0 1.0
93.39874110600005 0.0 0.0
94.05591410600005 1.0 0.0
94.71308710600005 0.0 0.0
95.37026010600003 1.0 1.0
96.02743310600003 0.0 0.0
96.68460610600003 1.0 0.0
97.34177910600003 0.0 0.0
97.99895210600003 1.0 1.0
98.65612510600003 0.0 0.0
99.31329810600003 1.0 0.0
99.97047110600003 0.0 0.0
100.62764410600003 1.0 1.0
101.28481710600003 0.0 0.0
101.94199010600003 1.0 0.0
102.59916310600003 0.0 0.0
103.25633610600003 1.0 1.0
103.91350910600003 0.0 0.0
104.57068210600004 1.0 0.0
105.22785510600004 0.0 0.0
105.88502810600004 1.0 1.0
106.54220110600004 0.0 0.0
107.19937410600004 1.0 0.0
107.85654710600004 0.0 0.0
108.51372010600004 1.0 1.0
109.17089310600004 0.0 0.0
109.82806610600004 1.0 0.0
110.48523910600004 0.0 0.0
111.14241210600004 1.0 1.0
111.79958510600004 0.0 0.0
112.45675810600004 1.0 0.0
113.11393110600004 0.0 0.0
113.77110410600004 1.0 1.0
114.42827710600004 0.0 0.0
115.08545010600004 1.0 0.0
115.74262310600004 0.0 0.0
116.39979610600004 1.0 1.0
117.05696910600004 0.0 0.0
117.71414210600004 1.0 0.0
118.37131510600004 0.0 0.0
119.02848810600004 1.0 1.0
119.68566110600004 0.0 0.0
120.34283410600004 1.0 0.0
121.00000710600004 0.0 0.0
121.65718010600004 1.0 1.0
122.31435310600004 0.0 0.0
122.97152610600004 1.0 0.0
123.62869910600004 0.0 0.0
124.28587210600004 1.0 1.0
124.94304510600004 0.0 0.0
125.60021810600004 1.0 0.0
126.25739110600004 0.0 0.0
126.91456410600004 1.0 1.0
127.57173710600004 0.0 0.0
128.22891010600006 1.0 0.0
128.88608310600006 0.0 0.0
129.54325610600006 1.0 1.0
130.20042910600006 0.0 0.0
130.85760210600006 1.0 0.0
131.51477510600006 0.0 0.0
132.17194810600006 1.0 1.0
132.82912110600006 0.0 0.0
133.48629410600006 1.0 0.0
134.14346710600006 0.0 0.0
134.80064010600006 1.0 1.0
135.45781310600006 0.0 0.0
136.11498610600006 1.0 0.0
136.77215910600006 0.0 0.0
137.42933210600006 1.0 1.0
138.08650510600006 0.0 0.0
138.74367810600006 1.0 0.0
139.40085110600006 0.0 0.0
140.05802410600006 1.0 1.0
140.71519710600006 0.0 0.0
141.37237010600006 1.0 0.0
142.02954310600006 0.0 0.0
142.68671610600006 1.0 1.0
143.34388910600006 0.0 0.0
144.00106210600006 1.0 0.0
144.65823510600006 0.0 0.0
145.31540810600006 1.0 1.0
145.97258110600006 0.0 0.0
146.62975410600006 1.0 0.0
147.28692710600006 0.0 0.0
147.94410010600006 1.0 1.0
148.60127310600006 0.0 0.0
149.25844610600006 1.0 0.0
149.91561910600007 0.0 0.0
150.57279210600007 1.0 1.0
151.22996510600007 0.0 0.0
151.88713810600007 1.0 0.0
152.54431110600007 0.0 0.0
153.20148410600007 1.0 1.0
153.85865710600007 0.0 0.0
154.51583010600007 1.0 0.0
155.17300310600007 0.0 0.0
155.83017610600007 1.0 1.0
156.48734910600004 0.0 0.0
157.14452210600004 1.0 0.0
157.80169510600004 0.0 0.0
158.45886810600004 1.0 1.0
159.11604110600004 0.0 0.0
159.77321410600004 1.0 0.0
160.43038710600004 0.0 0.0
161.08756010600004 1.0 1.0
161.74473310600004 0.0 0.0
162.40190610600004 1.0 0.0
163.05907910600004 0.0 0.0
163.71625210600004 1.0 1.0
164.37342510600004 0.0 0.0
165.03059810600004 1.0 0.0
165.68777110600004 0.0 0.0
166.34494410600004 1.0 1.0
167.00211710600004 0.0 0.0
167.65929010600004 1.0 0.0
168.31646310600004 0.0 0.0
168.97363610600004 1.0 1.0
169.63080910600004 0.0 0.0
170.28798210600004 1.0 0.0
170.94515510600004 0.0 0.0
171.60232810600004 1.0 1.0
172.25950110600004 0.0 0.0
172.91667410600004 1.0 0.0
173.57384710600004 0.0 0.0
174.23102010600005 1.0 1.0
174.88819310600005 0.0 0.0
175.54536610600005 1.0 0.0
176.20253910600005 0.0 0.0
176.85971210600005 1.0 1.0
177.51688510600005 0.0 0.0
178.17405810600005 1.0 0.0
178.83123110600005 0.0 0.0
179.48840410600005 1.0 1.0
180.14557710600005 0.0 0.0
180.80275010600005 1.0 0.0
181.45992310600005 0.0 0.0
182.11709610600005 1.0 1.0
182.77426910600005 0.0 0.0
183.43144210600005 1.0 1.0
184.08861510600005 0.0 0.0
184.74578810600005 0.0 0.0
185.40296110600005 1.0 1.0
186.06013410600005 0.0 0.0
186.71730710600005 1.0 1.0
187.37448010600005 0.0 0.0