0.4565625 1.0 1.0
1.3940625 0.0 0.0
2.3315625 1.0 0.0
3.2690625 0.0 0.0
4.2065625 1.0 1.0
5.1440625 0.0 0.0
6.0815625 1.0 0.0
7.0190625 0.0 0.0
7.9565625 1.0 1.0
8.8940625 0.0 0.0
9.8315625 1.0 0.0
10.7690625 0.0 0.0
11.7065625 1.0 1.0
12.6440625 0.0 0.0
13.5815625 1.0 0.0
14.5190625 0.0 0.0
15.456562499999999 1.0 1.0
16.394062499999997 0.0 0.0
17.331562499999997 1.0 0.0
18.269062499999997 0.0 0.0
19.206562499999997 1.0 1.0
20.144062499999997 0.0 0.0
21.081562499999997 1.0 0.0
22.019062499999997 0.0 0.0
22.956562499999997 1.0 1.0
23.894062499999997 0.0 0.0
24.831562499999997 1.0 0.0
25.769062499999997 0.0 0.0
26.706562499999997 1.0 1.0
27.644062499999997 0.0 0.0
28.581562499999997 1.0 0.0
29.519062499999997 0.0 0.0
30.4565625 1.0 1.0
31.3940625 0.0 0.0
32.331562500000004 1.0 0.0
33.269062500000004 0.0 0.0
34.206562500000004 1.0 1.0
35.144062500000004 0.0 0.0
36.081562500000004 1.0 0.0
37.019062500000004 0.0 0.0
37.956562500000004 1.0 1.0
38.894062500000004 0.0 0.0
39.831562500000004 1.0 0.0
40.769062500000004 0.0 0.0
41.706562500000004 1.0 1.0
42.644062500000004 0.0 0.0
43.581562500000004 1.0 0.0
44.519062500000004 0.0 0.0
45.456562500000004 1.0 1.0
46.394062500000004 0.0 0.0
47.331562500000004 1.0 0.0
48.269062500000004 0.0 0.0
49.206562500000004 1.0 1.0
50.144062500000004 0.0 0.0
51.081562500000004 1.0 0.0
52.019062500000004 0.0 0.0
52.956562500000004 1.0 1.0
53.894062500000004 0.0 0.0
54.831562500000004 1.0 0.0
55.769062500000004 0.0 0.0
56.706562500000004 1.0 1.0
57.644062500000004 0.0 0.0
58.581562500000004 1.0 0.0
59.519062500000004 0.0 0.0
60.4565625 1.0 1.0
61.3940625 0.0 0.0
62.3315625 1.0 0.0
63.2690625 0.0 0.0
64.20656249999999 1.0 1.0
65.14406249999999 0.0 0.0
66.08156249999999 1.0 0.0
67.01906249999999 0.0 0.0
67.95656249999999 1.0 1.0
68.89406249999999 0.0 0.0
69.83156249999999 1.0 0.0
70.76906249999999 0.0 0.0
71.70656249999999 1.0 1.0
72.64406249999999 0.0 0.0
73.58156249999999 1.0 0.0
74.51906249999999 0.0 0.0
75.45656249999999 1.0 1.0
76.39406249999999 0.0 0.0
77.33156249999999 1.0 0.0
78.26906249999999 0.0 0.0
79.20656249999999 1.0 1.0
80.14406249999999 0.0 0.0
81.08156249999999 1.0 0.0
82.01906249999999 0.0 0.0
82.95656249999999 1.0 1.0
83.89406249999999 0.0 0.0
84.83156249999999 1.0 0.0
85.76906249999999 0.0 0.0
86.70656249999999 1.0 1.0
87.64406249999999 0.0 0.0
88.58156249999999 1.0 0.0
89.51906249999999 0.0 0.0
90.45656249999999 1.0 1.0
91.39406249999999 0.0 0.0
92.33156249999999 1.0 0.0
93.26906249999999 0.0 0.0
94.20656249999999 1.0 1.0
95.14406249999999 0.0 0.0
96.08156249999999 1.0 0.0
97.01906249999999 0.0 0.0
97.95656249999999 1.0 1.0
98.89406249999999 0.0 0.0
99.83156249999999 1.0 0.0
100.76906249999999 0.0 0.0
101.70656249999999 1.0 1.0
102.64406249999999 0.0 0.0
103.58156249999999 1.0 0.0
104.51906249999999 0.0 0.0
105.45656249999999 1.0 1.0
106.39406249999999 0.0 0.0
107.33156249999999 1.0 0.0
108.26906249999999 0.0 0.0
109.20656249999999 1.0 1.0
110.14406249999999 0.0 0.0
111.08156249999999 1.0 0.0
112.01906249999999 0.0 0.0
112.95656249999999 1.0 1.0
113.89406249999999 0.0 0.0
114.83156249999999 1.0 0.0
115.76906249999999 0.0 0.0
116.70656249999999 1.0 1.0
117.64406249999999 0.0 0.0
118.58156249999999 1.0 0.0
119.51906249999999 0.0 0.0
120.45656249999999 1.0 1.0
121.39406249999999 0.0 0.0
122.33156249999999 1.0 0.0
123.26906249999999 0.0 0.0
124.20656249999999 1.0 1.0
125.14406249999999 0.0 0.0
126.08156249999999 1.0 0.0
127.01906249999999 0.0 0.0
127.95656249999999 1.0 1.0
128.8940625 0.0 0.0
129.8315625 1.0 0.0
130.7690625 0.0 0.0
131.7065625 1.0 1.0
132.6440625 0.0 0.0
133.5815625 1.0 0.0
134.5190625 0.0 0.0
135.4565625 1.0 1.0
136.3940625 0.0 0.0
137.3315625 1.0 0.0
138.2690625 0.0 0.0
139.2065625 1.0 1.0
140.1440625 0.0 0.0
141.0815625 1.0 1.0
142.0190625 0.0 0.0
142.9565625 1.0 0.0
143.8940625 0.0 0.0
144.8315625 1.0 1.0
145.7690625 0.0 0.0
146.7065625 1.0 0.0
147.6440625 0.0 0.0
148.5815625 1.0 1.0
149.5190625 0.0 0.0
150.4565625 1.0 0.0
151.3940625 0.0 0.0
152.3315625 1.0 1.0
153.2690625 0.0 0.0
154.2065625 1.0 0.0
155.1440625 0.0 0.0
156.0815625 1.0 1.0
157.0190625 0.0 0.0
157.9565625 1.0 0.0
158.8940625 0.0 0.0
159.8315625 1.0 1.0
160.7690625 0.0 0.0
161.7065625 1.0 0.0
162.6440625 0.0 0.0
163.5815625 1.0 1.0
164.5190625 0.0 0.0
165.4565625 1.0 0.0
166.3940625 0.0 0.0
167.3315625 1.0 1.0
168.2690625 0.0 0.0
169.2065625 1.0 0.0
170.1440625 0.0 0.0
171.0815625 1.0 1.0
172.0190625 0.0 0.0
172.9565625 1.0 0.0
173.8940625 0.0 0.0
174.8315625 1.0 1.0
175.7690625 0.0 0.0
176.7065625 1.0 0.0
177.6440625 0.0 0.0
178.5815625 1.0 1.0
179.5190625 0.0 0.0
180.4565625 1.0 0.0
181.3940625 0.0 0.0
182.3315625 1.0 1.0
183.2690625 0.0 0.0
184.2065625 1.0 0.0
185.1440625 0.0 0.0
186.0815625 1.0 1.0
187.0190625 0.0 0.0
187.9565625 1.0 1.0
188.8940625 0.0 0.0
189.8315625 1.0 0.0
190.7690625 0.0 0.0
191.7065625 1.0 1.0
192.6440625 0.0 0.0
193.5815625 1.0 0.0
194.5190625 0.0 0.0
195.4565625 1.0 1.0
196.3940625 0.0 0.0
197.3315625 1.0 0.0
198.2690625 0.0 0.0
199.2065625 1.0 1.0
200.1440625 0.0 0.0
201.0815625 1.0 0.0
202.0190625 0.0 0.0
202.9565625 1.0 1.0
203.8940625 0.0 0.0
204.8315625 1.0 0.0
205.7690625 0.0 0.0
206.7065625 1.0 1.0
207.6440625 0.0 0.0
208.5815625 1.0 0.0
209.5190625 0.0 0.0
210.4565625 1.0 1.0
211.3940625 0.0 0.0
212.3315625 1.0 0.0
213.2690625 0.0 0.0
214.2065625 1.0 1.0
215.1440625 0.0 0.0
216.0815625 1.0 0.0
217.0190625 0.0 0.0
217.9565625 1.0 1.0
218.8940625 0.0 0.0
219.8315625 1.0 0.0
220.7690625 0.0 0.0
221.7065625 1.0 1.0
222.6440625 0.0 0.0
223.5815625 1.0 0.0
224.5190625 0.0 0.0
225.4565625 1.0 1.0
226.3940625 0.0 0.0
227.3315625 1.0 0.0
228.2690625 0.0 0.0
229.2065625 1.0 1.0
230.1440625 0.0 0.0
231.0815625 1.0 0.0
232.0190625 0.0 0.0
232.9565625 1.0 1.0
233.8940625 0.0 0.0
234.8315625 1.0 0.0
235.7690625 0.0 0.0
236.7065625 1.0 1.0
237.6440625 0.0 0.0
238.5815625 1.0 0.0
239.5190625 0.0 0.0
240.45656250000002 1.0 1.0
241.39406250000002 0.0 0.0
242.33156250000002 1.0 0.0
243.26906250000002 0.0 0.0
244.20656250000002 1.0 1.0
245.14406250000002 0.0 0.0
246.08156250000002 1.0 0.0
247.01906250000002 0.0 0.0
247.95656250000002 1.0 1.0
248.89406250000002 0.0 0.0
249.83156250000002 1.0 0.0
250.76906250000002 0.0 0.0
251.70656250000002 1.0 1.0
252.64406250000002 0.0 0.0
253.58156250000002 1.0 0.0
254.51906250000002 0.0 0.0
255.45656250000002 1.0 1.0
256.3940625 0.0 0.0
257.3315625 1.0 0.0
258.2690625 0.0 0.0
259.2065625 1.0 1.0
260.1440625 0.0 0.0
261.0815625 1.0 0.0
262.0190625 0.0 0.0
262.9565625 1.0 1.0
263.8940625 0.0 0.0
264.8315625 1.0 0.0
265.7690625 0.0 0.0
266.7065625 1.0 1.0
267.6440625 0.0 0.0
268.5815625 1.0 0.0
269.5190625 0.0 0.0
270.4565625 1.0 1.0
271.3940625 0.0 0.0
272.3315625 1.0 0.0
273.2690625 0.0 0.0
274.2065625 1.0 1.0
275.1440625 0.0 0.0
276.0815625 1.0 0.0
277.0190625 0.0 0.0
277.9565625 1.0 1.0
278.8940625 0.0 0.0
279.8315625 1.0 0.0
280.7690625 0.0 0.0
281.7065625 1.0 1.0
282.6440625 0.0 0.0
283.5815625 1.0 0.0
284.5190625 0.0 0.0
285.4565625 1.0 1.0
286.3940625 0.0 0.0
287.3315625 1.0 1.0
288.2690625 0.0 0.0
289.2065625 0.0 0.0
290.1440625 1.0 0.0
291.0815625 0.0 0.0
292.0190625 1.0 1.0
292.9565625 0.0 0.0
293.8940625 1.0 0.0
294.8315625 0.0 0.0
295.7690625 1.0 1.0
296.7065625 0.0 0.0
297.6440625 1.0 0.0