0.059178023999999954 0.0 0.0
0.8810950240000001 1.0 0.0
1.703012024 0.0 0.0
2.524929024 1.0 1.0
3.3468460239999995 0.0 0.0
4.1687630239999995 1.0 0.0
4.9906800239999995 0.0 0.0
5.812597024 1.0 1.0
6.634514023999999 0.0 0.0
7.456431023999999 1.0 0.0
8.278348023999998 0.0 0.0
9.100265023999999 1.0 1.0
9.922182023999998 0.0 0.0
10.744099023999999 1.0 0.0
11.566016023999998 0.0 0.0
12.387933023999999 1.0 1.0
13.209850023999998 0.0 0.0
14.031767023999999 1.0 0.0
14.853684023999998 0.0 0.0
15.675601023999999 1.0 1.0
16.497518023999998 0.0 0.0
17.319435023999997 1.0 0.0
18.141352024 0.0 0.0
18.963269024 1.0 1.0
19.785186023999998 0.0 0.0
20.607103023999997 1.0 0.0
21.429020023999996 0.0 0.0
22.250937024 1.0 1.0
23.072854023999998 0.0 0.0
23.894771023999997 1.0 0.0
24.716688023999996 0.0 0.0
25.538605024 1.0 1.0
26.361343976 0.0 0.0
27.194676976000004 1.0 0.0
28.028009976000003 0.0 0.0
28.861342976000003 1.0 1.0
29.69390159066667 0.0 0.0
30.51581859066667 1.0 0.0
31.337735590666668 0.0 0.0
32.15965259066667 1.0 1.0
32.981569590666666 0.0 0.0
33.803486590666665 1.0 0.0
34.625403590666664 0.0 0.0
35.44732059066667 1.0 1.0
36.26923759066667 0.0 0.0
37.09115459066667 1.0 0.0
37.91307159066667 0.0 0.0
38.73498859066667 1.0 1.0
39.556905590666666 0.0 0.0
40.378822590666665 1.0 0.0
41.20073959066667 0.0 0.0
42.02265659066667 1.0 1.0
42.84457359066667 0.0 0.0
43.66649059066667 1.0 0.0
44.48840759066667 0.0 0.0
45.31032459066667 1.0 1.0
46.132241590666666 0.0 0.0
46.954158590666665 1.0 0.0
47.776075590666665 0.0 0.0
48.597992590666664 1.0 1.0
49.42058939825 0.0 0.0
50.24817539825 1.0 0.0
51.07576139825 0.0 0.0
51.90334739825 1.0 1.0
52.73093339825 0.0 0.0
53.55851939825 1.0 0.0
54.38610539825 0.0 0.0
55.21369139825 1.0 1.0
56.04127739825 0.0 0.0
56.86845523025 1.0 0.0
57.69037223025 0.0 0.0
58.51228923025 1.0 1.0
59.33420623025 0.0 0.0
60.156123230249996 1.0 0.0
60.978040230249995 0.0 0.0
61.799957230249994 1.0 1.0
62.62187423025 0.0 0.0
63.44379123025 1.0 0.0
64.26570823025 0.0 0.0
65.08762523025 1.0 1.0
65.90954223025 0.0 0.0
66.73145923025 1.0 0.0
67.55337623025 0.0 0.0
68.37529323025 1.0 1.0
69.19721023025 0.0 0.0
70.01912723024999 1.0 0.0
70.84104423024999 0.0 0.0
71.66296123024999 1.0 1.0
72.48487823024999 0.0 0.0
73.30679523025 1.0 0.0
74.12871223024999 0.0 0.0
74.95062923025 1.0 1.0
75.77254623025 0.0 0.0
76.59446323025 1.0 0.0
77.41638023025 0.0 0.0
78.23829723025 1.0 1.0
79.06021423025 0.0 0.0
79.88213123025 1.0 0.0
80.70404823025 0.0 0.0
81.52596523025 1.0 1.0
82.34788223025 0.0 0.0
83.16979923024999 1.0 0.0
83.99171623024999 0.0 0.0
84.81363323024999 1.0 1.0
85.63555023024999 0.0 0.0
86.45746723024999 1.0 0.0
87.27938423025 0.0 0.0
88.10130123024999 1.0 1.0
88.92321823025 0.0 0.0
89.74513523024999 1.0 0.0
90.56705223025 0.0 0.0
91.38896923025 1.0 1.0
92.21088623025 0.0 0.0
93.03280323025 1.0 0.0
93.85472023025 0.0 0.0
94.67663723025 1.0 1.0
95.49855423025 0.0 0.0
96.32079672533334 1.0 0.0
97.14838272533333 0.0 0.0
97.97596872533333 1.0 1.0
98.80299302191666 0.0 0.0
99.62491002191666 1.0 0.0
100.44682702191666 0.0 0.0
101.26874402191666 1.0 1.0
102.09066102191667 0.0 0.0
102.91257802191667 1.0 0.0
103.73449502191667 0.0 0.0
104.55641202191667 1.0 1.0
105.37832902191667 0.0 0.0
106.20024602191667 1.0 0.0
107.02216302191667 0.0 0.0
107.84408002191667 1.0 1.0
108.66599702191667 0.0 0.0
109.48791402191667 1.0 0.0
110.31023202591668 0.0 0.0
111.14068102591666 1.0 1.0
111.97113002591666 0.0 0.0
112.80157902591667 1.0 0.0
113.63202802591667 0.0 0.0
114.45783851358334 1.0 1.0
115.27975551358334 0.0 0.0
116.10167251358334 1.0 0.0
116.92358951358334 0.0 0.0
117.74550651358334 1.0 1.0
118.56742351358334 0.0 0.0
119.38934051358333 1.0 0.0
120.21125751358333 0.0 0.0
121.03317451358333 1.0 1.0
121.85509151358333 0.0 0.0
122.67700851358333 1.0 0.0
123.49892551358333 0.0 0.0
124.32084251358333 1.0 1.0
125.14275951358333 0.0 0.0
125.96467651358333 1.0 0.0
126.78659351358334 0.0 0.0
127.60851051358334 1.0 1.0
128.43042751358334 0.0 0.0
129.25234451358332 1.0 0.0
130.07426151358334 0.0 0.0
130.89617851358332 1.0 1.0
131.71809551358334 0.0 0.0
132.54001251358335 1.0 0.0
133.36192951358333 0.0 0.0
134.18384651358332 1.0 1.0
135.00576351358333 0.0 0.0
135.82768051358335 1.0 0.0
136.64959751358333 0.0 0.0
137.47151451358334 1.0 1.0
138.29343151358333 0.0 0.0
139.11534851358334 1.0 0.0
139.93726551358333 0.0 0.0
140.75918251358334 1.0 1.0
141.58109951358333 0.0 0.0
142.40301651358334 1.0 0.0
143.22493351358332 0.0 0.0
144.04685051358334 1.0 1.0
144.86876751358332 0.0 0.0
145.69068451358334 1.0 0.0
146.51260151358332 0.0 0.0
147.33451851358333 1.0 1.0
148.15643551358335 0.0 0.0
148.97860714616667 1.0 0.0
149.80619314616666 0.0 0.0
150.6337791461667 1.0 1.0
151.46136514616668 0.0 0.0
152.28895114616668 1.0 0.0
153.11653714616668 0.0 0.0
153.94412314616667 1.0 1.0
154.77170914616667 0.0 0.0
155.59929514616667 1.0 0.0
156.42688114616666 0.0 0.0
157.25391725316666 1.0 1.0
158.07583425316668 0.0 0.0
158.89775125316666 1.0 0.0
159.71966825316667 0.0 0.0
160.54158525316666 1.0 1.0
161.36350225316667 0.0 0.0
162.18541925316666 1.0 0.0
163.00733625316667 0.0 0.0
163.82925325316668 1.0 1.0
164.65117025316667 0.0 0.0
165.47308725316668 1.0 0.0
166.29500425316667 0.0 0.0
167.11692125316668 1.0 1.0
167.93883825316667 0.0 0.0
168.76075525316668 1.0 0.0
169.58267225316666 0.0 0.0
170.40458925316668 1.0 1.0
171.22650625316666 0.0 0.0
172.04842325316667 1.0 0.0
172.87034025316666 0.0 0.0
173.69225725316667 1.0 1.0
174.51417425316666 0.0 0.0
175.33651123158333 1.0 0.0
176.16409723158333 0.0 0.0
176.99168323158332 1.0 1.0
177.81926923158332 0.0 0.0
178.64685523158332 1.0 0.0
179.4744412315833 0.0 0.0
180.3020272315833 1.0 1.0
181.12915782191666 0.0 0.0
181.95107482191665 1.0 0.0
182.77299182191666 0.0 0.0
183.59490882191665 1.0 1.0
184.41682582191666 0.0 0.0
185.23874282191665 1.0 0.0
186.06065982191666 0.0 0.0
186.88257682191664 1.0 1.0
187.70449382191666 0.0 0.0
188.52641082191664 1.0 0.0
189.34832782191666 0.0 0.0
190.17024482191664 1.0 1.0
190.99216182191665 0.0 0.0
191.81407882191667 1.0 0.0
192.63599582191665 0.0 0.0
193.45791282191666 1.0 1.0
194.27982982191665 0.0 0.0
195.10174682191666 1.0 0.0
195.92366382191665 0.0 0.0
196.74558082191666 1.0 1.0
197.56749782191665 0.0 0.0
198.38941482191666 1.0 0.0
199.21133182191664 0.0 0.0
200.03324882191666 1.0 1.0
200.85545588575 0.0 0.0
201.68304188575 1.0 0.0
202.51062788574998 0.0 0.0
203.33821388574998 1.0 1.0
204.16579988575 0.0 0.0
204.993013149 1.0 0.0
205.814930149 0.0 0.0
206.636847149 1.0 1.0
207.458764149 0.0 0.0
208.280681149 1.0 0.0
209.102598149 0.0 0.0
209.924515149 1.0 1.0
210.746432149 0.0 0.0
211.568349149 1.0 0.0
212.39026614899998 0.0 0.0
213.212183149 1.0 1.0
214.03410014899998 0.0 0.0
214.856017149 1.0 0.0
215.67793414899998 0.0 0.0
216.499851149 1.0 1.0
217.32176814899998 0.0 0.0
218.143685149 1.0 0.0
218.965602149 0.0 0.0
219.787519149 1.0 1.0
220.60998604199997 0.0 0.0
221.43757204199997 1.0 0.0
222.265158042 0.0 0.0
223.092744042 1.0 1.0
223.920330042 0.0 0.0
224.74791604199999 1.0 0.0
225.57550204199998 0.0 0.0
226.40308804199998 1.0 0.0
227.23067404199998 0.0 0.0
228.05826004199997 1.0 1.0
228.885846042 0.0 0.0
229.713432042 1.0 0.0
230.541018042 0.0 0.0
231.368604042 1.0 1.0
232.19619004199998 0.0 0.0
233.02377604199998 0.0 0.0