0.115454557 1.0 0.0
1.024545557 0.0 0.0
1.9336365569999998 1.0 1.0
2.8427275569999995 0.0 0.0
3.7518185569999996 1.0 0.0
4.660909557 0.0 0.0
5.570000557 1.0 1.0
6.479091557 0.0 0.0
7.388182557 1.0 0.0
8.297273557 0.0 0.0
9.206364557 1.0 1.0
10.115455557 0.0 0.0
11.024546556999999 1.0 0.0
11.933637556999999 0.0 0.0
12.842728557 1.0 1.0
13.751819557 0.0 0.0
14.660910556999998 1.0 0.0
15.570001556999998 0.0 0.0
16.479092556999998 1.0 1.0
17.388183556999998 0.0 0.0
18.297274556999998 1.0 0.0
19.206365556999998 0.0 0.0
20.115456556999998 1.0 1.0
21.024547556999998 0.0 0.0
21.933638557 1.0 0.0
22.842729557 0.0 0.0
23.751820557 1.0 1.0
24.660911557 0.0 0.0
25.570002557 1.0 0.0
26.479093557 0.0 0.0
27.388184557 1.0 1.0
28.297275557 0.0 0.0
29.206366557000003 1.0 0.0
30.115457557000003 0.0 0.0
31.024548557 1.0 1.0
31.933639557000003 0.0 0.0
32.842730557 1.0 0.0
33.75182155700001 0.0 0.0
34.660912557 1.0 1.0
35.57000355700001 0.0 0.0
36.479094557 1.0 0.0
37.38818555700001 0.0 0.0
38.297276557 1.0 1.0
39.20636755700001 0.0 0.0
40.115458557000004 1.0 0.0
41.02454955700001 0.0 0.0
41.933640557000004 1.0 1.0
42.84273155700001 0.0 0.0
43.751822557000004 1.0 0.0
44.660913557 0.0 0.0
45.570004557000004 1.0 1.0
46.479095557 0.0 0.0
47.388186557000004 1.0 0.0
48.297277557 0.0 0.0
49.206368557000005 1.0 1.0
50.115459557 0.0 0.0
51.024550557000005 1.0 0.0
51.933641557 0.0 0.0
52.842732557000005 1.0 1.0
53.751823557 0.0 0.0
54.660914557000005 1.0 0.0
55.570005557 0.0 0.0
56.479096557000005 1.0 1.0
57.388187557 0.0 0.0
58.297278557 1.0 0.0
59.206369556999995 0.0 0.0
60.115460557 1.0 1.0
61.024551556999995 0.0 0.0
61.933642557 1.0 0.0
62.842733556999995 0.0 0.0
63.751824557 1.0 1.0
64.660915557 0.0 0.0
65.570006557 1.0 0.0
66.479097557 0.0 0.0
67.38818855699999 1.0 1.0
68.297279557 0.0 0.0
69.206370557 1.0 0.0
70.115461557 0.0 0.0
71.02455255699999 1.0 1.0
71.933643557 0.0 0.0
72.842734557 1.0 0.0
73.75182555699999 0.0 0.0
74.660916557 1.0 1.0
75.570007557 0.0 0.0
76.479098557 1.0 0.0
77.38818955699999 0.0 0.0
78.297280557 1.0 1.0
79.206371557 0.0 0.0
80.115462557 1.0 0.0
81.02455355699999 0.0 0.0
81.933644557 1.0 1.0
82.842735557 0.0 0.0
83.751826557 1.0 0.0
84.66091755699999 0.0 0.0
85.570008557 1.0 1.0
86.479099557 0.0 0.0
87.388190557 1.0 0.0
88.29728155699999 0.0 0.0
89.206372557 1.0 1.0
90.115463557 0.0 0.0
91.024554557 1.0 0.0
91.93364555699999 0.0 0.0
92.842736557 1.0 1.0
93.751827557 0.0 0.0
94.660918557 1.0 0.0
95.57000955699999 0.0 0.0
96.479100557 1.0 1.0
97.388191557 0.0 0.0
98.297282557 1.0 0.0
99.20637355699999 0.0 0.0
100.115464557 1.0 1.0
101.024555557 0.0 0.0
101.93364655699999 1.0 0.0
102.84273755699999 0.0 0.0
103.751828557 1.0 1.0
104.660919557 0.0 0.0
105.57001055699999 1.0 0.0
106.47910155699999 0.0 0.0
107.388192557 1.0 1.0
108.297283557 0.0 0.0
109.20637455699999 1.0 0.0
110.115465557 0.0 0.0
111.024556557 1.0 1.0
111.933647557 0.0 0.0
112.84273855699999 1.0 0.0
113.751829557 0.0 0.0
114.660920557 1.0 1.0
115.570011557 0.0 0.0
116.479102557 1.0 0.0
117.38819355700001 0.0 0.0
118.29728455700001 1.0 1.0
119.20637555700002 0.0 0.0
120.115466557 1.0 0.0
121.02455755700001 0.0 0.0
121.93364855700001 1.0 1.0
122.84273955700002 0.0 0.0
123.751830557 1.0 0.0
124.66092155700001 0.0 0.0
125.57001255700001 1.0 1.0
126.479103557 0.0 0.0
127.388194557 1.0 0.0
128.297285557 0.0 0.0
129.206376557 1.0 1.0
130.11546755700002 0.0 0.0
131.024558557 1.0 0.0
131.933649557 0.0 0.0
132.842740557 1.0 1.0
133.751831557 0.0 0.0
134.66092255700002 1.0 0.0
135.570013557 0.0 0.0
136.479104557 1.0 1.0
137.38819555700002 0.0 0.0
138.297286557 1.0 0.0
139.206377557 0.0 0.0
140.115468557 1.0 1.0
141.024559557 0.0 0.0
141.93365055700002 1.0 0.0
142.842741557 0.0 0.0
143.751832557 1.0 1.0
144.66092355700002 0.0 0.0
145.570014557 1.0 0.0
146.479105557 0.0 0.0
147.38819655700001 1.0 1.0
148.297287557 0.0 0.0
149.20637855700002 1.0 0.0
150.115469557 0.0 0.0
151.024560557 1.0 1.0
151.93365155700002 0.0 0.0
152.842742557 1.0 0.0
153.751833557 0.0 0.0
154.66092455700002 1.0 1.0
155.570015557 0.0 0.0
156.479106557 1.0 0.0
157.388197557 0.0 0.0
158.297288557 1.0 1.0
159.20637955700002 0.0 0.0
160.115470557 1.0 0.0
161.024561557 0.0 0.0
161.93365255700002 1.0 1.0
162.842743557 0.0 0.0
163.751834557 1.0 0.0
164.660925557 0.0 0.0
165.570016557 1.0 1.0
166.47910755700002 0.0 0.0
167.388198557 1.0 0.0
168.297289557 0.0 0.0
169.20638055700002 1.0 1.0
170.115471557 0.0 0.0
171.024562557 1.0 0.0
171.933653557 0.0 0.0
172.842744557 1.0 1.0
173.75183555700002 0.0 0.0
174.660926557 1.0 0.0
175.570017557 0.0 0.0
176.47910855700002 1.0 1.0
177.388199557 0.0 0.0
178.297290557 1.0 0.0
179.20638155700001 0.0 0.0
180.115472557 1.0 1.0
181.024563557 0.0 0.0
181.933654557 1.0 1.0
182.842745557 0.0 0.0
183.75183655700002 1.0 0.0
184.660927557 0.0 0.0
185.570018557 1.0 1.0
186.47910955700002 0.0 0.0
187.388200557 1.0 0.0
188.297291557 0.0 0.0
189.206382557 1.0 1.0
190.115473557 0.0 0.0
191.02456455700002 1.0 0.0
191.933655557 0.0 0.0
192.842746557 1.0 1.0
193.75183755700002 0.0 0.0
194.660928557 1.0 0.0
195.570019557 0.0 0.0
196.479110557 1.0 1.0
197.388201557 0.0 0.0
198.29729255700002 1.0 0.0
199.206383557 0.0 0.0
200.115474557 1.0 1.0
201.02456555700002 0.0 0.0
201.933656557 1.0 0.0
202.842747557 0.0 0.0
203.751838557 1.0 1.0
204.660929557 0.0 0.0
205.570020557 1.0 0.0
206.479111557 0.0 0.0
207.388202557 1.0 1.0
208.29729355700002 0.0 0.0
209.206384557 1.0 0.0
210.115475557 0.0 0.0
211.024566557 1.0 1.0
211.933657557 0.0 0.0
212.842748557 1.0 0.0
213.751839557 0.0 0.0
214.660930557 1.0 1.0
215.57002155700002 0.0 0.0
216.479112557 1.0 0.0
217.388203557 0.0 0.0
218.29729455700001 1.0 1.0
219.206385557 0.0 0.0
220.115476557 1.0 0.0
221.024567557 0.0 0.0
221.933658557 1.0 1.0
222.84274955700002 0.0 0.0
223.751840557 1.0 0.0
224.660931557 0.0 0.0
225.57002255700002 1.0 1.0
226.479113557 0.0 0.0
227.388204557 1.0 0.0
228.297295557 0.0 0.0
229.206386557 1.0 1.0
230.11547755700002 0.0 0.0
231.024568557 1.0 0.0
231.933659557 0.0 0.0
232.84275055700002 1.0 1.0
233.751841557 0.0 0.0
234.660932557 1.0 0.0
235.570023557 0.0 0.0
236.479114557 1.0 1.0
237.388205557 0.0 0.0
238.297296557 1.0 0.0
239.206387557 0.0 0.0
240.11547855700002 1.0 0.0
241.024569557 0.0 0.0
241.933660557 1.0 1.0
242.842751557 0.0 0.0
243.751842557 1.0 0.0
244.660933557 0.0 0.0
245.570024557 1.0 1.0
246.479115557 0.0 0.0
247.38820655700002 1.0 1.0
248.29729755699998 0.0 0.0
249.20638855699997 0.0 0.0
250.115479557 0.0 0.0