0.428142429 0.0 0.0
0.8567134290000001 1.0 0.0
1.285284429 0.0 0.0
1.713855429 1.0 1.0
2.142426429 0.0 0.0
2.570997429 1.0 0.0
2.999568429 0.0 0.0
3.4281394290000002 1.0 1.0
3.8567104290000005 0.0 0.0
4.285281429 1.0 0.0
4.713852429000001 0.0 0.0
5.142423429000001 1.0 1.0
5.570994429000001 0.0 0.0
5.9995654290000004 1.0 0.0
6.428136429000001 0.0 0.0
6.856707429000001 1.0 1.0
7.285278429 0.0 0.0
7.713849428999999 1.0 0.0
8.142420429 0.0 0.0
8.570991429 1.0 1.0
8.999562429 0.0 0.0
9.428133428999999 1.0 0.0
9.856704428999999 0.0 0.0
10.285275428999999 1.0 1.0
10.713846429 0.0 0.0
11.142417429 1.0 0.0
11.570988429 0.0 0.0
11.999559429 1.0 1.0
12.443987556 0.0 0.0
12.888431556 1.0 0.0
13.332875556 0.0 0.0
13.777319556 1.0 1.0
14.208987345000002 0.0 0.0
14.640642345000002 1.0 0.0
15.072297345000003 0.0 0.0
15.503952345000002 1.0 1.0
15.912138837000002 0.0 0.0
16.320301837000002 1.0 0.0
16.715052263000004 0.0 0.0
17.109789263000003 1.0 1.0
17.538326429000005 0.0 0.0
17.966897429000003 1.0 0.0
18.395468429000005 0.0 0.0
18.824039429000003 1.0 1.0
19.252610429000004 0.0 0.0
19.681181429000006 1.0 0.0
20.109752429000004 0.0 0.0
20.538323429000005 1.0 0.0
20.966894429000003 0.0 0.0
21.395465429000005 1.0 0.0
21.824036429000003 0.0 0.0
22.252607429000005 1.0 1.0
22.681178429000006 0.0 0.0
23.109749429000004 1.0 0.0
23.538320429000002 0.0 0.0
23.966891429000004 1.0 1.0
24.395462429000005 0.0 0.0
24.824033429000004 1.0 0.0
25.252604429000005 0.0 0.0
25.681175429000007 1.0 1.0
26.109746429000005 0.0 0.0
26.538317429000003 1.0 0.0
26.966888429000004 0.0 0.0
27.395459429000006 1.0 1.0
27.809267207000005 0.0 0.0
28.223060207000003 1.0 0.0
28.636853207 0.0 0.0
29.050646207000003 1.0 1.0
29.485407218000002 0.0 0.0
29.920189218000004 1.0 0.0
30.354971218000003 0.0 0.0
30.789753218000005 1.0 1.0
31.227705045000004 0.0 0.0
31.665660045000006 1.0 0.0
32.103615045000005 0.0 0.0
32.54157004500001 1.0 1.0
32.967114468000005 0.0 0.0
33.39264646800001 1.0 0.0
33.818178468000006 0.0 0.0
34.243710468 1.0 1.0
34.68165304500001 0.0 0.0
35.11960804500001 1.0 0.0
35.55126934500001 0.0 0.0
35.98292434500001 1.0 1.0
36.41457934500001 0.0 0.0
36.846234345000006 1.0 0.0
37.262916333 0.0 0.0
37.679583333000004 1.0 1.0
38.114347218000006 0.0 0.0
38.549129218000004 1.0 0.0
38.97770642900001 0.0 0.0
39.406277429000006 1.0 1.0
39.84422304500001 0.0 0.0
40.282178045 1.0 0.0
40.720133045000004 0.0 0.0
41.15808804500001 1.0 1.0
41.580637466000006 0.0 0.0
42.003171466000005 1.0 0.0
42.428700468 0.0 0.0
42.854232468000006 1.0 1.0
43.279764468 0.0 0.0
43.705296468 1.0 0.0
44.130828468000004 0.0 0.0
44.556360468 1.0 1.0
44.99430304500001 0.0 0.0
45.432258045000005 1.0 0.0
45.863919345000006 0.0 0.0
46.295574345000006 1.0 1.0
46.721112468 0.0 0.0
47.146644468000005 1.0 0.0
47.572176468 0.0 0.0
47.997708468 1.0 1.0
48.423240468 0.0 0.0
48.848772468 1.0 0.0
49.274304468000004 0.0 0.0
49.699836468 1.0 1.0
50.13148534500001 0.0 0.0
50.56314034500001 1.0 0.0
50.99479534500001 0.0 0.0
51.426450345000006 1.0 1.0
51.858105345000006 0.0 0.0
52.289760345000005 1.0 0.0
52.71529846800001 0.0 0.0
53.140830468000004 1.0 1.0
53.56336746600001 0.0 0.0
53.98590146600001 1.0 0.0
54.40843546600001 0.0 0.0
54.828018420000014 1.0 1.0
55.25354446800001 0.0 0.0
55.679076468000005 1.0 0.0
56.10460846800001 0.0 0.0
56.530140468000006 1.0 1.0
56.961789345000014 0.0 0.0
57.39344434500001 1.0 0.0
57.82509934500001 0.0 0.0
58.25675434500001 1.0 1.0
58.68840934500001 0.0 0.0
59.12006434500001 1.0 0.0
59.55171934500001 0.0 0.0
59.98337434500001 1.0 1.0
60.41502934500001 0.0 0.0
60.846684345000014 1.0 0.0
61.27833934500001 0.0 0.0
61.70999434500001 1.0 1.0
62.13553246800001 0.0 0.0
62.561064468000005 1.0 0.0
62.98659646800001 0.0 0.0
63.412128468000006 1.0 1.0
63.83766046800001 0.0 0.0
64.26319246800001 1.0 0.0
64.688724468 0.0 0.0
65.11425646800001 1.0 1.0
65.53978846800001 0.0 0.0
65.96532046800002 1.0 0.0
66.393888429 0.0 0.0
66.822459429 1.0 1.0
67.257235218 0.0 0.0
67.692017218 1.0 0.0
68.120594429 0.0 0.0
68.549165429 1.0 1.0
68.990327825 0.0 0.0
69.431502825 1.0 0.0
69.866291218 0.0 0.0
70.301073218 1.0 1.0
70.71775833299999 0.0 0.0
71.134425333 1.0 0.0
71.551092333 0.0 0.0
71.96775933299999 1.0 1.0
72.422266455 0.0 0.0
72.876811455 1.0 0.0
73.33135645499999 0.0 0.0
73.785901455 1.0 1.0
74.19973520699999 0.0 0.0
74.61352820699999 1.0 0.0
75.01894159499999 0.0 0.0
75.42434659499999 1.0 1.0
75.849858468 0.0 0.0
76.291017825 1.0 0.0
76.732192825 0.0 0.0
77.173367825 1.0 1.0
77.598915468 0.0 0.0
78.024447468 1.0 0.0
78.449979468 0.0 0.0
78.875511468 1.0 1.0
79.304079429 0.0 0.0
79.732650429 1.0 0.0
80.16122142900001 0.0 0.0
80.589792429 1.0 1.0
81.012332466 0.0 0.0
81.434866466 1.0 0.0
81.857400466 0.0 0.0
82.42868057099999 1.0 1.0
82.901220559 0.0 0.0
83.355783455 1.0 0.0
83.77539841999999 0.0 0.0
84.20396042899999 1.0 1.0
84.63253142899998 0.0 0.0
85.06110242899999 1.0 0.0
85.48967342899998 0.0 0.0
85.91824442899998 1.0 0.0
86.34681542899999 0.0 0.0
86.77538642899998 1.0 1.0
87.20395742899998 0.0 0.0
87.63252842899999 1.0 0.0
88.06109942899998 0.0 0.0
88.48967042899999 1.0 1.0
88.91824142899999 0.0 0.0
89.34681242899998 1.0 0.0
89.77538342899999 0.0 0.0
90.20395442899999 1.0 1.0
90.63252542899998 0.0 0.0
91.06109642899999 1.0 0.0
91.44330883399999 0.0 0.0
91.88769055599998 1.0 1.0
92.31935834499998 0.0 0.0
92.75101334499999 1.0 0.0
93.182668345 0.0 0.0
93.562467253 1.0 0.0
93.94221425299999 0.0 0.0
94.321961253 1.0 1.0
94.706570386 0.0 0.0
95.091184386 1.0 0.0
95.513680466 0.0 0.0
95.936214466 1.0 1.0
96.38063655599998 0.0 0.0
96.84936225 1.0 0.0
97.284178218 0.0 0.0
97.71896021799999 1.0 1.0
98.15374221799999 0.0 0.0
98.58852421799999 1.0 0.0
99.00811942 0.0 0.0
99.42769942 1.0 1.0
99.84727941999999 0.0 0.0
100.269810466 1.0 0.0
100.69234446600001 0.0 0.0
101.11487846600001 1.0 1.0
101.537412466 0.0 0.0
101.959946466 1.0 0.0
102.37661933300001 0.0 0.0
102.79328633300001 1.0 1.0
103.24101623900002 0.0 0.0
103.68877723900002 1.0 0.0
104.11736742900001 0.0 0.0
104.54593842900002 1.0 1.0
104.98710082500001 0.0 0.0
105.42827582500001 1.0 0.0
105.85685942900001 0.0 0.0
106.28543042900002 1.0 1.0
106.714001429 0.0 0.0
107.14257242900001 1.0 0.0
107.60407646300001 0.0 0.0
108.026649466 1.0 1.0
108.443322333 0.0 0.0
108.859989333 1.0 0.0
109.276656333 0.0 0.0
109.693323333 1.0 1.0
110.13125704500001 0.0 0.0
110.56921204500001 1.0 0.0
111.00399721800001 0.0 0.0
111.43877921800001 1.0 1.0
111.85837442 0.0 0.0
112.27795442 1.0 0.0
112.69753442 0.0 0.0
113.11711442000001 1.0 1.0
113.561533556 0.0 0.0
114.005977556 1.0 0.0
114.42558242 0.0 0.0
114.833756837 1.0 1.0
115.26230742899999 0.0 0.0
115.690878429 1.0 0.0
116.119449429 0.0 0.0
116.54802042899999 1.0 1.0
116.976591429 0.0 0.0
117.405162429 1.0 0.0
117.83373342899999 0.0 0.0
118.274895825 1.0 1.0
118.716070825 0.0 0.0
119.157245825 1.0 0.0
119.573937333 0.0 0.0
119.99060433300001 1.0 1.0
120.416127468 0.0 0.0
120.841659468 1.0 0.0
121.267191468 0.0 0.0
121.692723468 1.0 1.0
122.118255468 0.0 0.0
122.543787468 1.0 0.0
122.969319468 0.0 0.0
123.394851468 1.0 1.0
123.820383468 0.0 0.0
124.24591546799999 1.0 0.0
124.671447468 0.0 0.0
125.096979468 1.0 1.0
125.534922045 0.0 0.0
125.972877045 1.0 0.0
126.410832045 0.0 0.0
126.84878704500001 1.0 1.0
127.28674204500001 0.0 0.0
127.724697045 1.0 0.0
128.16265204500002 0.0 0.0
128.600607045 1.0 1.0
129.02315646600002 0.0 0.0
129.445690466 1.0 0.0
129.86822446600002 0.0 0.0
130.290758466 1.0 1.0
130.71628746800002 0.0 0.0
131.141819468 1.0 0.0
131.567351468 0.0 0.0
131.992883468 1.0 1.0
132.427656218 0.0 0.0
132.86243821800002 1.0 0.0
133.297220218 0.0 0.0
133.73200221800002 1.0 1.0
134.16057942900002 0.0 0.0
134.589150429 1.0 0.0
135.017721429 0.0 0.0
135.446292429 1.0 1.0
135.87486342900002 0.0 0.0
136.30343442900002 1.0 0.0
136.732005429 0.0 0.0
137.160576429 1.0 1.0
137.589147429 0.0 0.0
138.017718429 1.0 0.0
138.44628942900002 0.0 0.0
138.87486042900002 1.0 1.0
139.303431429 0.0 0.0
139.732002429 1.0 0.0
140.160573429 0.0 0.0
140.58914442900002 1.0 1.0
141.01771542900002 0.0 0.0
141.446286429 1.0 0.0
141.874857429 0.0 0.0
142.303428429 1.0 1.0
142.731999429 0.0 0.0
143.16057042900002 1.0 0.0
143.58914142900002 0.0 0.0
144.017712429 1.0 1.0
144.446283429 0.0 0.0
144.874854429 1.0 0.0
145.30342542900001 0.0 0.0
145.73199642900002 1.0 1.0
146.16056742900003 0.0 0.0
146.589138429 1.0 0.0
147.017709429 0.0 0.0
147.446280429 1.0 1.0
147.877932345 0.0 0.0
148.309587345 1.0 0.0
148.74124234500002 0.0 0.0
149.172897345 1.0 1.0
149.604552345 0.0 0.0
150.036207345 1.0 0.0
150.46786234500001 0.0 0.0
150.899517345 1.0 1.0
151.31910942 0.0 0.0
151.73868942 1.0 0.0
152.15826942 0.0 0.0
152.57784942 1.0 1.0
153.006411429 0.0 0.0
153.434982429 1.0 0.0
153.86355342899998 0.0 0.0
154.29212442899998 1.0 1.0
154.720695429 0.0 0.0
155.149266429 1.0 0.0
155.577837429 0.0 0.0
156.00640842899998 1.0 1.0
156.43497942899998 0.0 0.0
156.863550429 1.0 0.0
157.292121429 0.0 0.0
157.720692429 1.0 1.0
158.149263429 0.0 0.0
158.57783442899998 1.0 0.0
159.00640542899998 0.0 0.0
159.434976429 1.0 1.0
159.863547429 0.0 0.0
160.292118429 1.0 0.0
160.72068942899998 0.0 0.0
161.14926042899998 1.0 1.0
161.57783142899999 0.0 0.0
162.006402429 1.0 0.0
162.434973429 0.0 0.0
162.863544429 1.0 1.0
163.29211542899998 0.0 0.0
163.72068642899998 1.0 0.0
164.149257429 0.0 0.0
164.577828429 1.0 1.0
165.006399429 0.0 0.0
165.43497042899997 1.0 0.0
165.86354142899998 0.0 0.0
166.29211242899999 1.0 1.0
166.720683429 0.0 0.0
167.149254429 1.0 0.0
167.577825429 0.0 0.0
168.00639642899998 1.0 1.0
168.45750087300001 0.0 0.0
168.908627873 1.0 0.0
169.34981282500001 0.0 0.0
169.790987825 1.0 1.0
170.232162825 0.0 0.0
170.673337825 0.0 0.0
171.114512825 1.0 1.0
171.555687825 0.0 0.0
171.996862825 1.0 0.0
172.438037825 0.0 0.0
172.879212825 1.0 1.0
173.320387825 0.0 0.0
173.761562825 1.0 0.0
174.202737825 0.0 0.0
174.643912825 1.0 1.0
175.085087825 0.0 0.0
175.50468941999998 1.0 0.0
175.92426942 0.0 0.0
176.34384942 1.0 1.0
176.76342942 0.0 0.0
177.18300942 1.0 0.0
177.60258942 0.0 0.0
178.02216941999998 1.0 1.0
178.44174941999998 0.0 0.0
178.86132942 1.0 0.0
179.28090942 0.0 0.0
179.70048942 1.0 1.0
180.12006942 0.0 0.0
180.53964942 1.0 0.0
180.95922941999999 0.0 0.0
181.37880941999998 1.0 1.0
181.79838941999998 0.0 0.0
182.21796942 1.0 0.0
182.63754942 0.0 0.0
183.05712942 1.0 1.0
183.47670942 0.0 0.0
183.89628942 1.0 0.0
184.31586941999998 0.0 0.0
184.73544941999998 1.0 1.0
185.15502941999998 0.0 0.0
185.57460942 1.0 0.0
185.99418942 0.0 0.0