0.004033608000000004 0.0 0.0
0.5082346080000001 1.0 1.0
1.012435608 0.0 0.0
1.516636608 1.0 0.0
2.020837608 0.0 0.0
2.5250386080000005 1.0 1.0
3.029239608 0.0 0.0
3.5334406080000003 1.0 0.0
4.037641608 0.0 0.0
4.541842608 1.0 1.0
5.046043608 0.0 0.0
5.550244608 1.0 0.0
6.054445608 0.0 0.0
6.558646607999999 1.0 1.0
7.062847607999999 0.0 0.0
7.5670486079999995 1.0 0.0
8.071249608 0.0 0.0
8.575450608 1.0 1.0
9.079651608 0.0 0.0
9.583852608 1.0 0.0
10.088053608000001 0.0 0.0
10.592254608000001 1.0 1.0
11.096455608000001 0.0 0.0
11.600656608000001 1.0 0.0
12.104857608000001 0.0 0.0
12.609058608000002 1.0 1.0
13.113259608000002 0.0 0.0
13.617460608000002 1.0 0.0
14.121661608000002 0.0 0.0
14.625862608 1.0 1.0
15.130063608 0.0 0.0
15.634264608 1.0 0.0
16.138465608000004 0.0 0.0
16.642666608000003 1.0 0.0
17.146867608000004 0.0 0.0
17.651068608000003 1.0 1.0
18.155269608 0.0 0.0
18.659470608000003 1.0 0.0
19.163671608 0.0 0.0
19.667872608 1.0 1.0
20.172073608 0.0 0.0
20.676274608 1.0 0.0
21.180475608000002 0.0 0.0
21.684676608 1.0 1.0
22.188877608000002 0.0 0.0
22.693078608 1.0 0.0
23.197279608000002 0.0 0.0
23.701480608 1.0 1.0
24.205681608000003 0.0 0.0
24.709882608 1.0 0.0
25.214083608000003 0.0 0.0
25.718284608 1.0 1.0
26.222485608000003 0.0 0.0
26.726686608 1.0 0.0
27.230887608000003 0.0 0.0
27.735088608 1.0 1.0
28.239289608000004 0.0 0.0
28.743490608000002 1.0 0.0
29.247691608000004 0.0 0.0
29.751892608000002 1.0 1.0
30.256093608 0.0 0.0
30.760294608000002 1.0 0.0
31.264495608 0.0 0.0
31.768696608000003 1.0 1.0
32.272897608 0.0 0.0
32.777098607999996 1.0 0.0
33.282535798666665 0.0 0.0
33.788864798666665 1.0 1.0
34.295193798666666 0.0 0.0
34.80152279866667 1.0 0.0
35.30785179866667 0.0 0.0
35.81418079866667 1.0 1.0
36.32050979866667 0.0 0.0
36.826799608 1.0 0.0
37.331000608 0.0 0.0
37.835201608 1.0 1.0
38.339402608 0.0 0.0
38.843603608 1.0 0.0
39.347804608 0.0 0.0
39.852005608 1.0 1.0
40.356206608 0.0 0.0
40.860407608 1.0 0.0
41.364608608 0.0 0.0
41.868809608 1.0 1.0
42.373010608 0.0 0.0
42.877211607999996 1.0 0.0
43.381412608 0.0 0.0
43.885613608 1.0 1.0
44.389814608 0.0 0.0
44.894015608000004 1.0 0.0
45.398216608 0.0 0.0
45.902417608 1.0 1.0
46.406618608 0.0 0.0
46.910819608 1.0 0.0
47.415020608 0.0 0.0
47.919221608 1.0 1.0
48.423422608 0.0 0.0
48.927623608000005 1.0 0.0
49.431824608 0.0 0.0
49.936025608 1.0 1.0
50.440226608 0.0 0.0
50.944427608 1.0 0.0
51.448628608 0.0 0.0
51.952829608 1.0 1.0
52.457030608 0.0 0.0
52.961231608000006 1.0 0.0
53.465432608 0.0 0.0
53.969633608 1.0 1.0
54.473834608000004 0.0 0.0
54.978035608 1.0 0.0
55.482236608 0.0 0.0
55.986437608 1.0 1.0
56.490638608 0.0 0.0
56.994839608 1.0 0.0
57.499040608 0.0 0.0
58.003241607999996 1.0 1.0
58.507442608000005 0.0 0.0
59.011643608 1.0 0.0
59.515844608 0.0 0.0
60.020045608000004 1.0 1.0
60.524246608 0.0 0.0
61.028447608 1.0 0.0
61.532648608 0.0 0.0
62.036849608 1.0 1.0
62.541050608000006 0.0 0.0
63.045251608 1.0 0.0
63.549452608 0.0 0.0
64.053653608 1.0 1.0
64.55785460800001 0.0 0.0
65.06205560800001 1.0 0.0
65.566256608 0.0 0.0
66.07045760800001 1.0 1.0
66.57465860800001 0.0 0.0
67.07885960800002 1.0 0.0
67.58306060800001 0.0 0.0
68.087261608 1.0 1.0
68.593301732 0.0 0.0
69.09963073200001 1.0 0.0
69.605959732 0.0 0.0
70.11228873200001 1.0 1.0
70.618617732 0.0 0.0
71.12485877466668 1.0 0.0
71.62905977466667 0.0 0.0
72.13326077466668 1.0 1.0
72.63746177466668 0.0 0.0
73.14166277466668 1.0 0.0
73.64586377466668 0.0 0.0
74.15006477466667 1.0 1.0
74.65426577466668 0.0 0.0
75.15846677466668 1.0 0.0
75.66266777466667 0.0 0.0
76.16686877466668 1.0 1.0
76.67106977466668 0.0 0.0
77.17527077466667 1.0 0.0
77.67947177466668 0.0 0.0
78.18367277466668 1.0 1.0
78.68787377466668 0.0 0.0
79.19207477466668 1.0 0.0
79.69627577466667 0.0 0.0
80.20047677466668 1.0 1.0
80.70467777466668 0.0 0.0
81.20887877466669 1.0 0.0
81.71307977466668 0.0 0.0
82.21728077466668 1.0 1.0
82.72148177466669 0.0 0.0
83.22568277466668 1.0 0.0
83.72988377466667 0.0 0.0
84.23408477466668 1.0 1.0
84.73828577466668 0.0 0.0
85.24248677466667 1.0 0.0
85.74668777466668 0.0 0.0
86.25088877466668 1.0 1.0
86.75508977466669 0.0 0.0
87.25929077466668 1.0 0.0
87.76349177466668 0.0 0.0
88.26769277466667 1.0 1.0
88.77189377466668 0.0 0.0
89.27609477466667 1.0 0.0
89.78029577466668 0.0 0.0
90.28449677466668 1.0 1.0
90.78869777466667 0.0 0.0
91.29289877466668 1.0 0.0
91.79709977466668 0.0 0.0
92.30130077466669 1.0 1.0
92.80550177466668 0.0 0.0
93.30970277466668 1.0 0.0
93.81390377466668 0.0 0.0
94.31810477466668 1.0 1.0
94.82230577466669 0.0 0.0
95.32650677466668 1.0 0.0
95.83070777466668 0.0 0.0
96.33490877466667 1.0 1.0
96.83910977466668 0.0 0.0
97.34331077466668 1.0 0.0
97.84751177466669 0.0 0.0
98.35171277466668 1.0 1.0
98.85591377466667 0.0 0.0
99.36011477466668 1.0 0.0
99.86431577466668 0.0 0.0
100.36851677466669 1.0 1.0
100.87271777466668 0.0 0.0
101.37691877466668 1.0 0.0
101.88111977466667 0.0 0.0
102.38532077466668 1.0 1.0
102.88952177466668 0.0 0.0
103.39372277466668 1.0 0.0
103.89792377466668 0.0 0.0
104.40212477466667 1.0 1.0
104.90632577466668 0.0 0.0
105.41052677466668 1.0 0.0
105.91472777466669 0.0 0.0
106.41892877466668 1.0 1.0
106.92312977466668 0.0 0.0
107.42733077466667 1.0 0.0
107.93153177466668 0.0 0.0
108.43573277466669 1.0 1.0
108.93993377466668 0.0 0.0
109.44413477466668 1.0 0.0
109.94833577466667 0.0 0.0
110.45253677466668 1.0 1.0
110.95673777466668 0.0 0.0
111.46093877466669 1.0 0.0
111.96513977466668 0.0 0.0
112.46934077466668 1.0 1.0
112.97354177466667 0.0 0.0
113.47774277466668 1.0 0.0
113.98194377466669 0.0 0.0
114.48614477466668 1.0 1.0
114.99034577466668 0.0 0.0
115.49454677466667 1.0 0.0
115.99874777466668 0.0 0.0
116.50294877466669 1.0 1.0
117.00714977466669 0.0 0.0
117.51135077466668 1.0 0.0
118.01555177466668 0.0 0.0
118.51975277466669 1.0 1.0
119.02395377466668 0.0 0.0
119.52815477466669 1.0 0.0
120.03235577466668 0.0 0.0
120.53655677466668 1.0 1.0
121.04075777466667 0.0 0.0
121.54495877466668 1.0 0.0
122.04915977466669 0.0 0.0
122.55336077466669 1.0 1.0
123.05756177466668 0.0 0.0
123.56176277466668 1.0 0.0
124.06596377466668 0.0 0.0
124.57016477466668 1.0 1.0
125.07436577466669 0.0 0.0
125.57856677466668 1.0 0.0
126.08276777466668 0.0 0.0
126.58696877466667 1.0 1.0
127.09116977466668 0.0 0.0
127.59537077466669 1.0 0.0
128.09957177466669 0.0 0.0
128.60377277466668 1.0 1.0
129.10797377466668 0.0 0.0
129.61217477466667 1.0 0.0
130.11637577466666 0.0 0.0
130.62057677466666 1.0 1.0
131.12477777466665 0.0 0.0
131.62897877466668 1.0 0.0
132.13317977466667 0.0 0.0
132.63738077466667 1.0 1.0
133.14158177466666 0.0 0.0
133.64578277466666 1.0 0.0
134.14998377466668 0.0 0.0
134.65418477466667 1.0 1.0
135.15838577466667 0.0 0.0
135.66258677466666 1.0 0.0
136.16678777466666 0.0 0.0
136.67098877466668 1.0 1.0
137.17518977466665 0.0 0.0
137.67939077466667 1.0 0.0
138.18359177466667 0.0 0.0
138.68779277466666 1.0 1.0
139.19199377466668 0.0 0.0
139.69619477466665 1.0 0.0
140.20039577466667 0.0 0.0
140.70459677466664 1.0 1.0
141.20879777466666 0.0 0.0
141.71299877466666 1.0 0.0
142.21719977466665 0.0 0.0
142.72140077466668 1.0 1.0
143.22560177466664 0.0 0.0
143.72980277466667 1.0 0.0
144.23400377466666 0.0 0.0
144.73820477466666 1.0 1.0
145.24240577466668 0.0 0.0
145.74660677466665 1.0 0.0
146.25080777466667 0.0 0.0
146.75500877466666 1.0 1.0
147.25920977466666 0.0 0.0
147.76341077466668 1.0 0.0
148.26761177466665 0.0 0.0
148.77181277466667 1.0 1.0
149.27601377466667 0.0 0.0
149.78021477466666 1.0 0.0
150.28441577466666 0.0 0.0
150.78861677466665 1.0 1.0
151.29281777466667 0.0 0.0
151.79701877466664 1.0 0.0
152.30121977466666 0.0 0.0
152.80542077466666 1.0 1.0
153.30962177466665 0.0 0.0
153.81382277466668 1.0 0.0
154.31802377466664 0.0 0.0
154.82222477466667 1.0 1.0
155.32642577466666 0.0 0.0
155.83062677466665 1.0 0.0
156.33482777466668 0.0 0.0
156.83902877466664 1.0 1.0
157.34322977466667 0.0 0.0
157.84743077466666 1.0 0.0
158.35163177466666 0.0 0.0
158.85583277466668 1.0 1.0
159.36003377466665 0.0 0.0
159.86423477466667 1.0 0.0
160.36843577466666 0.0 0.0
160.87263677466666 1.0 1.0
161.37683777466665 0.0 0.0
161.88103877466665 0.0 0.0
162.38523977466667 1.0 0.0
162.88944077466667 0.0 0.0
163.39364177466666 1.0 1.0
163.89784277466666 0.0 0.0
164.40204377466665 1.0 0.0
164.90624477466667 0.0 0.0
165.41044577466664 1.0 1.0
165.91464677466666 0.0 0.0
166.41884777466666 1.0 0.0
166.92304877466665 0.0 0.0
167.42724977466668 1.0 1.0
167.93145077466664 0.0 0.0
168.43565177466667 1.0 0.0
168.93985277466666 0.0 0.0
169.44405377466666 1.0 1.0
169.94825477466668 0.0 0.0
170.45245577466665 1.0 0.0
170.95665677466667 0.0 0.0
171.46085777466666 1.0 1.0
171.96505877466666 0.0 0.0
172.46925977466668 1.0 0.0
172.97346077466665 0.0 0.0
173.47766177466667 1.0 1.0
173.98186277466667 0.0 0.0
174.48606377466666 1.0 0.0
174.99026477466666 0.0 0.0
175.49446577466665 1.0 1.0
175.99866677466667 0.0 0.0
176.50286777466667 1.0 0.0
177.00706877466666 0.0 0.0
177.51126977466666 1.0 1.0
178.01547077466665 0.0 0.0
178.51967177466668 1.0 0.0
179.02387277466664 0.0 0.0
179.52807377466667 1.0 1.0
180.03227477466666 0.0 0.0
180.53647577466666 1.0 0.0
181.04067677466668 0.0 0.0
181.54487777466665 1.0 1.0
182.04907877466667 0.0 0.0
182.55327977466666 1.0 0.0
183.05748077466666 0.0 0.0
183.56168177466668 1.0 1.0
184.06588277466665 0.0 0.0
184.57008377466667 1.0 0.0
185.07428477466667 0.0 0.0
185.57848577466666 1.0 1.0
186.08268677466668 0.0 0.0
186.58688777466665 1.0 0.0
187.09108877466667 0.0 0.0
187.59528977466667 1.0 1.0
188.09949077466666 0.0 0.0
188.60369177466666 1.0 0.0
189.10789277466665 0.0 0.0
189.61209377466668 1.0 1.0
190.11629477466667 0.0 0.0
190.62049577466667 1.0 0.0
191.12469677466666 0.0 0.0
191.62889777466665 1.0 1.0
192.13309877466668 0.0 0.0
192.63729977466664 1.0 0.0
193.14150077466667 0.0 0.0
193.64570177466666 1.0 1.0
194.14990277466666 0.0 0.0
194.65410377466668 1.0 0.0
195.15830477466665 0.0 0.0
195.66250577466667 1.0 1.0
196.16670677466666 0.0 0.0
196.67090777466666 1.0 0.0
197.17510877466668 0.0 0.0
197.67930977466665 1.0 1.0
198.18351077466667 0.0 0.0
198.68771177466667 1.0 0.0
199.19191277466666 0.0 0.0
199.69611377466669 1.0 1.0
200.20031477466665 0.0 0.0
200.70451577466667 1.0 0.0
201.20871677466664 0.0 0.0
201.71291777466666 1.0 1.0
202.2171187746667 0.0 0.0
202.72131977466665 1.0 0.0
203.22552077466668 0.0 0.0
203.72972177466664 1.0 1.0
204.23392277466667 0.0 0.0
204.7381237746667 1.0 0.0
205.24232477466666 0.0 0.0
205.74652577466668 1.0 1.0
206.25072677466665 0.0 0.0
206.75492777466667 1.0 0.0
207.2591287746667 0.0 0.0
207.76332977466666 1.0 1.0
208.26753077466668 0.0 0.0
208.77173177466665 1.0 0.0
209.27593277466667 0.0 0.0
209.78013377466664 1.0 1.0
210.28433477466666 0.0 0.0
210.78853577466668 1.0 0.0
211.29273677466665 0.0 0.0
211.79693777466667 1.0 1.0
212.30113877466664 0.0 0.0
212.80533977466666 1.0 0.0
213.3095407746667 0.0 0.0
213.81374177466665 1.0 1.0
214.31794277466668 0.0 0.0
214.82214377466664 1.0 0.0
215.32634477466667 0.0 0.0
215.8305457746667 1.0 1.0
216.33474677466666 0.0 0.0
216.83894777466668 1.0 0.0
217.34314877466664 0.0 0.0
217.84734977466667 1.0 1.0
218.3515507746667 0.0 0.0
218.85575177466666 1.0 0.0
219.35995277466668 0.0 0.0
219.86415377466665 1.0 1.0
220.36835477466667 0.0 0.0
220.8725557746667 1.0 0.0
221.37675677466666 0.0 0.0
221.88095777466668 1.0 1.0
222.38515877466665 0.0 0.0
222.88935977466667 1.0 0.0
223.39356077466664 0.0 0.0
223.89776177466666 1.0 1.0
224.40196277466669 0.0 0.0
224.90616377466665 1.0 0.0
225.41036477466668 0.0 0.0
225.91456577466664 1.0 1.0
226.41876677466666 0.0 0.0
226.9229677746667 1.0 0.0
227.42716877466665 0.0 0.0
227.93136977466668 1.0 1.0
228.43557077466664 0.0 0.0
228.93977177466667 1.0 0.0
229.4439727746667 0.0 0.0
229.94817377466666 1.0 1.0
230.45237477466668 0.0 0.0
230.95657577466665 1.0 0.0
231.46077677466667 0.0 0.0
231.9649777746667 1.0 1.0
232.46917877466666 0.0 0.0
232.97337977466668 1.0 0.0
233.47758077466665 0.0 0.0
233.98178177466667 1.0 0.0
234.48598277466664 0.0 0.0
234.99018377466666 1.0 1.0
235.49438477466668 0.0 0.0
235.99858577466665 1.0 0.0
236.50278677466667 0.0 0.0
237.00698777466664 1.0 1.0
237.51118877466666 0.0 0.0
238.0153897746667 1.0 0.0
238.51959077466665 0.0 0.0
239.02379177466668 1.0 1.0
239.52799277466664 0.0 0.0
240.03219377466667 1.0 0.0
240.5363947746667 0.0 0.0