0.5232555 0.0 0.0
1.2209295 1.0 1.0
1.9186035000000001 0.0 0.0
2.6162775000000003 1.0 0.0
3.3139515 0.0 0.0
4.0116255 1.0 1.0
4.7092995 0.0 0.0
5.4069735 1.0 0.0
6.1046475000000004 0.0 0.0
6.802321500000001 1.0 1.0
7.4999955 0.0 0.0
8.1976695 1.0 0.0
8.895343500000001 0.0 0.0
9.5930175 1.0 1.0
10.2906915 0.0 0.0
10.9883655 1.0 0.0
11.6860395 0.0 0.0
12.3837135 1.0 1.0
13.0813875 0.0 0.0
13.779061500000001 1.0 0.0
14.4767355 0.0 0.0
15.174409500000001 1.0 1.0
15.8720835 0.0 0.0
16.5697575 1.0 0.0
17.2674315 0.0 0.0
17.9651055 1.0 1.0
18.6627795 0.0 0.0
19.360453500000002 1.0 0.0
20.0581275 0.0 0.0
20.7558015 1.0 1.0
21.4534755 0.0 0.0
22.1511495 1.0 0.0
22.8488235 0.0 0.0
23.5464975 1.0 1.0
24.2441715 0.0 0.0
24.9418455 1.0 0.0
25.639519500000002 0.0 0.0
26.3371935 1.0 1.0
27.0348675 0.0 0.0
27.7325415 1.0 0.0
28.4302155 0.0 0.0
29.127889500000002 1.0 1.0
29.8255635 0.0 0.0
30.5232375 1.0 0.0
31.2209115 0.0 0.0
31.918585500000002 1.0 1.0
32.6162595 0.0 0.0
33.313933500000005 1.0 0.0
34.011607500000004 0.0 0.0
34.7092815 1.0 1.0
35.4069555 0.0 0.0
36.1046295 1.0 0.0
36.8023035 0.0 0.0
37.4999775 1.0 1.0
38.1976515 0.0 0.0
38.8953255 1.0 0.0
39.5929995 0.0 0.0
40.290673500000004 1.0 1.0
40.9883475 0.0 0.0
41.6860215 1.0 0.0
42.3836955 0.0 0.0
43.0813695 1.0 1.0
43.7790435 0.0 0.0
44.4767175 1.0 0.0
45.1743915 0.0 0.0
45.8720655 1.0 1.0
46.569739500000004 0.0 0.0
47.2674135 1.0 0.0
47.9650875 0.0 0.0
48.6627615 1.0 1.0
49.3604355 0.0 0.0
50.0581095 1.0 0.0
50.7557835 0.0 0.0
51.4534575 1.0 1.0
52.1511315 0.0 0.0
52.848805500000005 1.0 0.0
53.546479500000004 0.0 0.0
54.2441535 1.0 1.0
54.9418275 0.0 0.0
55.6395015 1.0 0.0
56.3371755 0.0 0.0
57.0348495 1.0 1.0
57.7325235 0.0 0.0
58.4301975 1.0 0.0
59.127871500000005 0.0 0.0
59.825545500000004 1.0 1.0
60.5232195 0.0 0.0
61.2208935 1.0 0.0
61.9185675 0.0 0.0
62.6162415 1.0 1.0
63.3139155 0.0 0.0
64.0115895 1.0 0.0
64.7092635 0.0 0.0
65.4069375 1.0 1.0
66.1046115 0.0 0.0
66.8022855 1.0 0.0
67.4999595 0.0 0.0
68.19763350000001 1.0 1.0
68.8953075 0.0 0.0
69.59298150000001 1.0 0.0
70.2906555 0.0 0.0
70.9883295 1.0 1.0
71.6860035 0.0 0.0
72.3836775 1.0 0.0
73.0813515 0.0 0.0
73.7790255 1.0 1.0
74.47669950000001 0.0 0.0
75.1743735 1.0 0.0
75.87204750000001 0.0 0.0
76.5697215 1.0 1.0
77.2673955 0.0 0.0
77.9650695 1.0 0.0
78.6627435 0.0 0.0
79.3604175 1.0 1.0
80.0580915 0.0 0.0
80.7557655 1.0 0.0
81.4534395 0.0 0.0
82.15111350000001 1.0 1.0
82.8487875 0.0 0.0
83.5464615 1.0 0.0
84.2441355 0.0 0.0
84.9418095 1.0 1.0
85.6394835 0.0 0.0
86.3371575 1.0 0.0
87.0348315 0.0 0.0
87.7325055 1.0 1.0
88.43017950000001 0.0 0.0
89.1278535 1.0 0.0
89.8255275 0.0 0.0
90.5232015 1.0 1.0
91.2208755 0.0 0.0
91.9185495 1.0 0.0
92.6162235 0.0 0.0
93.3138975 1.0 1.0
94.0115715 0.0 0.0
94.70924550000001 1.0 0.0
95.4069195 0.0 0.0
96.10459350000001 1.0 1.0
96.8022675 0.0 0.0
97.4999415 1.0 0.0
98.1976155 0.0 0.0
98.8952895 1.0 1.0
99.5929635 0.0 0.0
100.2906375 1.0 0.0
100.98831150000001 0.0 0.0
101.6859855 1.0 1.0
102.38365950000001 0.0 0.0
103.0813335 1.0 0.0
103.7790075 0.0 0.0
104.4766815 1.0 1.0
105.1743555 0.0 0.0
105.8720295 1.0 0.0
106.5697035 0.0 0.0
107.26737750000001 1.0 1.0
107.9650515 0.0 0.0
108.66272550000001 1.0 0.0
109.3603995 0.0 0.0
110.0580735 1.0 1.0
110.7557475 0.0 0.0
111.4534215 1.0 0.0
112.1510955 0.0 0.0
112.8487695 1.0 1.0
113.54644350000001 0.0 0.0
114.2441175 1.0 0.0
114.94179150000001 0.0 0.0
115.6394655 1.0 1.0
116.3371395 0.0 0.0
117.0348135 1.0 0.0
117.7324875 0.0 0.0
118.4301615 1.0 1.0
119.1278355 0.0 0.0
119.82550950000001 1.0 0.0
120.5231835 0.0 0.0
121.22085750000001 1.0 1.0
121.9185315 0.0 0.0
122.6162055 1.0 0.0
123.3138795 0.0 0.0
124.0115535 1.0 1.0
124.7092275 0.0 0.0
125.4069015 1.0 0.0
126.10457550000001 0.0 0.0
126.8022495 1.0 1.0
127.49992350000001 0.0 0.0
128.1975975 1.0 0.0
128.8952715 0.0 0.0
129.5929455 1.0 1.0
130.2906195 0.0 0.0
130.9882935 1.0 0.0
131.6859675 0.0 0.0
132.3852390375 1.0 1.0
133.0849470375 0.0 0.0
133.7846550375 1.0 0.0
134.4843630375 0.0 0.0
135.1840710375 1.0 1.0
135.8837790375 0.0 0.0
136.5834870375 1.0 0.0
137.2831950375 0.0 0.0
137.9829030375 1.0 1.0
138.6826110375 0.0 0.0
139.3823190375 1.0 0.0
140.0820270375 0.0 0.0
140.7817350375 1.0 1.0
141.48144303750001 0.0 0.0
142.1811510375 1.0 0.0
142.8808505625 0.0 0.0
143.5785245625 1.0 1.0
144.27619856249999 0.0 0.0
144.9738725625 1.0 0.0
145.6715465625 0.0 0.0
146.3692205625 1.0 1.0
147.0668945625 0.0 0.0
147.7645685625 1.0 0.0
148.4622425625 0.0 0.0
149.1599165625 1.0 1.0
149.8575905625 0.0 0.0
150.55526456249999 1.0 0.0
151.2529385625 0.0 0.0
151.9506125625 1.0 1.0
152.6482865625 0.0 0.0
153.3459605625 1.0 0.0
154.0436345625 0.0 0.0
154.7413085625 1.0 1.0
155.4389825625 0.0 0.0
156.1366565625 1.0 0.0
156.83433056249999 0.0 0.0
157.5320045625 1.0 1.0
158.2296785625 0.0 0.0
158.9273525625 1.0 0.0
159.6250265625 0.0 0.0
160.3227005625 1.0 1.0
161.0203745625 0.0 0.0
161.7180485625 1.0 0.0
162.4157225625 0.0 0.0
163.1133965625 1.0 1.0
163.8110705625 0.0 0.0
164.5087445625 1.0 0.0
165.2064185625 0.0 0.0
165.9040925625 1.0 1.0
166.6017665625 0.0 0.0
167.2994405625 1.0 0.0
167.9971145625 0.0 0.0
168.6947885625 1.0 1.0
169.3924625625 0.0 0.0
170.0901365625 1.0 0.0
170.7878105625 0.0 0.0
171.4854845625 1.0 1.0
172.1831585625 0.0 0.0
172.8808325625 1.0 0.0
173.5785065625 0.0 0.0
174.2761805625 1.0 1.0
174.9738545625 0.0 0.0
175.6715285625 1.0 0.0
176.3692025625 0.0 0.0
177.0668765625 1.0 1.0
177.7645505625 0.0 0.0
178.4622245625 1.0 0.0
179.1598985625 0.0 0.0
179.8575725625 1.0 1.0
180.5552465625 0.0 0.0
181.2529205625 1.0 0.0
181.9505945625 0.0 0.0
182.6482685625 1.0 1.0
183.3459425625 0.0 0.0
184.0436165625 1.0 0.0
184.7412905625 0.0 0.0
185.4389645625 1.0 1.0
186.1366385625 0.0 0.0
186.8343125625 1.0 0.0
187.5319865625 0.0 0.0
188.2296605625 1.0 1.0
188.9273345625 0.0 0.0
189.6250085625 1.0 0.0
190.3226825625 0.0 0.0
191.0203565625 1.0 1.0
191.7180305625 0.0 0.0
192.4157045625 1.0 0.0
193.1133785625 0.0 0.0
193.8110525625 1.0 1.0
194.5087265625 0.0 0.0
195.2064005625 1.0 0.0
195.9040745625 0.0 0.0
196.6017485625 1.0 1.0
197.2994225625 0.0 0.0
197.9970965625 1.0 0.0
198.6947705625 0.0 0.0
199.3924445625 1.0 1.0
200.0901185625 0.0 0.0
200.7877925625 1.0 0.0
201.4854665625 0.0 0.0
202.1831405625 1.0 1.0
202.8808145625 0.0 0.0
203.5784885625 1.0 0.0
204.2761625625 0.0 0.0
204.9738365625 1.0 1.0
205.6715105625 0.0 0.0
206.3691845625 1.0 0.0
207.0668585625 0.0 0.0
207.7645325625 1.0 1.0
208.4622065625 0.0 0.0
209.1598805625 1.0 0.0
209.8575545625 0.0 0.0
210.55522856250002 1.0 1.0
211.2529025625 0.0 0.0
211.9505765625 1.0 0.0
212.64825056249998 0.0 0.0
213.3459245625 1.0 1.0
214.0435985625 0.0 0.0
214.7412725625 1.0 0.0
215.4389465625 0.0 0.0
216.1366205625 1.0 1.0
216.83429456250002 0.0 0.0
217.5319685625 1.0 0.0
218.2296425625 0.0 0.0
218.92731656249998 1.0 1.0
219.6249905625 0.0 0.0
220.3226645625 1.0 0.0
221.0203385625 0.0 0.0
221.7180125625 1.0 1.0
222.4156865625 0.0 0.0
223.11336056250002 1.0 0.0
223.8110345625 0.0 0.0
224.5087085625 1.0 1.0
225.20638256249998 0.0 0.0
225.9040565625 1.0 0.0
226.6017305625 0.0 0.0
227.2994045625 1.0 1.0
227.9970785625 0.0 0.0
228.6947525625 1.0 0.0
229.39242656250002 0.0 0.0
230.0901005625 1.0 1.0
230.7877745625 0.0 0.0
231.48544856249998 1.0 0.0
232.1831225625 0.0 0.0
232.8807965625 1.0 1.0
233.5784705625 0.0 0.0
234.2761445625 1.0 0.0
234.9738185625 0.0 0.0
235.67149256250002 1.0 1.0
236.3691665625 0.0 0.0
237.0668405625 1.0 0.0
237.76451456249998 0.0 0.0
238.4621885625 1.0 1.0
239.1598625625 0.0 0.0
239.8575365625 1.0 0.0
240.5552105625 0.0 0.0
241.25288456250001 1.0 1.0
241.95055856250002 0.0 0.0
242.6482325625 1.0 0.0
243.3459065625 0.0 0.0
244.04358056249998 1.0 1.0
244.7412545625 0.0 0.0
245.4389285625 1.0 1.0
246.1366025625 0.0 0.0
246.8342765625 0.0 0.0