0.15971823000000007 1.0 0.0
1.0047882300000002 0.0 0.0
1.8498582300000002 1.0 1.0
2.6949282300000004 0.0 0.0
3.53999823 1.0 0.0
4.385068230000001 0.0 0.0
5.2301382300000006 1.0 1.0
6.075208230000001 0.0 0.0
6.920278230000001 1.0 0.0
7.765348230000001 0.0 0.0
8.61041823 1.0 1.0
9.45548823 0.0 0.0
10.300558230000002 1.0 0.0
11.145628230000002 0.0 0.0
11.990698230000001 1.0 1.0
12.835768230000001 0.0 0.0
13.68083823 1.0 0.0
14.52590823 0.0 0.0
15.37097823 1.0 1.0
16.21604823 0.0 0.0
17.06111823 1.0 0.0
17.90618823 0.0 0.0
18.75125823 1.0 1.0
19.59632823 0.0 0.0
20.44139823 1.0 0.0
21.28646823 0.0 0.0
22.13153823 1.0 1.0
22.97660823 0.0 0.0
23.82167823 1.0 0.0
24.66674823 0.0 0.0
25.51181823 1.0 1.0
26.35688823 0.0 0.0
27.201958230000002 1.0 0.0
28.047028230000002 0.0 0.0
28.892098230000006 1.0 1.0
29.737168230000005 0.0 0.0
30.582238230000005 1.0 0.0
31.427308230000005 0.0 0.0
32.27237823 1.0 1.0
33.11744823000001 0.0 0.0
33.96251823000001 1.0 0.0
34.80758823000001 0.0 0.0
35.65265823000001 1.0 1.0
36.49772823000001 0.0 0.0
37.34279823000001 1.0 0.0
38.18786823000001 0.0 0.0
39.032938230000006 1.0 1.0
39.878008230000006 0.0 0.0
40.723078230000006 1.0 0.0
41.568148230000006 0.0 0.0
42.413218230000005 1.0 1.0
43.258288230000005 0.0 0.0
44.103358230000005 1.0 0.0
44.948428230000005 0.0 0.0
45.793498230000004 1.0 1.0
46.638568230000004 0.0 0.0
47.483638230000004 1.0 0.0
48.328708230000004 0.0 0.0
49.17377823 1.0 1.0
50.01884823 0.0 0.0
50.86391823 1.0 0.0
51.70898823 0.0 0.0
52.55405823 1.0 1.0
53.39912823 0.0 0.0
54.24419823 1.0 0.0
55.08926823 0.0 0.0
55.93433823 1.0 1.0
56.77940823 0.0 0.0
57.62447823 1.0 0.0
58.469548229999994 0.0 0.0
59.314618229999994 1.0 1.0
60.15968822999999 0.0 0.0
61.00475822999999 1.0 0.0
61.84982822999999 0.0 0.0
62.69489822999999 1.0 1.0
63.53996822999999 0.0 0.0
64.38503822999999 1.0 0.0
65.23010823 0.0 0.0
66.07517822999999 1.0 1.0
66.92024823 0.0 0.0
67.76531822999999 1.0 0.0
68.61038823 0.0 0.0
69.45545822999999 1.0 1.0
70.30052823 0.0 0.0
71.14559822999999 1.0 0.0
71.99066823 0.0 0.0
72.83573822999999 1.0 1.0
73.68080823 0.0 0.0
74.52587822999999 1.0 0.0
75.37094823 0.0 0.0
76.21601822999999 1.0 1.0
77.06108823 0.0 0.0
77.90615822999999 1.0 0.0
78.75122823 0.0 0.0
79.59629822999999 1.0 1.0
80.44136823 0.0 0.0
81.28643823 1.0 0.0
82.13150823 0.0 0.0
82.97657823 1.0 1.0
83.82164823 0.0 0.0
84.66671823 1.0 0.0
85.51178823 0.0 0.0
86.35685823 1.0 1.0
87.20192823 0.0 0.0
88.04699823 1.0 0.0
88.89206822999999 0.0 0.0
89.73713823 1.0 1.0
90.58220822999999 0.0 0.0
91.42727823 1.0 0.0
92.27234822999999 0.0 0.0
93.11741823 1.0 1.0
93.96248822999999 0.0 0.0
94.80755823 1.0 0.0
95.65262822999999 0.0 0.0
96.49769823 1.0 1.0
97.34276822999999 0.0 0.0
98.18783823 1.0 0.0
99.03290822999999 0.0 0.0
99.87797823 1.0 1.0
100.72304823 0.0 0.0
101.56811823 1.0 0.0
102.41318823 0.0 0.0
103.25825823 1.0 1.0
104.10332823 0.0 0.0
104.94839823 1.0 0.0
105.79346823 0.0 0.0
106.63853823 1.0 1.0
107.48360823 0.0 0.0
108.32867823 1.0 0.0
109.17374823 0.0 0.0
110.01881823 1.0 1.0
110.86388823 0.0 0.0
111.70895823 1.0 0.0
112.55402823 0.0 0.0
113.39909822999999 1.0 1.0
114.24416823 0.0 0.0
115.08923822999999 1.0 0.0
115.93430823000001 0.0 0.0
116.77937823 1.0 1.0
117.62444823000001 0.0 0.0
118.46951823 1.0 0.0
119.31458823000001 0.0 0.0
120.15965823 1.0 1.0
121.00472823000001 0.0 0.0
121.84979823 1.0 0.0
122.69486823000001 0.0 0.0
123.53993823 1.0 1.0
124.38500823000001 0.0 0.0
125.23007823000002 1.0 0.0
126.07514823000001 0.0 0.0
126.92021823000002 1.0 1.0
127.76528823000001 0.0 0.0
128.61035823 1.0 0.0
129.45542823000002 0.0 0.0
130.30049823000002 1.0 1.0
131.14556823 0.0 0.0
131.99063823 1.0 0.0
132.83570823000002 0.0 0.0
133.68077823000002 1.0 1.0
134.52584823 0.0 0.0
135.37091823 1.0 0.0
136.21598823000002 0.0 0.0
137.06105823000001 1.0 1.0
137.90612823 0.0 0.0
138.75119823 1.0 0.0
139.59626823000002 0.0 0.0
140.44133823 1.0 1.0
141.28640823 0.0 0.0
142.13147823 1.0 0.0
142.97654823000002 0.0 0.0
143.82161823 1.0 1.0
144.66668823 0.0 0.0
145.51175823000003 1.0 0.0
146.35682823000002 0.0 0.0
147.20189823 1.0 1.0
148.04696823 0.0 0.0
148.89203823000003 1.0 0.0
149.73710823000002 0.0 0.0
150.58217823 1.0 1.0
151.42724823 0.0 0.0
152.27231823000002 1.0 0.0
153.11738823000002 0.0 0.0
153.96245823 1.0 1.0
154.80752823 0.0 0.0
155.65259823000002 1.0 0.0
156.49766823000002 0.0 0.0
157.34273823 1.0 1.0
158.18780823 0.0 0.0
159.03287823000002 1.0 0.0
159.87794823000002 0.0 0.0
160.72301823 1.0 1.0
161.56808823 0.0 0.0
162.41315823000002 1.0 0.0
163.25822823000001 0.0 0.0
164.10329823 1.0 1.0
164.94836823 0.0 0.0
165.79343823000002 1.0 0.0
166.63850823 0.0 0.0
167.48357823 1.0 1.0
168.32864823000003 0.0 0.0
169.17371823000002 1.0 0.0
170.01878823 0.0 0.0
170.86385823 1.0 1.0
171.70892823000003 0.0 0.0
172.55399823000002 1.0 0.0
173.39906823 0.0 0.0
174.24413823 1.0 1.0
175.08920823000003 0.0 0.0
175.93427823000002 1.0 0.0
176.77934823 0.0 0.0
177.62441823 1.0 1.0
178.46948823000002 0.0 0.0
179.31455823000002 1.0 0.0
180.15962823 0.0 0.0
181.00469823 1.0 1.0
181.84976823000002 0.0 0.0
182.69483823000002 1.0 0.0
183.53990823 0.0 0.0
184.38497823 1.0 1.0
185.23004823000002 0.0 0.0
186.07511823000002 1.0 0.0
186.92018823 0.0 0.0
187.76525823000003 1.0 1.0
188.61032823000002 0.0 0.0
189.45539823000001 1.0 0.0
190.30046823 0.0 0.0
191.14553823000003 1.0 1.0
191.99060823000002 0.0 0.0
192.83567823 1.0 0.0
193.68074823 0.0 0.0
194.52581823000003 1.0 1.0
195.37088823000002 0.0 0.0
196.21595823 1.0 0.0
197.06102823 0.0 0.0
197.90609823000003 1.0 1.0
198.75116823000002 0.0 0.0
199.59623823 1.0 0.0
200.44130823 0.0 0.0
201.28637823000003 1.0 1.0
202.13144823000002 0.0 0.0
202.97651823 1.0 0.0
203.82158823 0.0 0.0
204.66665823000002 1.0 1.0
205.51172823000002 0.0 0.0
206.35679823 1.0 0.0
207.20186823000003 0.0 0.0
208.04693823000002 1.0 1.0
208.89200823000002 0.0 0.0
209.73707823 1.0 0.0
210.58214823000003 0.0 0.0
211.42721823000002 1.0 1.0
212.27228823000002 0.0 0.0
213.11735823 1.0 0.0
213.96242823000003 0.0 0.0
214.80749823000002 1.0 1.0
215.65256823 0.0 0.0
216.49763823000004 1.0 0.0
217.34270823000006 0.0 0.0
218.18777823000005 1.0 1.0
219.03284823000004 0.0 0.0
219.87791823000003 1.0 0.0
220.72298823000006 0.0 0.0
221.56805823000005 1.0 1.0
222.41312823000004 0.0 0.0
223.25819823000003 1.0 0.0
224.10326823000005 0.0 0.0
224.94833823000005 1.0 1.0
225.79340823000004 0.0 0.0
226.63847823000003 1.0 0.0
227.48354823000005 0.0 0.0
228.32861823000005 1.0 1.0
229.17368823000004 0.0 0.0
230.01875823000003 1.0 0.0
230.86382823000002 0.0 0.0
231.70889823000002 1.0 1.0
232.55396823 0.0 0.0
233.39903823000003 1.0 0.0
234.24410823000002 0.0 0.0
235.08917823000002 1.0 1.0
235.93424823 0.0 0.0
236.77931823000003 1.0 0.0
237.62438823000002 0.0 0.0
238.46945823000001 1.0 1.0
239.31452823 0.0 0.0
240.15959823000003 1.0 0.0
241.00466823000002 0.0 0.0
241.84973823 1.0 1.0
242.69480823 0.0 0.0
243.53987823000003 1.0 0.0
244.38494823000002 0.0 0.0
245.23001823 1.0 1.0
246.07508823 0.0 0.0
246.92015823000003 1.0 0.0
247.76522823000002 0.0 0.0
248.61029823 1.0 1.0
249.45536823000003 0.0 0.0
250.30043823000003 1.0 0.0
251.14550823000002 0.0 0.0
251.99057823 1.0 1.0
252.83564823000003 0.0 0.0
253.68071823000002 1.0 0.0
254.52578823000002 0.0 0.0
255.37085823 1.0 1.0
256.21592823000003 0.0 0.0
257.06099823 1.0 0.0
257.90606823 0.0 0.0
258.75113823000004 1.0 1.0
259.59620823 0.0 0.0
260.44127823 1.0 0.0
261.28634823000004 0.0 0.0
262.13141823 1.0 1.0
262.97648823000003 0.0 0.0
263.82155823 1.0 0.0
264.66662823 0.0 0.0
265.51169823000004 1.0 1.0
266.35676823 0.0 0.0
267.20183823 1.0 0.0
268.04690823000004 0.0 0.0
268.89197823 1.0 1.0
269.73704823 0.0 0.0
270.58211823000005 1.0 0.0
271.42718823 0.0 0.0
272.27225823000003 1.0 1.0
273.11732823 0.0 0.0
273.96239823 1.0 0.0
274.80746823000004 0.0 0.0
275.65253823 1.0 1.0
276.49760823 0.0 0.0
277.34267823000005 1.0 1.0
278.18774823 0.0 0.0
279.03281823000003 0.0 0.0