0.568064554 1.0 1.0
1.535806554 0.0 0.0
2.503548554 1.0 0.0
3.471290554 0.0 0.0
4.439032554 1.0 1.0
5.406774554 0.0 0.0
6.374516554 1.0 0.0
7.342258554000001 0.0 0.0
8.310000554000002 1.0 1.0
9.277742554000001 0.0 0.0
10.245484554 1.0 0.0
11.213226554000002 0.0 0.0
12.180968554000001 1.0 1.0
13.148710554000003 0.0 0.0
14.116452554000002 1.0 0.0
15.084194554000002 0.0 0.0
16.051936554 1.0 1.0
17.019678554000002 0.0 0.0
17.987420554000003 1.0 0.0
18.955162554 0.0 0.0
19.922904554000002 1.0 1.0
20.890646554000003 0.0 0.0
21.858388554 1.0 0.0
22.826130554000002 0.0 0.0
23.793872554000004 1.0 1.0
24.761614554000005 0.0 0.0
25.729356554000002 1.0 0.0
26.697098554000004 0.0 0.0
27.664840554000005 1.0 1.0
28.632582554000003 0.0 0.0
29.600324554000004 1.0 0.0
30.568066554000005 0.0 0.0
31.535808554000006 1.0 1.0
32.50355055400001 0.0 0.0
33.47129255400001 1.0 0.0
34.43903455400001 0.0 0.0
35.40677655400001 1.0 1.0
36.374518554000005 0.0 0.0
37.342260554000006 1.0 0.0
38.31000255400001 0.0 0.0
39.27774455400001 1.0 1.0
40.24548655400001 0.0 0.0
41.21322855400001 1.0 0.0
42.180970554000005 0.0 0.0
43.14871255400001 1.0 1.0
44.11645455400001 0.0 0.0
45.08419655400001 1.0 0.0
46.05193855400001 0.0 0.0
47.01968055400001 1.0 1.0
47.98742255400001 0.0 0.0
48.95516455400001 1.0 0.0
49.92290655400001 0.0 0.0
50.89064855400001 1.0 1.0
51.85839055400001 0.0 0.0
52.82613255400001 1.0 0.0
53.79387455400001 0.0 0.0
54.76161655400001 1.0 1.0
55.72935855400001 0.0 0.0
56.69710055400001 1.0 0.0
57.66484255400001 0.0 0.0
58.63258455400001 1.0 1.0
59.60032655400001 0.0 0.0
60.56806855400001 1.0 0.0
61.53581055400001 0.0 0.0
62.50355255400001 1.0 1.0
63.47129455400001 0.0 0.0
64.43903655400001 1.0 0.0
65.40677855400001 0.0 0.0
66.37452055400001 1.0 1.0
67.34226255400002 0.0 0.0
68.31000455400002 1.0 0.0
69.27774655400002 0.0 0.0
70.245488554 1.0 1.0
71.213230554 0.0 0.0
72.18097255400001 1.0 0.0
73.14871455400001 0.0 0.0
74.11645655400001 1.0 1.0
75.08419855400001 0.0 0.0
76.05194055400001 1.0 0.0
77.01968255400001 0.0 0.0
77.98742455400001 1.0 1.0
78.95516655400002 0.0 0.0
79.92290855400002 1.0 0.0
80.89065055400002 0.0 0.0
81.85839255400002 1.0 1.0
82.826134554 0.0 0.0
83.79387655400001 1.0 0.0
84.76161855400001 0.0 0.0
85.72936055400001 1.0 1.0
86.69710255400001 0.0 0.0
87.66484455400001 1.0 0.0
88.63258655400001 0.0 0.0
89.60032855400001 1.0 1.0
90.56807055400002 0.0 0.0
91.53581255400002 1.0 0.0
92.50355455400002 0.0 0.0
93.47129655400002 1.0 1.0
94.43903855400002 0.0 0.0
95.40678055400001 1.0 0.0
96.37452255400001 0.0 0.0
97.34226455400001 1.0 1.0
98.31000655400001 0.0 0.0
99.27774855400001 1.0 0.0
100.24549055400001 0.0 0.0
101.15461087950001 1.0 1.0
102.12232355400002 0.0 0.0
103.09006555400002 1.0 0.0
104.02758067500002 0.0 0.0
104.96508067500002 1.0 1.0
105.96504942500002 0.0 0.0
106.93280755400002 1.0 0.0
107.90054955400002 0.0 0.0
108.86829155400002 1.0 1.0
109.79139088650003 0.0 0.0
110.71446788650002 1.0 0.0
111.63754488650002 0.0 0.0
112.60526455400003 1.0 1.0
113.57300655400003 0.0 0.0
114.54074855400003 1.0 0.0
115.50849055400002 0.0 0.0
116.43158988650003 1.0 1.0
117.38395623450003 0.0 0.0
118.33633723450004 1.0 0.0
119.30407155400005 0.0 0.0
120.27181355400005 1.0 1.0
121.23955555400005 0.0 0.0
122.20729755400004 1.0 0.0
123.14481267500005 0.0 0.0
124.08231267500004 1.0 1.0
125.05003955400005 0.0 0.0
126.01778155400005 1.0 0.0
126.98552355400005 0.0 0.0
127.95326555400004 1.0 1.0
128.90565423450005 0.0 0.0
129.85803523450005 1.0 0.0
130.75358566400007 0.0 0.0
131.69106467500006 1.0 1.0
132.64343823450005 0.0 0.0
133.59581923450006 1.0 0.0
134.54820023450006 0.0 0.0
135.50058123450006 1.0 1.0
136.45296223450006 0.0 0.0
137.40534323450007 1.0 0.0
138.35772423450007 0.0 0.0
139.31010523450004 1.0 1.0
140.26248623450005 0.0 0.0
141.21486723450005 1.0 0.0
142.16724823450005 0.0 0.0
143.11962923450005 1.0 1.0
144.07201023450006 0.0 0.0
145.02439123450006 1.0 0.0
145.97677223450006 0.0 0.0
146.92915323450006 1.0 1.0
147.88153423450007 0.0 0.0
148.83391523450007 1.0 0.0
149.78629623450007 0.0 0.0
150.73867723450005 1.0 1.0
151.69105823450005 0.0 0.0
152.64343923450005 1.0 0.0
153.59582023450005 0.0 0.0
154.54820123450006 1.0 1.0
155.50058223450006 0.0 0.0
156.45296323450006 1.0 0.0
157.40534423450006 0.0 0.0
158.35772523450007 1.0 1.0
159.35770142500007 0.0 0.0
160.32545955400008 1.0 0.0
161.29320155400006 0.0 0.0
162.26094355400008 1.0 1.0
163.22868555400007 0.0 0.0
164.19642755400008 1.0 0.0
165.16416955400007 0.0 0.0
166.13191155400008 1.0 1.0
167.09965355400007 0.0 0.0
168.0673955540001 1.0 0.0
169.03513755400007 0.0 0.0
170.00287955400006 1.0 1.0
170.97062155400008 0.0 0.0
171.93836355400006 1.0 0.0
172.90610555400008 0.0 0.0
173.87384755400006 1.0 1.0
174.84158955400008 0.0 0.0
175.80933155400007 1.0 0.0
176.77707355400008 0.0 0.0
177.74481555400007 1.0 1.0
178.71255755400009 0.0 0.0
179.68029955400007 1.0 0.0
180.6480415540001 0.0 0.0
181.61578355400007 1.0 1.0
182.58352555400006 0.0 0.0
183.55126755400008 1.0 0.0
184.51900955400006 0.0 0.0
185.48675155400008 1.0 1.0
186.45449355400007 0.0 0.0
187.42223555400008 1.0 0.0
188.38997755400007 0.0 0.0
189.35771955400008 1.0 1.0
190.32546155400007 0.0 0.0
191.2932035540001 1.0 0.0
192.26094555400007 0.0 0.0
193.2286875540001 1.0 1.0
194.19642955400008 0.0 0.0
195.16417155400006 1.0 0.0
196.13191355400008 0.0 0.0
197.0996555540001 1.0 1.0
198.06739755400008 0.0 0.0
199.03513955400007 1.0 0.0
200.00288155400008 0.0 0.0
200.97062355400007 1.0 1.0
201.9383655540001 0.0 0.0
202.90610755400007 1.0 0.0
203.87384955400006 0.0 0.0
204.84159155400008 1.0 1.0
205.8093335540001 0.0 0.0
206.77707555400008 1.0 0.0
207.74481755400006 0.0 0.0
208.71255955400008 1.0 1.0
209.68030155400007 0.0 0.0
210.64804355400008 1.0 0.0
211.61578555400007 0.0 0.0
212.58352755400009 1.0 1.0
213.55126955400007 0.0 0.0
214.5190115540001 1.0 0.0
215.48675355400007 0.0 0.0
216.45449555400006 1.0 1.0
217.42223755400008 0.0 0.0
218.3899795540001 1.0 0.0
219.35772155400008 0.0 0.0
220.37464495100005 1.0 1.0
221.32705823450007 0.0 0.0
222.27943923450007 1.0 0.0
223.23182023450008 0.0 0.0
224.18420123450008 1.0 1.0
225.1072928865001 0.0 0.0
226.0596592345001 1.0 0.0
227.0273935540001 0.0 0.0
227.9951355540001 1.0 1.0
228.9475242345001 0.0 0.0
229.8999052345001 1.0 0.0
230.8522862345001 0.0 0.0
231.8046672345001 1.0 1.0
232.7570482345001 0.0 0.0
233.7094292345001 1.0 0.0
234.6618102345001 0.0 0.0
235.61419123450008 1.0 1.0
236.5665722345001 0.0 0.0
237.5189532345001 1.0 0.0
238.4713342345001 0.0 0.0
239.4237152345001 1.0 1.0
240.3760962345001 0.0 0.0
241.3284772345001 1.0 0.0
242.2808582345001 0.0 0.0
243.2332392345001 1.0 1.0
244.1856202345001 0.0 0.0
245.1380012345001 1.0 0.0
246.0903822345001 0.0 0.0
247.0427632345001 1.0 1.0
247.9951442345001 0.0 0.0
248.9475252345001 1.0 0.0
249.8999062345001 0.0 0.0
250.8522872345001 1.0 1.0
251.8046682345001 0.0 0.0
252.7570492345001 1.0 0.0
253.7094302345001 0.0 0.0
254.6618112345001 1.0 1.0
255.6141922345001 0.0 0.0
256.5665732345001 1.0 0.0
257.5189542345001 0.0 0.0
258.4713352345001 1.0 1.0
259.4237162345001 0.0 0.0
260.39145055400013 1.0 0.0
261.3591925540001 0.0 0.0
262.3269345540001 1.0 1.0
263.29467655400015 0.0 0.0
264.26241855400013 1.0 0.0
265.1855178865001 0.0 0.0
266.1085948865001 1.0 1.0
267.07631455400013 0.0 0.0
268.0440565540001 1.0 0.0
269.0117985540001 0.0 0.0
269.94931367500016 1.0 1.0
270.91704055400015 0.0 0.0
271.88478255400014 1.0 0.0
272.83717123450015 0.0 0.0
273.78955223450015 1.0 1.0
274.7419332345001 0.0 0.0
275.6943142345001 1.0 0.0
276.6466952345001 0.0 0.0
277.5990762345001 1.0 1.0
278.5514572345001 0.0 0.0
279.5038382345001 1.0 0.0
280.4562192345001 0.0 0.0
281.4086002345001 1.0 1.0
282.3609812345001 0.0 0.0
283.4720128695001 1.0 1.0
284.97181842500004 0.0 0.0
286.0246731095001 0.0 0.0
287.0246994250001 1.0 1.0
288.0246994250001 0.0 0.0
289.2490771800001 1.0 0.0
290.2169475540001 0.0 0.0
291.1846895540001 1.0 1.0
292.31668238750007 0.0 0.0
293.44875738750005 1.0 0.0
294.43243862150007 0.0 0.0
295.50382371050006 1.0 1.0
296.72823718000006 0.0 0.0
298.15670613950005 1.0 0.0
299.5852771395001 0.0 0.0
301.01384813950006 1.0 1.0
302.4424191395001 0.0 0.0
303.87099013950007 1.0 0.0
305.29956113950004 0.0 0.0