0.11545443 0.0 0.0
1.0245444300000002 1.0 1.0
1.93363443 0.0 0.0
2.8427244299999996 1.0 0.0
3.7518144299999996 0.0 0.0
4.66090443 1.0 1.0
5.56999443 0.0 0.0
6.47908443 1.0 0.0
7.388174430000001 0.0 0.0
8.29726443 1.0 1.0
9.206354430000001 0.0 0.0
10.11501633525 1.0 0.0
11.019993335250001 0.0 0.0
11.924970335250002 1.0 1.0
12.82994733525 0.0 0.0
13.734924335250001 1.0 0.0
14.639901335249998 0.0 0.0
15.54487833525 1.0 1.0
16.45048908 0.0 0.0
17.35957908 1.0 0.0
18.268669080000002 0.0 0.0
19.17775908 1.0 1.0
20.08684908 0.0 0.0
20.99593908 1.0 0.0
21.905029080000002 0.0 0.0
22.81411908 1.0 1.0
23.72320908 0.0 0.0
24.63229908 1.0 0.0
25.541389080000002 0.0 0.0
26.45047908 1.0 1.0
27.35956908 0.0 0.0
28.26865908 1.0 0.0
29.177749080000005 0.0 0.0
30.086839080000004 1.0 1.0
30.995929080000003 0.0 0.0
31.905019080000002 1.0 0.0
32.81410908000001 0.0 0.0
33.72319908 1.0 1.0
34.63228908000001 0.0 0.0
35.54137908 1.0 0.0
36.450469080000005 0.0 0.0
37.359559080000004 1.0 1.0
38.26864908 0.0 0.0
39.17773908 1.0 0.0
40.08682908 0.0 0.0
40.99591908000001 1.0 1.0
41.90500908 0.0 0.0
42.814099080000005 1.0 0.0
43.723189080000004 0.0 0.0
44.63227908 1.0 1.0
45.541369079999996 0.0 0.0
46.45045908 1.0 0.0
47.35954908 0.0 0.0
48.26863908 1.0 1.0
49.17772908 0.0 0.0
50.08681908 1.0 0.0
50.99590908 0.0 0.0
51.90499908 1.0 1.0
52.81408908 0.0 0.0
53.72317908 1.0 0.0
54.63226908 0.0 0.0
55.54135908 1.0 1.0
56.45044908 0.0 0.0
57.35953908 1.0 0.0
58.268629080000004 0.0 0.0
59.17771908 1.0 1.0
60.08680908 0.0 0.0
60.99589908 1.0 0.0
61.90498908 0.0 0.0
62.81407908 1.0 1.0
63.72316908 0.0 0.0
64.63225908 1.0 0.0
65.54134908 0.0 0.0
66.45043908 1.0 1.0
67.35952908 0.0 0.0
68.26861908000001 1.0 0.0
69.17770908 0.0 0.0
70.08679907999999 1.0 1.0
70.99588908 0.0 0.0
71.90497908 1.0 0.0
72.81406908 0.0 0.0
73.72315908 1.0 1.0
74.63224908000001 0.0 0.0
75.54133908 1.0 0.0
76.45042907999999 0.0 0.0
77.35951908 1.0 1.0
78.26860908 0.0 0.0
79.17769908 1.0 0.0
80.08678908 0.0 0.0
80.99587908000001 1.0 1.0
81.90496908 0.0 0.0
82.81405907999999 1.0 0.0
83.72314908000001 0.0 0.0
84.63223908 1.0 1.0
85.54132908 0.0 0.0
86.45041907999999 1.0 0.0
87.35950908000001 0.0 0.0
88.26859908 1.0 1.0
89.17768908 0.0 0.0
90.08677908000001 1.0 0.0
90.99586908 0.0 0.0
91.90495908 1.0 1.0
92.81404907999999 0.0 0.0
93.72313908000001 1.0 0.0
94.63222908 0.0 0.0
95.54131908 1.0 1.0
96.45040908000001 0.0 0.0
97.35949908 1.0 0.0
98.26858908 0.0 0.0
99.17767907999999 1.0 1.0
100.08676908000001 0.0 0.0
100.99585908 1.0 0.0
101.90494908 0.0 0.0
102.81403908000001 1.0 1.0
103.72312908 0.0 0.0
104.63221908 1.0 0.0
105.54130907999999 0.0 0.0
106.45039908000001 1.0 1.0
107.35948908 0.0 0.0
108.26857908 1.0 0.0
109.17766908000002 0.0 0.0
110.08675908000001 1.0 1.0
110.99584908 0.0 0.0
111.90493907999999 1.0 0.0
112.81402908000001 0.0 0.0
113.72311908 1.0 1.0
114.63220908 0.0 0.0
115.54129907999999 1.0 0.0
116.45038908000001 0.0 0.0
117.35947908000003 1.0 1.0
118.26856908000002 0.0 0.0
119.17765908000001 1.0 0.0
120.08674908 0.0 0.0
120.99583908000002 1.0 1.0
121.90492908000002 0.0 0.0
122.81401908000001 1.0 0.0
123.72310908000003 0.0 0.0
124.63219908000002 1.0 1.0
125.54128908000001 0.0 0.0
126.45037908 1.0 0.0
127.35946908000003 0.0 0.0
128.26855908000002 1.0 1.0
129.17764908 0.0 0.0
130.08673908000003 1.0 0.0
130.99582908000002 0.0 0.0
131.90491908 1.0 1.0
132.81400908 0.0 0.0
133.72309908000003 1.0 0.0
134.63218908000002 0.0 0.0
135.54127908 1.0 1.0
136.45036908 0.0 0.0
137.35945908000002 1.0 0.0
138.26854908 0.0 0.0
139.17763908 1.0 1.0
140.08672908000003 0.0 0.0
140.99581908000002 1.0 0.0
141.90490908 0.0 0.0
142.81399908 1.0 1.0
143.72308908000002 0.0 0.0
144.63217908000001 1.0 0.0
145.54126908000003 0.0 0.0
146.45035908000003 1.0 1.0
147.35944908000002 0.0 0.0
148.26853908 1.0 0.0
149.17762908000003 0.0 0.0
150.08671908000002 1.0 1.0
150.99580908000002 0.0 0.0
151.90489908000004 1.0 0.0
152.81398908000003 0.0 0.0
153.72307908000002 1.0 1.0
154.63216908 0.0 0.0
155.54125908000003 1.0 0.0
156.45034908000002 0.0 0.0
157.35943908000002 1.0 1.0
158.26852908000004 0.0 0.0
159.17761908000003 1.0 0.0
160.08670908000002 0.0 0.0
160.99579908 1.0 1.0
161.90488908000003 0.0 0.0
162.81397908000002 1.0 0.0
163.72306908000002 0.0 0.0
164.63215908000004 1.0 1.0
165.54124908000003 0.0 0.0
166.45033908000002 1.0 0.0
167.35942908 0.0 0.0
168.26851908000003 1.0 1.0
169.17760908000002 0.0 0.0
170.08669908000002 1.0 0.0
170.99578908000004 0.0 0.0
171.90487908000003 1.0 1.0
172.81396908000002 0.0 0.0
173.72305908 1.0 0.0
174.63214908000003 0.0 0.0
175.54123908000003 1.0 1.0
176.45032908000002 0.0 0.0
177.35941908 1.0 0.0
178.26850908000003 0.0 0.0
179.17759908000002 1.0 1.0
180.08668908 0.0 0.0
180.99577908000003 1.0 0.0
181.90486908000003 0.0 0.0
182.81395908000002 1.0 1.0
183.72304908 0.0 0.0
184.63213908000003 1.0 0.0
185.54122908000002 0.0 0.0
186.45031908 1.0 1.0
187.35940908000003 0.0 0.0
188.26849908000003 1.0 0.0
189.17758908000002 0.0 0.0
190.08667908 1.0 1.0
190.99576908000003 0.0 0.0
191.90485908000002 1.0 0.0
192.81394908000001 0.0 0.0
193.72303908000004 1.0 1.0
194.63212908000003 0.0 0.0
195.54121908000002 1.0 0.0
196.45030908 0.0 0.0
197.35939908000003 1.0 1.0
198.26848908000002 0.0 0.0
199.17757908000002 1.0 0.0
200.08666908000004 0.0 0.0
200.99575908000003 1.0 1.0
201.90484908000002 0.0 0.0
202.81393908 1.0 0.0
203.72302908000003 0.0 0.0
204.63211908000002 1.0 1.0
205.54120908000002 0.0 0.0
206.45029908000004 1.0 0.0
207.35938908000003 0.0 0.0
208.26847908000002 1.0 1.0
209.17756908 0.0 0.0
210.08665908000003 1.0 0.0
210.99574908000002 0.0 0.0
211.90483908000002 1.0 1.0
212.81392908000004 0.0 0.0
213.72301908000003 1.0 0.0
214.63210908000002 0.0 0.0
215.54119908 1.0 1.0
216.45028908000003 0.0 0.0
217.35937908000002 1.0 0.0
218.26846908000002 0.0 0.0
219.17755908000004 1.0 1.0
220.08664908000003 0.0 0.0
220.99573908000002 1.0 0.0
221.90482908 0.0 0.0
222.81391908000003 1.0 1.0
223.72300908000003 0.0 0.0
224.63209908000002 1.0 0.0
225.54118908000004 0.0 0.0
226.45027908000003 1.0 1.0
227.35936908000002 0.0 0.0
228.26845908 1.0 0.0
229.17754908000003 0.0 0.0
230.08663908000003 1.0 1.0
230.99572908000002 0.0 0.0
231.90481908 1.0 0.0
232.81390908000003 0.0 0.0
233.72299908000002 1.0 1.0
234.63208908000001 0.0 0.0
235.54117908000003 1.0 0.0