0.72 0.0 0.0
1.6575 1.0 1.0
2.5949999999999998 0.0 0.0
3.5324999999999998 1.0 0.0
4.47 0.0 0.0
5.4075 1.0 1.0
6.345 0.0 0.0
7.2825 1.0 0.0
8.22 0.0 0.0
9.1575 1.0 1.0
10.095 0.0 0.0
11.0325 1.0 0.0
11.97 0.0 0.0
12.9075 1.0 1.0
13.845 0.0 0.0
14.7825 1.0 0.0
15.72 0.0 0.0
16.6575 1.0 1.0
17.595 0.0 0.0
18.5325 1.0 0.0
19.47 0.0 0.0
20.4075 1.0 1.0
21.345 0.0 0.0
22.2825 1.0 0.0
23.22 0.0 0.0
24.1575 1.0 1.0
25.095 0.0 0.0
26.0325 1.0 0.0
26.97 0.0 0.0
27.9075 1.0 1.0
28.845 0.0 0.0
29.7825 1.0 0.0
30.72 0.0 0.0
31.6575 1.0 1.0
32.595 0.0 0.0
33.5325 1.0 0.0
34.47 0.0 0.0
35.4075 1.0 1.0
36.345 0.0 0.0
37.2825 1.0 0.0
38.22 0.0 0.0
39.1575 1.0 1.0
40.095 0.0 0.0
41.0325 1.0 0.0
41.97 0.0 0.0
42.9075 1.0 1.0
43.845 0.0 0.0
44.7825 1.0 0.0
45.72 0.0 0.0
46.6575 1.0 1.0
47.600668608 0.0 0.0
48.545549608 1.0 0.0
49.490430608 0.0 0.0
50.435311608 1.0 1.0
51.380192608 0.0 0.0
52.325073608 1.0 0.0
53.269954608 0.0 0.0
54.214835608 1.0 1.0
55.15409413125 0.0 0.0
56.09159413125 1.0 0.0
57.02909413125 0.0 0.0
57.96659413125 1.0 1.0
58.90409413125 0.0 0.0
59.84159413125 1.0 0.0
60.77909413125 0.0 0.0
61.71659413125 1.0 1.0
62.65409413125 0.0 0.0
63.59159413125 1.0 0.0
64.52909413124999 0.0 0.0
65.46659413124999 1.0 1.0
66.40409413124999 0.0 0.0
67.34159413124999 1.0 0.0
68.27909413124999 0.0 0.0
69.21659413124999 1.0 1.0
70.15409413124999 0.0 0.0
71.09159413124999 1.0 0.0
72.02909413124999 0.0 0.0
72.96659413124999 1.0 1.0
73.90409413124999 0.0 0.0
74.84159413124999 1.0 0.0
75.77909413124999 0.0 0.0
76.71659413124999 1.0 1.0
77.65409413124999 0.0 0.0
78.59159413124999 1.0 0.0
79.52909413124999 0.0 0.0
80.46659413124999 1.0 1.0
81.40409413124999 0.0 0.0
82.34159413124999 1.0 0.0
83.27909413124999 0.0 0.0
84.21659413124999 1.0 1.0
85.15409413124999 0.0 0.0
86.09159413124999 1.0 0.0
87.02909413124999 0.0 0.0
87.96659413124999 1.0 1.0
88.90409413124999 0.0 0.0
89.84159413124999 1.0 0.0
90.77909413124999 0.0 0.0
91.71659413124999 1.0 1.0
92.65409413124999 0.0 0.0
93.59159413124999 1.0 0.0
94.52909413124999 0.0 0.0
95.46659413124999 1.0 1.0
96.40409413124999 0.0 0.0
97.34159413124999 1.0 0.0
98.27909413124999 0.0 0.0
99.21659413124999 1.0 1.0
100.15409413124999 0.0 0.0
101.09159413124999 1.0 0.0
102.02909413124999 0.0 0.0
102.96659413124999 1.0 1.0
103.90409413124999 0.0 0.0
104.84159413124999 1.0 0.0
105.77909413124999 0.0 0.0
106.71659413124999 1.0 1.0
107.65870746 0.0 0.0
108.60210246000001 1.0 0.0
109.54549746 0.0 0.0
110.48889246 1.0 1.0
111.43228746000001 0.0 0.0
112.37568246000001 1.0 0.0
113.31907746 0.0 0.0
114.26247246000001 1.0 1.0
115.20586746000001 0.0 0.0
116.14926246 1.0 0.0
117.09265746000001 0.0 0.0
118.03605246000001 1.0 1.0
118.9745516625 0.0 0.0
119.9120516625 1.0 0.0
120.8495516625 0.0 0.0
121.7870516625 1.0 1.0
122.7245516625 0.0 0.0
123.6620516625 1.0 0.0
124.5995516625 0.0 0.0
125.5370516625 1.0 1.0
126.4745516625 0.0 0.0
127.4120516625 1.0 0.0
128.3495516625 0.0 0.0
129.2870516625 1.0 1.0
130.2245516625 0.0 0.0
131.1620516625 1.0 0.0
132.0995516625 0.0 0.0
133.0370516625 1.0 1.0
133.9745516625 0.0 0.0
134.9120516625 1.0 0.0
135.8495516625 0.0 0.0
136.7870516625 1.0 1.0
137.7245516625 0.0 0.0
138.6620516625 1.0 0.0
139.5995516625 0.0 0.0
140.5370516625 1.0 1.0
141.4745516625 0.0 0.0
142.4120516625 1.0 0.0
143.3495516625 0.0 0.0
144.2870516625 1.0 1.0
145.2245516625 0.0 0.0
146.1620516625 1.0 0.0
147.0995516625 0.0 0.0
148.0370516625 1.0 1.0
148.9745516625 0.0 0.0
149.9120516625 1.0 0.0
150.8495516625 0.0 0.0
151.7870516625 1.0 1.0
152.7245516625 0.0 0.0
153.6620516625 1.0 0.0
154.5995516625 0.0 0.0
155.5370516625 1.0 1.0
156.4745516625 0.0 0.0
157.4120516625 1.0 0.0
158.3495516625 0.0 0.0
159.2870516625 1.0 1.0
160.22911586625 0.0 0.0
161.17251086625 1.0 0.0
162.11590586625 0.0 0.0
163.05930086625 1.0 1.0
163.99819306875 0.0 0.0
164.93569306875 1.0 0.0
165.87319306875 0.0 0.0
166.81069306875 1.0 1.0
167.74819306875 0.0 0.0
168.68569306875 1.0 0.0
169.62319306875 0.0 0.0
170.56069306875 1.0 1.0
171.49819306875 0.0 0.0
172.43569306875 1.0 0.0
173.37319306875 0.0 0.0
174.31069306875 1.0 1.0
175.24819306875 0.0 0.0
176.18569306875 1.0 0.0
177.1277081475 0.0 0.0
178.0711031475 1.0 1.0
179.0144981475 0.0 0.0
179.9578931475 1.0 0.0
180.9012881475 0.0 0.0
181.8446831475 1.0 1.0
182.7880781475 0.0 0.0
183.7314731475 1.0 0.0
184.6748681475 0.0 0.0
185.6182631475 1.0 1.0
186.55822899425 0.0 0.0
187.49719499425 1.0 1.0
188.43616099425 0.0 0.0
189.37512699425 1.0 0.0
190.31409299425 0.0 0.0
191.25305899425 1.0 1.0
192.19202499425 0.0 0.0
193.13099099425 1.0 0.0
194.06995699425 0.0 0.0
195.00892299424999 1.0 1.0
195.94788899425 0.0 0.0
196.88685499425 1.0 0.0
197.82582099425 0.0 0.0
198.76478699425 1.0 1.0
199.70009047691667 0.0 0.0
200.63466847691666 1.0 0.0
201.56924647691667 0.0 0.0
202.50382447691666 1.0 1.0
203.43840247691668 0.0 0.0
204.37298047691667 1.0 0.0
205.30755847691668 0.0 0.0
206.24278564791666 1.0 1.0
207.18028564791666 0.0 0.0
208.11778564791666 1.0 0.0
209.05528564791666 0.0 0.0
209.99278564791666 1.0 1.0
210.93028564791666 0.0 0.0
211.86778564791666 1.0 0.0
212.80528564791666 0.0 0.0
213.74278564791666 1.0 1.0
214.68028564791666 0.0 0.0
215.61778564791666 1.0 0.0
216.55528564791666 0.0 0.0
217.49278564791666 1.0 1.0
218.43028564791666 0.0 0.0
219.36778564791666 1.0 0.0
220.30528564791666 0.0 0.0
221.24278564791666 1.0 1.0
222.18028564791666 0.0 0.0
223.11778564791666 1.0 0.0
224.05528564791666 0.0 0.0
224.99278564791666 1.0 1.0
225.93028564791666 0.0 0.0
226.86778564791666 1.0 0.0
227.80528564791666 0.0 0.0
228.74278564791666 1.0 1.0
229.68028564791666 0.0 0.0
230.61778564791666 1.0 0.0
231.55528564791666 0.0 0.0
232.49278564791666 1.0 1.0
233.43028564791666 0.0 0.0
234.36778564791666 1.0 0.0
235.30528564791666 0.0 0.0
236.24278564791666 1.0 1.0
237.18028564791666 0.0 0.0
238.11778564791666 1.0 0.0
239.05528564791666 0.0 0.0
239.99278564791666 1.0 1.0
240.93028564791666 0.0 0.0
241.86778564791666 1.0 0.0
242.80528564791666 0.0 0.0
243.74278564791666 1.0 1.0
244.68028564791666 0.0 0.0
245.61778564791666 1.0 1.0
246.55528564791666 0.0 0.0
247.49278564791666 0.0 0.0
248.43028564791666 1.0 1.0
249.36778564791666 0.0 0.0
250.30528564791666 1.0 1.0
251.24278564791666 0.0 0.0