0.16409625700000002 0.0 0.0
0.886987257 1.0 1.0
1.6098782570000003 0.0 0.0
2.3327692570000003 1.0 0.0
3.0556602570000004 0.0 0.0
3.7785512570000006 1.0 1.0
4.501442257000001 0.0 0.0
5.2243332570000005 1.0 0.0
5.947224257000001 0.0 0.0
6.670115257000001 1.0 1.0
7.3930062570000015 0.0 0.0
8.115897257 1.0 0.0
8.838788257000001 0.0 0.0
9.561679257000002 1.0 1.0
10.284570257000002 0.0 0.0
11.007461257000001 1.0 0.0
11.730352257000002 0.0 0.0
12.453243257000004 1.0 1.0
13.176134257000003 0.0 0.0
13.899025257000003 1.0 0.0
14.621916257000004 0.0 0.0
15.344807257000003 1.0 1.0
16.067698257000004 0.0 0.0
16.790589257000004 1.0 0.0
17.513480257000005 0.0 0.0
18.236371257000005 1.0 1.0
18.959262257000002 0.0 0.0
19.682153257000003 1.0 0.0
20.405044257000004 0.0 0.0
21.127935257000004 1.0 1.0
21.850826257000005 0.0 0.0
22.573717257000006 1.0 0.0
23.296608257000003 0.0 0.0
24.019499257000003 1.0 1.0
24.742390257000004 0.0 0.0
25.465281257 1.0 0.0
26.188172257 0.0 0.0
26.911063257000002 1.0 1.0
27.633954257000003 0.0 0.0
28.356845257000003 1.0 0.0
29.079736257000004 0.0 0.0
29.802627257000005 1.0 1.0
30.525518257 0.0 0.0
31.248409257000002 1.0 0.0
31.971300257000003 0.0 0.0
32.694191257 1.0 1.0
33.417082257000004 0.0 0.0
34.139973257 1.0 0.0
34.862864257000005 0.0 0.0
35.585755257 1.0 1.0
36.30864625700001 0.0 0.0
37.031537257000004 1.0 1.0
37.754428257 0.0 0.0
38.477319257000005 1.0 0.0
39.200210257 0.0 0.0
39.923101257000006 1.0 1.0
40.645992257 0.0 0.0
41.36888325700001 1.0 0.0
42.091774257000004 0.0 0.0
42.814665257 1.0 1.0
43.537556257000006 0.0 0.0
44.260447257 1.0 0.0
44.98333825700001 0.0 0.0
45.706229257000004 1.0 1.0
46.42912025700001 0.0 0.0
47.15201125700001 1.0 0.0
47.87490225700001 0.0 0.0
48.59779325700001 1.0 1.0
49.32068425700001 0.0 0.0
50.04357525700001 1.0 0.0
50.766466257000005 0.0 0.0
51.48935725700001 1.0 1.0
52.212248257000006 0.0 0.0
52.935139257 1.0 0.0
53.65803025700001 0.0 0.0
54.380921257000004 1.0 1.0
55.10381225700001 0.0 0.0
55.826703257000005 1.0 0.0
56.54959425700001 0.0 0.0
57.27248525700001 1.0 1.0
57.995376257000004 0.0 0.0
58.71826725700001 1.0 0.0
59.441158257000005 0.0 0.0
60.16404925700001 1.0 1.0
60.886940257000006 0.0 0.0
61.60983125700001 1.0 0.0
62.33272225700001 0.0 0.0
63.055613257000005 1.0 1.0
63.77850425700001 0.0 0.0
64.50139525700001 1.0 0.0
65.224286257 0.0 0.0
65.947177257 1.0 1.0
66.67006825700001 0.0 0.0
67.392959257 1.0 0.0
68.115850257 0.0 0.0
68.83874125700001 1.0 1.0
69.56163225700001 0.0 0.0
70.284523257 1.0 0.0
71.00741425700001 0.0 0.0
71.73030525700001 1.0 1.0
72.453196257 0.0 0.0
73.176087257 1.0 1.0
73.89897825700001 0.0 0.0
74.62186925700001 1.0 0.0
75.344760257 0.0 0.0
76.06765125700001 1.0 1.0
76.79054225700001 0.0 0.0
77.513433257 1.0 0.0
78.236324257 0.0 0.0
78.95921525700001 1.0 1.0
79.68210625700002 0.0 0.0
80.404997257 1.0 0.0
81.12788825700001 0.0 0.0
81.85077925700001 1.0 1.0
82.573670257 0.0 0.0
83.29656125700001 1.0 0.0
84.01945225700001 0.0 0.0
84.74234325700002 1.0 1.0
85.465234257 0.0 0.0
86.18812525700001 1.0 0.0
86.91101625700001 0.0 0.0
87.633907257 1.0 1.0
88.35679825700001 0.0 0.0
89.07968925700001 1.0 0.0
89.80258025700002 0.0 0.0
90.525471257 1.0 1.0
91.24836225700001 0.0 0.0
91.97125325700001 1.0 0.0
92.694144257 0.0 0.0
93.41703525700001 1.0 1.0
94.13992625700001 0.0 0.0
94.86281725700002 1.0 0.0
95.58570825700001 0.0 0.0
96.30859925700001 1.0 1.0
97.03149025700002 0.0 0.0
97.754381257 1.0 0.0
98.47727225700001 0.0 0.0
99.20016325700003 1.0 1.0
99.92305425700002 0.0 0.0
100.64594525700002 1.0 0.0
101.36883625700003 0.0 0.0
102.09172725700003 1.0 1.0
102.81461825700002 0.0 0.0
103.53750925700002 1.0 0.0
104.26040025700003 0.0 0.0
104.98329125700002 1.0 1.0
105.70618225700002 0.0 0.0
106.42907325700003 1.0 0.0
107.15196425700003 0.0 0.0
107.87485525700002 1.0 1.0
108.59774625700003 0.0 0.0
109.32063725700003 1.0 1.0
110.04352825700002 0.0 0.0
110.76641925700002 1.0 0.0
111.48931025700003 0.0 0.0
112.21220125700003 1.0 1.0
112.93509225700002 0.0 0.0
113.65798325700003 1.0 0.0
114.38087425700003 0.0 0.0
115.10376525700002 1.0 1.0
115.82665625700002 0.0 0.0
116.54954725700003 1.0 0.0
117.27243825700003 0.0 0.0
117.99532925700002 1.0 1.0
118.71822025700003 0.0 0.0
119.44111125700003 1.0 0.0
120.16400225700002 0.0 0.0
120.88689325700003 1.0 1.0
121.60978425700003 0.0 0.0
122.33267525700003 1.0 0.0
123.05556625700002 0.0 0.0
123.77845725700003 1.0 1.0
124.50134825700003 0.0 0.0
125.22423925700002 1.0 0.0
125.94713025700003 0.0 0.0
126.67002125700003 1.0 1.0
127.39291225700002 0.0 0.0
128.11580325700004 1.0 0.0
128.83869425700001 0.0 0.0
129.56158525700002 1.0 1.0
130.28447625700002 0.0 0.0
131.00736725700003 1.0 0.0
131.73025825700003 0.0 0.0
132.45314925700004 1.0 1.0
133.17604025700004 0.0 0.0
133.89893125700002 1.0 0.0
134.62182225700002 0.0 0.0
135.34471325700002 1.0 1.0
136.06760425700003 0.0 0.0
136.79049525700003 1.0 0.0
137.51338625700004 0.0 0.0
138.23627725700004 1.0 1.0
138.95916825700002 0.0 0.0
139.68205925700002 1.0 0.0
140.40495025700002 0.0 0.0
141.12784125700003 1.0 1.0
141.85073225700003 0.0 0.0
142.57362325700004 1.0 0.0
143.29651425700004 0.0 0.0
144.01940525700002 1.0 1.0
144.74229625700002 0.0 0.0
145.46518725700003 1.0 1.0
146.18807825700003 0.0 0.0
146.91096925700003 1.0 0.0
147.63386025700004 0.0 0.0
148.35675125700004 1.0 1.0
149.07964225700002 0.0 0.0
149.80253325700002 1.0 0.0
150.52542425700003 0.0 0.0
151.24831525700003 1.0 1.0
151.97120625700003 0.0 0.0
152.69409725700004 1.0 0.0
153.41698825700004 0.0 0.0
154.13987925700002 1.0 1.0
154.86277025700002 0.0 0.0
155.58566125700003 1.0 0.0
156.30855225700003 0.0 0.0
157.03144325700003 1.0 1.0
157.75433425700004 0.0 0.0
158.47722525700004 1.0 0.0
159.21693006758335 0.0 0.0
159.99336053466666 1.0 1.0
160.81812745958334 0.0 0.0
161.66434409858337 1.0 0.0
162.39256038825002 0.0 0.0
163.11545138825002 1.0 1.0
163.83834238825003 0.0 0.0
164.56123338825003 1.0 0.0
165.28412438825 0.0 0.0
166.00701538825 1.0 1.0
166.72990638825001 0.0 0.0
167.45279738825002 1.0 0.0
168.17568838825002 0.0 0.0
168.89857938825003 1.0 1.0
169.62147038825003 0.0 0.0
170.34436138825 1.0 0.0
171.06725238825 0.0 0.0
171.79014338825002 1.0 1.0
172.51303438825002 0.0 0.0
173.23592538825002 1.0 0.0
173.95881638825003 0.0 0.0
174.68170738825 1.0 1.0
175.40459838825 0.0 0.0
176.12748938825 1.0 0.0
176.85038038825002 0.0 0.0
177.57327138825002 1.0 1.0
178.29616238825002 0.0 0.0
179.01905338825003 1.0 0.0
179.74194438825003 0.0 0.0
180.46483538825 1.0 1.0
181.18772638825 0.0 0.0
181.91061738825002 1.0 0.0
182.63350838825002 0.0 0.0
183.35639938825003 1.0 1.0
184.07929038825003 0.0 0.0
184.80218138825 1.0 0.0
185.52507238825 0.0 0.0
186.24796338825 1.0 1.0
186.97085438825 0.0 0.0
187.69374538825 1.0 0.0
188.41663638825 0.0 0.0
189.13952738825 1.0 1.0
189.86241838825 0.0 0.0
190.58530938824998 1.0 0.0
191.30820038825 0.0 0.0
192.03109138825 1.0 0.0
192.75398238825 0.0 0.0
193.47687338825 1.0 1.0
194.19976438825 0.0 0.0
194.92265538825 1.0 0.0
195.64554638825 0.0 0.0
196.36843738825002 1.0 1.0
197.09132838825 0.0 0.0