0.03331216000000003 0.0 0.0
0.9850881600000001 1.0 1.0
1.93686416 0.0 0.0
2.8886401600000005 1.0 0.0
3.84041616 0.0 0.0
4.79219216 1.0 1.0
5.7439681600000005 0.0 0.0
6.69574416 1.0 0.0
7.64752016 0.0 0.0
8.59929616 1.0 1.0
9.55107216 0.0 0.0
10.50284816 1.0 0.0
11.45462416 0.0 0.0
12.40640016 1.0 1.0
13.35817616 0.0 0.0
14.30995216 1.0 0.0
15.26172816 0.0 0.0
16.21350416 1.0 1.0
17.16528016 0.0 0.0
18.117056159999997 1.0 0.0
19.06883216 0.0 0.0
20.02060816 1.0 1.0
20.972384159999997 0.0 0.0
21.924160159999996 1.0 0.0
22.87593616 0.0 0.0
23.827712159999997 1.0 1.0
24.779488159999996 0.0 0.0
25.73126416 1.0 0.0
26.683040159999997 0.0 0.0
27.634816159999996 1.0 1.0
28.58659216 0.0 0.0
29.538368159999997 1.0 0.0
30.490144159999996 0.0 0.0
31.44192016 1.0 1.0
32.39369616 0.0 0.0
33.34547216 1.0 0.0
34.297248159999995 0.0 0.0
35.24902416 1.0 1.0
36.20080016 0.0 0.0
37.152576159999995 1.0 0.0
38.10435216 0.0 0.0
39.05612816 1.0 1.0
40.007904159999995 0.0 0.0
40.95968016 1.0 0.0
41.91145616 0.0 0.0
42.863232159999995 1.0 1.0
43.81500816 0.0 0.0
44.76678416 1.0 0.0
45.718560159999996 0.0 0.0
46.67033616 1.0 1.0
47.62211216 0.0 0.0
48.573888159999996 1.0 0.0
49.52566416 0.0 0.0
50.47744015999999 1.0 1.0
51.429216159999996 0.0 0.0
52.38099216 1.0 0.0
53.33276815999999 0.0 0.0
54.284544159999996 1.0 1.0
55.23632016 0.0 0.0
56.18809615999999 1.0 0.0
57.139872159999996 0.0 0.0
58.09164816 1.0 1.0
59.043424159999994 0.0 0.0
59.995200159999996 1.0 0.0
60.94697616 0.0 0.0
61.898752159999994 1.0 1.0
62.850528159999996 0.0 0.0
63.80230416 1.0 0.0
64.75408016 0.0 0.0
65.70585615999998 1.0 1.0
66.65763215999999 0.0 0.0
67.60940815999999 1.0 0.0
68.56118415999998 0.0 0.0
69.51296015999999 1.0 1.0
70.46473615999999 0.0 0.0
71.41651215999998 1.0 0.0
72.36828815999999 0.0 0.0
73.32006415999999 1.0 1.0
74.27184015999998 0.0 0.0
75.22361615999999 1.0 0.0
76.17539215999999 0.0 0.0
77.12716815999998 1.0 1.0
78.07894415999999 0.0 0.0
79.03072015999999 1.0 0.0
79.98249615999998 0.0 0.0
80.93427215999999 1.0 1.0
81.88604815999999 0.0 0.0
82.83782415999998 1.0 0.0
83.78960015999999 0.0 0.0
84.74137615999999 1.0 1.0
85.69315215999998 0.0 0.0
86.64492815999999 1.0 0.0
87.59670415999999 0.0 0.0
88.54848015999998 1.0 1.0
89.50025615999999 0.0 0.0
90.45203215999999 1.0 0.0
91.40380815999998 0.0 0.0
92.35558415999999 1.0 1.0
93.30736015999999 0.0 0.0
94.25913615999998 1.0 0.0
95.21091215999999 0.0 0.0
96.16268815999999 1.0 0.0
97.11446415999998 0.0 0.0
98.06624015999999 1.0 1.0
99.01801615999999 0.0 0.0
99.96979215999998 1.0 0.0
100.92156815999999 0.0 0.0
101.87334415999999 1.0 1.0
102.82512015999998 0.0 0.0
103.77689615999999 1.0 0.0
104.72867215999999 0.0 0.0
105.68044815999998 1.0 1.0
106.63222415999999 0.0 0.0
107.58400015999999 1.0 0.0
108.53577615999998 0.0 0.0
109.48755215999999 1.0 1.0
110.43932815999999 0.0 0.0
111.39110415999998 1.0 0.0
112.34288015999999 0.0 0.0
113.29465615999999 1.0 1.0
114.24643215999998 0.0 0.0
115.19820816 1.0 0.0
116.14998415999999 0.0 0.0
117.10176015999998 1.0 1.0
118.05353616 0.0 0.0
119.00531215999999 1.0 0.0
119.95708815999998 0.0 0.0
120.90886416 1.0 1.0
121.86064015999999 0.0 0.0
122.81241615999998 1.0 0.0
123.76419216 0.0 0.0
124.71596815999999 1.0 1.0
125.66774415999998 0.0 0.0
126.61952016 1.0 0.0
127.57129615999999 0.0 0.0
128.52307216 1.0 1.0
129.47484816 0.0 0.0
130.42662416 1.0 0.0
131.37840016 0.0 0.0
132.33017616 1.0 1.0
133.28195216 0.0 0.0
134.23372816 1.0 0.0
135.18550416 0.0 0.0
136.13728016 1.0 1.0
137.08905616 0.0 0.0
138.04083216 1.0 0.0
138.99260816 0.0 0.0
139.94438416 1.0 1.0
140.89616016 0.0 0.0
141.84793616 1.0 0.0
142.79971216 0.0 0.0
143.75148816 1.0 0.0
144.70326416 0.0 0.0
145.65504016 1.0 1.0
146.60681616 0.0 0.0
147.55859216 1.0 0.0
148.51036816 0.0 0.0
149.46214416 1.0 1.0
150.41392016 0.0 0.0
151.36569616 1.0 0.0
152.31747216 0.0 0.0
153.26924816 1.0 1.0
154.22102416 0.0 0.0
155.17280016 1.0 0.0
156.12457616 0.0 0.0
157.07635216 1.0 1.0
158.02812816 0.0 0.0
158.97990416 1.0 0.0
159.93168016 0.0 0.0
160.88345616 1.0 1.0
161.83523216 0.0 0.0
162.78700816 1.0 0.0
163.73878416 0.0 0.0
164.69056016 1.0 1.0
165.64233616 0.0 0.0
166.59411216 1.0 0.0
167.54588816 0.0 0.0
168.49766416 1.0 1.0
169.44944016 0.0 0.0
170.40121616 1.0 0.0
171.35299216 0.0 0.0
172.30476816 1.0 1.0
173.25654416 0.0 0.0
174.20832016 1.0 0.0
175.16009616 0.0 0.0
176.11187216 1.0 1.0
177.06364815999999 0.0 0.0
178.01542416 1.0 0.0
178.96720016 0.0 0.0
179.91897616 1.0 1.0
180.87075216 0.0 0.0
181.82252816 1.0 0.0
182.77430415999999 0.0 0.0
183.72608016 1.0 1.0
184.67785616 0.0 0.0
185.62963216 1.0 0.0
186.58140816 0.0 0.0
187.53318416 1.0 1.0
188.48496015999999 0.0 0.0
189.43673616 1.0 0.0
190.38851216 0.0 0.0
191.34028816 1.0 1.0