0.46	4.0
0.93	1.0
1.42	2.0
1.9	3.0
2.36	4.0
2.84	1.0
3.33	2.0
3.81	3.0
4.27	4.0
4.74	1.0
5.21	2.0
5.7	3.0
6.17	4.0
6.64	1.0
7.12	2.0
7.61	3.0
8.08	4.0
8.53	1.0
9.01	2.0
9.49	3.0
9.97	4.0
10.44	1.0
10.93	2.0
11.42	3.0
11.89	4.0
12.34	1.0
12.82	2.0
13.31	3.0
13.79	4.0
14.26	1.0
14.72	2.0
15.19	3.0
15.67	4.0
16.13	1.0
16.61	2.0
17.11	3.0
17.58	4.0
18.08	1.0
18.57	2.0
19.02	3.0
19.49	4.0
19.97	1.0
20.44	2.0
20.91	3.0
21.39	4.0
21.85	1.0
22.33	2.0
22.81	3.0
23.3	4.0
23.78	1.0
24.27	2.0
24.74	3.0
25.21	4.0
25.7	1.0
26.17	2.0
26.63	3.0
27.1	4.0
27.59	1.0
28.04	2.0
28.53	3.0
28.99	4.0
29.49	1.0
29.96	2.0
30.44	3.0
30.91	4.0
31.39	1.0
31.86	2.0
32.33	3.0
32.81	4.0
33.3	1.0
33.76	2.0
34.23	3.0
34.71	4.0
35.2	1.0
35.67	2.0
36.16	3.0
36.62	4.0
37.1	1.0
37.59	2.0
38.05	3.0
38.53	4.0
39.0	1.0
39.48	2.0
39.95	3.0
40.43	4.0
40.92	1.0
41.39	2.0
41.86	3.0
42.34	4.0
42.82	1.0
43.28	2.0
43.76	3.0
44.24	4.0
44.74	1.0
45.21	2.0
45.69	3.0
46.15	4.0
46.64	1.0
47.11	2.0
47.57	3.0
48.04	4.0
48.51	1.0
48.97	2.0
49.46	3.0
49.95	4.0
50.42	1.0
50.89	2.0
51.38	3.0
51.84	4.0
52.31	1.0
52.8	2.0
53.27	3.0
53.74	4.0
54.22	1.0
54.7	2.0
55.18	3.0
55.67	4.0
56.14	1.0
56.62	2.0
57.09	3.0
57.57	4.0
58.03	1.0
58.52	2.0
59.0	3.0
59.48	4.0
59.94	1.0
60.4	2.0
60.89	3.0
61.36	4.0
61.84	1.0
62.33	2.0
62.79	3.0
63.26	4.0
63.73	1.0
64.22	2.0
64.69	3.0
65.16	4.0
65.64	1.0
66.13	2.0
66.61	3.0
67.09	4.0
67.56	1.0
68.04	2.0
68.51	3.0
68.98	4.0
69.47	1.0
69.95	2.0
70.42	3.0
70.89	4.0
71.35	1.0
71.83	2.0
72.31	3.0
72.8	4.0
73.27	1.0
73.75	2.0
74.23	3.0
74.7	4.0
75.17	1.0
75.65	2.0
76.13	3.0
76.6	4.0
77.08	1.0
77.55	2.0
78.01	3.0
78.49	4.0
78.98	1.0
79.45	2.0
79.92	3.0
80.42	4.0
80.89	1.0
81.36	2.0
81.85	3.0
82.31	4.0
82.78	1.0
83.27	2.0
83.74	3.0
84.24	4.0
84.69	1.0
85.16	2.0
85.64	3.0
86.11	4.0
86.59	1.0
87.07	2.0
87.56	3.0
88.03	4.0
88.5	1.0
88.98	2.0
89.46	3.0
89.93	4.0
90.39	1.0
90.87	2.0
91.36	3.0
91.82	4.0
92.3	1.0
92.79	2.0
93.26	3.0
93.75	4.0
94.22	1.0
94.69	2.0
95.17	3.0
95.62	4.0
96.1	1.0
96.57	2.0
97.07	3.0
97.55	4.0
98.01	1.0
98.51	2.0
98.97	3.0
99.44	4.0
99.93	1.0
100.4	2.0
100.87	3.0
101.33	4.0
101.81	1.0
102.3	2.0
102.76	3.0
103.26	4.0
103.74	1.0
104.2	2.0
104.68	3.0
105.16	4.0
105.65	1.0
106.1	2.0
106.57	3.0
107.06	4.0
107.55	1.0
108.0	2.0
108.47	3.0
108.96	4.0
109.44	1.0
109.92	2.0
110.37	3.0
110.85	4.0
111.33	1.0
111.8	2.0
112.27	3.0
112.75	4.0
113.24	1.0
113.71	2.0
114.2	3.0
114.68	4.0
115.16	1.0
115.63	2.0
116.09	3.0
116.55	4.0
117.04	1.0
117.52	2.0
118.0	3.0
118.48	4.0
118.96	1.0
119.44	2.0
119.91	3.0
120.37	4.0
120.86	1.0
121.34	2.0
121.81	3.0
122.28	4.0
122.78	1.0
123.24	2.0
123.71	3.0
124.18	4.0
124.67	1.0
125.14	2.0
125.62	3.0
126.09	4.0
126.58	1.0
127.06	2.0
127.52	3.0
128.0	4.0
128.48	1.0
128.93	2.0
129.42	3.0
129.9	4.0
130.38	1.0
130.85	2.0
131.34	3.0
131.81	4.0
132.26	1.0
132.75	2.0
133.21	3.0
133.68	4.0
134.17	1.0
134.66	2.0
135.12	3.0
135.6	4.0
136.06	1.0
136.56	2.0
137.03	3.0
137.5	4.0
137.99	1.0
138.47	2.0
138.96	3.0
139.43	4.0
139.9	1.0
140.37	2.0
140.84	3.0
141.32	4.0
141.79	1.0
142.28	2.0
142.75	3.0
143.23	4.0
143.7	1.0
144.18	2.0
144.65	3.0
145.13	4.0
145.59	1.0
146.08	2.0
146.56	3.0
147.03	4.0
147.51	1.0
148.0	2.0
148.47	3.0
148.96	4.0
149.42	1.0
149.9	2.0
150.38	3.0
150.86	4.0
151.31	1.0
151.79	2.0
152.26	3.0
152.74	4.0
153.2	1.0
153.68	2.0
154.17	3.0
154.65	4.0
155.13	1.0
155.63	2.0
156.11	3.0
156.59	4.0
157.06	1.0
157.53	2.0
158.0	3.0
158.5	4.0
158.97	1.0
159.45	2.0
159.9	3.0
160.39	4.0
160.85	1.0
161.32	2.0
161.8	3.0
162.29	4.0
162.75	1.0
163.23	2.0
163.72	3.0
164.19	4.0
164.66	1.0
165.14	2.0
165.63	3.0
166.09	4.0
166.59	1.0
167.05	2.0
167.52	3.0
167.99	4.0
168.46	1.0
168.93	2.0
169.43	3.0
169.9	4.0
170.38	1.0
170.87	2.0
171.34	3.0
171.8	4.0
172.27	1.0
172.74	2.0
173.24	3.0
173.71	4.0
174.18	1.0
174.66	2.0
175.13	3.0
175.62	4.0
176.09	1.0
176.56	2.0
177.04	3.0
177.51	4.0
177.97	1.0
178.45	2.0
178.94	3.0
179.41	4.0
179.88	1.0
180.35	2.0
180.84	3.0
181.31	4.0
181.78	1.0
182.26	2.0
182.76	3.0
183.23	4.0
183.71	1.0
184.19	2.0
184.65	3.0
185.12	4.0
185.6	1.0
186.08	2.0
186.56	3.0
187.03	4.0
187.51	1.0
187.98	2.0
188.47	3.0
188.96	4.0
189.42	1.0
189.9	2.0
190.39	3.0
190.87	4.0
191.33	1.0
