0.3333328 1.0 1.0
1.1666648 0.0 0.0
1.9999968 1.0 0.0
2.8333288 0.0 0.0
3.6666608 1.0 1.0
4.499992799999999 0.0 0.0
5.3333248 1.0 0.0
6.166656799999999 0.0 0.0
6.9999888 1.0 1.0
7.833320799999999 0.0 0.0
8.6666528 1.0 0.0
9.4999848 0.0 0.0
10.333316799999999 1.0 1.0
11.166648799999999 0.0 0.0
11.9999808 1.0 0.0
12.8333128 0.0 0.0
13.666644799999997 1.0 1.0
14.499976799999999 0.0 0.0
15.3333088 1.0 0.0
16.1666408 0.0 0.0
16.9999728 1.0 1.0
17.8333048 0.0 0.0
18.6666368 1.0 0.0
19.499968799999998 0.0 0.0
20.3333008 1.0 1.0
21.1666328 0.0 0.0
21.999964799999997 1.0 0.0
22.8332968 0.0 0.0
23.666628799999998 1.0 1.0
24.499960799999997 0.0 0.0
25.3332928 1.0 0.0
26.166624799999997 0.0 0.0
26.9999568 1.0 1.0
27.8332888 0.0 0.0
28.666620799999997 1.0 0.0
29.4999528 0.0 0.0
30.333284799999998 1.0 1.0
31.166616799999996 0.0 0.0
31.9999488 1.0 0.0
32.8332808 0.0 0.0
33.666612799999996 1.0 1.0
34.499944799999994 0.0 0.0
35.3332768 1.0 0.0
36.1666088 0.0 0.0
36.9999408 1.0 1.0
37.833272799999996 0.0 0.0
38.666604799999995 1.0 0.0
39.4999368 0.0 0.0
40.3332688 1.0 1.0
41.1666008 0.0 0.0
41.999932799999996 1.0 0.0
42.833264799999995 0.0 0.0
43.66659679999999 1.0 1.0
44.4999288 0.0 0.0
45.3332608 1.0 0.0
46.1665928 0.0 0.0
46.999924799999995 1.0 1.0
47.833256799999994 0.0 0.0
48.6665888 1.0 0.0
49.4999208 0.0 0.0
50.3332528 1.0 1.0
51.166584799999995 0.0 0.0
51.999916799999994 1.0 0.0
52.8332488 0.0 0.0
53.666580800000006 1.0 1.0
54.499912800000004 0.0 0.0
55.3332448 1.0 0.0
56.1665768 0.0 0.0
56.99990879999999 1.0 1.0
57.8332408 0.0 0.0
58.6665728 1.0 0.0
59.499904799999996 0.0 0.0
60.333236799999995 1.0 1.0
61.16656879999999 0.0 0.0
61.9999008 1.0 0.0
62.8332328 0.0 0.0
63.666564799999996 1.0 1.0
64.4998968 0.0 0.0
65.3332288 1.0 0.0
66.1665608 0.0 0.0
66.9998928 1.0 1.0
67.8332248 0.0 0.0
68.6665568 1.0 0.0
69.4998888 0.0 0.0
70.33322079999999 1.0 1.0
71.16655279999999 0.0 0.0
71.99988479999999 1.0 0.0
72.83321679999999 0.0 0.0
73.6665488 1.0 1.0
74.4998808 0.0 0.0
75.3332128 1.0 0.0
76.1665448 0.0 0.0
76.9998768 1.0 1.0
77.8332088 0.0 0.0
78.66654079999999 1.0 0.0
79.49987279999999 0.0 0.0
80.33320479999999 1.0 1.0
81.16653679999999 0.0 0.0
81.99986879999999 1.0 0.0
82.8332008 0.0 0.0
83.6665328 1.0 1.0
84.4998648 0.0 0.0
85.3331968 1.0 0.0
86.1665288 0.0 0.0
86.9998608 1.0 1.0
87.83319279999999 0.0 0.0
88.66652479999999 1.0 0.0
89.49985679999999 0.0 0.0
90.33318879999999 1.0 1.0
91.1665208 0.0 0.0
91.9998528 1.0 0.0
92.8331848 0.0 0.0
93.6665168 1.0 1.0
94.4998488 0.0 0.0
95.3331808 1.0 0.0
96.16651279999999 0.0 0.0
96.99984479999999 1.0 1.0
97.83317679999999 0.0 0.0
98.66650879999999 1.0 0.0
99.49984079999999 0.0 0.0
100.3331728 1.0 1.0
101.1665048 0.0 0.0
101.9998368 1.0 0.0
102.8331688 0.0 0.0
103.6665008 1.0 1.0
104.4998328 0.0 0.0
105.33316479999999 1.0 0.0
106.16649679999999 0.0 0.0
106.99982879999999 1.0 1.0
107.83316079999999 0.0 0.0
108.66649279999999 1.0 0.0
109.4998248 0.0 0.0
110.3331568 1.0 1.0
111.1664888 0.0 0.0
111.9998208 1.0 0.0
112.8331528 0.0 0.0
113.66648479999999 1.0 1.0
114.49981679999999 0.0 0.0
115.33314879999999 1.0 0.0
116.16648079999999 0.0 0.0
116.99981279999999 1.0 1.0
117.83314479999999 0.0 0.0
118.6664768 1.0 0.0
119.4998088 0.0 0.0
120.3331408 1.0 1.0
121.1664728 0.0 0.0
121.99980479999999 1.0 0.0
122.83313679999999 0.0 0.0
123.66646879999999 1.0 1.0
124.49980079999999 0.0 0.0
125.33313279999999 1.0 0.0
126.16646479999999 0.0 0.0
126.99979679999998 1.0 1.0
127.8331288 0.0 0.0
128.66646079999998 1.0 0.0
129.4997928 0.0 0.0
130.33312479999998 1.0 1.0
131.1664568 0.0 0.0
131.9997888 1.0 0.0
132.8331208 0.0 0.0
133.6664528 1.0 1.0
134.4997848 0.0 0.0
135.3331168 1.0 0.0
136.16644879999998 0.0 0.0
136.9997808 1.0 1.0
137.83311279999998 0.0 0.0
138.6664448 1.0 0.0
139.49977679999998 0.0 0.0
140.3331088 1.0 1.0
141.1664408 0.0 0.0
141.9997728 1.0 0.0
142.8331048 0.0 0.0
143.66643679999999 1.0 1.0
144.4997688 0.0 0.0
145.33310079999998 1.0 0.0
146.1664328 0.0 0.0
146.99976479999998 1.0 1.0
147.8330968 0.0 0.0
148.66642879999998 1.0 0.0
149.4997608 0.0 0.0
150.3330928 1.0 1.0
151.1664248 0.0 0.0
151.9997568 1.0 0.0
152.83308879999998 0.0 0.0
153.6664208 1.0 1.0
154.49975279999998 0.0 0.0
155.3330848 1.0 0.0
156.16641679999998 0.0 0.0
156.9997488 1.0 1.0
157.83308079999998 0.0 0.0
158.6664128 1.0 0.0
159.4997448 0.0 0.0
160.3330768 1.0 1.0
161.1664088 0.0 0.0
161.99974079999998 1.0 0.0
162.8330728 0.0 0.0
163.66640479999998 1.0 1.0
164.4997368 0.0 0.0
165.33306879999998 1.0 0.0
166.1664008 0.0 0.0
166.99973279999998 1.0 1.0
167.8330648 0.0 0.0
168.6663968 1.0 0.0
169.49972879999999 0.0 0.0
170.3330608 1.0 1.0
171.16639279999998 0.0 0.0
171.9997248 1.0 0.0
172.83305679999998 0.0 0.0
173.6663888 1.0 1.0
174.49972079999998 0.0 0.0
175.3330528 1.0 0.0
176.16638479999997 0.0 0.0
176.9997168 1.0 1.0
177.8330488 0.0 0.0
178.66638079999998 1.0 0.0
179.4997128 0.0 0.0
180.33304479999998 1.0 1.0
181.1663768 0.0 0.0
181.99970879999998 1.0 0.0
182.8330408 0.0 0.0
183.66637279999998 1.0 1.0
184.4997048 0.0 0.0
185.33303679999997 1.0 0.0
186.1663688 0.0 0.0
186.9997008 1.0 1.0
187.83303279999998 0.0 0.0
188.6663648 1.0 0.0
189.49969679999998 0.0 0.0
190.3330288 1.0 1.0
191.16636079999998 0.0 0.0
191.9996928 1.0 0.0
192.83302479999998 0.0 0.0
193.6663568 1.0 1.0
194.49968879999997 0.0 0.0
195.33302079999999 1.0 0.0
196.1663528 0.0 0.0
196.99968479999998 1.0 1.0
197.8330168 0.0 0.0
198.66634879999998 1.0 0.0
199.4996808 0.0 0.0
200.33301279999998 1.0 1.0
201.1663448 0.0 0.0
201.99967679999997 1.0 0.0
202.8330088 0.0 0.0
203.66634079999997 1.0 1.0
204.49967279999998 0.0 0.0
205.3330048 1.0 0.0
206.16633679999998 0.0 0.0
206.9996688 1.0 1.0
207.83300079999998 0.0 0.0
208.6663328 1.0 0.0
209.49966479999998 0.0 0.0
210.3329968 1.0 1.0
211.16632879999997 0.0 0.0
211.9996608 1.0 0.0
212.8329928 0.0 0.0
213.66632479999996 1.0 1.0
214.49965679999997 0.0 0.0
215.33298879999995 1.0 0.0
216.16632079999997 0.0 0.0
216.99965279999995 1.0 1.0
217.83298479999996 0.0 0.0
218.66631679999995 1.0 0.0
219.49964879999996 0.0 0.0
220.33298079999997 1.0 1.0
221.16631279999996 0.0 0.0
221.99964479999997 1.0 0.0
222.83297679999995 0.0 0.0
223.66630879999997 1.0 1.0
224.49964079999995 0.0 0.0
225.33297279999996 1.0 0.0
226.16630479999995 0.0 0.0
226.99963679999996 1.0 1.0
227.83296879999997 0.0 0.0
228.6663008 1.0 0.0
229.49963279999997 0.0 0.0
230.33296479999998 1.0 1.0
231.1662968 0.0 0.0
231.99962879999998 1.0 0.0
232.8329608 0.0 0.0
233.66629279999998 1.0 0.0
234.4996248 0.0 0.0