0.641120928 0.0 0.0
1.508672928 1.0 0.0
2.376224928 0.0 0.0
3.2437769280000004 1.0 1.0
4.111328928 0.0 0.0
4.978880928 1.0 0.0
5.8464329280000005 0.0 0.0
6.713984928 1.0 1.0
7.581536928000001 0.0 0.0
8.449088928000002 1.0 0.0
9.316640928000002 0.0 0.0
10.184192928000002 1.0 1.0
11.051744928000002 0.0 0.0
11.919296928000001 1.0 0.0
12.786848928000001 0.0 0.0
13.654400928000001 1.0 1.0
14.521952928000001 0.0 0.0
15.389504928000003 1.0 0.0
16.257056928000004 0.0 0.0
17.124608928000004 1.0 1.0
17.992160928000004 0.0 0.0
18.859712928000004 1.0 0.0
19.727264928000004 0.0 0.0
20.594816928000004 1.0 1.0
21.462368928000004 0.0 0.0
22.329920928000003 1.0 0.0
23.197472928000003 0.0 0.0
24.065024928000003 1.0 1.0
24.932576928000003 0.0 0.0
25.800128928000003 1.0 0.0
26.667680928000003 0.0 0.0
27.535232928000003 1.0 1.0
28.402784928 0.0 0.0
29.270336928000003 1.0 0.0
30.137888928 0.0 0.0
31.005440928 1.0 1.0
31.872992928 0.0 0.0
32.740544928 1.0 0.0
33.608096927999995 0.0 0.0
34.475648928 1.0 1.0
35.343200927999995 0.0 0.0
36.210752928 1.0 0.0
37.078304928 0.0 0.0
37.945856928 1.0 1.0
38.813408928 0.0 0.0
39.680960928 1.0 0.0
40.548512928 0.0 0.0
41.416064928 1.0 1.0
42.283616928 0.0 0.0
43.151168928 1.0 0.0
44.018720928 0.0 0.0
44.886272928 1.0 1.0
45.753824928 0.0 0.0
46.621376928 1.0 0.0
47.488928928 0.0 0.0
48.356480927999996 1.0 1.0
49.224032928 0.0 0.0
50.091584927999996 1.0 0.0
50.959136928 0.0 0.0
51.826688927999996 1.0 1.0
52.694240928 0.0 0.0
53.561792928 1.0 0.0
54.429344928 0.0 0.0
55.296896928 1.0 1.0
56.164448928000006 0.0 0.0
57.03200092800001 1.0 0.0
57.899552928000006 0.0 0.0
58.76710492800001 1.0 1.0
59.634656928000005 0.0 0.0
60.50220892800001 1.0 0.0
61.369760928000005 0.0 0.0
62.23731292800001 1.0 1.0
63.104864928000005 0.0 0.0
63.97241692800001 1.0 0.0
64.839968928 0.0 0.0
65.70752092800001 1.0 1.0
66.57507292800001 0.0 0.0
67.442624928 1.0 0.0
68.310176928 0.0 0.0
69.17772892800001 1.0 1.0
70.04528092800001 0.0 0.0
70.912832928 1.0 0.0
71.780384928 0.0 0.0
72.64793692800001 1.0 1.0
73.51548892800001 0.0 0.0
74.38304092800001 1.0 0.0
75.250592928 0.0 0.0
76.118144928 1.0 1.0
76.98569692800001 0.0 0.0
77.85324892800001 1.0 0.0
78.720800928 0.0 0.0
79.588352928 1.0 1.0
80.45590492800001 0.0 0.0
81.32345692800001 1.0 0.0
82.191008928 0.0 0.0
83.058560928 1.0 1.0
83.92611292800001 0.0 0.0
84.79366492800001 1.0 0.0
85.661216928 0.0 0.0
86.528768928 1.0 0.0
87.39632092800001 0.0 0.0
88.26387292800001 1.0 1.0
89.131424928 0.0 0.0
89.998976928 1.0 0.0
90.86652892800001 0.0 0.0
91.73408092800001 1.0 1.0
92.60163292800001 0.0 0.0
93.469184928 1.0 0.0
94.33673692800001 0.0 0.0
95.20428892800001 1.0 1.0
96.07184092800001 0.0 0.0
96.939392928 1.0 0.0
97.80694492800001 0.0 0.0
98.67449692800001 1.0 1.0
99.54204892800001 0.0 0.0
100.409600928 1.0 0.0
101.277152928 0.0 0.0
102.14470492800001 1.0 1.0
103.01225692800001 0.0 0.0
103.879808928 1.0 0.0
104.747360928 0.0 0.0
105.61491292800001 1.0 1.0
106.48246492800001 0.0 0.0
107.35001692800002 1.0 0.0
108.217568928 0.0 0.0
109.08512092800001 1.0 1.0
109.95267292800001 0.0 0.0
110.82022492800002 1.0 0.0
111.687776928 0.0 0.0
112.55532892800001 1.0 1.0
113.42288092800001 0.0 0.0
114.29043292800002 1.0 0.0
115.157984928 0.0 0.0
116.02553692800001 1.0 1.0
116.89308892800001 0.0 0.0
117.76064092800002 1.0 0.0
118.628192928 0.0 0.0
119.49574492800001 1.0 1.0
120.36329692800001 0.0 0.0
121.23084892800001 1.0 0.0
122.098400928 0.0 0.0
122.96595292800001 1.0 1.0
123.83350492800001 0.0 0.0
124.70105692800001 1.0 0.0
125.56860892800002 0.0 0.0
126.436160928 1.0 1.0
127.30371292800001 0.0 0.0
128.171264928 1.0 0.0
129.03881692800002 0.0 0.0
129.906368928 1.0 1.0
130.77392092800002 0.0 0.0
131.641472928 1.0 0.0
132.509024928 0.0 0.0
133.37657692800002 1.0 1.0
134.244128928 0.0 0.0
135.111680928 1.0 0.0
135.97923292800002 0.0 0.0
136.846784928 1.0 1.0
137.71433692800002 0.0 0.0
138.581888928 1.0 0.0
139.449440928 0.0 0.0
140.31699292800002 1.0 1.0
141.184544928 0.0 0.0
142.05209692800003 1.0 0.0
142.91964892800002 0.0 0.0
143.787200928 1.0 1.0
144.65475292800002 0.0 0.0
145.522304928 1.0 0.0
146.389856928 0.0 0.0
147.25740892800002 1.0 1.0
148.124960928 0.0 0.0
148.99251292800002 1.0 0.0
149.860064928 0.0 0.0
150.727616928 1.0 1.0
151.59516892800002 0.0 0.0
152.462720928 1.0 0.0
153.330272928 0.0 0.0
154.19782492800002 1.0 1.0
155.065376928 0.0 0.0
155.93292892800002 1.0 0.0
156.800480928 0.0 0.0
157.668032928 1.0 1.0
158.53558492800002 0.0 0.0
159.403136928 1.0 0.0
160.27068892800003 0.0 0.0
161.13824092800002 1.0 1.0
162.005792928 0.0 0.0
162.87334492800002 1.0 0.0
163.740896928 0.0 0.0
164.608448928 1.0 1.0
165.47600092800002 0.0 0.0
166.343552928 1.0 0.0
167.21110492800003 0.0 0.0
168.07865692800002 1.0 1.0
168.946208928 0.0 0.0
169.81376092800002 1.0 0.0
170.681312928 0.0 0.0
171.548864928 1.0 1.0
172.41641692800002 0.0 0.0
173.283968928 1.0 0.0
174.15152092800002 0.0 0.0
175.019072928 1.0 1.0
175.886624928 0.0 0.0
176.75417692800002 1.0 0.0
177.621728928 0.0 0.0
178.48928092800003 1.0 1.0
179.35683292800002 0.0 0.0
180.224384928 1.0 0.0
181.09193692800002 0.0 0.0
181.959488928 1.0 1.0
182.827040928 0.0 0.0
183.69459292800002 1.0 0.0
184.562144928 0.0 0.0
185.42969692800003 1.0 1.0
186.29724892800002 0.0 0.0
187.164800928 1.0 0.0
188.03235292800002 0.0 0.0
188.899904928 1.0 1.0
189.767456928 0.0 0.0
190.63500892800002 1.0 0.0
191.502560928 0.0 0.0
192.37011292800003 1.0 1.0
193.23766492800002 0.0 0.0
194.105216928 1.0 0.0
194.97276892800002 0.0 0.0
195.840320928 1.0 1.0
196.70787292800003 0.0 0.0
197.57542492800002 1.0 0.0
198.442976928 0.0 0.0
199.31052892800002 1.0 1.0
200.178080928 0.0 0.0
201.045632928 1.0 0.0
201.91318492800002 0.0 0.0
202.780736928 1.0 1.0
203.64828892800003 0.0 0.0
204.51584092800002 1.0 0.0
205.383392928 0.0 0.0
206.25094492800002 1.0 1.0
207.118496928 0.0 0.0
207.98604892800003 1.0 0.0
208.85360092800002 0.0 0.0
209.721152928 1.0 1.0
210.58870492800003 0.0 0.0
211.45625692800002 1.0 0.0
212.323808928 0.0 0.0
213.19136092800002 1.0 1.0
214.058912928 0.0 0.0
214.92646492800003 1.0 0.0
215.79401692800002 0.0 0.0
216.661568928 1.0 1.0
217.52912092800003 0.0 0.0
218.39667292800002 1.0 0.0
219.264224928 0.0 0.0
220.13177692800002 1.0 1.0
220.999328928 0.0 0.0
221.86688092800003 1.0 1.0
222.734432928 0.0 0.0
223.60198492799998 0.0 0.0