0.23823504000000004 1.0 1.0
1.12058704 0.0 0.0
2.00293904 1.0 0.0
2.88529104 0.0 0.0
3.76764304 1.0 1.0
4.64999504 0.0 0.0
5.53234704 1.0 0.0
6.4146990399999995 0.0 0.0
7.2970510399999995 1.0 1.0
8.179403039999999 0.0 0.0
9.06175504 1.0 0.0
9.944107039999999 0.0 0.0
10.82645904 1.0 1.0
11.708811039999999 0.0 0.0
12.59116304 1.0 0.0
13.473515039999999 0.0 0.0
14.35586704 1.0 1.0
15.23821904 0.0 0.0
16.12057104 1.0 0.0
17.002923040000002 0.0 0.0
17.88527504 1.0 1.0
18.76762704 0.0 0.0
19.64997904 1.0 0.0
20.532331040000003 0.0 0.0
21.41468304 1.0 1.0
22.29703504 0.0 0.0
23.17938704 1.0 0.0
24.061739040000003 0.0 0.0
24.94409104 1.0 1.0
25.82644304 0.0 0.0
26.708795040000002 1.0 0.0
27.59114704 0.0 0.0
28.473499040000004 1.0 1.0
29.355851040000005 0.0 0.0
30.238203040000005 1.0 0.0
31.120555040000003 0.0 0.0
32.002907040000004 1.0 1.0
32.88525904 0.0 0.0
33.767611040000006 1.0 0.0
34.64996304 0.0 0.0
35.53231504000001 1.0 1.0
36.414667040000005 0.0 0.0
37.29701904 1.0 0.0
38.17937104000001 0.0 0.0
39.061723040000004 1.0 1.0
39.94407504 0.0 0.0
40.826427040000006 1.0 0.0
41.70877904 0.0 0.0
42.59113104000001 1.0 1.0
43.473483040000005 0.0 0.0
44.35583504 1.0 0.0
45.23818704000001 0.0 0.0
46.120539040000004 1.0 1.0
47.00289104 0.0 0.0
47.885243040000006 1.0 0.0
48.76759504 0.0 0.0
49.64994704000001 1.0 1.0
50.532299040000005 0.0 0.0
51.41465104 1.0 0.0
52.29700304000001 0.0 0.0
53.179355040000004 1.0 1.0
54.06170704 0.0 0.0
54.944059040000006 1.0 0.0
55.82641104 0.0 0.0
56.70876304 1.0 1.0
57.59111504 0.0 0.0
58.473467039999996 1.0 0.0
59.35581904 0.0 0.0
60.23817104 1.0 1.0
61.120523039999995 0.0 0.0
62.00287504 1.0 0.0
62.88522704 0.0 0.0
63.76757904 1.0 1.0
64.64993104 0.0 0.0
65.53228304 1.0 0.0
66.41463504 0.0 0.0
67.29698704 1.0 1.0
68.17933904 0.0 0.0
69.06169104 1.0 0.0
69.94404304 0.0 0.0
70.82639504 1.0 1.0
71.70874703999999 0.0 0.0
72.59109904 1.0 0.0
73.47345104 0.0 0.0
74.35580304 1.0 1.0
75.23815504 0.0 0.0
76.12050703999999 1.0 0.0
77.00285904 0.0 0.0
77.88521104 1.0 1.0
78.76756304 0.0 0.0
79.64991504 1.0 0.0
80.53226704 0.0 0.0
81.41461904 1.0 1.0
82.29697104 0.0 0.0
83.17932304 1.0 0.0
84.06167504 0.0 0.0
84.94402704 1.0 1.0
85.82637903999999 0.0 0.0
86.70873104 1.0 0.0
87.59108304 0.0 0.0
88.47343504 1.0 0.0
89.35578704 0.0 0.0
90.23813904 1.0 1.0
91.12049104 0.0 0.0
92.00284304 1.0 0.0
92.88519504 0.0 0.0
93.76754704 1.0 1.0
94.64989904 0.0 0.0
95.53225103999999 1.0 0.0
96.41460304 0.0 0.0
97.29695504 1.0 1.0
98.17930704 0.0 0.0
99.06165904 1.0 0.0
99.94401103999999 0.0 0.0
100.82636304 1.0 1.0
101.70871504 0.0 0.0
102.59106704 1.0 0.0
103.47341904 0.0 0.0
104.35577104 1.0 1.0
105.23812304 0.0 0.0
106.12047504 1.0 0.0
107.00282704 0.0 0.0
107.88517904 1.0 1.0
108.76753104 0.0 0.0
109.64988303999999 1.0 0.0
110.53223504 0.0 0.0
111.41458704 1.0 1.0
112.29693904 0.0 0.0
113.17929104000001 1.0 0.0
114.06164304 0.0 0.0
114.94399504000002 1.0 1.0
115.82634704000002 0.0 0.0
116.70869904000001 1.0 0.0
117.59105104000001 0.0 0.0
118.47340304000001 1.0 1.0
119.35575504 0.0 0.0
120.23810704000002 1.0 0.0
121.12045904000001 0.0 0.0
122.00281104000001 1.0 1.0
122.88516304000001 0.0 0.0
123.76751504 1.0 0.0
124.64986704000002 0.0 0.0
125.53221904000002 1.0 1.0
126.41457104000001 0.0 0.0
127.29692304000001 1.0 0.0
128.17927504000002 0.0 0.0
129.06162704000002 1.0 1.0
129.94397904000002 0.0 0.0
130.82633104 1.0 0.0
131.70868304 0.0 0.0
132.59103504 1.0 1.0
133.47338704 0.0 0.0
134.35573904 1.0 0.0
135.23809104 0.0 0.0
136.12044304 1.0 1.0
137.00279504000002 0.0 0.0
137.88514704000002 1.0 0.0
138.76749904000002 0.0 0.0
139.64985104000002 1.0 1.0
140.53220304 0.0 0.0
141.41455504 1.0 0.0
142.29690704 0.0 0.0
143.17925904 1.0 1.0
144.06161104 0.0 0.0
144.94396304 1.0 0.0
145.82631504000003 0.0 0.0
146.70866704000002 1.0 1.0
147.59101904000002 0.0 0.0
148.47337104000002 1.0 0.0
149.35572304000002 0.0 0.0
150.23807504 1.0 1.0
151.12042704 0.0 0.0
152.00277904 1.0 0.0
152.88513104 0.0 0.0
153.76748304 1.0 1.0
154.64983504 0.0 0.0
155.53218704000003 1.0 0.0
156.41453904000002 0.0 0.0
157.29689104000002 1.0 1.0
158.17924304000002 0.0 0.0
159.06159504000001 1.0 0.0
159.94394704 0.0 0.0
160.82629904 1.0 1.0
161.70865104 0.0 0.0
162.59100304 1.0 0.0
163.47335504 0.0 0.0
164.35570704 1.0 1.0
165.23805904000002 0.0 0.0
166.12041104000002 1.0 0.0
167.00276304000002 0.0 0.0
167.88511504000002 1.0 1.0
168.76746704 0.0 0.0
169.64981904 1.0 0.0
170.53217104 0.0 0.0
171.41452304 1.0 1.0
172.29687504 0.0 0.0
173.17922704 1.0 0.0
174.06157904000003 0.0 0.0
174.94393104000002 1.0 1.0
175.82628304000002 0.0 0.0
176.70863504000002 1.0 0.0
177.59098704000002 0.0 0.0
178.47333904 1.0 1.0
179.35569104 0.0 0.0
180.23804304 1.0 0.0
181.12039504 0.0 0.0
182.00274704 1.0 1.0
182.88509904 0.0 0.0
183.76745104000003 1.0 0.0
184.64980304000002 0.0 0.0
185.53215504000002 1.0 1.0
186.41450704000002 0.0 0.0
187.29685904000002 1.0 0.0
188.17921104 0.0 0.0
189.06156304 1.0 1.0
189.94391504 0.0 0.0
190.82626704 1.0 0.0
191.70861904 0.0 0.0
192.59097104 1.0 1.0
193.47332304000003 0.0 0.0
194.35567504000002 1.0 0.0
195.23802704000002 0.0 0.0
196.12037904000002 1.0 1.0
197.00273104000001 0.0 0.0
197.88508304 1.0 0.0
198.76743504 0.0 0.0
199.64978704 1.0 1.0
200.53213904 0.0 0.0
201.41449104 1.0 0.0
202.29684304 0.0 0.0
203.17919504000002 1.0 1.0
204.06154704000002 0.0 0.0
204.94389904000002 1.0 0.0
205.82625104000002 0.0 0.0
206.70860304 1.0 1.0
207.59095504 0.0 0.0
208.47330704 1.0 0.0
209.35565904 0.0 0.0
210.23801104 1.0 1.0
211.12036304 0.0 0.0
212.00271504000003 1.0 0.0
212.88506704000002 0.0 0.0
213.76741904000002 1.0 1.0
214.64977104000002 0.0 0.0
215.53212304000002 1.0 0.0
216.41447504 0.0 0.0
217.29682704 1.0 1.0
218.17917904 0.0 0.0
219.06153104 1.0 0.0
219.94388304 0.0 0.0
220.82623504 1.0 1.0
221.70858704000003 0.0 0.0
222.59093904000002 1.0 0.0
223.47329104000002 0.0 0.0
224.35564304000002 1.0 1.0
225.23799504000002 0.0 0.0
226.12034703999998 1.0 0.0
227.00269903999998 0.0 0.0
227.88505103999998 1.0 1.0
228.76740303999998 0.0 0.0
229.64975503999997 1.0 0.0
230.53210704 0.0 0.0
231.41445904 1.0 1.0
232.29681104 0.0 0.0
233.17916304 1.0 0.0
234.06151504 0.0 0.0
234.94386704 1.0 1.0
235.82621903999998 0.0 0.0
236.70857103999998 1.0 0.0
237.59092303999998 0.0 0.0
238.47327503999998 1.0 1.0
239.35562703999997 0.0 0.0
240.23797904 1.0 0.0
241.12033103999997 0.0 0.0
242.00268303999997 1.0 1.0
242.88503503999996 0.0 0.0
243.76738703999996 1.0 0.0
244.64973903999996 0.0 0.0
245.53209103999995 1.0 1.0
246.41444303999995 0.0 0.0
247.29679503999995 1.0 0.0
248.17914703999995 0.0 0.0
249.06149903999997 1.0 1.0
249.94385103999997 0.0 0.0
250.82620303999997 1.0 0.0
251.70855503999996 0.0 0.0
252.59090703999996 1.0 1.0
253.47325903999996 0.0 0.0
254.35561103999996 1.0 0.0
255.23796303999995 0.0 0.0
256.12031504 1.0 0.0
257.00266703999995 0.0 0.0
257.88501904 1.0 1.0
258.76737103999994 0.0 0.0
259.64972303999997 1.0 0.0
260.53207503999994 0.0 0.0
261.41442703999996 1.0 1.0
262.29677903999993 0.0 0.0
263.17913103999996 1.0 0.0
264.06148304 0.0 0.0
264.94383503999995 1.0 1.0
265.82618704 0.0 0.0
266.70853903999995 1.0 0.0
267.59089104 0.0 0.0
268.47324303999994 1.0 1.0
269.35559503999997 0.0 0.0
270.23794703999994 1.0 0.0
271.12029903999996 0.0 0.0
272.00265103999993 1.0 1.0
272.88500303999996 0.0 0.0
273.76735504 1.0 0.0
274.64970703999995 0.0 0.0
275.53205904 1.0 1.0
276.41441103999995 0.0 0.0
277.29676304 1.0 0.0
278.17911503999994 0.0 0.0
279.06146703999997 1.0 1.0
279.94381903999994 0.0 0.0