0.45879276700000005 0.0 0.0
0.9760337670000002 1.0 1.0
1.4932747670000002 0.0 0.0
2.0105157670000002 1.0 0.0
2.5277567670000005 0.0 0.0
3.044997767000001 1.0 1.0
3.562238767000001 0.0 0.0
4.079479767000001 1.0 0.0
4.596720767000001 0.0 0.0
5.113961767000001 1.0 1.0
5.631202767000001 0.0 0.0
6.148443767000002 1.0 0.0
6.665684767000001 0.0 0.0
7.182925767000001 1.0 1.0
7.700166767000002 0.0 0.0
8.217407767000001 1.0 0.0
8.734648767000001 0.0 0.0
9.251889767000002 1.0 1.0
9.769130767000002 0.0 0.0
10.286371767000002 1.0 0.0
10.803612767000002 0.0 0.0
11.320853767000003 1.0 1.0
11.838094767000003 0.0 0.0
12.355335767000003 1.0 0.0
12.872576767000002 0.0 0.0
13.389817767000002 1.0 1.0
13.907058767000002 0.0 0.0
14.424299767000003 1.0 0.0
14.941540767000003 0.0 0.0
15.458781767000003 1.0 1.0
15.976022767000003 0.0 0.0
16.493263767000002 1.0 0.0
17.010504767000004 0.0 0.0
17.527745767000003 1.0 1.0
18.044986767000005 0.0 0.0
18.562227767000007 1.0 0.0
19.079468767000005 0.0 0.0
19.596709767000007 1.0 1.0
20.113950767000006 0.0 0.0
20.631191767000004 1.0 0.0
21.148432767000006 0.0 0.0
21.665673767000005 1.0 1.0
22.182914767000007 0.0 0.0
22.700155767000005 1.0 0.0
23.217396767000007 0.0 0.0
23.734637767000006 1.0 1.0
24.251878767000008 0.0 0.0
24.769119767000007 1.0 0.0
25.286360767000005 0.0 0.0
25.803601767000007 1.0 1.0
26.320842767000006 0.0 0.0
26.838083767000008 1.0 0.0
27.355324767000006 0.0 0.0
27.872565767000008 1.0 1.0
28.389806767000007 0.0 0.0
28.90704776700001 1.0 0.0
29.424288767000007 0.0 0.0
29.94152976700001 1.0 1.0
30.458770767000008 0.0 0.0
30.976011767000006 1.0 0.0
31.49325276700001 0.0 0.0
32.01049376700001 1.0 1.0
32.527734767000005 0.0 0.0
33.04497576700001 1.0 0.0
33.56221676700001 0.0 0.0
34.07945776700001 1.0 1.0
34.59669876700001 0.0 0.0
35.113939767000005 1.0 0.0
35.63118076700001 0.0 0.0
36.14842176700001 1.0 1.0
36.66566276700001 0.0 0.0
37.182903767000006 1.0 0.0
37.70014476700001 0.0 0.0
38.21738576700001 1.0 1.0
38.73462676700001 0.0 0.0
39.25186776700001 0.0 0.0
39.769108767000006 1.0 0.0
40.28634976700001 0.0 0.0
40.80359076700001 1.0 1.0
41.32083176700001 0.0 0.0
41.83807276700001 1.0 0.0
42.35531376700001 0.0 0.0
42.87255476700001 1.0 1.0
43.38979576700001 0.0 0.0
43.90703676700001 1.0 0.0
44.424277767000014 0.0 0.0
44.94151876700001 1.0 1.0
45.45875976700001 0.0 0.0
45.97600076700001 1.0 0.0
46.49324176700001 0.0 0.0
47.01048276700001 1.0 1.0
47.52772376700001 0.0 0.0
48.04496476700001 1.0 0.0
48.56220576700001 0.0 0.0
49.079446767000015 1.0 1.0
49.59668776700001 0.0 0.0
50.11392876700001 1.0 0.0
50.63116976700001 0.0 0.0
51.14841076700001 1.0 1.0
51.665651767000014 0.0 0.0
52.199278318000005 1.0 0.0
52.73499231800001 0.0 0.0
53.27070631800001 1.0 1.0
53.80642031800001 0.0 0.0
54.32574876700001 1.0 0.0
54.84298976700001 0.0 0.0
55.36023076700001 1.0 1.0
55.87747176700001 0.0 0.0
56.39471276700001 1.0 0.0
56.91195376700001 0.0 0.0
57.42919476700001 1.0 1.0
57.94643576700001 0.0 0.0
58.46367676700001 1.0 0.0
58.98091776700001 0.0 0.0
59.498158767000014 1.0 1.0
60.01539976700001 0.0 0.0
60.53264076700001 1.0 0.0
61.04988176700001 0.0 0.0
61.567122767000015 1.0 1.0
62.08436376700001 0.0 0.0
62.60160476700001 1.0 0.0
63.11884576700001 0.0 0.0
63.63608676700001 1.0 1.0
64.15332776700001 0.0 0.0
64.670568767 1.0 0.0
65.187809767 0.0 0.0
65.70505076700002 1.0 1.0
66.22229176700002 0.0 0.0
66.73953276700001 1.0 0.0
67.25677376700001 0.0 0.0
67.77401476700001 1.0 1.0
68.29125576700001 0.0 0.0
68.80849676700001 1.0 0.0
69.325737767 0.0 0.0
69.842978767 1.0 1.0
70.36021976700002 0.0 0.0
70.87746076700002 1.0 0.0
71.39470176700002 0.0 0.0
71.91194276700001 1.0 1.0
72.42918376700001 0.0 0.0
72.94642476700001 1.0 0.0
73.46366576700001 0.0 0.0
73.98090676700001 1.0 1.0
74.498147767 0.0 0.0
75.01538876700002 1.0 0.0
75.532629767 0.0 0.0
76.04987076700002 1.0 1.0
76.56711176700001 0.0 0.0
77.08435276700001 1.0 0.0
77.60159376700001 0.0 0.0
78.11883476700001 1.0 1.0
78.63607576700001 0.0 0.0
79.153316767 1.0 0.0
79.67055776700002 0.0 0.0
80.187798767 1.0 1.0
80.70503976700002 0.0 0.0
81.22228076700002 1.0 0.0
81.73952176700001 0.0 0.0
82.25676276700001 1.0 1.0
82.77400376700001 0.0 0.0
83.29124476700001 1.0 0.0
83.80848576700001 0.0 0.0
84.32572676700002 1.0 1.0
84.84296776700002 0.0 0.0
85.36020876700002 1.0 0.0
85.87744976700002 0.0 0.0
86.39469076700001 1.0 1.0
86.91193176700001 0.0 0.0
87.42917276700001 1.0 0.0
87.94641376700002 0.0 0.0
88.47170340500001 1.0 1.0
88.99801840500002 0.0 0.0
89.52433340500002 1.0 0.0
90.05064840500002 0.0 0.0
90.57696340500001 1.0 1.0
91.10327840500001 0.0 0.0
91.62154476700002 1.0 0.0
92.13878576700002 0.0 0.0
92.65602676700001 1.0 1.0
93.17326776700001 0.0 0.0
93.69050876700001 1.0 0.0
94.21173949300002 0.0 0.0
94.73347849300002 1.0 1.0
95.25521749300002 0.0 0.0
95.77296676700003 1.0 0.0
96.29020776700003 0.0 0.0
96.81549740500002 1.0 1.0
97.34181240500003 0.0 0.0
97.86007876700002 1.0 0.0
98.37731976700002 0.0 0.0
98.89456076700002 1.0 1.0
99.41180176700001 0.0 0.0
99.92904276700001 1.0 0.0
100.44628376700001 0.0 0.0
100.96352476700001 1.0 1.0
101.48076576700001 0.0 0.0
101.99800676700002 1.0 0.0
102.51524776700002 0.0 0.0
103.03248876700002 1.0 1.0
103.54972976700002 0.0 0.0
104.06697076700002 1.0 0.0
104.58421176700001 0.0 0.0
105.10145276700001 1.0 1.0
105.61869376700001 0.0 0.0
106.13593476700001 1.0 0.0
106.65317576700002 0.0 0.0
107.17041676700002 1.0 1.0
107.68765776700002 0.0 0.0
108.20489876700002 1.0 0.0
108.72213976700002 0.0 0.0
109.23938076700001 1.0 1.0
109.75662176700001 0.0 0.0
110.27386276700001 1.0 0.0
110.79110376700001 0.0 0.0
111.30834476700002 1.0 1.0
111.82558576700002 0.0 0.0
112.34282676700002 1.0 0.0
112.86006776700002 0.0 0.0
113.37730876700002 1.0 1.0
113.89454976700002 0.0 0.0
114.41179076700001 1.0 0.0
114.92903176700001 0.0 0.0
115.44627276700001 1.0 1.0
115.96351376700002 0.0 0.0
116.48075476700001 1.0 0.0
116.99799576700002 0.0 0.0
117.51523676700002 1.0 1.0
118.03247776700002 0.0 0.0
118.54971876700002 1.0 0.0
119.06695976700001 0.0 0.0
119.58420076700001 1.0 1.0
120.10144176700001 0.0 0.0
120.61868276700002 1.0 0.0
121.13592376700001 0.0 0.0
121.65316476700002 1.0 1.0
122.17040576700002 0.0 0.0
122.68764676700002 1.0 0.0
123.20488776700002 0.0 0.0
123.72212876700002 1.0 1.0
124.23936976700001 0.0 0.0
124.75661076700001 1.0 0.0
125.27385176700002 0.0 0.0
125.79109276700001 1.0 1.0
126.30833376700002 0.0 0.0
126.82557476700002 1.0 0.0
127.35499516400002 0.0 0.0
127.88596716400002 1.0 1.0
128.416939164 0.0 0.0
128.93573176700002 1.0 0.0
129.452972767 0.0 0.0
129.97021376700002 1.0 1.0
130.48745476700003 0.0 0.0
131.00469576700002 1.0 0.0
131.52193676700003 0.0 0.0
132.04722640500003 1.0 1.0
132.57354140500001 0.0 0.0
133.091807767 1.0 0.0
133.60904876700002 0.0 0.0
134.126289767 1.0 1.0
134.64353076700002 0.0 0.0
135.16077176700003 1.0 0.0
135.678012767 0.0 0.0
136.19525376700003 1.0 1.0
136.712494767 0.0 0.0
137.233725493 1.0 0.0
137.75546449300003 0.0 0.0
138.27321376700002 1.0 1.0
138.790454767 0.0 0.0
139.307695767 1.0 0.0
139.82493676700003 0.0 0.0
140.342177767 1.0 1.0
140.85941876700002 0.0 0.0
141.376659767 1.0 0.0
141.89390076700002 0.0 0.0
142.411141767 1.0 1.0
142.92838276700002 0.0 0.0
143.445623767 1.0 0.0
143.962864767 0.0 0.0
144.48010576700003 1.0 1.0
144.997346767 0.0 0.0
145.51458776700002 1.0 0.0
146.031828767 0.0 0.0
146.54906976700002 1.0 1.0
147.066310767 0.0 0.0
147.58355176700002 1.0 0.0
148.100792767 0.0 0.0
148.61803376700001 1.0 1.0
149.13527476700003 0.0 0.0
149.652515767 1.0 0.0
150.16975676700002 0.0 0.0
150.686997767 1.0 1.0
151.20423876700002 0.0 0.0
151.725469493 1.0 0.0
152.24720849300002 0.0 0.0
152.768947493 1.0 1.0
153.290686493 0.0 0.0
153.808435767 1.0 0.0
154.32567676699998 0.0 0.0
154.842917767 1.0 1.0
155.368207405 0.0 0.0
155.894522405 1.0 0.0
156.420837405 0.0 0.0
156.947152405 1.0 1.0
157.473467405 0.0 0.0
157.991733767 1.0 0.0
158.50897476699998 0.0 0.0
159.026215767 1.0 1.0
159.543456767 0.0 0.0
160.056777227 1.0 0.0
160.569598227 0.0 0.0
161.086339767 1.0 1.0
161.60358076699998 0.0 0.0
162.120821767 1.0 0.0
162.638062767 0.0 0.0
163.155303767 1.0 1.0
163.672544767 0.0 0.0
164.189785767 1.0 0.0
164.707026767 0.0 0.0
165.224267767 1.0 1.0
165.741508767 0.0 0.0
166.25874976699998 1.0 0.0
166.775990767 0.0 0.0
167.293231767 1.0 1.0
167.810472767 0.0 0.0
168.327713767 1.0 0.0
168.844954767 0.0 0.0
169.362195767 1.0 1.0
169.879436767 0.0 0.0
170.396677767 1.0 0.0
170.91391876699998 0.0 0.0
171.431159767 1.0 1.0
171.948400767 0.0 0.0
172.465641767 1.0 0.0
172.982882767 0.0 0.0
173.500123767 1.0 1.0
174.017364767 0.0 0.0
174.534605767 1.0 0.0
175.051846767 0.0 0.0
175.56908776699998 1.0 1.0
176.086328767 0.0 0.0
176.603569767 1.0 0.0
177.120810767 0.0 0.0
177.638051767 1.0 1.0
178.155292767 0.0 0.0
178.672533767 1.0 0.0
179.189774767 0.0 0.0
179.707015767 1.0 1.0
180.22425676699999 0.0 0.0
180.741497767 1.0 0.0
181.266787405 0.0 0.0
181.793102405 1.0 1.0
182.319417405 0.0 0.0
182.83768376700002 1.0 0.0
183.354924767 0.0 0.0
183.872165767 1.0 1.0
184.38940676700003 0.0 0.0
184.898872325 1.0 0.0
185.40734732500002 0.0 0.0
185.92359776700002 1.0 1.0
186.440838767 0.0 0.0
186.95807976700002 1.0 0.0
187.47532076700003 0.0 0.0
187.992561767 1.0 1.0
188.50980276700002 0.0 0.0
189.031033493 1.0 0.0
189.55277249300002 0.0 0.0
190.07451149300002 1.0 1.0
190.596250493 0.0 0.0
191.113999767 1.0 0.0
191.63124076699998 0.0 0.0
192.15247149299998 1.0 1.0
192.674210493 0.0 0.0
193.195949493 1.0 0.0
193.717688493 0.0 0.0
194.23543776699998 1.0 1.0
194.75267876699996 0.0 0.0
195.26991976699998 1.0 0.0
195.787160767 0.0 0.0
196.30440176699997 1.0 1.0
196.821642767 0.0 0.0
197.33888376699997 1.0 0.0
197.85612476699998 0.0 0.0
198.37336576699997 1.0 1.0
198.89060676699998 0.0 0.0
199.40784776699996 1.0 0.0
199.92508876699998 0.0 0.0
200.442329767 1.0 1.0
200.95957076699997 0.0 0.0
201.476811767 1.0 0.0
201.99405276699997 0.0 0.0
202.51129376699998 1.0 1.0
203.02853476699997 0.0 0.0
203.54976549299997 1.0 0.0
204.071504493 0.0 0.0
204.593243493 1.0 1.0
205.11498249299999 0.0 0.0
205.63672149299998 1.0 0.0
206.15846049299998 0.0 0.0
206.68019949299998 1.0 1.0
207.20193849299997 0.0 0.0
207.72367749299997 1.0 0.0
208.24541649299996 0.0 0.0
208.76316576699998 1.0 1.0
209.28040676699996 0.0 0.0
209.79764776699997 1.0 0.0
210.31488876699999 0.0 0.0
210.83212976699997 1.0 1.0
211.34937076699998 0.0 0.0
211.86661176699997 1.0 0.0
212.38385276699998 0.0 0.0
212.90109376699996 1.0 1.0
213.41833476699998 0.0 0.0
213.93557576699996 1.0 0.0
214.45281676699997 0.0 0.0
214.970057767 1.0 0.0
215.48729876699997 0.0 0.0
215.99297417399998 1.0 1.0
216.49717617399997 0.0 0.0
217.00137817399997 1.0 0.0
217.505580174 0.0 0.0
218.00978217399998 1.0 1.0
218.51398417399997 0.0 0.0
219.01818617399996 1.0 0.0
219.52238817399999 0.0 0.0
220.02659017399998 1.0 1.0
220.53079217399997 0.0 0.0
221.034994174 1.0 0.0
221.53919617399998 0.0 0.0
222.04339817399998 1.0 1.0
222.54760017399997 0.0 0.0
223.051802174 1.0 0.0
223.55600417399998 0.0 0.0
224.06020617399997 1.0 1.0
224.564408174 0.0 0.0
225.06861017399999 1.0 0.0
225.57281217399998 0.0 0.0
226.07701417399997 1.0 1.0
226.581216174 0.0 0.0
227.08541817399998 1.0 0.0
227.58962017399998 0.0 0.0
228.09382217399997 1.0 1.0
228.598024174 0.0 0.0
229.10222617399998 1.0 0.0
229.60642817399997 0.0 0.0
230.110630174 1.0 1.0
230.614832174 0.0 0.0
231.11903417399998 1.0 0.0
231.62323617399997 0.0 0.0