0.396000033 0.0 0.0
1.027579033 1.0 1.0
1.6591580329999998 0.0 0.0
2.2907370329999996 1.0 0.0
2.922316033 0.0 0.0
3.553895033 1.0 1.0
4.185474033 0.0 0.0
4.817053033 1.0 0.0
5.448632033 0.0 0.0
6.080211033 1.0 1.0
6.711790033 0.0 0.0
7.343369033 1.0 0.0
7.974948033 0.0 0.0
8.606527033 1.0 1.0
9.238106033 0.0 0.0
9.869685033 1.0 0.0
10.501264032999998 0.0 0.0
11.132843032999999 1.0 1.0
11.764422032999999 0.0 0.0
12.396001033 1.0 0.0
13.027580033 0.0 0.0
13.659159032999998 1.0 1.0
14.290738032999998 0.0 0.0
14.922317032999999 1.0 0.0
15.553896033 0.0 0.0
16.185475033 1.0 1.0
16.817054032999998 0.0 0.0
17.448633033 1.0 0.0
18.080212033 0.0 0.0
18.711791032999997 1.0 1.0
19.343370033 0.0 0.0
19.974949032999998 1.0 0.0
20.606528033 0.0 0.0
21.238107033000002 1.0 1.0
21.869686033000004 0.0 0.0
22.501265033000003 1.0 0.0
23.132844033000005 0.0 0.0
23.764423033000003 1.0 1.0
24.396002033000002 0.0 0.0
25.027581033000004 1.0 0.0
25.659160033000003 0.0 0.0
26.290739033000005 1.0 1.0
26.922318033000003 0.0 0.0
27.553897033000005 1.0 0.0
28.185476033000004 0.0 0.0
28.817055033000003 1.0 1.0
29.448634033000005 0.0 0.0
30.080213033000003 1.0 0.0
30.711792033000005 0.0 0.0
31.343371033000004 1.0 1.0
31.974950033000002 0.0 0.0
32.606529033 1.0 0.0
33.238108033 0.0 0.0
33.869687033000005 1.0 1.0
34.501266033 0.0 0.0
35.132845033 1.0 0.0
35.764424033000004 0.0 0.0
36.39600303300001 1.0 1.0
37.027582033 0.0 0.0
37.659161033000004 1.0 0.0
38.290740033000006 0.0 0.0
38.922319033 1.0 1.0
39.553898033 0.0 0.0
40.185477033000005 1.0 0.0
40.817056033 0.0 0.0
41.448635033 1.0 1.0
42.080214033 0.0 0.0
42.711793033 1.0 0.0
43.343372033 0.0 0.0
43.974951032999996 1.0 1.0
44.606530033 0.0 0.0
45.238109033 1.0 0.0
45.869688032999996 0.0 0.0
46.501267033 1.0 1.0
47.132846033 0.0 0.0
47.764425033 1.0 0.0
48.396004033 0.0 0.0
49.027583033 1.0 1.0
49.659162033 0.0 0.0
50.290741032999996 1.0 0.0
50.922320033 0.0 0.0
51.553899033 1.0 1.0
52.185478032999995 0.0 0.0
52.817057033 1.0 0.0
53.448636033 0.0 0.0
54.080215033 1.0 1.0
54.711794033 0.0 0.0
55.343373033 1.0 0.0
55.974952033 0.0 0.0
56.606531032999996 1.0 1.0
57.238110033 0.0 0.0
57.869689033 1.0 0.0
58.501268033 0.0 0.0
59.132847033 1.0 1.0
59.764426033 0.0 0.0
60.396005033 1.0 0.0
61.027584033 0.0 0.0
61.659163033 1.0 1.0
62.290742033 0.0 0.0
62.922321032999996 1.0 0.0
63.553900033 0.0 0.0
64.185479033 1.0 1.0
64.817058033 0.0 0.0
65.448637033 1.0 0.0
66.080216033 0.0 0.0
66.711795033 1.0 1.0
67.343374033 0.0 0.0
67.974953033 1.0 0.0
68.606532033 0.0 0.0
69.238111033 1.0 1.0
69.869690033 0.0 0.0
70.501269033 1.0 0.0
71.132848033 0.0 0.0
71.764427033 1.0 1.0
72.396006033 0.0 0.0
73.027585033 1.0 0.0
73.659164033 0.0 0.0
74.290743033 1.0 1.0
74.922322033 0.0 0.0
75.553901033 1.0 0.0
76.185480033 0.0 0.0
76.81705903299999 1.0 1.0
77.448638033 0.0 0.0
78.080217033 1.0 0.0
78.711796033 0.0 0.0
79.343375033 1.0 1.0
79.974954033 0.0 0.0
80.606533033 1.0 0.0
81.23811203300001 0.0 0.0
81.865566 1.0 1.0
82.490566 0.0 0.0
83.115566 1.0 0.0
83.740566 0.0 0.0
84.365566 1.0 1.0
84.99469103300001 0.0 0.0
85.62627003300001 1.0 0.0
86.25784903300001 0.0 0.0
86.889428033 1.0 1.0
87.521007033 0.0 0.0
88.152586033 1.0 0.0
88.78416503300001 0.0 0.0
89.41574403300001 1.0 1.0
90.04732303300001 0.0 0.0
90.67890203300001 1.0 0.0
91.310481033 0.0 0.0
91.942060033 1.0 1.0
92.573639033 0.0 0.0
93.20521803300001 1.0 0.0
93.83679703300001 0.0 0.0
94.46837603300001 1.0 1.0
95.09995503300001 0.0 0.0
95.731534033 1.0 0.0
96.363113033 0.0 0.0
96.994692033 1.0 1.0
97.62627103300001 0.0 0.0
98.25785003300001 1.0 0.0
98.88942903300001 0.0 0.0
99.52100803300002 1.0 1.0
100.152587033 0.0 0.0
100.784166033 1.0 0.0
101.41574503300001 0.0 0.0
102.04732403300001 1.0 1.0
102.67890303300001 0.0 0.0
103.310482033 1.0 0.0
103.94206103300002 0.0 0.0
104.573640033 1.0 1.0
105.205219033 0.0 0.0
105.83679803300001 1.0 0.0
106.46837703300001 0.0 0.0
107.09995603300001 1.0 1.0
107.73153503300001 0.0 0.0
108.36311403300002 1.0 0.0
108.994693033 0.0 0.0
109.626272033 1.0 1.0
110.25785103300001 0.0 0.0
110.88943003300001 1.0 0.0
111.52100903300001 0.0 0.0
112.15258803300001 1.0 1.0
112.78416703300002 0.0 0.0
113.415746033 1.0 0.0
114.047325033 0.0 0.0
114.67890403300001 1.0 1.0
115.31048303300001 0.0 0.0
115.94206203300001 1.0 0.0
116.57364103300002 0.0 0.0
117.20522003300002 1.0 1.0
117.836799033 0.0 0.0
118.46837803300001 1.0 0.0
119.09995703300001 0.0 0.0
119.73153603300001 1.0 1.0
120.36311503300001 0.0 0.0
120.994694033 1.0 0.0
121.62627303300002 0.0 0.0
122.257852033 1.0 1.0
122.88943103300001 0.0 0.0
123.52101003300001 1.0 0.0
124.15258903300001 0.0 0.0
124.78416803300001 1.0 1.0
125.415747033 0.0 0.0
126.04732603300002 1.0 0.0
126.678905033 0.0 0.0
127.31048403300001 1.0 1.0
127.94206303300001 0.0 0.0
128.573642033 1.0 0.0
129.20522103300002 0.0 0.0
129.836800033 1.0 1.0
130.46837903300002 0.0 0.0
131.099958033 1.0 0.0
131.731537033 0.0 0.0
132.363116033 1.0 1.0
132.99469503300003 0.0 0.0
133.62627403300002 1.0 0.0
134.257853033 0.0 0.0
134.88943203300002 1.0 1.0
135.521011033 0.0 0.0
136.15259003300002 1.0 0.0
136.784169033 0.0 0.0
137.415748033 1.0 1.0
138.04732703300002 0.0 0.0
138.678906033 1.0 0.0
139.31048503300002 0.0 0.0
139.942064033 1.0 1.0
140.573643033 0.0 0.0
141.205222033 1.0 0.0
141.836801033 0.0 0.0
142.46838003300002 1.0 1.0
143.099959033 0.0 0.0
143.73153803300002 1.0 0.0
144.363117033 0.0 0.0
144.99469603300003 1.0 1.0
145.626275033 0.0 0.0
146.257854033 1.0 0.0
146.88943303300002 0.0 0.0
147.521012033 1.0 1.0
148.15259103300002 0.0 0.0
148.784170033 1.0 0.0
149.415749033 0.0 0.0
150.047328033 1.0 1.0
150.67890703300003 0.0 0.0
151.31048603300002 1.0 0.0
151.942065033 0.0 0.0
152.573644033 1.0 1.0
153.205223033 0.0 0.0
153.83680203300003 1.0 0.0
154.46838103300001 0.0 0.0
155.099960033 1.0 1.0
155.731539033 0.0 0.0
156.363118033 1.0 0.0
156.99469703300002 0.0 0.0
157.626276033 1.0 1.0
158.257855033 0.0 0.0
158.88943403300001 1.0 0.0
159.52101303300003 0.0 0.0
160.15259203300002 1.0 1.0
160.784171033 0.0 0.0
161.415750033 1.0 0.0
162.047329033 0.0 0.0
162.67890803300003 1.0 1.0
163.31048703300002 0.0 0.0
163.942066033 1.0 0.0
164.573645033 0.0 0.0
165.205224033 1.0 1.0
165.83680303300002 0.0 0.0
166.468382033 1.0 0.0
167.099961033 0.0 0.0
167.73154003300002 1.0 1.0
168.36311903300003 0.0 0.0
168.99469803300002 1.0 0.0
169.626277033 0.0 0.0
170.257856033 1.0 1.0
170.889435033 0.0 0.0
171.52101403300003 1.0 0.0
172.15259303300002 0.0 0.0
172.784172033 1.0 1.0
173.415751033 0.0 0.0
174.047330033 1.0 0.0
174.67890903300002 0.0 0.0
175.310488033 1.0 1.0
175.942067033 0.0 0.0
176.57364603300002 1.0 0.0
177.205225033 0.0 0.0
177.83680403300002 1.0 1.0
178.468383033 0.0 0.0
179.099962033 1.0 0.0
179.731541033 0.0 0.0
180.36312003300003 1.0 1.0
180.99469903300002 0.0 0.0
181.626278033 1.0 0.0
182.257857033 0.0 0.0
182.889436033 1.0 1.0
183.52101503300003 0.0 0.0
184.152594033 1.0 0.0
184.784173033 0.0 0.0
185.415752033 1.0 1.0
186.047331033 0.0 0.0
186.67891003300002 1.0 0.0
187.310489033 0.0 0.0
187.942068033 1.0 1.0
188.57364703300001 0.0 0.0
189.20522603300003 1.0 0.0
189.83680503300002 0.0 0.0
190.468384033 1.0 1.0
191.099963033 0.0 0.0
191.731542033 1.0 0.0
192.36312103300003 0.0 0.0
192.99470003300002 1.0 1.0
193.626279033 0.0 0.0
194.257858033 1.0 0.0
194.889437033 0.0 0.0
195.52101603300002 1.0 1.0
196.152595033 0.0 0.0
196.784174033 1.0 0.0
197.41575303300002 0.0 0.0
198.04733203300003 1.0 1.0
198.67891103300002 0.0 0.0
199.310490033 1.0 0.0
199.942069033 0.0 0.0
200.573648033 1.0 1.0
201.20522703300003 0.0 0.0
201.83680603300002 1.0 0.0
202.468385033 0.0 0.0
203.099964033 1.0 1.0
203.731543033 0.0 0.0
204.36312203300002 1.0 0.0
204.994701033 0.0 0.0
205.626280033 1.0 1.0
206.25785903300002 0.0 0.0
206.889438033 1.0 0.0
207.52101703300002 0.0 0.0
208.152596033 1.0 1.0
208.784175033 0.0 0.0
209.415754033 1.0 0.0
210.04733303300003 0.0 0.0
210.67891203300002 1.0 1.0
211.310491033 0.0 0.0
211.942070033 1.0 0.0
212.573649033 0.0 0.0
213.205228033 1.0 1.0
213.836807033 0.0 0.0
214.468386033 1.0 0.0
215.09996503300002 0.0 0.0
215.731544033 1.0 1.0
216.36312303300002 0.0 0.0
216.994702033 1.0 0.0
217.626281033 0.0 0.0
218.25786003300001 1.0 1.0
218.889439033 0.0 0.0
219.52101803300002 1.0 0.0
220.152597033 0.0 0.0
220.78417603300002 1.0 1.0
221.415755033 0.0 0.0
222.047334033 1.0 0.0
222.67891303300001 0.0 0.0
223.310492033 1.0 1.0
223.94207103300002 0.0 0.0
224.573650033 1.0 0.0
225.20522903300002 0.0 0.0
225.836808033 1.0 1.0
226.468387033 0.0 0.0
227.09996603300002 1.0 0.0
227.731545033 0.0 0.0
228.36312403300002 1.0 1.0
228.994703033 0.0 0.0
229.62628203300002 1.0 0.0
230.257861033 0.0 0.0
230.889440033 1.0 1.0
231.52101903300002 0.0 0.0
232.152598033 1.0 0.0
232.78417703300002 0.0 0.0
233.415756033 1.0 1.0
234.04733503300002 0.0 0.0
234.678914033 1.0 0.0
235.310493033 0.0 0.0
235.94207203300002 1.0 1.0
236.573651033 0.0 0.0
237.20523003300002 1.0 0.0
237.836809033 0.0 0.0
238.46838803300002 1.0 1.0
239.099967033 0.0 0.0
239.731546033 1.0 0.0
240.36312503300002 0.0 0.0
240.994704033 1.0 1.0
241.62628303300002 0.0 0.0
242.257862033 1.0 0.0
242.889441033 0.0 0.0
243.521020033 1.0 1.0
244.152599033 0.0 0.0
244.78417803300002 1.0 0.0
245.415757033 0.0 0.0
246.04733603300002 1.0 1.0
246.678915033 0.0 0.0
247.310494033 1.0 0.0
247.942073033 0.0 0.0
248.573652033 1.0 1.0
249.20523103300002 0.0 0.0
249.836810033 0.0 0.0
250.46838903300002 1.0 1.0
251.099968033 0.0 0.0
251.731547033 1.0 0.0
252.36312603300001 0.0 0.0
252.994705033 1.0 1.0
253.62628403300002 0.0 0.0
254.257863033 1.0 0.0
254.88944203300002 0.0 0.0
255.521021033 1.0 1.0
256.152600033 0.0 0.0
256.784179033 1.0 0.0
257.415758033 0.0 0.0
258.04733703299996 1.0 0.0
258.67891603299995 0.0 0.0
259.310495033 1.0 1.0
259.942074033 0.0 0.0
260.573653033 1.0 0.0
261.205232033 0.0 0.0
261.836811033 1.0 1.0