0.5471723079999999 1.0 1.0
1.199344308 0.0 0.0
1.8515163079999999 1.0 0.0
2.5036883079999996 0.0 0.0
3.1558603080000003 1.0 1.0
3.808032308 0.0 0.0
4.460204308 1.0 0.0
5.112376308 0.0 0.0
5.764548308 1.0 1.0
6.4167203079999995 0.0 0.0
7.068892308 1.0 0.0
7.721064308 0.0 0.0
8.373236308 1.0 1.0
9.025408308 0.0 0.0
9.677580308 1.0 0.0
10.329752308 0.0 0.0
10.981924307999998 1.0 1.0
11.634096307999998 0.0 0.0
12.286268307999999 1.0 0.0
12.938440307999999 0.0 0.0
13.590612307999997 1.0 1.0
14.242784307999997 0.0 0.0
14.894956307999998 1.0 0.0
15.547128307999998 0.0 0.0
16.199300307999998 1.0 1.0
16.851472307999998 0.0 0.0
17.503644308 1.0 0.0
18.155816308 0.0 0.0
18.807988308 1.0 1.0
19.460160308 0.0 0.0
20.112332307999996 1.0 0.0
20.764504307999996 0.0 0.0
21.416676307999996 1.0 1.0
22.068848307999996 0.0 0.0
22.721020308 1.0 0.0
23.373192308 0.0 0.0
24.025364308 1.0 1.0
24.677536308 0.0 0.0
25.329708308 1.0 0.0
25.981880308 0.0 0.0
26.634052307999998 1.0 1.0
27.286224307999998 0.0 0.0
27.938396307999998 1.0 0.0
28.590568307999998 0.0 0.0
29.242740308 1.0 1.0
29.894912308 0.0 0.0
30.547084308 1.0 0.0
31.199256308 0.0 0.0
31.851428308 1.0 1.0
32.503600307999996 0.0 0.0
33.155772307999996 1.0 0.0
33.807944307999996 0.0 0.0
34.460116307999996 1.0 1.0
35.112288308 0.0 0.0
35.764460308 1.0 0.0
36.416632308 0.0 0.0
37.068804308 1.0 1.0
37.720976308 0.0 0.0
38.373148308 1.0 0.0
39.025320308 0.0 0.0
39.677492308 1.0 1.0
40.329664308 0.0 0.0
40.981836308 1.0 0.0
41.634008308 0.0 0.0
42.286180308 1.0 1.0
42.938352308 0.0 0.0
43.590524308 1.0 0.0
44.242696308 0.0 0.0
44.894868308 1.0 1.0
45.547040308 0.0 0.0
46.199212308 1.0 0.0
46.851384308 0.0 0.0
47.503556308 1.0 1.0
48.155728308 0.0 0.0
48.807900308 1.0 0.0
49.460072307999994 0.0 0.0
50.112244307999994 1.0 1.0
50.764416307999994 0.0 0.0
51.416588307999994 1.0 0.0
52.068760307999995 0.0 0.0
52.720932307999995 1.0 1.0
53.373104307999995 0.0 0.0
54.025276307999995 1.0 0.0
54.677448307999995 0.0 0.0
55.329620307999996 1.0 1.0
55.981792307999996 0.0 0.0
56.633964307999996 1.0 0.0
57.286136307999996 0.0 0.0
57.938308307999996 1.0 1.0
58.590480308 0.0 0.0
59.242652308 1.0 0.0
59.894824308 0.0 0.0
60.546996308 1.0 1.0
61.199168308 0.0 0.0
61.851340308 1.0 0.0
62.503512308 0.0 0.0
63.155684308 1.0 1.0
63.807856308 0.0 0.0
64.46002830799999 1.0 0.0
65.112200308 0.0 0.0
65.76437230799999 1.0 1.0
66.416544308 0.0 0.0
67.06871630799999 1.0 0.0
67.720888308 0.0 0.0
68.37306030799999 1.0 1.0
69.025232308 0.0 0.0
69.67740430799999 1.0 0.0
70.329576308 0.0 0.0
70.981748308 1.0 1.0
71.633920308 0.0 0.0
72.286092308 1.0 0.0
72.938264308 0.0 0.0
73.590436308 1.0 0.0
74.242608308 0.0 0.0
74.894780308 1.0 1.0
75.546952308 0.0 0.0
76.199124308 1.0 0.0
76.85129630799999 0.0 0.0
77.503468308 1.0 1.0
78.15564030799999 0.0 0.0
78.807812308 1.0 0.0
79.45998430799999 0.0 0.0
80.112156308 1.0 1.0
80.76432830799999 0.0 0.0
81.416500308 1.0 0.0
82.06867230799999 0.0 0.0
82.720844308 1.0 1.0
83.37301630799999 0.0 0.0
84.025188308 1.0 0.0
84.67736030799999 0.0 0.0
85.329532308 1.0 1.0
85.98170430799999 0.0 0.0
86.633876308 1.0 0.0
87.28604830799999 0.0 0.0
87.938220308 1.0 1.0
88.59039230799999 0.0 0.0
89.242564308 1.0 0.0
89.89473630799999 0.0 0.0
90.546908308 1.0 1.0
91.19908030799999 0.0 0.0
91.851252308 1.0 0.0
92.50342430799999 0.0 0.0
93.155596308 1.0 1.0
93.80776830799999 0.0 0.0
94.459940308 1.0 0.0
95.112112308 0.0 0.0
95.76428430799999 1.0 1.0
96.416456308 0.0 0.0
97.06862830799999 1.0 0.0
97.720800308 0.0 0.0
98.37297230799999 1.0 1.0
99.025144308 0.0 0.0
99.67731630799999 1.0 0.0
100.329488308 0.0 0.0
100.98166030799999 1.0 1.0
101.633832308 0.0 0.0
102.28600430799999 1.0 0.0
102.938176308 0.0 0.0
103.59034830799999 1.0 1.0
104.242520308 0.0 0.0
104.89469230799999 1.0 0.0
105.546864308 0.0 0.0
106.19903630799999 1.0 1.0
106.851208308 0.0 0.0
107.50338030799999 1.0 0.0
108.155552308 0.0 0.0
108.80772430799999 1.0 1.0
109.459896308 0.0 0.0
110.11206830799999 1.0 0.0
110.764240308 0.0 0.0
111.41641230799999 1.0 1.0
112.068584308 0.0 0.0
112.72075630799999 1.0 0.0
113.37292830799998 0.0 0.0
114.02510030799999 1.0 1.0
114.67727230799998 0.0 0.0
115.32944430799999 1.0 0.0
115.98161630799999 0.0 0.0
116.63378830799999 1.0 1.0
117.28596030799999 0.0 0.0
117.938132308 1.0 0.0
118.59030430799999 0.0 0.0
119.242476308 1.0 1.0
119.89464830799999 0.0 0.0
120.546820308 1.0 0.0
121.19899230799999 0.0 0.0
121.851164308 1.0 1.0
122.50333630799999 0.0 0.0
123.155508308 1.0 0.0
123.80768030799999 0.0 0.0
124.459852308 1.0 1.0
125.11202430799999 0.0 0.0
125.764196308 1.0 0.0
126.41636830799999 0.0 0.0
127.068540308 1.0 1.0
127.72071230799999 0.0 0.0
128.37288430799998 1.0 0.0
129.025056308 0.0 0.0
129.677228308 1.0 1.0
130.329400308 0.0 0.0
130.98157230799998 1.0 1.0
131.633744308 0.0 0.0
132.285916308 1.0 0.0
132.93808830799998 0.0 0.0
133.59026030799998 1.0 1.0
134.242432308 0.0 0.0
134.894604308 1.0 0.0
135.54677630799998 0.0 0.0
136.19894830799998 1.0 1.0
136.851120308 0.0 0.0
137.503292308 1.0 0.0
138.15546430799998 0.0 0.0
138.80763630799999 1.0 1.0
139.459808308 0.0 0.0
140.111980308 1.0 0.0
140.76415230799998 0.0 0.0
141.416324308 1.0 1.0
142.068496308 0.0 0.0
142.720668308 1.0 0.0
143.37284030799998 0.0 0.0
144.025012308 1.0 1.0
144.677184308 0.0 0.0
145.329356308 1.0 0.0
145.98152830799998 0.0 0.0
146.633700308 1.0 1.0
147.285872308 0.0 0.0
147.938044308 1.0 0.0
148.59021630799998 0.0 0.0
149.242388308 1.0 1.0
149.894560308 0.0 0.0
150.54673230799997 1.0 0.0
151.19890430799998 0.0 0.0
151.851076308 1.0 1.0
152.503248308 0.0 0.0
153.15542030799998 1.0 0.0
153.80759230799998 0.0 0.0
154.459764308 1.0 1.0
155.111936308 0.0 0.0
155.76410830799998 1.0 0.0
156.41628030799998 0.0 0.0
157.068452308 1.0 1.0
157.720624308 0.0 0.0
158.37279630799998 1.0 0.0
159.02496830799998 0.0 0.0
159.677140308 1.0 1.0
160.329312308 0.0 0.0
160.98148430799998 1.0 0.0
161.63365630799998 0.0 0.0
162.285828308 1.0 1.0
162.938000308 0.0 0.0
163.59017230799998 1.0 0.0
164.24234430799999 0.0 0.0
164.894516308 1.0 1.0
165.546688308 0.0 0.0
166.19886030799998 1.0 0.0
166.851032308 0.0 0.0
167.503204308 1.0 1.0
168.155376308 0.0 0.0
168.80754830799998 1.0 0.0
169.459720308 0.0 0.0
170.111892308 1.0 1.0
170.76406430799997 0.0 0.0
171.41623630799998 1.0 0.0
172.068408308 0.0 0.0
172.720580308 1.0 1.0
173.37275230799997 0.0 0.0
174.02492430799998 1.0 0.0
174.677096308 0.0 0.0
175.329268308 1.0 1.0
175.98144030799997 0.0 0.0
176.63361230799998 1.0 0.0
177.285784308 0.0 0.0
177.937956308 1.0 1.0
178.59012830799998 0.0 0.0
179.24230030799998 1.0 0.0
179.894472308 0.0 0.0
180.546644308 1.0 1.0
181.19881630799998 0.0 0.0
181.85098830799998 1.0 0.0
182.503160308 0.0 0.0
183.155332308 1.0 1.0
183.80750430799998 0.0 0.0
184.45967630799998 1.0 0.0
185.111848308 0.0 0.0
185.764020308 1.0 1.0
186.41619230799998 0.0 0.0
187.06836430799999 1.0 0.0
187.720536308 0.0 0.0
188.37270830799997 1.0 1.0
189.02488030799998 0.0 0.0
189.677052308 1.0 0.0
190.329224308 0.0 0.0
190.98139630799997 1.0 1.0
191.63356830799998 0.0 0.0
192.285740308 1.0 0.0
192.937912308 0.0 0.0
193.59008430799997 1.0 1.0
194.24225630799998 0.0 0.0
194.894428308 1.0 0.0
195.546600308 0.0 0.0
196.19877230799997 1.0 0.0
196.85094430799998 0.0 0.0
197.503116308 1.0 1.0
198.155288308 0.0 0.0
198.80746030799997 1.0 0.0
199.45963230799998 0.0 0.0
200.111804308 1.0 1.0
200.763976308 0.0 0.0
201.41614830799998 1.0 0.0
202.06832030799998 0.0 0.0
202.720492308 1.0 1.0
203.372664308 0.0 0.0
204.02483630799998 1.0 0.0
204.67700830799998 0.0 0.0
205.329180308 1.0 0.0
205.98135230799997 0.0 0.0
206.63352430799998 1.0 1.0
207.28569630799998 0.0 0.0
207.937868308 1.0 0.0
208.59004030799997 0.0 0.0
209.24221230799998 1.0 1.0
209.89438430799999 0.0 0.0
210.546556308 1.0 0.0
211.19872830799997 0.0 0.0
211.85090030799998 1.0 1.0
212.503072308 0.0 0.0
213.155244308 1.0 0.0
213.80741630799997 0.0 0.0
214.45958830799998 1.0 1.0
215.111760308 0.0 0.0
215.763932308 1.0 0.0
216.41610430799997 0.0 0.0
217.06827630799998 1.0 1.0
217.720448308 0.0 0.0
218.372620308 1.0 0.0
219.02479230799997 0.0 0.0
219.67696430799998 1.0 1.0
220.329136308 0.0 0.0
220.981308308 1.0 0.0
221.63348030799997 0.0 0.0
222.28565230799998 1.0 1.0
222.937824308 0.0 0.0
223.58999630799997 1.0 0.0
224.24216830799998 0.0 0.0
224.89434030799998 1.0 1.0
225.546512308 0.0 0.0
226.19868430799997 1.0 0.0
226.85085630799998 0.0 0.0
227.50302830799998 1.0 1.0
228.155200308 0.0 0.0
228.80737230799997 1.0 0.0
229.45954430799998 0.0 0.0
230.11171630799998 1.0 1.0
230.763888308 0.0 0.0
231.41606030799997 1.0 0.0
232.06823230799998 0.0 0.0
232.72040430799998 1.0 1.0
233.372576308 0.0 0.0
234.02474830799997 1.0 0.0
234.67692030799998 0.0 0.0
235.32909230799999 1.0 1.0
235.981264308 0.0 0.0
236.63343630799997 1.0 0.0
237.28560830799998 0.0 0.0
237.937780308 1.0 1.0
238.589952308 0.0 0.0
239.24212430799997 1.0 0.0
239.89429630799998 0.0 0.0
240.546468308 1.0 1.0
241.198640308 0.0 0.0
241.85081230799997 1.0 0.0
242.50298430799998 0.0 0.0
243.155156308 1.0 1.0
243.80732830799997 0.0 0.0
244.45950030799997 1.0 0.0
245.11167230799998 0.0 0.0
245.763844308 1.0 1.0
246.41601630799997 0.0 0.0
247.06818830799997 1.0 0.0
247.72036030799998 0.0 0.0
248.372532308 1.0 1.0
249.02470430799997 0.0 0.0
249.67687630799998 1.0 0.0
250.32904830799998 0.0 0.0
250.981220308 1.0 1.0
251.63339230799997 0.0 0.0
252.28556430799998 1.0 0.0
252.93773630799998 0.0 0.0
253.589908308 1.0 1.0
254.24208030799997 0.0 0.0
254.89425230799998 1.0 0.0
255.54642430799998 0.0 0.0
256.198596308 1.0 1.0
256.850768308 0.0 0.0
257.502940308 1.0 0.0
258.15511230799996 0.0 0.0
258.80728430799996 1.0 1.0
259.459456308 0.0 0.0
260.111628308 1.0 0.0
260.763800308 0.0 0.0
261.415972308 1.0 1.0
262.068144308 0.0 0.0
262.72031630799995 1.0 1.0
263.37248830799996 0.0 0.0
264.02466030799997 0.0 0.0