0.4248702899999999 0.0 0.0
1.4611392899999998 1.0 1.0
2.49740829 0.0 0.0
3.5336772900000004 1.0 0.0
4.56994629 0.0 0.0
5.60621529 1.0 1.0
6.64248429 0.0 0.0
7.67875329 1.0 0.0
8.71502229 0.0 0.0
9.75129129 1.0 1.0
10.78756029 0.0 0.0
11.823829289999999 1.0 0.0
12.86009829 0.0 0.0
13.896367289999999 1.0 1.0
14.93263629 0.0 0.0
15.96890529 1.0 0.0
17.00517429 0.0 0.0
18.041443289999997 1.0 1.0
19.077712289999997 0.0 0.0
20.113981289999998 1.0 0.0
21.15025029 0.0 0.0
22.186519289999996 1.0 1.0
23.222788289999997 0.0 0.0
24.259057289999998 1.0 0.0
25.29532629 0.0 0.0
26.331595289999996 1.0 1.0
27.367864289999996 0.0 0.0
28.404133289999997 1.0 0.0
29.440402289999998 0.0 0.0
30.476671289999995 1.0 1.0
31.512940289999996 0.0 0.0
32.54920928999999 1.0 0.0
33.58547829 0.0 0.0
34.621747289999995 1.0 1.0
35.65801629 0.0 0.0
36.694285289999996 1.0 0.0
37.73055428999999 0.0 0.0
38.76682329 1.0 1.0
39.803092289999995 0.0 0.0
40.83936129 1.0 0.0
41.87563029 0.0 0.0
42.911899289999994 1.0 1.0
43.94816829 0.0 0.0
44.984437289999995 1.0 0.0
46.02070628999999 0.0 0.0
47.05697529 1.0 1.0
48.093244289999994 0.0 0.0
49.12951329 1.0 0.0
50.165782289999996 0.0 0.0
51.20205128999999 1.0 1.0
52.23832029 0.0 0.0
53.274589289999994 1.0 0.0
54.31085829 0.0 0.0
55.347127289999996 1.0 1.0
56.38339628999999 0.0 0.0
57.41966529 1.0 0.0
58.455934289999995 0.0 0.0
59.49220328999999 1.0 1.0
60.528472289999996 0.0 0.0
61.56474128999999 1.0 0.0
62.60101029 0.0 0.0
63.637279289999995 1.0 1.0
64.67354829 0.0 0.0
65.70981728999999 1.0 0.0
66.74608629 0.0 0.0
67.78235529 1.0 1.0
68.81862428999999 0.0 0.0
69.85489328999999 1.0 0.0
70.89116228999998 0.0 0.0
71.92743128999999 1.0 1.0
72.96370028999999 0.0 0.0
73.99996928999998 1.0 0.0
75.03623828999999 0.0 0.0
76.07250728999999 1.0 1.0
77.10877628999998 0.0 0.0
78.14504528999998 1.0 0.0
79.18131428999999 0.0 0.0
80.21758329 1.0 1.0
81.25385228999998 0.0 0.0
82.29012128999999 1.0 0.0
83.32639028999999 0.0 0.0
84.36265928999998 1.0 1.0
85.39892828999999 0.0 0.0
86.43519728999999 1.0 0.0
87.47146628999998 0.0 0.0
88.50773528999999 1.0 1.0
89.54400428999999 0.0 0.0
90.58027328999998 1.0 0.0
91.61654228999998 0.0 0.0
92.65281128999999 1.0 1.0
93.68908028999998 0.0 0.0
94.72534928999998 1.0 0.0
95.76161828999999 0.0 0.0
96.79788728999999 1.0 1.0
97.83415628999998 0.0 0.0
98.87042528999999 1.0 0.0
99.90669428999999 0.0 0.0
100.94296328999998 1.0 1.0
101.97923228999998 0.0 0.0
103.01550128999999 1.0 0.0
104.05177028999998 0.0 0.0
105.08803928999998 1.0 0.0
106.12430828999999 0.0 0.0
107.16057728999998 1.0 1.0
108.19684628999998 0.0 0.0
109.23311528999999 1.0 0.0
110.26938428999999 0.0 0.0
111.30565328999998 1.0 1.0
112.34192228999999 0.0 0.0
113.37819128999999 1.0 0.0
114.41446028999998 0.0 0.0
115.45072928999998 1.0 1.0
116.48699828999999 0.0 0.0
117.52326728999998 1.0 0.0
118.55953628999998 0.0 0.0
119.59580528999999 1.0 1.0
120.63207428999998 0.0 0.0
121.66834328999998 1.0 0.0
122.70461228999999 0.0 0.0
123.74088128999999 1.0 1.0
124.77715028999998 0.0 0.0
125.81341928999998 1.0 0.0
126.84968828999999 0.0 0.0
127.88595728999998 1.0 1.0
128.92222629 0.0 0.0
129.95849528999997 1.0 0.0
130.99476428999998 0.0 0.0
132.03103328999998 1.0 1.0
133.06730229 0.0 0.0
134.10357129 1.0 0.0
135.13984029 0.0 0.0
136.17610928999997 1.0 1.0
137.21237828999998 0.0 0.0
138.24864728999998 1.0 0.0
139.28491628999998 0.0 0.0
140.32118529 1.0 1.0
141.35745429 0.0 0.0
142.39372329 1.0 0.0
143.42999229 0.0 0.0
144.46626129 1.0 1.0
145.50253029 0.0 0.0
146.53879929 1.0 0.0
147.57506829 0.0 0.0
148.61133729 1.0 1.0
149.64760629 0.0 0.0
150.68387529 1.0 0.0
151.72014429 0.0 0.0
152.75641329 1.0 1.0
153.79268229 0.0 0.0
154.82895129 1.0 0.0
155.86522029 0.0 0.0
156.90148929 1.0 1.0
157.93775829 0.0 0.0
158.97402729 1.0 0.0
160.01029628999999 0.0 0.0
161.04656529 1.0 1.0
162.08283429 0.0 0.0
163.11910329 1.0 0.0
164.15537229 0.0 0.0
165.19164129 1.0 1.0
166.22791029 0.0 0.0
167.26417929 1.0 0.0
168.30044829 0.0 0.0
169.33671729 1.0 1.0
170.37298629 0.0 0.0
171.40925529 1.0 0.0
172.44552429 0.0 0.0
173.48179328999998 1.0 1.0
174.51806229 0.0 0.0
175.55433129 1.0 0.0
176.59060029 0.0 0.0
177.62686929 1.0 1.0
178.66313829 0.0 0.0
179.69940729 1.0 0.0
180.73567629 0.0 0.0
181.77194529 1.0 1.0
182.80821429 0.0 0.0
183.84448329 1.0 0.0
184.88075229 0.0 0.0
185.91702129 1.0 1.0
186.95329028999998 0.0 0.0
187.98955929 1.0 0.0
189.02582829 0.0 0.0
190.06209729 1.0 1.0
191.09836629 0.0 0.0
192.13463529 1.0 0.0
193.17090429 0.0 0.0
194.20717329 1.0 0.0
195.24344229 0.0 0.0