0.3714894359999999 1.0 1.0
1.648085436 0.0 0.0
2.924681436 1.0 0.0
4.201277436 0.0 0.0
5.477873436000001 1.0 1.0
6.754469436000001 0.0 0.0
8.031065436 1.0 0.0
9.307661436 0.0 0.0
10.584257436000001 1.0 1.0
11.860853436000001 0.0 0.0
13.137449436 1.0 0.0
14.414045436 0.0 0.0
15.690641436000002 1.0 1.0
16.967237436 0.0 0.0
18.243833436 1.0 0.0
19.520429436 0.0 0.0
20.797025436000002 1.0 1.0
22.073621436 0.0 0.0
23.350217436 1.0 1.0
24.572778519 0.0 0.0
25.663687519 0.0 0.0
26.754596519 1.0 1.0
27.899540436 0.0 0.0
29.176136436 1.0 0.0
30.452732435999998 0.0 0.0
31.729328436 1.0 1.0
33.005924436 0.0 0.0
34.282520436 1.0 0.0
35.559116436 0.0 0.0
36.835712435999994 1.0 1.0
38.112308436 0.0 0.0
39.388904436 1.0 0.0
40.665500435999995 0.0 0.0
41.94209643599999 1.0 1.0
43.218692436 0.0 0.0
44.495288435999996 1.0 0.0
45.77188443599999 0.0 0.0
47.04848043599999 1.0 1.0
48.32507643599999 0.0 0.0
49.601672435999994 1.0 0.0
50.878268436 0.0 0.0
52.154864436 1.0 1.0
53.431460435999995 0.0 0.0
54.70805643599999 1.0 0.0
55.98465243599999 0.0 0.0
57.261248435999995 1.0 1.0
58.53784443599999 0.0 0.0
59.81444043599999 1.0 0.0
61.091036435999996 0.0 0.0
62.367632435999994 1.0 1.0
63.64422843599999 0.0 0.0
64.920824436 1.0 0.0
66.19742043599999 0.0 0.0
67.58752680599999 1.0 1.0
69.14068243599999 0.0 0.0
70.41727843599999 1.0 0.0
71.69387443599999 0.0 0.0
72.97047043599999 1.0 1.0
74.24706643599998 0.0 0.0
75.523662436 1.0 0.0
76.800258436 0.0 0.0
78.07685443599999 1.0 1.0
79.35345043599999 0.0 0.0
80.63004643599999 1.0 0.0
81.90664243599998 0.0 0.0
83.18323843599998 1.0 1.0
84.459834436 0.0 0.0
85.73643043599999 1.0 0.0
87.01302643599999 0.0 0.0
88.28962243599999 1.0 1.0
89.56621843599999 0.0 0.0
90.98485415499998 1.0 1.0
92.60751943599999 0.0 0.0
93.88411543599999 1.0 0.0
95.16071143599999 0.0 0.0
96.437307436 1.0 1.0
97.713903436 0.0 0.0
98.990499436 1.0 0.0
100.26709543599999 0.0 0.0
101.54369143599999 1.0 1.0
102.82028743599999 0.0 0.0
104.09688343599998 1.0 0.0
105.373479436 0.0 0.0
106.650075436 1.0 1.0
107.92667143599999 0.0 0.0
109.20326743599999 1.0 0.0
110.47986343599999 0.0 0.0
111.75645943599999 1.0 1.0
113.03305543599998 0.0 0.0
114.309651436 1.0 0.0
115.586247436 0.0 0.0
116.86284343599999 1.0 1.0
118.13943943599999 0.0 0.0
119.41603543599999 1.0 0.0
120.692631436 0.0 0.0
121.96922743599998 1.0 1.0
123.245823436 0.0 0.0
124.52241943599999 1.0 0.0
125.79901543599999 0.0 0.0
127.07561143599999 1.0 1.0
128.352207436 0.0 0.0
129.628803436 1.0 0.0
130.90539943599998 0.0 0.0
132.181995436 1.0 1.0
133.458591436 0.0 0.0
134.735187436 1.0 0.0
136.011783436 0.0 0.0
137.28837943599999 1.0 1.0
138.564975436 0.0 0.0
139.84157143599998 1.0 0.0
141.118167436 0.0 0.0
142.394763436 1.0 1.0
143.671359436 0.0 0.0
144.947955436 1.0 0.0
146.224551436 0.0 0.0
147.501147436 1.0 1.0
148.77774343599998 0.0 0.0
150.054339436 1.0 0.0
151.330935436 0.0 0.0
152.607531436 1.0 1.0
153.884127436 0.0 0.0
155.160723436 1.0 1.0
156.437319436 0.0 0.0
157.71391543599998 1.0 0.0
158.990511436 0.0 0.0
160.267107436 1.0 1.0
161.543703436 0.0 0.0
162.820299436 1.0 0.0
164.096895436 0.0 0.0
165.373491436 1.0 1.0
166.65008743599998 0.0 0.0
167.926683436 1.0 0.0
169.203279436 0.0 0.0
170.479875436 1.0 1.0
171.756471436 0.0 0.0
173.033067436 1.0 0.0
174.309663436 0.0 0.0
175.58625943599998 1.0 1.0
176.862855436 0.0 0.0
178.139451436 1.0 0.0
179.41604743599999 0.0 0.0
180.692643436 1.0 1.0
181.969239436 0.0 0.0
183.245835436 1.0 0.0
184.52243143599998 0.0 0.0
185.799027436 1.0 1.0
187.075623436 0.0 0.0
188.35221943599998 1.0 0.0
189.628815436 0.0 0.0
190.905411436 1.0 1.0
192.182007436 0.0 0.0
193.45860343599998 1.0 0.0
194.73519943600002 0.0 0.0
196.011795436 1.0 1.0
197.28839143599998 0.0 0.0
198.564987436 1.0 0.0
199.841583436 0.0 0.0
201.118179436 1.0 1.0
202.39477543599997 0.0 0.0
203.67137143600002 1.0 0.0
204.947967436 0.0 0.0
206.22456343599998 1.0 1.0
207.501159436 0.0 0.0
208.777755436 1.0 0.0
210.054351436 0.0 0.0
211.330947436 1.0 1.0
212.60754343600001 0.0 0.0
213.884139436 1.0 0.0
215.16073543599998 0.0 0.0
216.437331436 1.0 1.0
217.713927436 0.0 0.0
218.990523436 1.0 0.0
220.26711943599997 0.0 0.0
221.543715436 1.0 1.0
222.820311436 0.0 0.0
224.09690743599998 1.0 0.0
225.37350343600002 0.0 0.0
226.650099436 1.0 1.0
227.926695436 0.0 0.0
229.20329143599997 1.0 0.0
230.479887436 0.0 0.0
231.756483436 1.0 1.0
233.03307943599998 0.0 0.0
234.30967543600002 1.0 0.0
235.586271436 0.0 0.0
236.862867436 1.0 1.0
238.13946343599997 0.0 0.0
239.416059436 1.0 0.0
240.692655436 0.0 0.0
242.03426199999998 1.0 1.0
243.46925143599998 0.0 0.0
244.745847436 1.0 0.0
246.02244343599997 0.0 0.0
247.299039436 1.0 1.0
248.57563543599997 0.0 0.0
249.85223143599998 1.0 0.0
251.128827436 0.0 0.0
252.40542343599998 1.0 1.0
253.682019436 0.0 0.0
254.95861543599997 1.0 0.0
256.235211436 0.0 0.0
257.576818 1.0 1.0
259.01180743599997 0.0 0.0
260.28840343599995 1.0 0.0
261.564999436 0.0 0.0
262.841595436 1.0 1.0
264.11819143599996 0.0 0.0
265.394787436 1.0 0.0
266.671383436 0.0 0.0
267.94797943599997 1.0 1.0
269.22457543599995 0.0 0.0
270.501171436 1.0 0.0
271.777767436 0.0 0.0
273.05436343599996 1.0 1.0
274.330959436 0.0 0.0
275.607555436 1.0 0.0
276.88415143599997 0.0 0.0
278.16074743599995 1.0 0.0
279.437343436 0.0 0.0