0.07439999999999998 1.0 1.0
0.8744 0.0 0.0
1.6743999999999999 1.0 0.0
2.4743999999999997 0.0 0.0
3.2744 1.0 1.0
4.0744 0.0 0.0
4.8744 1.0 0.0
5.6743999999999994 0.0 0.0
6.4744 1.0 1.0
7.274400000000001 0.0 0.0
8.0744 1.0 0.0
8.874400000000001 0.0 0.0
9.6744 1.0 1.0
10.474400000000001 0.0 0.0
11.2744 1.0 0.0
12.0744 0.0 0.0
12.874400000000001 1.0 1.0
13.674399999999999 0.0 0.0
14.4744 1.0 0.0
15.274399999999998 0.0 0.0
16.0744 1.0 1.0
16.874399999999998 0.0 0.0
17.6744 1.0 0.0
18.4744 0.0 0.0
19.2744 1.0 1.0
20.0744 0.0 0.0
20.874399999999998 1.0 0.0
21.6744 0.0 0.0
22.4744 1.0 1.0
23.2744 0.0 0.0
24.0744 1.0 0.0
24.874399999999998 0.0 0.0
25.674400000000002 1.0 1.0
26.474400000000003 0.0 0.0
27.274400000000004 1.0 0.0
28.074400000000004 0.0 0.0
28.874400000000005 1.0 1.0
29.674400000000006 0.0 0.0
30.474400000000006 1.0 0.0
31.274400000000004 0.0 0.0
32.074400000000004 1.0 1.0
32.87440000000001 0.0 0.0
33.674400000000006 1.0 0.0
34.4744 0.0 0.0
35.27440000000001 1.0 1.0
36.074400000000004 0.0 0.0
36.87440000000001 1.0 0.0
37.674400000000006 0.0 0.0
38.4744 1.0 1.0
39.27440000000001 0.0 0.0
40.074400000000004 1.0 0.0
40.87440000000001 0.0 0.0
41.674400000000006 1.0 1.0
42.4744 0.0 0.0
43.27440000000001 1.0 0.0
44.074400000000004 0.0 0.0
44.87440000000001 1.0 1.0
45.674400000000006 0.0 0.0
46.4744 1.0 0.0
47.27440000000001 0.0 0.0
48.074400000000004 1.0 1.0
48.87440000000001 0.0 0.0
49.674400000000006 1.0 0.0
50.4744 0.0 0.0
51.27440000000001 1.0 1.0
52.074400000000004 0.0 0.0
52.87440000000001 1.0 0.0
53.674400000000006 0.0 0.0
54.4744 1.0 1.0
55.2744 0.0 0.0
56.0744 1.0 0.0
56.8744 0.0 0.0
57.6744 1.0 1.0
58.474399999999996 0.0 0.0
59.2744 1.0 0.0
60.0744 0.0 0.0
60.8744 1.0 1.0
61.6744 0.0 0.0
62.474399999999996 1.0 0.0
63.2744 0.0 0.0
64.0744 1.0 1.0
64.8744 0.0 0.0
65.6744 1.0 0.0
66.4744 0.0 0.0
67.2744 1.0 1.0
68.0744 0.0 0.0
68.8744 1.0 0.0
69.6744 0.0 0.0
70.4744 1.0 1.0
71.2744 0.0 0.0
72.0744 1.0 0.0
72.8744 0.0 0.0
73.6744 1.0 1.0
74.4744 0.0 0.0
75.2744 1.0 0.0
76.0744 0.0 0.0
76.8744 1.0 1.0
77.6744 0.0 0.0
78.4744 1.0 0.0
79.2744 0.0 0.0
80.0744 1.0 1.0
80.8744 0.0 0.0
81.6744 1.0 0.0
82.4744 0.0 0.0
83.2744 1.0 1.0
84.0744 0.0 0.0
84.8744 1.0 0.0
85.6744 0.0 0.0
86.4744 1.0 1.0
87.2744 0.0 0.0
88.0744 1.0 0.0
88.8744 0.0 0.0
89.6744 1.0 1.0
90.4744 0.0 0.0
91.2744 1.0 0.0
92.0744 0.0 0.0
92.8744 1.0 1.0
93.6744 0.0 0.0
94.4744 1.0 0.0
95.2744 0.0 0.0
96.0744 1.0 1.0
96.8744 0.0 0.0
97.6744 1.0 0.0
98.4744 0.0 0.0
99.2744 1.0 1.0
100.0744 0.0 0.0
100.8744 1.0 0.0
101.6744 0.0 0.0
102.47439999999999 1.0 1.0
103.27439999999999 0.0 0.0
104.07439999999998 1.0 0.0
104.87439999999998 0.0 0.0
105.67439999999999 1.0 1.0
106.47439999999999 0.0 0.0
107.27439999999999 1.0 0.0
108.07439999999998 0.0 0.0
108.87439999999998 1.0 1.0
109.6744 0.0 0.0
110.4744 1.0 0.0
111.2744 0.0 0.0
112.0744 1.0 1.0
112.8744 0.0 0.0
113.6744 1.0 0.0
114.4744 0.0 0.0
115.2744 1.0 1.0
116.0744 0.0 0.0
116.8744 1.0 0.0
117.6744 0.0 0.0
118.4744 1.0 1.0
119.2744 0.0 0.0
120.0744 1.0 0.0
120.8744 0.0 0.0
121.6744 1.0 1.0
122.4744 0.0 0.0
123.2744 1.0 0.0
124.0744 0.0 0.0
124.8744 1.0 1.0
125.6744 0.0 0.0
126.4744 1.0 0.0
127.2744 0.0 0.0
128.0744 1.0 1.0
128.8744 0.0 0.0
129.6744 1.0 0.0
130.4744 0.0 0.0
131.27439999999999 1.0 1.0
132.0744 0.0 0.0
132.8744 1.0 0.0
133.6744 0.0 0.0
134.4744 1.0 1.0
135.27439999999999 0.0 0.0
136.0744 1.0 0.0
136.8744 0.0 0.0
137.6744 1.0 1.0
138.4744 0.0 0.0
139.27439999999999 1.0 0.0
140.0744 0.0 0.0
140.8744 1.0 1.0
141.6744 0.0 0.0
142.4744 1.0 0.0
143.27439999999999 0.0 0.0
144.0744 1.0 1.0
144.8744 0.0 0.0
145.6744 1.0 0.0
146.4744 0.0 0.0
147.27439999999999 1.0 1.0
148.0744 0.0 0.0
148.8744 1.0 0.0
149.6744 0.0 0.0
150.4744 1.0 1.0
151.27439999999999 0.0 0.0
152.0744 1.0 0.0
152.8744 0.0 0.0
153.6744 1.0 1.0
154.4744 0.0 0.0
155.27439999999999 1.0 0.0
156.0744 0.0 0.0
156.8744 1.0 1.0
157.6744 0.0 0.0
158.4744 1.0 0.0
159.27439999999999 0.0 0.0
160.0744 1.0 1.0
160.8744 0.0 0.0
161.6744 1.0 0.0
162.4744 0.0 0.0
163.27439999999999 1.0 1.0
164.0744 0.0 0.0
164.8744 1.0 0.0
165.6744 0.0 0.0
166.4744 1.0 1.0
167.27439999999999 0.0 0.0
168.0744 1.0 0.0
168.8744 0.0 0.0
169.6744 1.0 1.0
170.4744 0.0 0.0
171.27439999999999 1.0 0.0
172.0744 0.0 0.0
172.8744 1.0 1.0
173.6744 0.0 0.0
174.4744 1.0 0.0
175.27439999999999 0.0 0.0
176.0744 1.0 1.0
176.8744 0.0 0.0
177.6744 1.0 0.0
178.4744 0.0 0.0
179.27439999999999 1.0 1.0
180.0744 0.0 0.0
180.8744 1.0 0.0
181.6744 0.0 0.0
182.4744 1.0 1.0
183.27439999999999 0.0 0.0
184.0744 1.0 0.0
184.8744 0.0 0.0
185.6744 1.0 1.0
186.4744 0.0 0.0
187.27439999999999 1.0 0.0
188.0744 0.0 0.0
188.8744 1.0 1.0
189.6744 0.0 0.0
190.4744 1.0 0.0
191.27439999999999 0.0 0.0
192.0744 1.0 1.0
192.8744 0.0 0.0
193.6744 1.0 0.0
194.4744 0.0 0.0
195.27439999999999 1.0 1.0
196.0744 0.0 0.0
196.8744 1.0 0.0
197.6744 0.0 0.0
198.4744 1.0 1.0
199.27439999999999 0.0 0.0
200.0744 1.0 0.0
200.8744 0.0 0.0
201.6744 1.0 1.0
202.4744 0.0 0.0
203.27439999999999 1.0 0.0
204.0744 0.0 0.0
204.87440000000004 1.0 1.0
205.67440000000002 0.0 0.0
206.47440000000003 1.0 0.0
207.2744 0.0 0.0
208.07440000000003 1.0 1.0
208.87440000000004 0.0 0.0
209.67440000000002 1.0 0.0
210.47440000000003 0.0 0.0
211.2744 1.0 0.0
212.07440000000003 0.0 0.0
212.87440000000004 1.0 1.0
213.67440000000002 0.0 0.0
214.47440000000003 0.0 0.0