0.49384608799999996 0.0 0.0
1.0707690879999998 1.0 0.0
1.6476920879999997 0.0 0.0
2.2246150879999997 1.0 1.0
2.801538088 0.0 0.0
3.378461088 1.0 0.0
3.9553840879999997 0.0 0.0
4.532307088 1.0 1.0
5.1092300879999994 0.0 0.0
5.686153087999999 1.0 0.0
6.263076087999999 0.0 0.0
6.839999088 1.0 1.0
7.416922088 0.0 0.0
7.993845088 1.0 0.0
8.570768088 0.0 0.0
9.147691088 1.0 1.0
9.724614088000001 0.0 0.0
10.301537088 1.0 0.0
10.878460088 0.0 0.0
11.455383088 1.0 1.0
12.032306088 0.0 0.0
12.609229088 1.0 0.0
13.186152088 0.0 0.0
13.763075088 1.0 1.0
14.339998088 0.0 0.0
14.916921088 1.0 0.0
15.493844088 0.0 0.0
16.070767088 1.0 1.0
16.647690088 0.0 0.0
17.224613087999998 1.0 0.0
17.801536088 0.0 0.0
18.378459088 1.0 1.0
18.955382088 0.0 0.0
19.532305088 1.0 0.0
20.109228088 0.0 0.0
20.686151088 1.0 1.0
21.263074088 0.0 0.0
21.839997088 1.0 0.0
22.416920087999998 0.0 0.0
22.993843088 1.0 1.0
23.570766088 0.0 0.0
24.147689088 1.0 0.0
24.724612088 0.0 0.0
25.301535087999998 1.0 1.0
25.878458088 0.0 0.0
26.455381088 1.0 0.0
27.032304088 0.0 0.0
27.609227087999997 1.0 1.0
28.186150087999998 0.0 0.0
28.763073088 1.0 0.0
29.339996088 0.0 0.0
29.916919088 1.0 1.0
30.493842087999997 0.0 0.0
31.070765087999998 1.0 0.0
31.647688088 0.0 0.0
32.224611087999996 1.0 1.0
32.801534088 0.0 0.0
33.378457088 1.0 0.0
33.955380088 0.0 0.0
34.532303088 1.0 1.0
35.109226088 0.0 0.0
35.686149088 1.0 0.0
36.263072088 0.0 0.0
36.839995087999995 1.0 1.0
37.416918087999996 0.0 0.0
37.993841087999996 1.0 0.0
38.57076408799999 0.0 0.0
39.14768708799999 1.0 1.0
39.72461008799999 0.0 0.0
40.30153308799999 1.0 0.0
40.87845608799999 0.0 0.0
41.455379087999994 1.0 1.0
42.032302087999994 0.0 0.0
42.609225087999995 1.0 0.0
43.186148087999996 0.0 0.0
43.76307108799999 1.0 1.0
44.33999408799999 0.0 0.0
44.91691708799999 1.0 0.0
45.49384008799999 0.0 0.0
46.07076308799999 1.0 1.0
46.64768608799999 0.0 0.0
47.224609087999994 1.0 0.0
47.801532087999995 0.0 0.0
48.378455087999995 1.0 1.0
48.95537808799999 0.0 0.0
49.53230108799999 1.0 0.0
50.10922408799999 0.0 0.0
50.68614708799999 1.0 1.0
51.26307008799999 0.0 0.0
51.83999308799999 1.0 0.0
52.416916087999994 0.0 0.0
52.993839087999994 1.0 1.0
53.570762087999995 0.0 0.0
54.14768508799999 1.0 0.0
54.72460808799999 0.0 0.0
55.30153108799999 1.0 1.0
55.87845408799999 0.0 0.0
56.45537708799999 1.0 0.0
57.03230008799999 0.0 0.0
57.60922308799999 1.0 1.0
58.186146087999994 0.0 0.0
58.763069087999995 1.0 0.0
59.33999208799999 0.0 0.0
59.91691508799999 1.0 1.0
60.49383808799999 0.0 0.0
61.07076108799999 1.0 0.0
61.64768408799999 0.0 0.0
62.22460708799999 1.0 1.0
62.80153008799999 0.0 0.0
63.37845308799999 1.0 0.0
63.955376087999994 0.0 0.0
64.53229908799999 1.0 1.0
65.109222088 0.0 0.0
65.68614508799999 1.0 0.0
66.263068088 0.0 0.0
66.83999108799999 1.0 1.0
67.41691408799998 0.0 0.0
67.99383708799999 1.0 0.0
68.57076008799999 0.0 0.0
69.147683088 1.0 1.0
69.72460608799999 0.0 0.0
70.301529088 1.0 0.0
70.87845208799999 0.0 0.0
71.455375088 1.0 1.0
72.03229808799999 0.0 0.0
72.60922108799998 1.0 0.0
73.18614408799999 0.0 0.0
73.76306708799999 1.0 1.0
74.339990088 0.0 0.0
74.91691308799999 1.0 0.0
75.493836088 0.0 0.0
76.07075908799999 1.0 1.0
76.647682088 0.0 0.0
77.22460508799999 1.0 0.0
77.80152808799998 0.0 0.0
78.37845108799999 1.0 1.0
78.955374088 0.0 0.0
79.53229708799999 1.0 0.0
80.109220088 0.0 0.0
80.686143088 1.0 1.0
81.263066088 0.0 0.0
81.839989088 1.0 0.0
82.416912088 0.0 0.0
82.993835088 1.0 1.0
83.570758088 0.0 0.0
84.147681088 1.0 0.0
84.72460408799999 0.0 0.0
85.301527088 1.0 1.0
85.878450088 0.0 0.0
86.455373088 1.0 0.0
87.032296088 0.0 0.0
87.609219088 1.0 1.0
88.186142088 0.0 0.0
88.763065088 1.0 0.0
89.339988088 0.0 0.0
89.91691108799999 1.0 1.0
90.493834088 0.0 0.0
91.070757088 1.0 0.0
91.647680088 0.0 0.0
92.224603088 1.0 1.0
92.801526088 0.0 0.0
93.378449088 1.0 0.0
93.955372088 0.0 0.0
94.532295088 1.0 1.0
95.10921808799999 0.0 0.0
95.686141088 1.0 0.0
96.263064088 0.0 0.0
96.839987088 1.0 1.0
97.416910088 0.0 0.0
97.993833088 1.0 0.0
98.570756088 0.0 0.0
99.147679088 1.0 1.0
99.724602088 0.0 0.0
100.30152508799999 1.0 0.0
100.878448088 0.0 0.0
101.45537108799999 1.0 1.0
102.032294088 0.0 0.0
102.609217088 1.0 0.0
103.186140088 0.0 0.0
103.763063088 1.0 1.0
104.339986088 0.0 0.0
104.916909088 1.0 0.0
105.49383208799999 0.0 0.0
106.070755088 1.0 1.0
106.64767808799999 0.0 0.0
107.224601088 1.0 0.0
107.801524088 0.0 0.0
108.378447088 1.0 1.0
108.955370088 0.0 0.0
109.532293088 1.0 0.0
110.109216088 0.0 0.0
110.68613908799999 1.0 1.0
111.263062088 0.0 0.0
111.83998508799999 1.0 0.0
112.416908088 0.0 0.0
112.993831088 1.0 1.0
113.570754088 0.0 0.0
114.147677088 1.0 0.0
114.724600088 0.0 0.0
115.301523088 1.0 1.0
115.87844608799999 0.0 0.0
116.455369088 1.0 0.0
117.03229208799999 0.0 0.0
117.609215088 1.0 1.0
118.18613808799999 0.0 0.0
118.763061088 1.0 0.0
119.339984088 0.0 0.0
119.916907088 1.0 1.0
120.493830088 0.0 0.0
121.07075308799999 1.0 0.0
121.647676088 0.0 0.0
122.22459908799999 1.0 1.0
122.801522088 0.0 0.0
123.37844508799999 1.0 0.0
123.955368088 0.0 0.0
124.532291088 1.0 1.0
125.109214088 0.0 0.0
125.686137088 1.0 0.0
126.26306008799999 0.0 0.0
126.839983088 1.0 1.0
127.41690608799999 0.0 0.0
127.993829088 1.0 0.0
128.570752088 0.0 0.0
129.147675088 1.0 1.0
129.724598088 0.0 0.0
130.301521088 1.0 0.0
130.87844408799998 0.0 0.0
131.455367088 1.0 1.0
132.032290088 0.0 0.0
132.609213088 1.0 0.0
133.18613608799998 0.0 0.0
133.763059088 1.0 1.0
134.339982088 0.0 0.0
134.916905088 1.0 0.0
135.493828088 0.0 0.0
136.07075108799998 1.0 1.0
136.647674088 0.0 0.0
137.224597088 1.0 0.0
137.801520088 0.0 0.0
138.37844308799998 1.0 1.0
138.955366088 0.0 0.0
139.532289088 1.0 0.0
140.109212088 0.0 0.0
140.686135088 1.0 1.0
141.26305808799998 0.0 0.0
141.839981088 1.0 0.0
142.416904088 0.0 0.0
142.993827088 1.0 1.0
143.57075008799998 0.0 0.0
144.147673088 1.0 0.0
144.724596088 0.0 0.0
145.301519088 1.0 1.0
145.87844208799999 0.0 0.0
146.45536508799998 1.0 0.0
147.032288088 0.0 0.0
147.609211088 1.0 1.0
148.186134088 0.0 0.0
148.76305708799998 1.0 0.0
149.339980088 0.0 0.0
149.916903088 1.0 1.0
150.493826088 0.0 0.0
151.07074908799999 1.0 0.0
151.64767208799998 0.0 0.0
152.224595088 1.0 1.0
152.801518088 0.0 0.0
153.378441088 1.0 0.0
153.95536408799998 0.0 0.0
154.532287088 1.0 1.0
155.109210088 0.0 0.0
155.686133088 1.0 0.0
156.26305608799998 0.0 0.0
156.83997908799998 1.0 1.0
157.416902088 0.0 0.0
157.993825088 1.0 0.0
158.570748088 0.0 0.0
159.14767108799998 1.0 1.0
159.724594088 0.0 0.0
160.301517088 1.0 0.0
160.878440088 0.0 0.0
161.45536308799998 1.0 1.0
162.03228608799998 0.0 0.0
162.609209088 1.0 0.0
163.186132088 0.0 0.0
163.763055088 1.0 1.0
164.33997808799998 0.0 0.0
164.916901088 1.0 0.0
165.493824088 0.0 0.0
166.070747088 1.0 1.0
166.64767008799998 0.0 0.0
167.22459308799998 1.0 0.0
167.801516088 0.0 0.0
168.378439088 1.0 1.0
168.955362088 0.0 0.0
169.53228508799998 1.0 0.0
170.109208088 0.0 0.0
170.686131088 1.0 1.0
171.263054088 0.0 0.0
171.83997708799998 1.0 0.0
172.41690008799998 0.0 0.0
172.993823088 1.0 1.0
173.570746088 0.0 0.0
174.147669088 1.0 0.0
174.72459208799998 0.0 0.0
175.301515088 1.0 1.0
175.878438088 0.0 0.0
176.455361088 1.0 0.0
177.03228408799998 0.0 0.0
177.60920708799998 1.0 1.0
178.186130088 0.0 0.0
178.763053088 1.0 0.0
179.339976088 0.0 0.0
179.91689908799998 1.0 1.0
180.493822088 0.0 0.0
181.070745088 1.0 0.0
181.647668088 0.0 0.0
182.22459108799998 1.0 1.0
182.80151408799998 0.0 0.0
183.378437088 1.0 0.0
183.955360088 0.0 0.0
184.53228308799999 1.0 1.0
185.10920608799998 0.0 0.0
185.686129088 1.0 0.0
186.263052088 0.0 0.0
186.839975088 1.0 1.0
187.41689808799998 0.0 0.0
187.99382108799998 1.0 0.0
188.570744088 0.0 0.0
189.147667088 1.0 1.0
189.72459008799999 0.0 0.0
190.30151308799998 1.0 0.0
190.878436088 0.0 0.0
191.455359088 1.0 1.0
192.032282088 0.0 0.0
192.60920508799998 1.0 0.0
193.18612808799998 0.0 0.0
193.763051088 1.0 1.0
194.339974088 0.0 0.0
194.91689708799998 1.0 0.0
195.49382008799998 0.0 0.0
196.070743088 1.0 1.0
196.647666088 0.0 0.0
197.224589088 1.0 0.0
197.80151208799998 0.0 0.0
198.37843508799997 1.0 1.0
198.955358088 0.0 0.0
199.532281088 1.0 0.0
200.10920408799998 0.0 0.0
200.68612708799998 1.0 1.0
201.263050088 0.0 0.0
201.839973088 1.0 0.0
202.416896088 0.0 0.0
202.99381908799998 1.0 1.0
203.57074208799997 0.0 0.0
204.147665088 1.0 0.0
204.724588088 0.0 0.0
205.30151108799998 1.0 1.0
205.87843408799998 0.0 0.0
206.455357088 1.0 0.0
207.032280088 0.0 0.0
207.609203088 1.0 1.0
208.18612608799998 0.0 0.0
208.76304908799997 1.0 0.0
209.339972088 0.0 0.0
209.916895088 1.0 1.0
210.49381808799998 0.0 0.0
211.07074108799998 1.0 0.0
211.647664088 0.0 0.0
212.224587088 1.0 1.0
212.801510088 0.0 0.0
213.37843308799998 1.0 0.0
213.95535608799997 0.0 0.0
214.532279088 1.0 1.0
215.109202088 0.0 0.0
215.68612508799998 1.0 0.0
216.26304808799998 0.0 0.0
216.839971088 1.0 1.0
217.416894088 0.0 0.0
217.993817088 1.0 0.0
218.57074008799998 0.0 0.0
219.14766308799997 1.0 1.0
219.724586088 0.0 0.0
220.301509088 1.0 0.0
220.87843208799998 0.0 0.0
221.45535508799998 1.0 1.0
222.032278088 0.0 0.0
222.609201088 1.0 0.0
223.18612408799999 0.0 0.0
223.76304708799998 1.0 1.0
224.33997008799997 0.0 0.0
224.916893088 1.0 0.0
225.493816088 0.0 0.0
226.07073908799998 1.0 1.0
226.64766208799998 0.0 0.0
227.224585088 1.0 0.0
227.801508088 0.0 0.0
228.37843108799999 1.0 1.0
228.95535408799998 0.0 0.0
229.53227708799997 1.0 0.0
230.109200088 0.0 0.0
230.686123088 1.0 1.0
231.26304608799998 0.0 0.0
231.83996908799998 1.0 1.0
232.416892088 0.0 0.0
232.993815088 0.0 0.0
233.57073808799998 1.0 1.0
234.14766108799998 0.0 0.0
234.72458408799997 1.0 0.0
235.301507088 0.0 0.0
235.878430088 1.0 0.0
236.45535308799998 0.0 0.0
237.03227608799997 1.0 1.0
237.609199088 0.0 0.0
238.186122088 1.0 0.0
238.76304508799998 0.0 0.0
239.33996808799998 1.0 1.0
239.91689108799997 0.0 0.0
240.493814088 1.0 0.0
241.070737088 0.0 0.0
241.64766008799998 1.0 1.0
242.22458308799997 0.0 0.0
242.801506088 1.0 0.0
243.378429088 0.0 0.0
243.95535208799998 1.0 1.0
244.53227508799998 0.0 0.0
245.10919808799997 1.0 0.0
245.686121088 0.0 0.0
246.263044088 1.0 1.0
246.83996708799998 0.0 0.0
247.41689008799997 1.0 0.0
247.993813088 0.0 0.0
248.570736088 1.0 1.0
249.14765908799998 0.0 0.0
249.72458208799998 1.0 0.0