0.08671875000000002 1.0 1.0
0.5554687500000001 0.0 0.0
1.02421875 1.0 0.0
1.49296875 0.0 0.0
1.9617187500000002 1.0 1.0
2.43046875 0.0 0.0
2.89921875 1.0 0.0
3.36796875 0.0 0.0
3.83671875 1.0 1.0
4.30546875 0.0 0.0
4.77421875 1.0 0.0
5.24296875 0.0 0.0
5.71171875 1.0 1.0
6.18046875 0.0 0.0
6.64921875 1.0 0.0
7.11796875 0.0 0.0
7.586718749999999 1.0 1.0
8.05546875 0.0 0.0
8.52421875 1.0 0.0
8.99296875 0.0 0.0
9.46171875 1.0 1.0
9.93046875 0.0 0.0
10.39921875 1.0 0.0
10.86796875 0.0 0.0
11.33671875 1.0 1.0
11.80546875 0.0 0.0
12.27421875 1.0 0.0
12.74296875 0.0 0.0
13.21171875 1.0 1.0
13.68046875 0.0 0.0
14.14921875 1.0 0.0
14.61796875 0.0 0.0
15.086718750000001 1.0 1.0
15.555468750000001 0.0 0.0
16.024218750000003 1.0 0.0
16.492968750000003 0.0 0.0
16.961718750000003 1.0 1.0
17.430468750000003 0.0 0.0
17.899218750000003 1.0 0.0
18.367968750000003 0.0 0.0
18.836718750000003 1.0 1.0
19.305468750000003 0.0 0.0
19.774218750000003 1.0 0.0
20.242968750000003 0.0 0.0
20.711718750000003 1.0 1.0
21.180468750000003 0.0 0.0
21.649218750000003 1.0 0.0
22.117968750000003 0.0 0.0
22.586718750000003 1.0 1.0
23.055468750000003 0.0 0.0
23.524218750000003 1.0 0.0
23.992968750000003 0.0 0.0
24.461718750000003 1.0 1.0
24.930468750000003 0.0 0.0
25.399218750000003 1.0 0.0
25.867968750000003 0.0 0.0
26.336718750000003 1.0 1.0
26.805468750000003 0.0 0.0
27.274218750000003 1.0 0.0
27.742968750000003 0.0 0.0
28.211718750000003 1.0 1.0
28.680468750000003 0.0 0.0
29.149218750000003 1.0 0.0
29.617968750000003 0.0 0.0
30.086718750000003 1.0 1.0
30.555468750000003 0.0 0.0
31.024218750000003 1.0 0.0
31.492968750000003 0.0 0.0
31.961718750000003 1.0 1.0
32.43046875 0.0 0.0
32.89921875 1.0 0.0
33.36796875 0.0 0.0
33.83671875 1.0 1.0
34.30546875 0.0 0.0
34.77421875 1.0 0.0
35.24296875 0.0 0.0
35.71171875 1.0 1.0
36.18046875 0.0 0.0
36.64921875 1.0 0.0
37.11796875 0.0 0.0
37.58671875 1.0 1.0
38.05546875 0.0 0.0
38.52421875 1.0 0.0
38.99296875 0.0 0.0
39.46171875 1.0 1.0
39.93046875 0.0 0.0
40.39921875 1.0 0.0
40.86796875 0.0 0.0
41.33671875 1.0 1.0
41.80546875 0.0 0.0
42.27421875 1.0 0.0
42.74296875 0.0 0.0
43.21171875 1.0 1.0
43.68046875 0.0 0.0
44.14921875 1.0 0.0
44.61796875 0.0 0.0
45.08671875 1.0 1.0
45.55546875 0.0 0.0
46.02421875 1.0 0.0
46.49296875 0.0 0.0
46.96171875 1.0 1.0
47.43046875 0.0 0.0
47.89921875 1.0 0.0
48.36796875 0.0 0.0
48.83671875 1.0 1.0
49.30546875 0.0 0.0
49.77421875 1.0 0.0
50.24296875 0.0 0.0
50.71171875 1.0 1.0
51.18046875 0.0 0.0
51.64921875 1.0 0.0
52.11796875 0.0 0.0
52.58671875 1.0 1.0
53.05546875 0.0 0.0
53.52421875 1.0 0.0
53.99296875 0.0 0.0
54.46171875 1.0 1.0
54.93046875 0.0 0.0
55.39921875 1.0 0.0
55.86796875 0.0 0.0
56.33671875 1.0 1.0
56.80546875 0.0 0.0
57.27421875 1.0 0.0
57.74296875 0.0 0.0
58.21171875 1.0 1.0
58.68046875 0.0 0.0
59.14921875 1.0 0.0
59.61796875 0.0 0.0
60.08671875 1.0 1.0
60.55546875 0.0 0.0
61.02421875 1.0 0.0
61.49296875 0.0 0.0
61.96171875 1.0 1.0
62.43046875 0.0 0.0
62.89921875 1.0 0.0
63.36796875 0.0 0.0
63.83671875 1.0 1.0
64.30546875 0.0 0.0
64.77421875 1.0 0.0
65.24296875 0.0 0.0
65.71171875 1.0 1.0
66.18046875 0.0 0.0
66.64921875 1.0 0.0
67.11796875 0.0 0.0
67.58671875 1.0 1.0
68.05546875 0.0 0.0
68.52421875 1.0 0.0
68.99296875 0.0 0.0
69.46171875 1.0 1.0
69.93046875 0.0 0.0
70.39921875 1.0 0.0
70.86796875 0.0 0.0
71.33671875 1.0 1.0
71.80546875 0.0 0.0
72.27421875 1.0 0.0
72.74296875 0.0 0.0
73.21171875 1.0 1.0
73.68046875 0.0 0.0
74.14921875 1.0 0.0
74.61796875 0.0 0.0
75.08671875 1.0 1.0
75.55546875 0.0 0.0
76.02421875 1.0 0.0
76.49296875 0.0 0.0
76.96171875 1.0 1.0
77.43046875 0.0 0.0
77.89921875 1.0 0.0
78.36796875 0.0 0.0
78.83671875 1.0 1.0
79.30546875 0.0 0.0
79.77421875 1.0 0.0
80.24296875 0.0 0.0
80.71171875 1.0 1.0
81.18046875 0.0 0.0
81.64921875 1.0 0.0
82.11796875 0.0 0.0
82.58671875 1.0 1.0
83.05546875 0.0 0.0
83.52421875 1.0 0.0
83.99296875 0.0 0.0
84.46171875 1.0 1.0
84.93046875 0.0 0.0
85.39921875 1.0 0.0
85.86796875 0.0 0.0
86.33671875 1.0 1.0
86.80546875 0.0 0.0
87.27421875 1.0 0.0
87.74296875 0.0 0.0
88.21171875 1.0 1.0
88.68046875 0.0 0.0
89.14921875 1.0 0.0
89.61796875 0.0 0.0
90.08671875 1.0 1.0
90.55546875 0.0 0.0
91.02421875 1.0 0.0
91.49296875 0.0 0.0
91.96171875 1.0 1.0
92.43046875 0.0 0.0
92.89921875 1.0 0.0
93.36796875 0.0 0.0
93.83671875 1.0 1.0
94.30546875 0.0 0.0
94.77421875 1.0 0.0
95.24296875 0.0 0.0
95.71171875 1.0 1.0
96.18046875 0.0 0.0
96.64921875 1.0 0.0
97.11796875 0.0 0.0
97.58671875 1.0 1.0
98.05546875 0.0 0.0
98.52421875 1.0 0.0
98.99296875 0.0 0.0
99.46171875 1.0 1.0
99.93046875 0.0 0.0
100.39921875 1.0 0.0
100.86796875 0.0 0.0
101.33671875 1.0 1.0
101.80546875 0.0 0.0
102.27421875 1.0 0.0
102.74296875 0.0 0.0
103.21171875 1.0 1.0
103.68046875 0.0 0.0
104.14921875 1.0 0.0
104.61796875 0.0 0.0
105.08671875 1.0 1.0
105.55546875 0.0 0.0
106.02421875 1.0 0.0
106.49296875 0.0 0.0
106.96171875 1.0 1.0
107.43046875 0.0 0.0
107.89921875 1.0 0.0
108.36796875 0.0 0.0
108.83671875 1.0 1.0
109.30546875 0.0 0.0
109.77421875 1.0 0.0
110.24296875 0.0 0.0
110.71171875 1.0 1.0
111.18046875 0.0 0.0
111.64921875 1.0 0.0
112.11796875 0.0 0.0
112.58671875 1.0 1.0
113.05546875 0.0 0.0
113.52421875 1.0 0.0
113.99296875 0.0 0.0
114.46171875 1.0 1.0
114.93046875 0.0 0.0
115.39921875 1.0 0.0
115.86796875 0.0 0.0
116.33671875 1.0 1.0
116.80546875 0.0 0.0
117.27421875 1.0 0.0
117.74296875 0.0 0.0
118.21171875 1.0 1.0
118.68046875 0.0 0.0
119.14921875 1.0 0.0
119.61796875 0.0 0.0
120.08671875 1.0 1.0
120.55546875 0.0 0.0
121.02421875 1.0 0.0
121.49296875 0.0 0.0
121.96171875 1.0 1.0
122.43046875 0.0 0.0
122.89921875 1.0 0.0
123.36796875 0.0 0.0
123.83671875 1.0 1.0
124.30546875 0.0 0.0
124.77421875 1.0 0.0
125.24296875 0.0 0.0
125.71171875 1.0 1.0
126.18046875 0.0 0.0
126.64921875 1.0 0.0
127.11796875 0.0 0.0
127.58671875 1.0 1.0
128.05546875 0.0 0.0
128.52421875 1.0 0.0
128.99296875 0.0 0.0
129.46171875 1.0 1.0
129.93046875 0.0 0.0
130.39921875 1.0 0.0
130.86796875 0.0 0.0
131.33671875 1.0 1.0
131.80546875 0.0 0.0
132.27421875 1.0 0.0
132.74296875 0.0 0.0
133.21171875 1.0 1.0
133.68046875 0.0 0.0
134.14921875 1.0 0.0
134.61796875 0.0 0.0
135.08671875 1.0 1.0
135.55546875 0.0 0.0
136.02421875 1.0 0.0
136.49296875 0.0 0.0
136.96171875 1.0 1.0
137.43046875 0.0 0.0
137.89921875 1.0 0.0
138.36796875 0.0 0.0
138.83671875 1.0 1.0
139.30546875 0.0 0.0
139.77421875 1.0 0.0
140.24296875 0.0 0.0
140.71171875 1.0 1.0
141.18046875 0.0 0.0
141.64921875 1.0 0.0
142.11796875 0.0 0.0
142.58671875 1.0 1.0
143.05546875 0.0 0.0
143.52421875 1.0 0.0
143.99296875 0.0 0.0
144.46171875 1.0 1.0
144.93046875 0.0 0.0
145.39921875 1.0 0.0
145.86796875 0.0 0.0
146.33671875 1.0 1.0
146.80546875 0.0 0.0
147.27421875 1.0 0.0
147.74296875 0.0 0.0
148.21171875 1.0 1.0
148.68046875 0.0 0.0
149.14921875 1.0 0.0
149.61796875 0.0 0.0
150.08671875 1.0 1.0
150.55546875 0.0 0.0
151.02421875 1.0 0.0
151.49296875 0.0 0.0
151.96171875 1.0 1.0
152.43046875 0.0 0.0
152.89921875 1.0 0.0
153.36796875 0.0 0.0
153.83671875 1.0 1.0
154.30546875 0.0 0.0
154.77421875 1.0 0.0
155.24296875 0.0 0.0
155.71171875 1.0 1.0
156.18046875 0.0 0.0
156.64921875 1.0 0.0
157.11796875 0.0 0.0
157.58671875 1.0 1.0
158.05546875 0.0 0.0
158.52421875 1.0 0.0
158.99296875 0.0 0.0
159.46171875 1.0 1.0
159.93046875 0.0 0.0
160.39921875 1.0 0.0
160.86796875 0.0 0.0
161.33671875 1.0 1.0
161.80546875 0.0 0.0
162.27421875 1.0 0.0
162.74296875 0.0 0.0
163.21171875 1.0 1.0
163.68046875 0.0 0.0
164.14921875 1.0 0.0
164.61796875 0.0 0.0
165.08671875 1.0 1.0
165.55546875 0.0 0.0
166.02421875 1.0 0.0
166.49296875 0.0 0.0
166.96171875 1.0 1.0
167.43046875 0.0 0.0
167.89921875 1.0 0.0
168.36796875 0.0 0.0
168.83671875 1.0 1.0
169.30546875 0.0 0.0
169.77421875 1.0 0.0
170.24296875 0.0 0.0
170.71171875 1.0 1.0
171.18046875 0.0 0.0
171.64921875 1.0 0.0
172.11796875 0.0 0.0
172.58671875 1.0 1.0
173.05546875 0.0 0.0
173.52421875 1.0 0.0
173.99296875 0.0 0.0
174.46171875 1.0 1.0
174.93046875 0.0 0.0
175.39921875 1.0 0.0
175.86796875 0.0 0.0
176.33671875 1.0 1.0
176.80546875 0.0 0.0
177.27421875 1.0 0.0
177.74296875 0.0 0.0
178.21171875 1.0 1.0
178.68046875 0.0 0.0
179.14921875 1.0 0.0
179.61796875 0.0 0.0
180.08671875 1.0 1.0
180.55546875 0.0 0.0
181.02421875 1.0 0.0
181.49296875 0.0 0.0
181.96171875 1.0 1.0
182.43046875 0.0 0.0
182.89921875 1.0 0.0
183.36796875 0.0 0.0
183.83671875 1.0 1.0
184.30546875 0.0 0.0
184.77421875 1.0 0.0
185.24296875 0.0 0.0
185.71171875 1.0 1.0
186.18046875 0.0 0.0
186.64921875 1.0 0.0
187.11796875 0.0 0.0
187.58671875 1.0 1.0
188.05546875 0.0 0.0
188.52421875 1.0 0.0
188.99296875 0.0 0.0
189.46171875 1.0 1.0
189.93046875 0.0 0.0
190.39921875 1.0 0.0
190.86796875 0.0 0.0
191.33671875 1.0 1.0
191.80546875 0.0 0.0
192.27421875 1.0 0.0
192.74296875 0.0 0.0
193.21171875 1.0 1.0
193.68046875 0.0 0.0
194.14921875 1.0 0.0
194.61796875 0.0 0.0
195.08671875 1.0 1.0
195.55546875 0.0 0.0
196.02421875 1.0 0.0
196.49296875 0.0 0.0
196.96171875 1.0 1.0
197.43046875 0.0 0.0
197.89921875 1.0 0.0
198.36796875 0.0 0.0
198.83671875 1.0 1.0
199.30546875 0.0 0.0
199.77421875 1.0 0.0
200.24296875 0.0 0.0
200.71171875 1.0 1.0
201.18046875 0.0 0.0
201.64921875 1.0 0.0
202.11796875 0.0 0.0
202.58671875 1.0 1.0
203.05546875 0.0 0.0
203.52421875 1.0 0.0
203.99296875 0.0 0.0
204.46171875 1.0 1.0
204.93046875 0.0 0.0
205.39921875 1.0 0.0
205.86796875 0.0 0.0
206.33671875 1.0 1.0
206.80546875 0.0 0.0
207.27421875 1.0 0.0
207.74296875 0.0 0.0
208.21171875 1.0 1.0
208.68046875 0.0 0.0
209.14921875 1.0 0.0
209.61796875 0.0 0.0
210.08671875 1.0 1.0
210.55546875 0.0 0.0
211.02421875 1.0 0.0
211.49296875 0.0 0.0
211.96171875 1.0 1.0
212.43046875 0.0 0.0
212.89921875 1.0 0.0
213.36796875 0.0 0.0
213.83671875 1.0 1.0
214.30546875 0.0 0.0
214.77421875 1.0 0.0
215.24296875 0.0 0.0
215.71171875 1.0 1.0
216.18046875 0.0 0.0
216.64921875 1.0 0.0
217.11796875 0.0 0.0
217.58671875 1.0 1.0
218.05546875 0.0 0.0
218.52421875 1.0 0.0
218.99296875 0.0 0.0
219.46171875 1.0 1.0
219.93046875 0.0 0.0
220.39921875 1.0 0.0
220.86796875 0.0 0.0
221.33671875 1.0 1.0
221.80546875 0.0 0.0
222.27421875 0.0 0.0
222.74296875 1.0 1.0
223.21171875 0.0 0.0
223.68046875 1.0 0.0
224.14921875 0.0 0.0
224.61796875 1.0 1.0
225.08671875 0.0 0.0
225.55546875 1.0 0.0
226.02421875 0.0 0.0
226.49296875 1.0 1.0
226.96171875 0.0 0.0
227.43046875 1.0 0.0
227.89921875 0.0 0.0
228.36796875 1.0 1.0
228.83671875 0.0 0.0
229.30546875 1.0 0.0
229.77421875 0.0 0.0
230.24296875 1.0 1.0
230.71171875 0.0 0.0
231.18046875 1.0 0.0
231.64921875 0.0 0.0
232.11796875 1.0 1.0
232.58671875 0.0 0.0
233.05546875 1.0 0.0
233.52421875 0.0 0.0
233.99296875 1.0 0.0
234.46171875 0.0 0.0