0.7531314790000001 0.0 0.0
1.648650479 1.0 0.0
2.5441694790000002 0.0 0.0
3.4396884790000004 1.0 1.0
4.335207479000001 0.0 0.0
5.230726479000001 1.0 0.0
6.126245479000001 0.0 0.0
7.021764479000001 1.0 1.0
7.917283478999999 0.0 0.0
8.812802479 1.0 0.0
9.708321479 0.0 0.0
10.603840479 1.0 1.0
11.499359478999999 0.0 0.0
12.394878478999999 1.0 0.0
13.290397479 0.0 0.0
14.185916479 1.0 1.0
15.081435479000001 0.0 0.0
15.976954479000002 1.0 0.0
16.872473479000003 0.0 0.0
17.767992479 1.0 1.0
18.663511479 0.0 0.0
19.559030479 1.0 0.0
20.454549479 0.0 0.0
21.350068479 1.0 1.0
22.245587479 0.0 0.0
23.141106479 1.0 0.0
24.036625479 0.0 0.0
24.932144479 1.0 1.0
25.827663479 0.0 0.0
26.723182479000002 1.0 0.0
27.618701479000002 0.0 0.0
28.514220479000002 1.0 1.0
29.409739479000002 0.0 0.0
30.305258479000003 1.0 0.0
31.200777479000003 0.0 0.0
32.096296479 1.0 1.0
32.991815479 0.0 0.0
33.887334479 1.0 0.0
34.782853479 0.0 0.0
35.678372479000004 1.0 1.0
36.573891479000004 0.0 0.0
37.469410479000004 1.0 0.0
38.364929479000004 0.0 0.0
39.260448479000004 1.0 1.0
40.155967479000005 0.0 0.0
41.051486479000005 1.0 0.0
41.947005479000005 0.0 0.0
42.842524479000005 1.0 1.0
43.738043479000005 0.0 0.0
44.633562479000005 1.0 0.0
45.529081479000006 0.0 0.0
46.424600479000006 1.0 1.0
47.320119479000006 0.0 0.0
48.215638479000006 1.0 0.0
49.111157479000006 0.0 0.0
50.00667647900001 1.0 1.0
50.90219547900001 0.0 0.0
51.79771447900001 1.0 0.0
52.69323347900001 0.0 0.0
53.58875247900001 1.0 1.0
54.48427147900001 0.0 0.0
55.37979047900001 1.0 0.0
56.27530947900001 0.0 0.0
57.17082847900001 1.0 1.0
58.066347479 0.0 0.0
58.961866479 1.0 0.0
59.857385479 0.0 0.0
60.752904479 1.0 1.0
61.64842347900001 0.0 0.0
62.543942479 1.0 0.0
63.439461479 0.0 0.0
64.33498047900001 1.0 1.0
65.230499479 0.0 0.0
66.12601847900001 1.0 0.0
67.021537479 0.0 0.0
67.91705647900001 1.0 1.0
68.812575479 0.0 0.0
69.70809447900001 1.0 0.0
70.603613479 0.0 0.0
71.49913247900001 1.0 1.0
72.394651479 0.0 0.0
73.29017047900001 1.0 0.0
74.185689479 0.0 0.0
75.08120847900001 1.0 1.0
75.976727479 0.0 0.0
76.87224647900001 1.0 0.0
77.767765479 0.0 0.0
78.66328447900001 1.0 1.0
79.558803479 0.0 0.0
80.45432247900001 1.0 0.0
81.349841479 0.0 0.0
82.24536047900001 1.0 1.0
83.140879479 0.0 0.0
84.03639847900001 1.0 0.0
84.931917479 0.0 0.0
85.82743647900001 1.0 1.0
86.722955479 0.0 0.0
87.61847447900001 1.0 0.0
88.513993479 0.0 0.0
89.40951247900001 1.0 1.0
90.30503147900001 0.0 0.0
91.200550479 1.0 0.0
92.09606947900001 0.0 0.0
92.991588479 1.0 1.0
93.88710747900001 0.0 0.0
94.782626479 1.0 0.0
95.67814547900001 0.0 0.0
96.573664479 1.0 1.0
97.46918347900001 0.0 0.0
98.364702479 1.0 0.0
99.26022147900001 0.0 0.0
100.155740479 1.0 1.0
101.05125947900001 0.0 0.0
101.946778479 1.0 0.0
102.84229747900001 0.0 0.0
103.737816479 1.0 1.0
104.63333547900001 0.0 0.0
105.528854479 1.0 0.0
106.42437347900001 0.0 0.0
107.319892479 1.0 1.0
108.21541147900001 0.0 0.0
109.110930479 1.0 0.0
110.00644947900001 0.0 0.0
110.901968479 1.0 1.0
111.79748747900001 0.0 0.0
112.693006479 1.0 0.0
113.58852547900001 0.0 0.0
114.484044479 1.0 1.0
115.37956347900003 0.0 0.0
116.27508247900002 1.0 0.0
117.17060147900003 0.0 0.0
118.06612047900002 1.0 1.0
118.96163947900003 0.0 0.0
119.85715847900002 1.0 0.0
120.75267747900003 0.0 0.0
121.64819647900002 1.0 1.0
122.54371547900003 0.0 0.0
123.43923447900002 1.0 0.0
124.33475347900003 0.0 0.0
125.23027247900002 1.0 1.0
126.12579147900003 0.0 0.0
127.02131047900002 1.0 0.0
127.91682947900003 0.0 0.0
128.81234847900004 1.0 1.0
129.70786747900002 0.0 0.0
130.60338647900002 1.0 0.0
131.49890547900003 0.0 0.0
132.39442447900004 1.0 1.0
133.28994347900002 0.0 0.0
134.18546247900002 1.0 0.0
135.08098147900003 0.0 0.0
135.97650047900004 1.0 1.0
136.87201947900002 0.0 0.0
137.76753847900002 1.0 0.0
138.66305747900003 0.0 0.0
139.55857647900004 1.0 1.0
140.45409547900002 0.0 0.0
141.34961447900002 1.0 0.0
142.24513347900003 0.0 0.0
143.14065247900004 1.0 1.0
144.03617147900002 0.0 0.0
144.93169047900003 1.0 0.0
145.82720947900003 0.0 0.0
146.722728479 1.0 1.0
147.61824747900002 0.0 0.0
148.51376647900003 1.0 0.0
149.40928547900003 0.0 0.0
150.304804479 1.0 1.0
151.20032347900002 0.0 0.0
152.09584247900003 1.0 0.0
152.99136147900003 0.0 0.0
153.886880479 1.0 1.0
154.78239947900002 0.0 0.0
155.67791847900003 1.0 0.0
156.57343747900003 0.0 0.0
157.468956479 1.0 1.0
158.36447547900002 0.0 0.0
159.25999447900003 1.0 0.0
160.15551347900004 0.0 0.0
161.051032479 1.0 1.0
161.94655147900002 0.0 0.0
162.84207047900003 1.0 0.0
163.73758947900004 0.0 0.0
164.63310847900001 1.0 1.0
165.52862747900002 0.0 0.0
166.42414647900003 1.0 0.0
167.31966547900004 0.0 0.0
168.21518447900002 1.0 1.0
169.11070347900002 0.0 0.0
170.00622247900003 1.0 0.0
170.90174147900004 0.0 0.0
171.79726047900002 1.0 1.0
172.69277947900002 0.0 0.0
173.58829847900003 1.0 0.0
174.48381747900004 0.0 0.0
175.37933647900002 1.0 1.0
176.27485547900002 0.0 0.0
177.17037447900003 1.0 0.0
178.06589347900004 0.0 0.0
178.96141247900002 1.0 1.0
179.85693147900002 0.0 0.0
180.75245047900003 1.0 0.0
181.64796947900004 0.0 0.0
182.54348847900002 1.0 1.0
183.43900747900003 0.0 0.0
184.33452647900003 1.0 0.0
185.23004547900004 0.0 0.0
186.12556447900002 1.0 1.0
187.02108347900003 0.0 0.0
187.91660247900003 1.0 0.0
188.81212147900004 0.0 0.0
189.70764047900002 1.0 1.0
190.60315947900003 0.0 0.0
191.49867847900003 1.0 0.0
192.39419747900004 0.0 0.0
193.28971647900002 1.0 1.0
194.18523547900003 0.0 0.0
195.08075447900003 1.0 0.0
195.97627347900004 0.0 0.0
196.87179247900002 1.0 1.0
197.76731147900003 0.0 0.0
198.66283047900004 1.0 0.0
199.55834947900004 0.0 0.0
200.45386847900002 1.0 1.0
201.34938747900003 0.0 0.0
202.24490647900004 1.0 0.0
203.14042547900004 0.0 0.0
204.03594447900002 1.0 1.0
204.93146347900003 0.0 0.0
205.82698247900004 1.0 0.0
206.72250147900002 0.0 0.0
207.61802047900002 1.0 1.0
208.51353947900003 0.0 0.0
209.40905847900004 1.0 0.0
210.30457747900002 0.0 0.0
211.20009647900002 1.0 1.0
212.09561547900003 0.0 0.0
212.99113447900004 1.0 0.0
213.88665347900002 0.0 0.0
214.78217247900002 1.0 1.0
215.67769147900003 0.0 0.0
216.57321047900004 1.0 0.0
217.46872947900002 0.0 0.0
218.36424847900003 1.0 1.0
219.25976747900003 0.0 0.0
220.15528647900004 1.0 0.0
221.05080547900002 0.0 0.0
221.94632447900003 1.0 1.0
222.84184347900003 0.0 0.0
223.73736247900004 1.0 0.0
224.63288147900002 0.0 0.0
225.52840047900003 1.0 1.0
226.42391947900003 0.0 0.0
227.31943847900004 1.0 0.0
228.21495747900002 0.0 0.0
229.11047647900003 1.0 1.0
230.00599547900003 0.0 0.0
230.90151447900004 1.0 0.0
231.79703347900002 0.0 0.0
232.69255247900003 1.0 1.0
233.58807147900004 0.0 0.0
234.48359047900004 1.0 0.0
235.37910947900002 0.0 0.0
236.27462847900003 1.0 1.0
237.17014747900004 0.0 0.0
238.06566647900004 1.0 0.0
238.96118547900002 0.0 0.0
239.85670447900003 1.0 1.0
240.75222347900004 0.0 0.0
241.64774247900004 1.0 0.0
242.54326147900002 0.0 0.0
243.43878047900003 1.0 1.0
244.33429947900004 0.0 0.0
245.22981847900002 1.0 0.0
246.125337479 0.0 0.0
247.020856479 1.0 1.0
247.916375479 0.0 0.0
248.81189447900002 1.0 0.0
249.707413479 0.0 0.0
250.602932479 1.0 1.0
251.498451479 0.0 0.0
252.39397047900002 1.0 0.0
253.289489479 0.0 0.0
254.185008479 1.0 1.0
255.080527479 0.0 0.0
255.97604647900002 1.0 0.0
256.871565479 0.0 0.0
257.767084479 1.0 1.0
258.662603479 0.0 0.0
259.558122479 1.0 0.0
260.453641479 0.0 0.0
261.34916047900003 1.0 1.0
262.244679479 0.0 0.0
263.140198479 1.0 0.0
264.035717479 0.0 0.0
264.931236479 1.0 1.0
265.826755479 0.0 0.0
266.722274479 1.0 0.0
267.617793479 0.0 0.0
268.51331247900004 1.0 1.0
269.408831479 0.0 0.0
270.304350479 1.0 0.0
271.19986947900003 0.0 0.0
272.095388479 1.0 1.0
272.990907479 0.0 0.0
273.886426479 1.0 0.0
274.781945479 0.0 0.0
275.677464479 1.0 1.0
276.572983479 0.0 0.0
277.468502479 1.0 0.0
278.36402147900003 0.0 0.0
279.259540479 1.0 1.0
280.155059479 0.0 0.0
281.050578479 1.0 0.0
281.946097479 0.0 0.0
282.841616479 1.0 1.0
283.737135479 0.0 0.0
284.632654479 1.0 0.0
285.52817347900003 0.0 0.0
286.423692479 1.0 1.0
287.319211479 0.0 0.0
288.214730479 1.0 0.0
289.110249479 0.0 0.0
290.005768479 1.0 1.0
290.901287479 0.0 0.0
291.796806479 1.0 0.0
292.69232547900003 0.0 0.0
293.587844479 1.0 1.0
294.483363479 0.0 0.0
295.378882479 1.0 0.0
296.274401479 0.0 0.0
297.169920479 1.0 1.0
298.065439479 0.0 0.0
298.960958479 1.0 0.0
299.85647747900003 0.0 0.0
300.751996479 1.0 1.0
301.647515479 0.0 0.0
302.543034479 1.0 0.0
303.438553479 0.0 0.0
304.334072479 1.0 1.0
305.229591479 0.0 0.0
306.125110479 1.0 0.0
307.02062947900004 0.0 0.0
307.916148479 1.0 0.0
308.811667479 0.0 0.0
309.70718647900003 1.0 1.0
310.602705479 0.0 0.0
311.498224479 1.0 0.0
312.393743479 0.0 0.0
313.289262479 1.0 1.0
314.18478147900004 0.0 0.0
315.080300479 1.0 0.0
315.975819479 0.0 0.0
316.87133847900003 1.0 1.0
317.766857479 0.0 0.0
318.662376479 1.0 0.0
319.557895479 0.0 0.0