0.735690775 1.0 1.0
1.6587657750000002 0.0 0.0
2.5818407750000008 1.0 0.0
3.5049157750000006 0.0 0.0
4.4279907750000005 1.0 1.0
5.351065775 0.0 0.0
6.274140775 1.0 0.0
7.197215775 0.0 0.0
8.120290775 1.0 1.0
9.043365775000002 0.0 0.0
9.966440775000002 1.0 0.0
10.889515775000001 0.0 0.0
11.812590775000002 1.0 1.0
12.735665775000001 0.0 0.0
13.658740775000002 1.0 0.0
14.581815775000003 0.0 0.0
15.504890775000002 1.0 1.0
16.427965775 0.0 0.0
17.351040775 1.0 0.0
18.274115775000002 0.0 0.0
19.197190775 1.0 1.0
20.120265775 0.0 0.0
21.043340775 1.0 0.0
21.966415775 0.0 0.0
22.889490775000002 1.0 1.0
23.812565775 0.0 0.0
24.735640775 1.0 0.0
25.658715775 0.0 0.0
26.581790775 1.0 1.0
27.504865775000003 0.0 0.0
28.427940775 1.0 0.0
29.351015775 0.0 0.0
30.274090774999998 1.0 1.0
31.197165775 0.0 0.0
32.120240775 1.0 0.0
33.043315774999996 0.0 0.0
33.966390775 1.0 1.0
34.889465775 0.0 0.0
35.812540774999995 1.0 0.0
36.735615775 0.0 0.0
37.658690775 1.0 1.0
38.581765775 0.0 0.0
39.504840775 1.0 0.0
40.427915775 0.0 0.0
41.350990775 1.0 1.0
42.274065775 0.0 0.0
43.197140775 1.0 0.0
44.120215775 0.0 0.0
45.043290775 1.0 1.0
45.966365775 0.0 0.0
46.889440775 1.0 1.0
47.812515775 0.0 0.0
48.735590775 1.0 0.0
49.658665775 0.0 0.0
50.581740775 1.0 1.0
51.504815775 0.0 0.0
52.427890775 1.0 0.0
53.350965775 0.0 0.0
54.274040775 1.0 1.0
55.197115775 0.0 0.0
56.120190775 1.0 0.0
57.043265775 0.0 0.0
57.966340775 1.0 1.0
58.88937032375 0.0 0.0
59.79846032375 1.0 0.0
60.70755032375 0.0 0.0
61.616640323750005 1.0 1.0
62.525730323750004 0.0 0.0
63.4374879625 1.0 0.0
64.3605629625 0.0 0.0
65.2836379625 1.0 1.0
66.2067129625 0.0 0.0
67.1297879625 1.0 0.0
68.0528629625 0.0 0.0
68.9759379625 1.0 1.0
69.8990129625 0.0 0.0
70.8220879625 1.0 0.0
71.7451629625 0.0 0.0
72.6682379625 1.0 1.0
73.5913129625 0.0 0.0
74.5143879625 1.0 0.0
75.4374629625 0.0 0.0
76.3605379625 1.0 1.0
77.2836129625 0.0 0.0
78.2066879625 1.0 0.0
79.1297629625 0.0 0.0
80.0528379625 1.0 1.0
80.9759129625 0.0 0.0
81.8989879625 1.0 0.0
82.8220629625 0.0 0.0
83.7451379625 1.0 1.0
84.66821296250001 0.0 0.0
85.5912879625 1.0 0.0
86.5143629625 0.0 0.0
87.4374379625 1.0 1.0
88.3605129625 0.0 0.0
89.28358796250001 1.0 0.0
90.2066629625 0.0 0.0
91.1297379625 1.0 1.0
92.0528129625 0.0 0.0
92.9758879625 1.0 1.0
93.89896296250001 0.0 0.0
94.8220379625 1.0 0.0
95.7451129625 0.0 0.0
96.66818796250001 1.0 1.0
97.5912629625 0.0 0.0
98.51433796250001 1.0 0.0
99.4374129625 0.0 0.0
100.3604879625 1.0 1.0
101.28356296250001 0.0 0.0
102.2066379625 1.0 0.0
103.12971296250001 0.0 0.0
104.0527879625 1.0 1.0
104.9758629625 0.0 0.0
105.89893796250001 1.0 0.0
106.8220129625 0.0 0.0
107.74508796250001 1.0 1.0
108.6681629625 0.0 0.0
109.5912379625 1.0 0.0
110.51431296250001 0.0 0.0
111.4373879625 1.0 1.0
112.36046296250001 0.0 0.0
113.2835379625 1.0 0.0
114.2066129625 0.0 0.0
115.12968796250001 1.0 1.0
116.0527629625 0.0 0.0
116.97583796250001 1.0 0.0
117.8989129625 0.0 0.0
118.8219879625 1.0 1.0
119.74506296250001 0.0 0.0
120.6681379625 1.0 0.0
121.59121296250001 0.0 0.0
122.5142879625 1.0 1.0
123.4373629625 0.0 0.0
124.36043796250001 1.0 0.0
125.2835129625 0.0 0.0
126.20658796250001 1.0 1.0
127.1296629625 0.0 0.0
128.0527379625 1.0 0.0
128.97581296250002 0.0 0.0
129.8988879625 1.0 1.0
130.8219629625 0.0 0.0
131.74503796250002 1.0 0.0
132.6681129625 0.0 0.0
133.5911879625 1.0 1.0
134.51426296250003 0.0 0.0
135.4373379625 1.0 0.0
136.3604129625 0.0 0.0
137.2834879625 1.0 1.0
138.20656296250002 0.0 0.0
139.1296379625 1.0 1.0
140.0527129625 0.0 0.0
140.97578796250002 1.0 0.0
141.8988629625 0.0 0.0
142.8219379625 1.0 1.0
143.74501296250003 0.0 0.0
144.6680879625 1.0 0.0
145.5911629625 0.0 0.0
146.5142379625 1.0 1.0
147.43731296250002 0.0 0.0
148.3603879625 1.0 0.0
149.2834629625 0.0 0.0
150.20653796250002 1.0 1.0
151.1296129625 0.0 0.0
152.0526879625 1.0 0.0
152.97576296250003 0.0 0.0
153.8988379625 1.0 1.0
154.8219129625 0.0 0.0
155.7449879625 1.0 0.0
156.66806296250002 0.0 0.0
157.5911379625 1.0 1.0
158.5142129625 0.0 0.0
159.43728796250002 1.0 0.0
160.3603629625 0.0 0.0
161.2834379625 1.0 1.0
162.20651296250003 0.0 0.0
163.1295879625 1.0 0.0
164.0526629625 0.0 0.0
164.9757379625 1.0 1.0
165.89881296250002 0.0 0.0
166.8218879625 1.0 0.0
167.7449629625 0.0 0.0
168.66803796250002 1.0 1.0
169.5911129625 0.0 0.0
170.5141879625 1.0 0.0
171.43726296250003 0.0 0.0
172.3603379625 1.0 1.0
173.2834129625 0.0 0.0
174.2064879625 1.0 0.0
175.12956296250002 0.0 0.0
176.0526379625 1.0 1.0
176.9757129625 0.0 0.0
177.89878796250002 1.0 0.0
178.8218629625 0.0 0.0
179.74493796250002 1.0 1.0
180.66801296250003 0.0 0.0
181.5910879625 1.0 0.0
182.5141629625 0.0 0.0
183.43723796249998 1.0 1.0
184.36031296250002 0.0 0.0
185.2833879625 1.0 0.0
186.20646296249998 0.0 0.0
187.1295379625 1.0 1.0
188.0526129625 0.0 0.0
188.9756879625 1.0 0.0
189.89876296250003 0.0 0.0
190.8218379625 1.0 1.0
191.74491296250002 0.0 0.0
192.6679879625 1.0 0.0
193.59106296250002 0.0 0.0
194.5141379625 1.0 1.0
195.4372129625 0.0 0.0
196.36028796250002 1.0 0.0
197.2833629625 0.0 0.0
198.20643796250002 1.0 1.0
199.1295129625 0.0 0.0
200.0525879625 1.0 0.0
200.97566296250002 0.0 0.0
201.8987379625 1.0 1.0
202.82181296250002 0.0 0.0
203.7448879625 1.0 1.0
204.6679629625 0.0 0.0
205.59103796250002 0.0 0.0
206.5141129625 0.0 0.0