0.11678565199999999 0.0 0.0
0.6524996519999999 1.0 1.0
1.188213652 0.0 0.0
1.7239276519999998 1.0 0.0
2.259641652 0.0 0.0
2.795355652 1.0 1.0
3.331069652 0.0 0.0
3.866783652 1.0 0.0
4.402497652 0.0 0.0
4.938211652000001 1.0 1.0
5.473925652 0.0 0.0
6.009639652000001 1.0 0.0
6.545353652 0.0 0.0
7.081067652000001 1.0 1.0
7.616781652 0.0 0.0
8.152495652 1.0 0.0
8.688209652000001 0.0 0.0
9.223923652 1.0 1.0
9.759637651999999 0.0 0.0
10.295351651999999 1.0 0.0
10.831065652 0.0 0.0
11.366779652 1.0 1.0
11.902493651999999 0.0 0.0
12.438207652 1.0 0.0
12.973921652 0.0 0.0
13.509635652 1.0 1.0
14.045349651999999 0.0 0.0
14.581063652 1.0 0.0
15.116777652 0.0 0.0
15.652491652 1.0 1.0
16.188205652 0.0 0.0
16.723919652 1.0 0.0
17.259633652 0.0 0.0
17.795347652 1.0 1.0
18.331061652000002 0.0 0.0
18.866775652000005 1.0 0.0
19.402489652000003 0.0 0.0
19.938203652000002 1.0 1.0
20.473917652000004 0.0 0.0
21.009631652000003 1.0 0.0
21.545345652 0.0 0.0
22.081059652000004 1.0 1.0
22.616773652000003 0.0 0.0
23.152487652000005 1.0 0.0
23.688201652000004 0.0 0.0
24.223915652000002 1.0 1.0
24.759629652000005 0.0 0.0
25.295343652000003 1.0 0.0
25.831057652000002 0.0 0.0
26.366771652000004 1.0 1.0
26.902485652000003 0.0 0.0
27.438199652000005 1.0 0.0
27.973913652000004 0.0 0.0
28.509627652000002 1.0 1.0
29.045341652000005 0.0 0.0
29.581055652000003 1.0 0.0
30.116769652000002 0.0 0.0
30.652483652000004 1.0 1.0
31.188197652000003 0.0 0.0
31.723911652 1.0 0.0
32.259625652000004 0.0 0.0
32.795339652 1.0 1.0
33.331053652 0.0 0.0
33.866767652 1.0 0.0
34.402481652000006 0.0 0.0
34.938195652000005 1.0 1.0
35.473909652 0.0 0.0
36.009623652 1.0 0.0
36.545337652 0.0 0.0
37.081051652 1.0 1.0
37.616765652 0.0 0.0
38.152479652 1.0 0.0
38.688193652 0.0 0.0
39.223907652 1.0 1.0
39.759621652 0.0 0.0
40.295335652 1.0 0.0
40.831049652 0.0 0.0
41.366763651999996 1.0 1.0
41.902477652 0.0 0.0
42.438191652 1.0 0.0
42.973905652 0.0 0.0
43.509619652 1.0 1.0
44.045333652 0.0 0.0
44.581047652 1.0 0.0
45.116761652 0.0 0.0
45.652475652 1.0 1.0
46.188189652 0.0 0.0
46.723903652 1.0 0.0
47.259617652 0.0 0.0
47.795331652 1.0 1.0
48.331045652 0.0 0.0
48.866759652 1.0 0.0
49.402473652 0.0 0.0
49.938187651999996 1.0 1.0
50.473901652 0.0 0.0
51.009615652 1.0 0.0
51.545329652 0.0 0.0
52.081043652 1.0 1.0
52.616757652 0.0 0.0
53.152471652 1.0 0.0
53.688185652 0.0 0.0
54.223899652 1.0 1.0
54.759613652 0.0 0.0
55.295327652 1.0 0.0
55.831041651999996 0.0 0.0
56.366755652 1.0 1.0
56.902469652 0.0 0.0
57.438183652 1.0 0.0
57.973897652 0.0 0.0
58.509611652 1.0 1.0
59.045325652 0.0 0.0
59.581039652 1.0 0.0
60.116753652 0.0 0.0
60.652467652 1.0 1.0
61.188181652 0.0 0.0
61.723895651999996 1.0 0.0
62.259609652 0.0 0.0
62.795323652 1.0 1.0
63.331037652 0.0 0.0
63.866751652 1.0 0.0
64.402465652 0.0 0.0
64.938179652 1.0 1.0
65.473893652 0.0 0.0
66.009607652 1.0 0.0
66.545321652 0.0 0.0
67.081035652 1.0 1.0
67.616749652 0.0 0.0
68.152463652 1.0 0.0
68.688177652 0.0 0.0
69.22389165199999 1.0 1.0
69.75960565199999 0.0 0.0
70.29531965199999 1.0 0.0
70.83103365199999 0.0 0.0
71.36674765199999 1.0 1.0
71.90246165199999 0.0 0.0
72.438175652 1.0 0.0
72.973889652 0.0 0.0
73.509603652 1.0 1.0
74.045317652 0.0 0.0
74.581031652 1.0 0.0
75.116745652 0.0 0.0
75.652459652 1.0 1.0
76.188173652 0.0 0.0
76.723887652 1.0 0.0
77.259601652 0.0 0.0
77.795315652 1.0 1.0
78.331029652 0.0 0.0
78.866743652 1.0 0.0
79.402457652 0.0 0.0
79.938171652 1.0 1.0
80.47388565199999 0.0 0.0
81.009599652 1.0 0.0
81.545313652 0.0 0.0
82.081027652 1.0 1.0
82.616741652 0.0 0.0
83.152455652 1.0 0.0
83.688169652 0.0 0.0
84.223883652 1.0 1.0
84.759597652 0.0 0.0
85.295311652 1.0 0.0
85.831025652 0.0 0.0
86.36673965199999 1.0 1.0
86.902453652 0.0 0.0
87.438167652 1.0 0.0
87.973881652 0.0 0.0
88.509595652 1.0 1.0
89.045309652 0.0 0.0
89.581023652 1.0 0.0
90.116737652 0.0 0.0
90.652451652 1.0 1.0
91.188165652 0.0 0.0
91.723879652 1.0 0.0
92.25959365199999 0.0 0.0
92.795307652 1.0 1.0
93.331021652 0.0 0.0
93.866735652 1.0 0.0
94.402449652 0.0 0.0
94.938163652 1.0 1.0
95.473877652 0.0 0.0
96.009591652 1.0 0.0
96.545305652 0.0 0.0
97.081019652 1.0 1.0
97.616733652 0.0 0.0
98.152447652 1.0 0.0
98.688161652 0.0 0.0
99.223875652 1.0 1.0
99.759589652 0.0 0.0
100.295303652 1.0 0.0
100.831017652 0.0 0.0
101.366731652 1.0 1.0
101.902445652 0.0 0.0
102.438159652 1.0 0.0
102.973873652 0.0 0.0
103.509587652 1.0 1.0
104.045301652 0.0 0.0
104.581015652 1.0 0.0
105.116729652 0.0 0.0
105.652443652 1.0 1.0
106.188157652 0.0 0.0
106.723871652 1.0 0.0
107.259585652 0.0 0.0
107.795299652 1.0 1.0
108.331013652 0.0 0.0
108.866727652 1.0 0.0
109.402441652 0.0 0.0
109.938155652 1.0 1.0
110.473869652 0.0 0.0
111.009583652 1.0 0.0
111.545297652 0.0 0.0
112.081011652 1.0 1.0
112.616725652 0.0 0.0
113.152439652 1.0 0.0
113.688153652 0.0 0.0
114.223867652 1.0 1.0
114.759581652 0.0 0.0
115.295295652 1.0 0.0
115.831009652 0.0 0.0
116.366723652 1.0 1.0
116.902437652 0.0 0.0
117.438151652 1.0 0.0
117.973865652 0.0 0.0
118.509579652 1.0 1.0
119.045293652 0.0 0.0
119.581007652 1.0 0.0
120.116721652 0.0 0.0
120.652435652 1.0 1.0
121.18814965199999 0.0 0.0
121.723863652 1.0 0.0
122.259577652 0.0 0.0
122.795291652 1.0 1.0
123.331005652 0.0 0.0
123.866719652 1.0 0.0
124.402433652 0.0 0.0
124.938147652 1.0 1.0
125.473861652 0.0 0.0
126.009575652 1.0 0.0
126.545289652 0.0 0.0
127.08100365199999 1.0 1.0
127.616717652 0.0 0.0
128.152431652 1.0 0.0
128.688145652 0.0 0.0
129.223859652 1.0 1.0
129.759573652 0.0 0.0
130.295287652 1.0 0.0
130.831001652 0.0 0.0
131.366715652 1.0 1.0
131.902429652 0.0 0.0
132.438143652 1.0 0.0
132.973857652 0.0 0.0
133.509571652 1.0 1.0
134.045285652 0.0 0.0
134.580999652 1.0 0.0
135.116713652 0.0 0.0
135.652427652 1.0 1.0
136.188141652 0.0 0.0
136.723855652 1.0 0.0
137.259569652 0.0 0.0
137.79528365200002 1.0 1.0
138.330997652 0.0 0.0
138.86671165200002 1.0 0.0
139.402425652 0.0 0.0
139.93813965200002 1.0 1.0
140.473853652 0.0 0.0
141.00956765200002 1.0 0.0
141.54528165200003 0.0 0.0
142.080995652 1.0 1.0
142.61670965200003 0.0 0.0
143.152423652 1.0 0.0
143.68813765200002 0.0 0.0
144.223851652 1.0 1.0
144.75956565200002 0.0 0.0
145.295279652 1.0 0.0
145.83099365200002 0.0 0.0
146.366707652 1.0 1.0
146.90242165200002 0.0 0.0
147.43813565200003 1.0 0.0
147.973849652 0.0 0.0
148.50956365200003 1.0 1.0
149.045277652 0.0 0.0
149.58099165200002 1.0 0.0
150.116705652 0.0 0.0
150.65241965200002 1.0 1.0
151.188133652 0.0 0.0
151.72384765200002 1.0 0.0
152.259561652 0.0 0.0
152.79527565200002 1.0 1.0
153.33098965200003 0.0 0.0
153.866703652 1.0 0.0
154.40241765200003 0.0 0.0
154.938131652 1.0 1.0
155.47384565200002 0.0 0.0
156.009559652 1.0 0.0
156.54527365200002 0.0 0.0
157.080987652 1.0 1.0
157.61670165200002 0.0 0.0
158.152415652 1.0 0.0
158.68812965200001 0.0 0.0
159.22384365200003 1.0 1.0
159.759557652 0.0 0.0
160.29527165200003 1.0 0.0
160.830985652 0.0 0.0
161.36669965200002 1.0 1.0
161.902413652 0.0 0.0
162.43812765200002 1.0 0.0
162.973841652 0.0 0.0
163.50955565200002 1.0 1.0
164.045269652 0.0 0.0
164.58098365200001 1.0 0.0
165.11669765200003 0.0 0.0
165.652411652 1.0 1.0
166.18812565200002 0.0 0.0
166.723839652 1.0 0.0
167.25955365200002 0.0 0.0
167.795267652 1.0 1.0
168.33098165200002 0.0 0.0
168.866695652 1.0 0.0
169.40240965200002 0.0 0.0
169.938123652 1.0 1.0
170.47383765200001 0.0 0.0
171.00955165200003 1.0 0.0
171.545265652 0.0 0.0
172.08097965200002 1.0 1.0
172.616693652 0.0 0.0
173.15240765200002 1.0 0.0
173.688121652 0.0 0.0
174.22383565200002 1.0 1.0
174.759549652 0.0 0.0
175.29526365200002 1.0 0.0
175.83097765200003 0.0 0.0
176.36669165200001 1.0 1.0
176.90240565200003 0.0 0.0
177.438119652 1.0 0.0
177.97383365200002 0.0 0.0
178.509547652 1.0 1.0
179.04526165200002 0.0 0.0
179.580975652 1.0 0.0
180.11668965200002 0.0 0.0
180.652403652 1.0 1.0
181.18811765200002 0.0 0.0
181.72383165200003 1.0 0.0
182.259545652 0.0 0.0
182.79525965200003 1.0 1.0
183.330973652 0.0 0.0
183.86668765200002 1.0 0.0
184.402401652 0.0 0.0
184.93811565200002 1.0 1.0
185.473829652 0.0 0.0
186.00954365200002 1.0 0.0
186.545257652 0.0 0.0
187.08097165200002 1.0 1.0
187.61668565200003 0.0 0.0
188.152399652 1.0 0.0
188.68811365200003 0.0 0.0
189.223827652 1.0 1.0
189.75954165200002 0.0 0.0
190.295255652 1.0 0.0
190.83096965200002 0.0 0.0
191.366683652 1.0 1.0
191.90239765200002 0.0 0.0
192.438111652 1.0 0.0
192.97382565200002 0.0 0.0
193.50953965200003 1.0 1.0
194.045253652 0.0 0.0
194.58096765200003 1.0 0.0
195.116681652 0.0 0.0
195.65239565200002 1.0 1.0
196.188109652 0.0 0.0
196.72382365200002 1.0 0.0
197.259537652 0.0 0.0
197.79525165200002 1.0 1.0
198.330965652 0.0 0.0
198.86667965200002 1.0 0.0
199.40239365200003 0.0 0.0
199.938107652 1.0 1.0
200.47382165200003 0.0 0.0
201.009535652 1.0 0.0
201.54524965200002 0.0 0.0
202.080963652 1.0 1.0
202.61667765200002 0.0 0.0
203.152391652 1.0 0.0
203.68810565200002 0.0 0.0
204.223819652 1.0 1.0
204.75953365200002 0.0 0.0
205.29524765200003 1.0 0.0
205.830961652 0.0 0.0
206.36667565200003 1.0 1.0
206.902389652 0.0 0.0
207.43810365200002 1.0 0.0
207.973817652 0.0 0.0
208.50953165200002 1.0 1.0
209.045245652 0.0 0.0
209.58095965200002 1.0 0.0
210.116673652 0.0 0.0
210.65238765200002 1.0 1.0
211.18810165200003 0.0 0.0
211.723815652 1.0 0.0
212.25952965200003 0.0 0.0
212.795243652 1.0 1.0
213.33095765200002 0.0 0.0
213.866671652 1.0 0.0
214.40238565200002 0.0 0.0
214.938099652 1.0 1.0
215.47381365200002 0.0 0.0
216.009527652 1.0 0.0
216.54524165200002 0.0 0.0
217.08095565200003 1.0 1.0
217.616669652 0.0 0.0
218.15238365200003 1.0 0.0
218.688097652 0.0 0.0
219.22381165200002 1.0 1.0
219.759525652 0.0 0.0
220.29523965200002 1.0 0.0
220.830953652 0.0 0.0
221.36666765200002 1.0 1.0
221.902381652 0.0 0.0
222.43809565200002 1.0 0.0
222.97380965200003 0.0 0.0
223.509523652 1.0 1.0
224.04523765200003 0.0 0.0
224.580951652 1.0 1.0
225.11666565200002 0.0 0.0
225.652379652 0.0 0.0
226.18809365200002 1.0 0.0
226.723807652 0.0 0.0
227.25952165200002 1.0 1.0
227.795235652 0.0 0.0
228.33094965200002 1.0 0.0
228.86666365200003 0.0 0.0
229.402377652 1.0 1.0
229.93809165200003 0.0 0.0
230.473805652 1.0 0.0
231.00951965200002 0.0 0.0
231.545233652 0.0 0.0