0.161584048 0.0 0.0
0.7556430480000002 1.0 1.0
1.3497020480000004 0.0 0.0
1.9437610480000003 1.0 0.0
2.537820048 0.0 0.0
3.131879048 1.0 1.0
3.725938048 0.0 0.0
4.319997048 1.0 0.0
4.914056048 0.0 0.0
5.5081150480000005 1.0 1.0
6.102174048000001 0.0 0.0
6.696233048000001 1.0 0.0
7.290292048 0.0 0.0
7.884351048000001 1.0 1.0
8.478410048 0.0 0.0
9.072469048 1.0 0.0
9.666528048 0.0 0.0
10.260587048 1.0 1.0
10.853892859999998 0.0 0.0
11.44357286 1.0 0.0
12.03325286 0.0 0.0
12.622932859999999 1.0 1.0
13.21261286 0.0 0.0
13.80229286 1.0 0.0
14.418651482 0.0 0.0
15.045282482 1.0 1.0
15.671913482 0.0 0.0
16.298544482 1.0 0.0
16.925175482 0.0 0.0
17.551806482 1.0 0.0
18.178437482 0.0 0.0
18.805068482 1.0 1.0
19.431699482 0.0 0.0
20.058330482 1.0 0.0
20.684961482 0.0 0.0
21.311592482 1.0 1.0
21.938223481999998 0.0 0.0
22.564854482 1.0 0.0
23.191485481999997 0.0 0.0
23.818116482 1.0 1.0
24.444747481999997 0.0 0.0
25.071378482 1.0 0.0
25.698009482 0.0 0.0
26.324640482 1.0 1.0
26.951271482000003 0.0 0.0
27.577902482 1.0 0.0
28.195490119333332 0.0 0.0
28.792503119333333 1.0 1.0
29.389516119333333 0.0 0.0
29.986529119333333 1.0 1.0
30.58354211933333 0.0 0.0
31.18055511933333 1.0 0.0
31.77756811933333 0.0 0.0
32.374581119333335 1.0 1.0
32.97159411933333 0.0 0.0
33.568607119333336 1.0 0.0
34.16562011933333 0.0 0.0
34.76263311933333 1.0 1.0
35.359646119333334 0.0 0.0
35.95665911933333 1.0 0.0
36.553672119333335 0.0 0.0
37.15068511933333 1.0 1.0
37.747698119333336 0.0 0.0
38.34471111933333 1.0 0.0
38.94172411933334 0.0 0.0
39.538737119333334 1.0 1.0
40.13575011933334 0.0 0.0
40.732763119333335 1.0 0.0
41.32977611933334 0.0 0.0
41.926789119333336 1.0 1.0
42.525113816 0.0 0.0
43.123616816 1.0 0.0
43.722119816 0.0 0.0
44.320622816000004 1.0 1.0
44.919125816000005 0.0 0.0
45.517628816000006 1.0 0.0
46.116131816 0.0 0.0
46.714634816 1.0 1.0
47.313137816 0.0 0.0
47.911640816 1.0 0.0
48.510143816 0.0 0.0
49.108646816000004 1.0 1.0
49.707149816000005 0.0 0.0
50.305652816000006 1.0 0.0
50.904155816 0.0 0.0
51.502658816 1.0 1.0
52.101161816 0.0 0.0
52.699664816 1.0 0.0
53.298167816 0.0 0.0
53.896670816000004 1.0 1.0
54.495173816000005 0.0 0.0
55.093676816 1.0 0.0
55.69217981600001 0.0 0.0
56.290682816 1.0 1.0
56.889185816 0.0 0.0
57.487688816 1.0 0.0
58.086191816 0.0 0.0
58.684694816000004 1.0 1.0
59.283197816 0.0 0.0
59.881700816000006 1.0 0.0
60.480203816 0.0 0.0
61.07870681600001 1.0 1.0
61.677209816 0.0 0.0
62.275712816 1.0 0.0
62.874215816 0.0 0.0
63.472718816000004 1.0 1.0
64.071221816 0.0 0.0
64.66972481600001 1.0 0.0
65.268227816 0.0 0.0
65.866730816 1.0 1.0
66.46523381600001 0.0 0.0
67.063736816 1.0 0.0
67.66223981600001 0.0 0.0
68.260742816 1.0 1.0
68.859245816 0.0 0.0
69.457748816 1.0 0.0
70.05625181600001 0.0 0.0
70.65475481600001 1.0 1.0
71.253257816 0.0 0.0
71.85176081600001 1.0 0.0
72.44977161933333 0.0 0.0
73.04678461933334 1.0 1.0
73.64379761933334 0.0 0.0
74.24081061933335 1.0 0.0
74.83782361933334 0.0 0.0
75.43483661933334 1.0 1.0
76.03184961933334 0.0 0.0
76.62886261933335 1.0 0.0
77.22587561933334 0.0 0.0
77.82288861933333 1.0 1.0
78.41990161933333 0.0 0.0
79.01691461933333 1.0 0.0
79.61392761933334 0.0 0.0
80.21094061933333 1.0 1.0
80.80795361933333 0.0 0.0
81.40496661933334 1.0 0.0
82.00197961933333 0.0 0.0
82.59899261933333 1.0 1.0
83.19600561933333 0.0 0.0
83.79301861933334 1.0 0.0
84.39003161933333 0.0 0.0
84.98704461933333 1.0 1.0
85.58405761933334 0.0 0.0
86.18107061933333 1.0 0.0
86.77808361933333 0.0 0.0
87.37509661933333 1.0 1.0
87.97210961933334 0.0 0.0
88.56912261933333 1.0 0.0
89.16613561933333 0.0 0.0
89.76314861933334 1.0 1.0
90.36016161933333 0.0 0.0
90.95717461933333 1.0 0.0
91.55418761933333 0.0 0.0
92.15120061933334 1.0 1.0
92.74821361933333 0.0 0.0
93.34522661933333 1.0 0.0
93.94223961933334 0.0 0.0
94.53925261933333 1.0 1.0
95.13626561933333 0.0 0.0
95.73327861933333 1.0 0.0
96.33029161933334 0.0 0.0
96.92730461933333 1.0 1.0
97.52431761933333 0.0 0.0
98.12133061933334 1.0 0.0
98.71834361933333 0.0 0.0
99.31535661933333 1.0 1.0
99.91236961933333 0.0 0.0
100.50938261933334 1.0 0.0
101.10639561933334 0.0 0.0
101.70340861933333 1.0 1.0
102.30042161933333 0.0 0.0
102.89743461933332 1.0 0.0
103.49444761933333 0.0 0.0
104.09146061933333 1.0 1.0
104.68847361933334 0.0 0.0
105.28548661933334 1.0 0.0
105.88249961933333 0.0 0.0
106.47951261933333 1.0 1.0
107.07652561933332 0.0 0.0
107.67353861933333 1.0 0.0
108.27055161933333 0.0 0.0
108.86756461933334 1.0 1.0
109.46457761933334 0.0 0.0
110.06159061933333 1.0 0.0
110.65860361933333 0.0 0.0
111.25561661933332 1.0 1.0
111.85262961933333 0.0 0.0
112.44964261933333 1.0 0.0
113.04665561933334 0.0 0.0
113.64366861933334 1.0 1.0
114.24068161933333 0.0 0.0
114.83769461933333 1.0 0.0
115.43470761933332 0.0 0.0
116.03172061933333 1.0 1.0
116.62873361933333 0.0 0.0
117.22574661933334 1.0 0.0
117.82275961933334 0.0 0.0
118.41977261933334 1.0 1.0
119.01678561933333 0.0 0.0
119.61379861933332 1.0 0.0
120.21166079516668 0.0 0.0
120.81016379516667 1.0 1.0
121.40866679516668 0.0 0.0
122.00716979516667 1.0 0.0
122.60567279516667 0.0 0.0
123.20417579516668 1.0 1.0
123.80267879516667 0.0 0.0
124.40118179516668 1.0 0.0
124.99968479516667 0.0 0.0
125.59818779516668 1.0 1.0
126.19669079516667 0.0 0.0
126.79519379516668 1.0 0.0
127.39369679516668 0.0 0.0
127.99219979516667 1.0 1.0
128.59070279516666 0.0 0.0
129.18920579516669 1.0 0.0
129.78770879516668 0.0 0.0
130.38621179516667 1.0 1.0
130.98471479516667 0.0 0.0
131.58321779516666 1.0 0.0
132.18172079516668 0.0 0.0
132.78022379516668 1.0 1.0
133.37872679516667 0.0 0.0
133.97722979516666 1.0 0.0
134.5757327951667 0.0 0.0
135.17423579516668 1.0 1.0
135.77207276516668 0.0 0.0
136.3690857651667 1.0 0.0
136.9660987651667 0.0 0.0
137.56311176516667 1.0 1.0
138.16012476516667 0.0 0.0
138.75713776516668 1.0 0.0
139.35415076516668 0.0 0.0
139.95116376516668 1.0 1.0
140.5481767651667 0.0 0.0
141.1451897651667 1.0 0.0
141.74220276516667 0.0 0.0
142.33921576516667 1.0 1.0
142.93622876516667 0.0 0.0
143.53324176516668 1.0 0.0
144.13025476516668 0.0 0.0
144.7272677651667 1.0 1.0
145.3242807651667 0.0 0.0
145.9212937651667 1.0 0.0
146.51830676516667 0.0 0.0
147.11531976516667 1.0 1.0
147.71233276516668 0.0 0.0
148.30934576516668 1.0 0.0
148.9063587651667 0.0 0.0
149.5033717651667 1.0 1.0
150.10038476516667 0.0 0.0
150.69739776516667 1.0 0.0
151.29441076516667 0.0 0.0
151.89142376516668 1.0 1.0
152.48843676516668 0.0 0.0
153.0854497651667 0.0 0.0