0.390379402 1.0 1.0
1.149872402 0.0 0.0
1.909365402 1.0 0.0
2.668858402 0.0 0.0
3.428351402 1.0 1.0
4.1878444020000005 0.0 0.0
4.9473374020000005 1.0 0.0
5.7068304020000005 0.0 0.0
6.4663234019999996 1.0 1.0
7.225816401999999 0.0 0.0
7.985309401999999 1.0 0.0
8.744802402 0.0 0.0
9.504295401999999 1.0 1.0
10.263788402 0.0 0.0
11.023281401999999 1.0 0.0
11.782774402 0.0 0.0
12.542267401999998 1.0 1.0
13.301760402 0.0 0.0
14.061253401999998 1.0 0.0
14.820746402 0.0 0.0
15.580239401999998 1.0 1.0
16.339732402 0.0 0.0
17.099225402 1.0 0.0
17.858718401999997 0.0 0.0
18.618211402 1.0 1.0
19.377704402 0.0 0.0
20.137197401999998 1.0 0.0
20.896690401999997 0.0 0.0
21.656183402 1.0 1.0
22.415676402 0.0 0.0
23.175169401999998 1.0 0.0
23.934662401999997 0.0 0.0
24.694155402 1.0 1.0
25.453648402000002 0.0 0.0
26.213141402 1.0 0.0
26.972634402 0.0 0.0
27.732127402 1.0 1.0
28.491620402000002 0.0 0.0
29.251113402 1.0 0.0
30.010606402 0.0 0.0
30.770099402 1.0 1.0
31.529592402000002 0.0 0.0
32.289085402 1.0 0.0
33.048578402000004 0.0 0.0
33.808071402 1.0 1.0
34.567564402 0.0 0.0
35.327057402 1.0 0.0
36.086550402 0.0 0.0
36.846043402 1.0 1.0
37.605536402 0.0 0.0
38.365029402 1.0 0.0
39.124522402000004 0.0 0.0
39.884015402 1.0 1.0
40.643508402 0.0 0.0
41.40189167916667 1.0 0.0
42.15946667916667 0.0 0.0
42.917041679166665 1.0 1.0
43.67461667916667 0.0 0.0
44.43219167916667 1.0 0.0
45.18976667916667 0.0 0.0
45.94734167916667 1.0 1.0
46.70491667916667 0.0 0.0
47.46249167916667 1.0 0.0
48.22006667916667 0.0 0.0
48.977641679166666 1.0 1.0
49.73521667916666 0.0 0.0
50.492791679166665 1.0 0.0
51.25036667916666 0.0 0.0
52.00794167916666 1.0 1.0
52.765516679166666 0.0 0.0
53.52309167916666 1.0 0.0
54.280666679166664 0.0 0.0
55.03824167916666 1.0 1.0
55.79581667916666 0.0 0.0
56.553391679166666 1.0 0.0
57.31096667916667 0.0 0.0
58.068541679166664 1.0 1.0
58.82611667916666 0.0 0.0
59.58369167916666 1.0 0.0
60.341266679166665 0.0 0.0
61.09884167916667 1.0 1.0
61.856416679166664 0.0 0.0
62.61399167916666 1.0 0.0
63.37156667916666 0.0 0.0
64.12914167916666 1.0 1.0
64.88772650616667 0.0 0.0
65.64721950616666 1.0 0.0
66.40671250616667 0.0 0.0
67.16620550616666 1.0 1.0
67.92569850616667 0.0 0.0
68.68519150616667 1.0 0.0
69.44468450616667 0.0 0.0
70.20417750616667 1.0 1.0
70.96367050616666 0.0 0.0
71.72316350616667 1.0 0.0
72.48265650616666 0.0 0.0
73.24214950616667 1.0 1.0
74.00164250616666 0.0 0.0
74.76113550616667 1.0 0.0
75.52062850616667 0.0 0.0
76.28012150616667 1.0 1.0
77.03961450616667 0.0 0.0
77.79910750616666 1.0 0.0
78.55860050616667 0.0 0.0
79.31809350616666 1.0 1.0
80.07758650616667 0.0 0.0
80.83707950616667 1.0 0.0
81.59657250616667 0.0 0.0
82.35606550616667 1.0 1.0
83.11555850616666 0.0 0.0
83.87505150616667 1.0 0.0
84.63454450616666 0.0 0.0
85.39403750616667 1.0 1.0
86.15353050616667 0.0 0.0
86.91302350616667 1.0 0.0
87.67251650616667 0.0 0.0
88.43200950616666 1.0 1.0
89.19150250616667 0.0 0.0
89.95099550616666 1.0 0.0
90.71031780416666 0.0 0.0
91.46789280416667 1.0 1.0
92.22546780416666 0.0 0.0
92.98304280416666 1.0 0.0
93.74061780416666 0.0 0.0
94.49819280416666 1.0 1.0
95.25576780416667 0.0 0.0
96.01334280416665 1.0 0.0
96.77091780416666 0.0 0.0
97.52849280416667 1.0 1.0
98.28606780416666 0.0 0.0
99.04441183341667 1.0 0.0
99.80294383341668 0.0 0.0
100.56147583341668 1.0 1.0
101.32000783341668 0.0 0.0
102.07853983341668 1.0 0.0
102.83707183341667 0.0 0.0
103.59560383341667 1.0 1.0
104.35413583341668 0.0 0.0
105.11266783341668 1.0 0.0
105.87119983341668 0.0 0.0
106.62973183341668 1.0 1.0
107.38826383341667 0.0 0.0
108.14679583341668 1.0 0.0
108.90532783341668 0.0 0.0
109.66385983341668 1.0 1.0
110.42239183341668 0.0 0.0
111.18092383341667 1.0 0.0
111.93945583341667 0.0 0.0
112.69798783341668 1.0 1.0
113.45651983341668 0.0 0.0
114.21505183341668 1.0 0.0
114.97358383341668 0.0 0.0
115.73211583341669 1.0 1.0
116.49064783341669 0.0 0.0
117.24917983341668 1.0 0.0
118.00771183341668 0.0 0.0
118.76624383341668 1.0 1.0
119.52477583341668 0.0 0.0
120.28330783341667 1.0 0.0
121.04183983341667 0.0 0.0
121.80037183341668 1.0 1.0
122.55890383341668 0.0 0.0
123.31743583341668 1.0 0.0
124.07596783341668 0.0 0.0
124.83449983341669 1.0 1.0
125.59303183341667 0.0 0.0
126.35156383341668 1.0 0.0
127.11009583341668 0.0 0.0
127.86862783341668 1.0 1.0
128.62715983341667 0.0 0.0
129.38569183341667 1.0 0.0
130.14422383341667 0.0 0.0
130.90275583341668 1.0 1.0
131.66128783341668 0.0 0.0
132.41981983341668 1.0 0.0
133.17835183341668 0.0 0.0
133.9368838334167 1.0 1.0
134.6954158334167 0.0 0.0
135.4539478334167 1.0 0.0
136.2124798334167 0.0 0.0
136.97101183341667 1.0 1.0
137.72954383341667 0.0 0.0
138.48807583341667 1.0 0.0
139.24660783341668 0.0 0.0
140.00513983341668 1.0 1.0
140.76367183341668 0.0 0.0
141.52220383341668 1.0 0.0
142.28073583341668 0.0 0.0
143.0392678334167 1.0 1.0
143.79779983341666 0.0 0.0
144.55633183341666 1.0 0.0
145.31486383341667 0.0 0.0
146.07361950616666 1.0 1.0
146.83311250616669 0.0 0.0
147.59260550616668 1.0 0.0
148.35209850616667 0.0 0.0
149.1115915061667 1.0 1.0
149.87108450616668 0.0 0.0
150.63057750616667 1.0 0.0
151.39007050616667 0.0 0.0
152.1495635061667 1.0 1.0
152.90905650616668 0.0 0.0
153.66854950616667 1.0 0.0
154.4280425061667 0.0 0.0
155.18753550616668 1.0 1.0
155.9494099535 0.0 0.0
156.71325395350001 1.0 0.0
157.4770979535 0.0 0.0
158.2409419535 1.0 1.0
159.00248608741668 0.0 0.0
159.76197908741668 1.0 0.0
160.52147208741667 0.0 0.0
161.28015680633334 1.0 1.0
162.03868880633334 0.0 0.0
162.79722080633334 1.0 0.0
163.55575280633335 0.0 0.0
164.31428480633335 1.0 1.0
165.07281680633335 0.0 0.0
165.83134880633332 1.0 0.0
166.58988080633333 0.0 0.0
167.34841280633333 1.0 1.0
168.10694480633333 0.0 0.0
168.86547680633333 1.0 0.0
169.62400880633334 0.0 0.0
170.38254080633334 1.0 1.0
171.14107280633334 0.0 0.0
171.89960480633334 1.0 0.0
172.65813680633335 0.0 0.0
173.41666880633335 1.0 1.0
174.17520080633335 0.0 0.0
174.93373280633335 1.0 0.0
175.69226480633333 0.0 0.0
176.45079680633333 1.0 1.0
177.20932880633333 0.0 0.0
177.96786080633333 1.0 0.0
178.72639280633334 0.0 0.0
179.48492480633334 1.0 1.0
180.24345680633334 0.0 0.0
181.00198880633334 1.0 0.0
181.76052080633335 0.0 0.0
182.51905280633335 1.0 1.0
183.27758480633332 0.0 0.0
184.03611680633333 1.0 0.0
184.79464880633333 0.0 0.0
185.55318080633333 1.0 1.0
186.31171280633333 0.0 0.0
187.07024480633333 1.0 0.0
187.82877680633334 0.0 0.0
188.58730880633334 1.0 1.0
189.34584080633334 0.0 0.0
190.10437280633334 1.0 0.0
190.86290480633335 0.0 0.0
191.62143680633335 1.0 1.0
192.37996880633335 0.0 0.0
193.13850080633335 1.0 0.0
193.89703280633333 0.0 0.0
194.65556480633333 1.0 1.0
195.41409680633333 0.0 0.0
196.17262880633334 1.0 0.0
196.93116080633334 0.0 0.0
197.68969280633334 1.0 1.0
198.44822480633334 0.0 0.0
199.20675680633335 1.0 0.0
199.96528880633332 0.0 0.0
200.72382080633332 1.0 1.0
201.48235280633332 0.0 0.0
202.24088480633333 1.0 0.0
202.99941680633333 0.0 0.0
203.75794880633333 1.0 1.0
204.51648080633333 0.0 0.0
205.27501280633334 1.0 0.0
206.03354480633334 0.0 0.0
206.79207680633334 1.0 1.0
207.55060880633334 0.0 0.0
208.30914080633335 1.0 0.0
209.06767280633335 0.0 0.0
209.82620480633335 1.0 1.0
210.58473680633335 0.0 0.0
211.34326880633333 1.0 0.0
212.10180080633333 0.0 0.0
212.86033280633333 1.0 1.0
213.61886480633333 0.0 0.0
214.37739680633334 1.0 0.0
215.13592880633334 0.0 0.0
215.8944608063333 1.0 1.0
216.65299280633332 0.0 0.0
217.41152480633332 1.0 0.0
218.17005680633332 0.0 0.0
218.92858880633332 1.0 1.0
219.68712080633333 0.0 0.0
220.44565280633333 1.0 0.0
221.20418480633333 0.0 0.0
221.96271680633333 1.0 1.0
222.72124880633334 0.0 0.0
223.47978080633334 1.0 0.0
224.23831280633334 0.0 0.0
224.99684480633334 1.0 1.0
225.75537680633335 0.0 0.0
226.51390880633335 1.0 0.0
227.27244080633335 0.0 0.0
228.03097280633332 1.0 1.0
228.78950480633333 0.0 0.0
229.54803680633333 1.0 0.0
230.30656880633333 0.0 0.0
231.06510080633333 1.0 1.0
231.8236328063333 0.0 0.0
232.5821648063333 1.0 0.0
233.3406968063333 0.0 0.0
234.09922880633331 1.0 1.0
234.85776080633332 0.0 0.0
235.61629280633332 1.0 0.0
236.37482480633332 0.0 0.0
237.13335680633332 1.0 1.0
237.89188880633333 0.0 0.0
238.65042080633333 1.0 0.0
239.40895280633333 0.0 0.0
240.16748480633333 1.0 1.0
240.92601680633334 0.0 0.0
241.68454880633334 1.0 0.0
242.44308080633334 0.0 0.0
243.20161280633334 1.0 1.0
243.96014480633335 0.0 0.0
244.71867680633335 1.0 0.0
245.47815427766668 0.0 0.0
246.23812827766668 1.0 1.0
246.99810227766667 0.0 0.0
247.75807627766667 1.0 0.0
248.51805027766667 0.0 0.0
249.27802427766667 1.0 1.0
250.03799827766667 0.0 0.0
250.79797227766667 1.0 0.0
251.55794627766667 0.0 0.0
252.31792027766667 1.0 1.0
253.07789427766667 0.0 0.0
253.83786827766667 1.0 0.0
254.59784227766667 0.0 0.0
255.35781627766667 1.0 1.0
256.1177902776667 0.0 0.0
256.87776427766664 1.0 0.0
257.6377382776667 0.0 0.0
258.3977122776667 1.0 1.0
259.1574169978333 0.0 0.0
259.91690999783333 1.0 0.0
260.6764029978333 0.0 0.0
261.4358959978333 1.0 1.0
262.19439915 0.0 0.0
262.95197414999996 1.0 0.0
263.70954915 0.0 0.0
264.46712414999996 1.0 1.0
265.22469915 0.0 0.0
265.98227414999997 1.0 0.0
266.73984914999994 0.0 0.0
267.49742415 1.0 1.0
268.2557173111667 0.0 0.0
269.01473031116666 1.0 0.0
269.77374331116664 0.0 0.0
270.5327563111666 1.0 1.0
271.29176931116666 0.0 0.0
272.05078231116664 1.0 0.0
272.8097953111666 0.0 0.0
273.56880831116666 1.0 1.0
274.32782131116664 0.0 0.0
275.0868343111666 1.0 0.0
275.84584731116666 0.0 0.0
276.60486031116665 1.0 1.0
277.3638733111666 0.0 0.0
278.12288631116667 1.0 0.0
278.88189931116665 0.0 0.0
279.64091231116663 1.0 1.0
280.39992531116667 0.0 0.0
281.15893831116665 1.0 0.0
281.91795131116663 0.0 0.0
282.67696431116667 1.0 1.0
283.43597731116665 0.0 0.0
284.19499031116663 1.0 0.0
284.9540033111667 0.0 0.0
285.71301631116665 1.0 1.0
286.47202931116664 0.0 0.0
287.2310423111667 1.0 0.0
287.99005531116666 0.0 0.0
288.74906831116664 1.0 1.0
289.5080813111666 0.0 0.0
290.26709431116666 1.0 0.0
291.02610731116664 0.0 0.0
291.7851203111667 1.0 1.0
292.54413331116666 0.0 0.0
293.30314631116664 1.0 0.0
294.0621593111666 0.0 0.0
294.82117231116666 1.0 1.0
295.58018531116664 0.0 0.0
296.3391983111666 1.0 0.0
297.09821131116666 0.0 0.0
297.85722431116665 1.0 1.0
298.6162373111666 0.0 0.0
299.37525031116667 1.0 0.0
300.13426331116665 0.0 0.0
300.89327631116663 1.0 1.0
301.65228931116667 0.0 0.0
302.41130231116665 1.0 0.0
303.17031531116663 0.0 0.0
303.92932831116667 1.0 1.0
304.68834131116665 0.0 0.0
305.44735431116663 1.0 0.0
306.2063673111667 0.0 0.0
306.96538031116665 1.0 1.0
307.72439331116664 0.0 0.0
308.4834063111667 1.0 0.0
309.24241931116666 0.0 0.0
310.00143231116664 1.0 1.0
310.7604453111667 0.0 0.0
311.51945831116666 1.0 0.0
312.27847131116664 0.0 0.0
313.0374843111666 1.0 1.0
313.79649731116666 0.0 0.0
314.55551031116664 1.0 0.0
315.3145233111667 0.0 0.0
316.07353631116666 1.0 1.0
316.83254931116664 0.0 0.0
317.5915623111666 1.0 0.0
318.35057531116666 0.0 0.0
319.10958831116665 1.0 1.0
319.8686013111667 0.0 0.0
320.62761431116667 1.0 0.0
321.38662731116665 0.0 0.0
322.14564031116663 1.0 1.0
322.90465331116667 0.0 0.0
323.66366631116665 1.0 0.0
324.42267931116663 0.0 0.0
325.18169231116667 1.0 1.0
325.94070531116665 0.0 0.0
326.69971831116663 1.0 0.0
327.4584181976667 0.0 0.0
328.21647219766663 1.0 1.0
328.97403031216663 0.0 0.0
329.7311273121667 1.0 0.0
330.48822431216666 0.0 0.0
331.24532131216665 1.0 1.0
332.00241831216664 0.0 0.0
332.7595153121666 1.0 0.0
333.51661231216667 0.0 0.0
334.27370931216666 1.0 1.0
335.03080631216665 0.0 0.0
335.78790331216663 1.0 0.0
336.5450003121667 0.0 0.0
337.30209731216667 1.0 1.0
338.05919431216665 0.0 0.0
338.81629131216664 1.0 0.0
339.5733883121666 0.0 0.0
340.3304853121667 1.0 1.0
341.08758231216666 0.0 0.0
341.84467931216665 1.0 0.0
342.60177631216663 0.0 0.0
343.3588733121667 1.0 1.0
344.11597031216667 0.0 0.0
344.87306731216665 1.0 0.0
345.63016431216664 0.0 0.0
346.38726131216663 1.0 1.0
347.1443583121667 0.0 0.0
347.90145531216666 1.0 0.0
348.65855231216665 0.0 0.0
349.41564931216664 1.0 1.0
350.1727463121666 0.0 0.0
350.92984331216667 1.0 0.0
351.68694031216666 0.0 0.0
352.44403731216664 1.0 1.0
353.2020563728333 0.0 0.0
353.9624677290833 1.0 0.0
354.7283046904167 0.0 0.0
355.4968720450833 1.0 1.0
356.2675840450833 0.0 0.0
357.0382960450833 1.0 0.0
357.8090080450833 0.0 0.0
358.5797200450833 1.0 1.0
359.3504320450833 0.0 0.0
360.1211440450833 0.0 0.0
360.89185604508333 1.0 0.0
361.66256804508333 0.0 0.0
362.43328004508334 1.0 1.0
363.20399204508334 0.0 0.0
363.97470404508334 1.0 0.0
364.74541604508335 0.0 0.0
365.51612804508335 1.0 0.0